1,1,1,1,4,1500,500,v1,0,6.103533203e-06,0,0,0.008548618377,0,4.044274414e-05,0.0334863926,0.0002122588778,0,0,0.0002804148485,0.02750649334,0.0008621719232,0.0001481927785,0.0247953322,0.001175212986,0,0.005226103046,0.004603509211,2.918008252e-05,2.946863668e-05,0,3.854975822e-05,0.00171873836,0.001555031611,0.0002672836459,0.004255273267,1.513377627e-06,0,0.009425910563,1.002782194e-05,5.262981721e-05,5.315025964e-05,0,6.952916351e-05,0.009651645803,0.27859427,0.001500942283,0.02389566168,0,0,0.2511347916,0,0,0.0002984674644,0,0,0.004384704352,0.1265642703,0.003967069119,0.01085570419,0,3.860804891e-06,0.1140895383,0,0.005407449512,0.02404661001,2.558215695e-05,0.02118189973,0.01150151649,0,-2.680172807e-05,0,-0.03051371708,0,-0.0004226586538,0.005735136793,0.1867700551,0.00260490849,0.002089933782,0.01408261309,0.1683661915,0.01566581888,0.0004050542486,-0.3335493117,0.05214866509,0.005673911869,6.051567848e-05,0.005623258293,0,1.607750937e-05,0.01408261309,0,6.802861996e-06,0,0.005735136793,0,4.732338387e-05,0,-0.04025036753,0.005291339119,0.007510329644,-4.715333924e-05,-2.456635306e-06,0,2.23433125e-05,0.1683661915,0,0.005787545497,0,0.1867700551,0,0.02277446294,0,0.3095962369,-0.03167299915,-0.5278792064,-0.001676687693,0,0,0,0.01566581888,4.732338387e-05,0.02277446294,0.0002449430232,0.00260490849,6.802861996e-06,0.005787545497,0.0003314137259,-0.5138476764,0.01316982678,0.2389730432,-0.02536472643,0,-6.825800523e-06,0.005849119803,0.0004050542486,0,0,0.0003314137259,0.002089933782,0,0,0.0002449430232
1,1,1,1,4,1500,500,v1,0.0005792860521,0.002626421855,0.3507453435,0.0005109543949,0,0.0040604946,0.02039376001,0,0.0539201185,0.06934090709,0.002091870057,0.04521617016,0,0,0.0003825321218,0,0,0.0003580958761,0,0,0.004755226635,0.004747037574,0.000184482462,0.003987623593,7.572086072e-05,0,0.002195695508,0.0003031982982,0.00132950223,0.1775482927,0,0.01032337945,0.02729451768,0.0272475133,0.03510056482,0.02288855422,3.617672958e-05,0,0.001049025089,0.000144857345,0.0001400978336,0.08482624881,0,0.000123572117,0.0009820131089,0.01301789112,0.01676979936,0.0005059097525,8.542967884e-05,0,0,0.000342073941,0.0003308345744,0.001499969063,0,0.0002918098566,0,0,0.01164702808,0,0.3840431011,-0.0009631065837,-0.01552349103,-0.4169999313,0,-0.005987655988,-0.09776720431,7.091961806e-05,0,0,0.001639933824,0.0002456151988,0,0,0.0180310475,-0.07092308179,0,0,0.003982796372,0,0.0004456569889,0.008587665128,0.0002456151988,0.0005428648907,-9.444421713e-06,0.1333912215,7.091961806e-05,0.0004715586608,0.001473575154,0.02673819016,-0.4037843404,-0.0001432869898,0,-0.02556401753,0.01009653013,0.2091615418,0.04865139284,0,0.0004715586608,0,0.004192979619,0,0.0005428648907,0,0.002204264307,-0.2361215645,9.606551585e-05,0,0.008467233584,0.0001765901311,0.1010854487,0.001277169715,0,0.001473575154,0,0.03307302449,0,-9.444421713e-06,0,0.02771919498,-0.006260698822,-0.0001638017372,0,0,0.0001102340851,0.004450873745,0,0.0180310475,0.02673819016,0.002204264307,0.02771919498,0.001639933824,0.1333912215,0.004192979619,0.03307302449
1,1,1,1,4,1500,500,v1,0.00126144956,0.001430047263,0.0007403167926,0.06280864848,0,0.02761343634,0.01490625548,0,0.01389875682,0.0003121170655,0.04174853924,0.03549528331,0.002652260588,0.01189942317,0.003017259399,0.02637182899,0,0.03632678664,0.001926677491,0,0.01828447454,0.003127186116,0.05492218568,0.04669573058,0.00191581231,0.008386057325,0.002126398055,0.001378842304,0.001325833036,0.0006863664484,0.00135781606,0.01381996698,0.01288588946,0.002203868344,0.0002893716364,0.03290857614,0.001606278235,0.001567169332,0.001782840049,0.001156065429,0.000980564463,0.0005754715537,0.01558260218,0.04882314016,0.02146479355,0.001847793614,0.0002426184229,0.03245245412,0.006865911109,0.006698743152,0.0300540527,0.004941511565,0.004191346365,0.004751536319,0.0666066184,0.208690707,0,0.004866157461,0.04952816322,0,-0.2299666878,0.05953342067,0.009785085697,-0.0004062104942,0,0.01281129874,0.01008166056,0.007159628708,0.004787685407,0.02747651563,0.003328465707,0.004961589444,0.05661000932,0.004989233814,0.003703464281,-0.01421303495,0.01223771515,0.00455292884,-0.003812835688,0,-0.04892535913,-0.02115003643,0.004961589444,0.0030080286,0.004097279163,0.001046962532,0.007159628708,0.1492016363,0.04341558431,0.000402099481,-0.09124733875,0.0008415940933,0.005911875835,-0.001859941442,0.008906302551,-0.0006747502546,0.01136980544,0.05661000932,0.1492016363,0,0.006889034627,0.004787685407,0.0030080286,0,-0.0003663311732,-0.2596109202,0.002165757584,0.01607445952,0.000984823805,0.04801718637,0.0001149194061,0.0317655914,0.004989233814,0.04341558431,0,0.0004775154971,0.02747651563,0.004097279163,0,-0.0009296598635,0.1680263264,-0.01108816378,-0.06924397109,-0.03210863766,-0.2090237167,-0.05036663058,0,0.003703464281,0.000402099481,-0.0003663311732,-0.0009296598635,0.003328465707,0.001046962532,0.006889034627,0.0004775154971
1,1,1,1,1,1500,500,v1,0.007584342438,0.0005894353931,0.03102828991,0.005379827446,0.04275325723,0.001227084514,0.0007223183319,0.1056822374,0.02266656623,0.01569626361,0.0002272020953,0.01213364567,0,0.1000039822,0.09787332105,0,0.02079248145,0.0005967763313,0.04808215788,0.05139715904,0.01102358483,0.003982764162,0.0001104967354,0.005901038163,0.04837758945,0.02751748072,0.02693119979,0.007197989286,7.887960032e-05,0.004152277137,0.01323047166,9.66623009e-05,0.003033292039,0.001095912719,0.002100510106,0.001623752378,0.06780909204,0,0.03774847458,0.01008915747,0.001422623995,0.005820094506,0,0.001009114723,0.0002301689156,0.001536100646,0.002944207943,4.26171623e-05,0.06163358707,0,0.03505757652,0.009170318415,0.001293062881,0.0001004934882,0,0.0009172126959,0.007289049829,0.01685576806,0.0001231488465,0.01801788085,0.09788002575,-0.01187534644,-0.001241715995,-0.04350935188,-0.1341929043,-0.001278740003,-0.02954747506,0.0116436376,0,0.05943263111,0.0697209118,0.003465856781,0,0.02744700196,0.00300441203,-0.006745597626,0,-0.1432762209,-0.09276927025,0.05109322798,0.0003358073073,0.005486342249,0.003465856781,0.008015386996,0.0006984923548,0.0338842675,0.0116436376,0.005739767365,0.0008600002025,0.01724173644,-0.2648958753,0.01948316043,0.03879875983,0.02586464774,0.0001243491186,0.004964526328,0.003859995439,0,0.005739767365,0.02449336066,0.001024369621,0,0.008015386996,0.06313606602,0.0002531077782,-0.09403521255,-0.03261251704,0,0.01842107335,0.001012249638,0.004460822966,9.128109537e-05,0.02744700196,0.0008600002025,0.06313606602,0.01947114816,0.05943263111,0.0006984923548,0.02449336066,0.0108305579,-0.2126869586,0.00305636037,0,0.04655770566,0.001692993895,7.837183942e-05,0.02468005848,0.00300441203,0.01724173644,0.0002531077782,0.0108305579,0.0697209118,0.0338842675,0.001024369621,0.01947114816
1,1,1,1,3,1500,500,v1,0.06168358329,0.0002450758987,0,0.02778098828,0.4047045518,0,0.05772048592,0.009982703031,0,0,0,0,0,0,0,0,0.3039238802,0,0,0.007496782102,0,0,0,0,0,0,0,0,0.0004161686916,0,0,0.09801640727,0,0,0,0,0,0,0,0,0.00549167812,0,0,0.002473336298,0,0,0,0,0,0,0,0,0.0022017493,8.747800627e-06,0,0.000991621567,0.01444562582,0,0.002060289508,0.000356325107,0.1747892583,-0.08935822894,0.00156638525,0,-0.3227181047,0,0,0,0,0,0,0,0,0,0,-0.3079679716,0,0,0,0.2063929001,0,0,0,0.08095063984,0.0003411247286,0,0,0.03646799086,0.08345867173,0,0.003584694312,0,0,0,-0.05945122536,0,0,0,0.03646799086,0.1475114769,0,0,0.08095063984,0.004851129571,0,-0.08622417143,0,0,0,0.007945083608,0,0,0,0.08345867173,0.004851129571,0,0,0.0003411247286,0.1475114769,0,-0.2556231895,0,0,0,0.003134057492,0.002018309052,0.01475013376,0,0,0,0,0,0,0,0
1,1,1,1,2,1500,500,v1,0,0,0.02282292088,0,0,0.1337770594,0,0,0.01483137763,0.0007585348903,0.01760942274,0.1632074083,0.003197409362,0.05198719481,0.1596079451,0.003558395981,0,0.04629327945,0.01303123083,0,0.005132368079,0.0728954135,0.006093704941,0.05647759187,0.001394948988,0.01254364368,0.0385107371,0.00282170665,0,0.001905613637,0.003144218818,0,0.001238354881,0.01758844839,6.333433122e-05,0.01362710165,0.001087415787,0.0006013992395,0.03002058414,0.002199627644,0,0.001485498301,0.0006692970449,0,0.008707281398,0.01371086442,4.937151982e-05,0.001146162128,0.00493622238,0.002729995667,0.04438744011,0.009985004207,0,0,0.003038211411,0,0,0.01112625869,0,0,0.1358390547,0,0,-0.02335244871,0,-0.1483320645,-0.1765779331,0.004154060187,0.002314477562,0.01085208733,0.136975999,0.008309400347,0.003164141739,0.001943936618,0.0628373412,-0.1817580126,-0.003733715132,-0.03170804446,-0.2286845536,0,0.04809929265,0.05999114145,0.008309400347,0,0,0.02906858972,0.004154060187,0,0,0.0009636423907,-0.3607269709,0.003058717575,0.01533644212,0.05381245002,0,0.001862532398,0.01476043789,0.003164141739,0,0,0.1188709147,0.002314477562,0,0,0.01699240929,-0.3117511867,0.002046419148,0.001148590352,0.04166321034,0,0.001468428278,0.00965722232,0.001943936618,0,0,0.01276850365,0.01085208733,0,0,0.1399710272,-0.01385159038,-0.01341411042,-0.001067288086,0.007840919694,0,0,0,0.0628373412,0.0009636423907,0.01699240929,0.1399710272,0.136975999,0.02906858972,0.1188709147,0.01276850365
1,1,1,1,3,1500,500,v1,0,0,0,0,0,0,0,0,0.3484469734,0,0,0.1631639994,0,0,0,0,0,0,0,0,0.2895828992,0,0,0.1356002709,0,0,0,0,0,0,0,0,0.04304811822,0,0,0.02015773897,0,0,0,0,0,0,0,0,0,0,0,0,0,0,0,0,0,0,0,0,0,0,0,0,0.2908700265,0,0,0,0,0,-0.3492258585,0,0,0,0,0,0,0,0,-0.2862908093,0,0,0,0,0,0.2279349772,0,0,0,0,0,0,0,0,-0.1212908814,0,0,0,0,0,0.06293504955,0,0,0,0,0,0,0,0,0,0,0,0,0,0,0,0,0,0,0.05689219055,0,0,0,0.03064155731,0,0,0,0,0,0,0,0,0,0,0.03064155731,0,0,0,0.05689219055
1,1,1,1,3,1500,500,v1,0.003097995615,0.01271652282,0.00831629078,0.01253342699,0.00770745374,0.04450284891,0.02412565623,0.002278437812,0.01412056622,0.002837325951,0.00460976487,0.003404232697,0.00438961695,0.08725166527,0.005114881769,0.002853440652,0.002640909389,0.01524861459,0.05074847192,0.0007806920433,0.004838321079,0.005345119953,0.001579506247,0.001166438411,0,0.2968148067,0.01739992743,0,0.01482254531,0.009693577291,0.1726373685,0.02812118041,0.01645911665,0.0181831572,0.003307224235,0.003968018151,0,0.00475667393,0.005542584933,0,0.001150270892,0.003087798823,0.003092043546,0.004653601241,0.01652369405,0.005792075487,0.001053485498,0.001711583555,0,0.00129127364,0.02566642527,0,0.0003122590499,0.001281747887,0.0008393836501,0.001263292944,0.0007768642958,0.01492844702,0.0024317189,0.0002296526253,-0.001077100953,-0.01304433841,0.008091318123,-0.002997225344,-0.008426797208,-0.04614807358,0.001985354121,0,0.005844511271,0.2762407891,0.01403219118,0,0.003957556493,0.1605431572,0.013183162,-0.507491792,-0.002540060078,0.1370688479,0.009430651178,0.00103024712,0.01539923913,0.005049942583,0,0.002929664572,0.008439128863,0.008736930877,0,0.01139692065,0.01850592644,0.003138707427,0.208712867,0,-0.468706707,-0.03224393404,-0.02963865675,-0.006301601183,-0.01245806676,0.003957556493,0.01139692065,0.007440763165,0.01925985871,0.005844511271,0.002929664572,0.002392396869,0.002050842637,-0.07630534286,0,-0.004904949763,0.004669714074,0.002263580401,0.001381734329,0.01654170021,0.1605431572,0.01850592644,0.002392396869,0.006507892351,0.2762407891,0.008439128863,0.007440763165,0.001626262724,-0.3788075154,0,0.0009102979949,0.0404485614,0.001229701205,0.003583968434,0.0008411100643,0.013183162,0.003138707427,0.002050842637,0.001626262724,0.01403219118,0.008736930877,0.01925985871,0.006507892351
1,1,1,1,3,1500,500,v1,0,0,0,0,0,0,0,0,0.009109672724,0,0,0.0588121154,0,0.006415026136,0.0002482765296,0,0,0,0.01470153303,0,0.0004868515867,0.00248756521,0,0.003143117494,0,0.04599260888,0.001780021637,0,0,0,0.1054028221,0,0.003490488446,0.0178346294,0,0.02253461958,0,0,0.01201344066,0,0,0,0,0,0,0.1203666617,0,0,0,0,0.1747348245,0,0,0,0,0,0,0.4004457251,0,0,0.02948921577,0,0,0,0,0,-0.0677070715,0,0,0.1834313748,0.01490653167,0,0,0.4203677303,0.1488109043,-0.577341606,0,0.02110053902,0.002727272642,0,0,0.00361824809,0,0,0,0,0,0,0,0,-0.7463396908,0,0.1511759595,0.01939721635,0,0,0.02587096772,0,0,0,0,0,0,0,0,0.02212448896,0,0,-0.1312694433,0,0,0,0.4203677303,0,0,0.0077021022,0.1834313748,0,0,0.04962468116,0.1722764986,0,0,-0.574809236,0,0,0,0.1488109043,0,0,0.04962468116,0.01490653167,0,0,0.0077021022
1,1,1,1,0,1500,500,v1,0.01297649006,0.1189424835,0,0.002484942185,0.07137848252,0.01052228349,0.2967291996,0.01172898505,0.01048816885,0,0.008988408737,0.03326929131,0.02514467263,0.03512914114,0.001127940742,0.01730805259,0.01211250285,0.001785568764,0.001890067304,0.001990338823,0.001779779712,0.001716871163,0.001525279364,0.005645600349,0.007552976043,0.03034461259,0.0009743171549,0.0002421434006,0.01743482727,0,0.001632643391,0.04349515991,0.001537376779,0.001483036266,0,0.004876679301,0.007701752161,0.02214784538,0.0009935089441,0.0002469130643,0.001939587234,0,0.01524522026,0.0003714226356,0.001572758631,0.001512248642,0,0.001343491403,0.007596028988,0.0218438184,0.03051758083,0.0002435236495,0.001912962212,0.01753420805,0.0150359467,0.0003663240582,0.01052244014,0.001641949671,0.04374308797,0.001729058096,0.1653247195,-0.0151412806,-0.4146369084,0,-0.0824916375,-0.01813380083,-0.04293184955,0.002026761937,0.004936302068,-0.02707901638,0.001007317801,0.0002119501674,0.007574493409,-0.0008157504054,0.001696536448,-0.09881890274,-0.01031140748,-0.005935877069,-0.0005857554035,0.01334464455,0.002477702265,0.005561730254,0.0002119501674,0.01457811001,0.1260780021,0,0.002026761937,0.002781642933,0.3144964652,0,-0.3846228035,-0.001277191879,0.01005814864,-0.0002578711783,0.06031475595,0,0.005904047983,0.007574493409,0.002781642933,0.07324238912,0.011160406,0.004936302068,0.01457811001,0.0124173189,0.01006269481,-0.03672598381,-0.0009799326769,-0.00161577427,-0.0009589429184,0.001415791854,0,0.001507364697,-0.0008157504054,0.3144964652,0.0124173189,0.01133107377,-0.02707901638,0.1260780021,0.07324238912,0.0358680332,-0.4472566693,0.0007646498208,0.003586651434,0.01447423963,0.002152320116,0.06060584082,0.01204052098,0.001696536448,0,0.01006269481,0.0358680332,0.001007317801,0,0.011160406,0.01133107377
1,1,1,1,2,1500,500,v1,0,0,0,0,0.0003437973269,0,0,0.003813531033,0,0,0,0,0.01048609414,0.01234325863,0,0.0190293322,0.0009843896268,0,0.01181641099,0.01091922507,0,0,0,0,0,0.3331747743,0,0,0,0,0.3189538666,0,0,0,0,0,0,0.05786314633,0,0,0,0,0.10500545,0,0,0,0,0,0,0.01843125161,0.021695562,0,0,0,0.03344757401,0,0.001730246997,0.02076952975,0,0.0191925594,-0.009410857873,0,0,0,0.003605104795,0,0,0,0.0432216128,0.4486296242,0,0,0.07867331954,0.4295039874,0,-0.732485509,0.0294311656,0.02415830785,0,0.006404589411,0,0,0,0,0,0,0,0,0,0,0.06660390717,0,-0.6520263115,0,0,0,0,0.07867331954,0,0.001088832343,0,0.0432216128,0,0.007619797262,0,0.0810603372,0,-0.1623236251,0,0,0,0,0.4295039874,0,0.007619797262,0,0.4486296242,0,0.001088832343,0,-0.7507507688,0,0.05162917158,0.04244559929,0,0,-0.01581544728,0,0,0,0,0,0,0,0
1,1,1,1,4,1500,500,v1,0,0,0.1246630312,0,0,0,0,0,0,0.03435438194,0,0,0,0,0.0263264371,0,0,0,0,0,0,0.04073664852,0,0,0.3073482232,0,0.064878108,0.0168553057,0,0.1811046716,0,0,0,0.100390215,0.0499084532,0,0.01300869447,0,0.002746004113,0.0007134107359,0,0.007665361835,0,0,0,0.004249074948,0.002112404661,0,0.02174694781,0,0,0.001192625907,0,0,0,0,0,0,0,0,-0.2088626758,0,0,0.1431649308,0,0,0,0.4087727056,0,0,0.05478596277,0.0224110546,0,0,0.08489714533,-0.1557291823,0,0,0.06260711047,0,0,0,0.0224110546,0,0,0.07830842029,0.4087727056,0,0,0.0202381971,0.2590779508,-0.3240284187,0,-0.1626962262,0,-0.2186289651,0,0,0,0,0,0,0,0,0,-0.4766630222,0.01365403184,0,0.006967043855,0,0.009766289379,0,0,0,0,0,0,0,0,0,-0.3103743868,0.0229185453,0,0,0,0,0,0.08489714533,0.0202381971,0,0,0.05478596277,0.07830842029,0,0
1,1,1,1,1,1500,500,v1,0.0006881366044,0.00161663822,0.009147181188,0.005251092316,0.008503309628,0,0.007355577903,0.01762580957,0.02369905939,0.004536461034,0,0.009909314753,0,0.01210624605,0,0,0.01964245221,0,0.003165884379,0.04071522,0.05474428921,0,0,0.02289029213,0.0007183397059,0.0008003006983,0,0.0002482412449,0.0002468676901,0.001396814366,0.0002092853118,0.00112322875,0.003618949482,0,0.0006927373379,0.001513195478,0.009504129925,0,0,0.003284402943,0.001390300131,0.01848081779,0,0.01060922248,0,0,0.009165392932,0,0.06059923425,0,0.06751347459,0.02094166482,0.00886468556,0.02082579155,0,0.06764540926,0.1095409917,0.01765533706,0.09475572846,0.2270584919,-0.5478072972,0.005893854844,0.008914462615,0.01224497173,0.02606987393,0,0.03109354651,0.07561693536,0,0.0816550103,0,0.02610716,0,0.02136091701,0,-0.3570301094,0,0.01514977879,0,0.06012651592,0,-0.07471967232,0.02610716,0.0102906214,0.02843114007,0.01192209067,0.07561693536,0.07773300708,0.1293604066,0.00595431355,-0.3026140141,0.0009587357815,0.001006084835,0,0.001365653972,0.002052099096,0.005100476197,0,0.07773300708,0.1217396169,0,0,0.0102906214,0.2521662115,0,-0.1365323699,0.01269670444,0,0,0.01163425323,-0.02621467364,0,0.02136091701,0.1293604066,0.2521662115,0.04055568708,0.0816550103,0.02843114007,0.1217396169,0.01723278737,0.1438159177,-0.08147150392,0,-0.08483314833,-0.07621052709,-0.1154744811,-0.3354669427,0,0.00595431355,0,0.01723278737,0,0.01192209067,0,0.04055568708
1,1,1,1,2,1500,500,v1,0.001192901304,0.0004162717688,0.004521298522,0.003449935804,0,0,0.00142387961,0,0,0.0007122320371,0,0,0.01050045391,0.0297747286,0.2224143822,0.02194860903,0,0,0.008983707011,0,0,0.0314360378,0,0,0.01003276146,0.04488291621,0.3352711024,0.01092127741,0.005184169224,0.05630738956,0.01354218789,0.01773272512,0,0.04738720105,0.008870001964,0,0.001415310869,0.00223291753,0.0472963338,0.001540652858,0.002095743267,0.007943222882,0.004667363364,0.006061004131,0,0.006684861483,0.001251281637,0,0.001531333568,0.002415965032,0.006850627961,0.001666950696,0.002267545658,0.0007912768964,0.00504997902,0.006557866039,0,0.002066988931,0.00270660449,0,-0.08046768337,-0.001312207576,0.001694505563,0.00507740062,0,0,0,0.0107768483,0.009274758088,0.01255706682,0.09699713699,0.01175011884,0.01899426128,0.003814476071,0.01467527539,-0.3402957938,-0.03049948052,0.0339082998,0.2326783245,0,0,0,0.01175011884,0.00295480133,0.00598333662,0.06575139794,0.0107768483,0.0069401319,0.02052484378,0.01035746584,0.3533512747,-0.02037070518,-0.05303872956,-0.361025517,-0.02279133033,-0.06491697119,0,0.01899426128,0.0069401319,0,0,0.009274758088,0.00295480133,0,0,-0.235858621,0.00277742065,0.006386739335,0.05389891749,-0.001952914974,0.009100327989,0,0.003814476071,0.02052484378,0,0,0.01255706682,0.00598333662,0,0,-0.08519840263,0.002575306425,0.005266728271,0.008216067818,-0.0033314996,0.00342470452,0,0.01467527539,0.01035746584,0,0,0.09699713699,0.06575139794,0,0
1,1,1,1,4,1500,500,v1,0,0,0,0,0.007569540493,0,0,0.01979817851,0,0,0,0,0.007882103205,0.1147484321,0,0.004458196259,0.008617894883,0,0.3190687121,0.0225401557,0,0,0,0,0,0.08281388141,0,0,0,0,0.2302717171,0,0,0,0,0,0,0.02637641655,0,0,0,0,0.01491876451,0,0,0,0,0,0,0.002327333113,0.03388154387,0,0,0,0.001316362842,0,0.002544588874,0.09421079113,0,0.006655387445,-0.004916149699,0,0,0,-0.001091618345,0,0,0,0.02409352692,-0.0005358842791,0,0,0.01365948084,-0.01166560404,0,0.3753897938,0.01187848191,-0.3964762508,0,-0.01383414002,0,0,0,0,0,0,0,0,0,0,-0.2691387606,0,0.2772730862,0,0,0,0,0.01365948084,0,0.001032123089,0,0.02409352692,0,0.007979528989,0,0.01551267431,0,-0.04068134618,0,0,0,0,-0.01166560404,0,0.007979528989,0,-0.0005358842791,0,0.001032123089,0,-0.162931787,0,0.003634192405,0.1273374904,0,0,0.008917990313,0,0,0,0,0,0,0,0
1,1,1,1,1,1500,500,v1,0.001643929546,0.003537299207,0.004257938563,0.0001171380293,0.001391430615,0,0.0004053026206,0.002245331658,0.004994352965,0.003499426516,0,0.02943981749,0.03958592962,0.0006311834222,0.003567761992,0.001036800223,0.0008423319192,0,0.006096331953,0.001359258956,0.003023437082,0.002083207395,0,0.01782201549,5.031807817e-06,6.917063875e-05,0.0003909867833,2.807777158e-05,0.0002346711506,0.0002824797347,0.0006680897509,2.688854596e-05,0.0003313348654,0.0002282962149,0.0002321586042,0.00195309343,0.0003335690879,0.2875867034,0.02591933345,0.001861334335,0.007229909461,0.01872617374,0.007532220694,0.0005151664491,0,0.01513423464,0.01539028052,0,0.0004201110691,0.3621989021,0.005775131335,0.002344243474,0.009105654881,0.01959294781,0.00948639848,0.0006488224945,0.007707074189,0.05577953485,0.002244953742,0.01243679526,-0.07255510741,0.0009691754198,0.003751077467,0.005847849695,0.002081107213,0,-0.02922471606,0.0005529819243,0.05700833749,0.007514525676,0.0324920881,0.002223526968,0.002277590246,0.07242904754,0.01893646314,-0.2246519328,0.04057278255,0.006663141981,0.005528735836,0.002159554526,0,0.001940063857,0.002223526968,0.005661067098,0.0237120262,0.0220314866,0.0005529819243,0.0004386724311,0.002755808534,0.01807343123,-0.1631262491,-1.081504808e-05,0.0007168973763,0.0005888744617,0.0002547971328,0.0004775855211,0.001117660171,0.002277590246,0.0004386724311,0.008504391034,0,0.05700833749,0.005661067098,0.01326854974,0,-0.2616505165,-0.0006039681359,0.2281045675,-0.04040331116,0.001151511611,-0.03306204705,0,0.07242904754,0.002755808534,0.01326854974,0.006051810534,0.007514525676,0.0237120262,0.008504391034,0.0331986775,0.2858098281,-0.001236222743,-0.308201302,-0.06067575488,-0.006187180052,-0.02165109777,-0.01875595559,0.01893646314,0.01807343123,0,0.0331986775,0.0324920881,0.0220314866,0,0.006051810534
1,1,1,1,0,1500,500,v1,0,0,0,0,0.379346283,0.00805262075,0,0.2889858526,0.007165013583,0,0.01321623745,0.1493398799,0,0,0,0,0.05213568305,0.001106716744,0,0.03971694331,0.0009847279226,0,0.001816381491,0.02052461562,0,0,0,0,0,0,0,0,0.001424415267,0,0,0.02968898838,0,0,0,0,0,0,0,0,0.001603820452,0,0,0.002632245151,0,0,0,0,0,0,0,0,0.001282538195,0,0,0.0009770371041,0.1535870159,0,0,0,-0.667985465,-0.02117787569,-0.1561187289,0,0,0,0,0,0,0,0,-0.8078959633,0,0,0,0.09180231087,0.002909561392,0.02148903756,0,0,0,0,0,0,0,0,-0.1346296913,0,0,0,0,0,0.03094619505,0,0,0.4886190276,0.008010929184,0,0,0.3722722033,0.01311517628,-0.01826831429,0,0,0,0,0,0.004184243978,0,0,0.3722722033,0.007120397447,0,0,0.4886190276,0.1484048475,-0.5761831543,0,0,0,0,0,0.002255667229,0,0,0.01311517628,0.1484048475,0,0,0.008010929184,0.007120397447
1,1,1,1,4,1500,500,v1,0,0,0.01714909,0,0,0,0,0,0,0.007783102482,0,0,0,0,0,0,0,0,0,0,0,0,0,0,0,0,0,0,0,0.2661755703,0,0,0,0,0.1208035961,0,0,0,0,0,0,0.4045045393,0,0,0,0,0.1835841018,0,0,0,0,0,0,0,0,0,0,0,0,0,-0.2011337331,0,0,0.02487983351,0,0,0,0,0,0,0,0,0,0,0,0,0,0,0,0,0,0,0,0,0,0.1807101191,0,0,0,0.08367072932,-0.5433774305,0,0,0,0,0.3671235304,0,0,0,0,0,0,0,0,0,0.392003364,0,0,0,0,-0.5682572634,0,0,0,0,0,0,0,0,0,0,0,0,0,0,0,0,0,0.08367072932,0,0,0,0.1807101191,0,0
1,1,1,1,3,1500,500,v1,0.0007542307798,0,0,0.02216581047,0.07134448499,0.1341208206,0,0.07641084921,0,0,0.1537261577,0,0.0155544798,0.0008349065661,0.003642774871,0.0001386025095,0.02750764055,0.05171173811,0.0008337689997,0.02946103226,0,0.004059765083,0.05927078861,0,0.0094084778,0.001793498014,0.007825198365,0.002000844033,0,0,0.00179105436,0,0,0.00872095263,0,0,0.007754022645,0.02753760812,0.006449158579,0.001649001068,0.0005148348165,0,0.0002453815003,0.01513029071,0.09155031846,0.0071873969,0,0.1049328406,0.002671652639,0.00948809757,0.0005092857532,0.0005681641979,0.0001773866107,0,8.454632686e-05,0.005213149738,0.0167794218,0.0005085918475,0,0.01797097377,0.3755125282,-0.01994814598,0,0,-0.1447567044,-0.2620241973,0,0.01497795086,0.02158887467,0.002175029559,0.007767516111,0.003104626841,0.0002310909292,0.00239652987,0.007366934587,-0.2345643575,0.002174926372,-0.0005663901573,0.0008481430342,0.05515763288,0.1095414421,0,0.003104626841,0.000652439082,0,0,0.01497795086,0.01658540943,0,0,-0.008367666516,-0.006844199243,-0.002436449382,-0.007544076756,0,0,0,0.0002310909292,0.01658540943,0.04095921721,-0.01138862056,0.02158887467,0.000652439082,0.04379986962,-0.01378353509,-0.1753557453,-0.005822800524,-0.02022917559,-0.00339370008,0.004135437616,0,0.1692641923,0.00239652987,0,0.04379986962,0,0.002175029559,0,0.04095921721,0,-0.1391358684,0.0006119479604,0.003507605468,-4.486674866e-05,0.004320809359,0,0.0330930137,0.007366934587,0,-0.01378353509,0,0.007767516111,0,-0.01138862056,0
1,1,1,1,1,1500,500,v1,0.0002171571753,0.2161353922,0,0.005827722303,0.0872660607,0,0.02602881895,0.03755689733,0,0,0,0,0,0,0,0,0.003242223625,0,0,0.001395363316,0,0,0,0,0,0,0,0,0.09820937688,0,0,0.0118271888,0,0,0,0,0,0,0,0,2.819056957e-06,0,0,7.565341131e-05,0,0,0,0,0,0,0,0,0.00029818144,0.2967784158,0,0.008002123925,0.1198262024,0,0.0357405216,0.05156988117,-0.343447165,0.005075228417,0.1896934654,0,0.1161302133,0,0,0,0,0,0,0,0,0,0,-0.04850355904,0,0,0,0.004634652467,0,0,0,0.0001353114413,-0.01858655317,0,0,0.003412803491,-0.001942535772,0,-0.09528941248,0,0,0,0.1089754728,0,0,0,0.003412803491,0.04626038901,0,0,0.0001353114413,0.01954297088,0,-0.002442919995,0,0,0,7.75100311e-05,0,0,0,-0.001942535772,0.01954297088,0,0,-0.01858655317,0.04626038901,0,0.4245865488,0,0,0,-0.007518148414,-0.284982878,-0.1646337724,0,0,0,0,0,0,0,0
1,1,1,1,0,1500,500,v1,0.1395808515,0.04212708687,0.003197397003,0.03362172026,0.09554148787,0,0.004778315397,0.04077977635,0.0151401248,0.008608082971,0,0.02163540388,0.0001046384205,0.01009223517,0.0001826142542,0.001378451621,0.023610312,0,0.003386945452,0.01007754081,0.00374144341,0.0001458493685,0,0.005346563542,0.006786781535,0.09602090405,0.00173745315,0.02961597877,0.09904888317,0.007517695281,0.03222453291,0.01123473847,0.03559734516,0.001387659719,0.02023925858,0.05086899546,0.00167891131,0.0002462824636,0.0004298104675,0.00732638902,0.08118539035,0.001859724461,0.003244395889,0.01955563714,0,0.000343278708,0.005006779718,0,0.0001586330662,2.327016448e-05,0.002244376122,0.0006922388021,0.007670856299,0.002315151586,0.0003065489312,0.001847727549,0.005250612933,0.0007532106985,0.0002625988477,0.002241108296,-0.0578985763,-0.1630628974,0.04361387307,0.009178615642,-0.1339548838,0,0.0294583443,0.007411139948,0.0002874804492,0.1255480727,0.002114601943,0.03236964845,0.003304710612,0.04210500627,0.001638023395,-0.3086923483,0.0002785729599,0.01331648409,0.0002691036423,0.03104036188,0,0.008770980904,0.03236964845,0.07687170241,0.08147526201,0.003958655165,0.007411139948,0.0194840459,0.009386265537,0.01029498351,0.1236460665,-0.03619305044,-0.1278971679,-0.002655922199,-0.1067372311,-0.02280114362,-0.08096793759,0.003304710612,0.0194840459,0.09993107386,0,0.0002874804492,0.07687170241,0.0434883801,0,-0.2045569561,0.008826602455,-0.002901438381,-0.0001149316692,0.08946995758,0.00412010219,0,0.04210500627,0.009386265537,0.0434883801,0.02650093751,0.1255480727,0.08147526201,0.09993107386,0.0376069811,-0.3842008152,0.0008459223328,0.0002280713846,0.002811964479,0.009355774181,0.002549006496,0.007301552468,0.001638023395,0.01029498351,0,0.0376069811,0.002114601943,0.003958655165,0,0.02650093751
1,1,1,1,1,1500,500,v1,0.01710458239,0.01762785624,0.0355288897,0.03847207073,0.03228617869,0.06208211744,0.004324538914,0.03133115425,0.1670447414,0.0653282458,0.130690358,0.1456815887,0.0005066103352,0.003311626881,0.04502258403,0.009262830618,0.006900600249,0.01326895571,0.003035315151,0.006696480648,0.03570286205,0.04272850221,0.02793275493,0.03113686561,0,7.514491011e-05,0.00102161812,0,8.549247567e-05,0.0001723098202,6.887505519e-05,2.097336925e-05,0.0008101421011,0.0009695625665,0.0003168322563,0.0007065339941,0,2.665553088e-05,0.002368883529,0,0.0001923516827,0.000399544494,0.0004873680035,0.0004326423979,0.0006981520788,0.002248179382,0.000734656814,0.001469694477,0,0.0001498037868,0.0009792422553,0,0.001081014315,0.001114085366,0.002739002753,0.00243144546,0.00204049538,0.0008975373619,0.0002733120497,0.001980137572,0.1343520536,-0.05530061876,-0.02170167628,-0.1007139475,-0.06286793118,-0.1915588723,-0.3107045579,0,0.0003978081213,0.003081052608,0.06208851552,0,0.008072772719,0.002836330699,0.05882622092,-0.5474541595,-0.00816332962,-0.00517823122,-0.08706388486,0.01343210415,0.04079228547,0.06587347651,0,0.0236937301,0.02461426412,0.05240318477,0,0.05333850488,0.006057800809,0.09629592995,-0.4516380407,0,0.0001268877523,0.001965725359,0.0001005156727,0.0004782983298,0.001498270154,0.008072772719,0.05333850488,0.03471338115,0.07185777881,0.0003978081213,0.0236937301,0.0336324888,0.1511370434,-0.3941838399,0,0.000474909593,0.00448833518,0.0006066591615,0.001102906041,0.002103372043,0.002836330699,0.006057800809,0.0336324888,0.1950118354,0.003081052608,0.02461426412,0.03471338115,0.1699873808,-0.1384707106,0,0.002041366138,0.001106421263,0.003339136316,0.001153117331,0.003871913755,0.05882622092,0.09629592995,0.1511370434,0.1699873808,0.06208851552,0.05240318477,0.07185777881,0.1950118354
1,1,1,1,3,1500,500,v1,0.001397000825,0.01199818833,0.01387511735,0.0005613071937,0,0,0.01122483964,0,0,0.03563714479,0,0,0.002726338279,0.1761003334,0.09989317893,0.007747505142,0,0,0.075363649,0,0,0.09590309996,0,0,0.01460513226,0.1201864147,0.06817592445,0.005301354493,0.0124840199,0.01443694968,0.05143480762,0.01167935671,0,0.06545274229,0.03708016682,0,0.003339283116,0.0004254246894,0.01558758315,0.001212089233,0.0003323404381,0.003300830247,0.001208940209,0.0001335325472,0,0.01496496118,0.0084779222,0,0.001152976786,0.0001468892496,0.009487907658,0.0004185062182,0.0001147494229,0.0009855292573,0.0004174189335,4.610568251e-05,0,0.004060431509,0.0009220065202,0,-0.01954137488,-0.001653122639,-0.003768402201,-0.007619340332,0,0,0,0.01556026712,0.003260694425,0.07842658225,0.02348648997,0.005746484686,0.009244957024,0.03427899323,0.02809837696,0.2993910342,-0.01027561631,-0.230267048,-0.1767124327,0,0,0,0.005746484686,0.001540865696,0.01183715952,0.005623543569,0.01556026712,0.0006329351155,0.01129202427,0.01794683193,-0.357663243,-0.01906043423,0.1417346863,0.112243827,-0.0131648078,-0.01895453052,0,0.009244957024,0.0006329351155,0,0,0.003260694425,0.001540865696,0,0,-0.1200126128,0.003453199675,0.001414861123,0.03007869432,0.0001112734262,0.01086028717,0,0.03427899323,0.01129202427,0,0,0.07842658225,0.01183715952,0,0,-0.1314754102,0.001402733353,0.0005236542255,0.01339531144,9.264867178e-05,0.001513754134,0,0.02809837696,0.01794683193,0,0,0.02348648997,0.005623543569,0,0
1,1,1,1,2,1500,500,v1,0.000914825274,0.005404303897,0.0001979985885,0.003786692159,0,0.01421315466,0.0002974629197,0,0.007934818858,0.0253665724,0.03189021618,0.01302674524,0,0,0.003066754261,0,0,0.03082001526,0,0,0.01720597883,0.09945714347,0.06915121748,0.02824738748,0.0005256666765,0,0.0003772247601,0.001274405957,0.001441462483,5.281115617e-05,0,7.934077119e-05,0.002116413864,0.01223368222,0.0067658968,0.003474557482,0.008828608773,0,0.006335516356,0.02140373761,0.004098109524,0.0008869670792,0,0.01696310721,0.06367015226,0.2054655527,0.1136337122,0.1428574421,0.0041978927,0,0,0.01017720868,0.00194859966,0.01151129624,0,0.008065744643,0,0,0.000633603116,0,-0.2705487802,0.004011778237,-0.001809544561,0.0245765542,0,0.04516762831,0.01011526799,0.007848297053,0,0,0.004568332917,0.02287593643,0,0,0.1418436215,-0.3364353915,0,0,0.09640237736,0,0.09495283557,-0.03698335122,0.02287593643,0.002901286296,0.01523450655,0.0009636099277,0.007848297053,0.01325310621,0.0007697356649,0.1229250599,-0.2599188837,0.001669055804,0,0.01239827588,0.0008851172391,0.006745618477,0.00429011501,0,0.01325310621,0,0.02840078702,0,0.002901286296,0,0.06441560091,0.2947312911,-0.02734095684,0,-0.2064086227,-0.01839946242,-0.1139146192,-0.2019980558,0,0.0007697356649,0,0.01256466381,0,0.01523450655,0,0.0213022885,-0.04098401249,0.00518907871,0,0,0.003618089179,-0.009745067486,0,0.1418436215,0.1229250599,0.06441560091,0.0213022885,0.004568332917,0.0009636099277,0.02840078702,0.01256466381
1,1,1,1,1,1500,500,v1,0.02413096518,0.03201150528,0,0.1573131269,0.004299022746,0.02161553203,0.01788241622,0.0368956363,0.06456888282,0,0.04476907525,0.03712864207,0.003310946576,0.002445609464,0.0003728196587,0.001540836383,8.126030641e-05,0.0004085776837,0.001544603517,0.0006974028489,0.001220483704,2.240746304e-05,0.0008462269189,0.0007018071336,0.000157761698,0.0391828933,0.005973215725,0.0004999396039,0.009694472973,0,0.02474721973,0.00541557166,0.01955425976,0.0003590063116,0,0.01124416406,6.031391363e-05,0.02028044621,0.002283621575,0.0001911320331,0.002793886367,0,0.009438040952,0.01821373482,0.002502649181,0.0001372517914,0,0.005183369503,0.0002583886377,0.08688271996,0.06417536416,0.0008188217724,0.01196918669,0.01587800902,0.04043316704,0.07802879707,0.002132355894,0.04053202059,0.008869847379,0.01830058415,0.1846476753,-0.1726178919,-0.04621397508,0,-0.03876231553,-0.06619876051,-0.09950700315,0.0001684950677,0.09514978442,0.0480354499,0.007984073199,0.000571770575,0.04472584728,0.03009178324,0.0004780677436,-0.3163489219,0.004576950121,0.003941964491,0.0001514360322,0.0007453284888,0.001199608942,0.001790132883,0.000571770575,0.01428687269,0.01398376441,0,0.0001684950677,0.09261576824,0.007641754551,0,-0.2046271612,4.903503906e-05,0.02641106263,-0.005126926637,0.01294034803,0,0.02512064443,0.04472584728,0.09261576824,0.003787770542,0.02810615764,0.09514978442,0.01428687269,0.0305676102,0.05809436865,-0.2833847772,0.0002285222276,0.02727885316,-0.0006659366822,0.0208904,0,0.00753213407,0.03009178324,0.007641754551,0.0305676102,0.06847071506,0.0480354499,0.01398376441,0.003787770542,0.04042362386,-0.1605317188,-0.0007710676953,-0.1251062244,-0.08243784923,0.08045906432,0.01885661443,0.01511339986,0.0004780677436,0,0.05809436865,0.04042362386,0.007984073199,0,0.02810615764,0.06847071506
1,1,1,1,1,1500,500,v1,0,0,0,0,0.04024003946,0.02150193413,0,0.04358497036,0.001295681706,0,0.006423247021,0.01137270736,0,0,0,0,0.1471619466,0.07863477582,0,0.1593947016,0.004738440731,0,0.02349047237,0.04159115588,0,0,0,0,0,0,0,0,0.003436033395,0,0,0.03015941502,0,0,0,0,0,0,0,0,0.1966492603,0,0,0.05874479793,0,0,0,0,0,0,0,0,0.06316493514,0,0,0.06841548524,-0.342189334,0,0,0,0.08324175778,0.02790837885,0.01230711584,0,0,0,0,0,0,0,0,0.01118440582,0,0,0,-0.3039187591,0.1004231499,-0.02642088253,0,0,0,0,0,0,0,0,-0.01411376669,0,0,0,0,0,0.01204778934,0,0,0.06594132759,0.1443036557,0,0,0.07143501685,0.04331916261,0.1283315287,0,0,0,0,0,-0.2534134083,0,0,0.07143501685,0.001993065675,0,0,0.06594132759,0.001105900326,-0.2206770014,0,0,0,0,0,0.129092772,0,0,0.04331916261,0.001105900326,0,0,0.1443036557,0.001993065675
1,1,1,1,2,1500,500,v1,0.0002056176416,0,0,9.849753947e-05,0.001598532263,0.0001990185381,0,0.0004000232925,0,0,0.001777627923,0,0.001305972058,0.1979964618,0.1328382529,0.0005684360618,0.06527380833,0.008126641051,0.1900292431,0.01633438644,0,0.05072697474,0.07258692679,0,0.0001467157331,0.04739016926,0.03179464538,4.44352399e-05,0,0,0.04548322687,0,0,0.01214142867,0,0,4.537319019e-05,9.6669026e-05,0.009832786577,1.374200672e-05,0.000621486039,0,4.207606135e-05,0.0002977120309,0.0006015400331,0.003754848512,0,0.005372938471,0.0001293093089,0.0002754975988,0.04176777709,3.916342195e-05,0.001771176545,0,0.000119912803,0.000848451185,0.01376964947,0.04008707525,0,0.003445773756,-0.1408965929,0.0002644186074,0,0,0.001982971969,0.001973113795,0,5.3378855e-05,0.0014090373,0.1631651981,0.1366920346,2.041072159e-05,0.0006103266192,0.1564531887,0.05207671852,0.2592370169,-0.001855234591,-0.3874660981,-0.1831974173,-0.08146191675,-0.0806878622,0,2.041072159e-05,0.001550391338,0,0,5.3378855e-05,0.0007229822713,0,0,-0.4756344077,-3.367333624e-05,0.09281374683,0.04388038,0,0,0,0.0006103266192,0.0007229822713,0.07487801335,0.01098715538,0.0014090373,0.001550391338,0.01874330124,0.09813228952,-0.221784089,1.301802478e-05,0.0001355661905,0.01347120148,0.0006927014484,0,0.00596845154,0.1564531887,0,0.01874330124,0,0.1631651981,0,0.07487801335,0,-0.3749144928,-2.853773962e-05,0.0003734257879,0.08157342657,-0.002472702462,0,0.01706473499,0.05207671852,0,0.09813228952,0,0.1366920346,0,0.01098715538,0
1,1,1,1,1,1500,500,v1,0.0006109254909,0.003123998182,0.0005547189203,0.003000892374,0.0001869234385,0.002844528861,0.001964708426,7.340401411e-05,0,0.003778049666,0.0001420855227,0,0.005335691681,0.000850501675,7.185796023e-05,0.001643168682,0.0003900339413,0.005935386227,0.006555318773,0.0001531646173,0,0.0006629258978,0.0002964752673,0,0.02747026474,0.009320960481,0.0007875177995,0.01125419835,0.07143892421,0.01268519397,0.07184214801,0.04492853329,0,0.00726524859,0.08639563407,0,0.02193064041,0.04668363755,0.0006287077987,0.008984688695,0.0111532349,0.01012711126,0.01437659741,0.05478517109,0.05193055295,0.005800146296,0.06897318251,0.002593954964,0.02193787234,0.04669903213,0.00744375939,0.008987651521,0.01115691283,0.05705143413,0.01438133829,0.05480323727,0.003413654433,0.05737345041,0.03588012118,0.001340527117,-0.2340673656,0.003461057414,0.004774961413,0.004205687731,0.0002261005636,0.002635494649,0,-0.01576717876,0.02713719762,0.007035290293,0.0009138033636,-0.005024217454,0.009202196526,0.02890921057,0.009284720353,-0.1232771974,0.006257431031,0.006517814524,0.000589301701,0.000446598447,0.004803809592,0,-0.005024217454,0.008781654876,0.06293786811,0.01339372681,-0.01576717876,0.05309560565,0.03244618493,0.08298011311,0.09444399461,-0.01183072733,-0.05979420985,-0.004927388702,-0.09264418615,-0.0699871634,0,0.009202196526,0.05309560565,0.004283149305,0.06528481142,0.02713719762,0.008781654876,0.001680595936,0.003262387171,-0.07497820599,0.006805641116,-0.0158770513,-0.002460928815,-0.03024748131,0.001532249067,-0.05313743664,0.02890921057,0.03244618493,0.001680595936,0,0.007035290293,0.06293786811,0.004283149305,0,-0.1819040513,0.01888601701,-0.01460664249,0.02931339478,-0.01446508315,0.02427985616,-0.004648529172,0.009284720353,0.08298011311,0.003262387171,0,0.0009138033636,0.01339372681,0.06528481142,0
1,1,1,1,4,1500,500,v1,0,0.0002499849223,0.02909844008,0,0.005189267395,3.263237313e-05,0.002821475644,0.01143039994,0.00158778066,0.1002427228,2.684219427e-06,0.002171082522,0,0.1982085208,0.01362384976,0,0.01796591126,0.0001129774735,0.3125919968,0.03957351496,0.005497100893,0.003683562453,9.293112949e-06,0.007516566973,0,0.005917593436,0.0004067453991,0,2.583924496e-05,0.003007708282,0.009332557151,0.00029163679,0.0001641181117,0.0001099742075,0.01036140999,0.0002244100667,0,0,0.0002631395454,0,0,0.001945804407,0,0,2.182117504e-06,7.114662645e-05,0.006703202347,1.794929892e-07,0,0,0.07174261628,0,0,0.0003132650217,0,0,0.006502856044,0.1131443168,0.003535691755,0.01432384182,-0.02634806537,0,-0.0005736536374,-0.1288907232,0.01405460157,-2.313578176e-06,0.002423134443,0,0,0.1809852787,0.01938347625,0,0,0.2865090359,0.005264514993,0.2346190064,0,-0.5088162393,-0.01722202903,-0.05466212278,-0.0001108681232,-0.01206330991,0,0,0.0002431032595,0.03620442017,0,0,0.002738501337,0.1245784671,-0.4760018211,0,0.01522077192,0.000463492384,0.0002104359699,0.01319574928,0.0003146736264,0,0,0.009997953622,0.0001565540509,0,0,0.02108634606,1.193183489e-05,-0.1325666919,0,0,0.0003265424005,0,0.00850638198,8.57777414e-07,0.2865090359,0.002738501337,0.02108634606,0.006105991973,0.1809852787,0.0002431032595,0.009997953622,0.00788226079,-0.5345662067,0,0,0.1819325911,0,-0.001624518731,0.01988465472,0.005264514993,0.1245784671,1.193183489e-05,0.00788226079,0.01938347625,0.03620442017,0.0001565540509,0.006105991973
1,1,1,1,1,1500,500,v1,4.109646318e-05,0.001506043425,0.0002773350455,0.0002632032529,7.739121271e-05,0.01463012389,0.0004525617062,5.407298508e-05,0,0.00025898308,0.0162016553,0,0.01090405297,0.002233957753,0.002161961319,0.003003357917,0.0003162648163,0.05978706474,0.0004397560647,0.0002209731841,0,3.31049601e-05,0.06620924209,0,0.0209026546,0.005205612925,0.005037845399,4.202920067e-05,0.01434146902,0.002640954369,0.001024728356,0.004309570084,0,7.714183852e-05,0.0024661957,0,0.04337877871,0.05273036108,0.01045491996,8.722219402e-05,0.0008121504114,0.005480709381,0.01452378743,0.005201436172,0.289121258,0.0001600906108,0.005118036898,0.3201779423,0.004473914234,0.005438399144,0.001114186988,8.995749233e-06,8.376195443e-05,0.003069586309,0.001497925512,0.0005364553825,0.0001577371562,0.0002193284472,0.0009224018341,0.0001102104308,-0.5093644424,0.0002956987823,0.001891154919,0.0005281307881,5.517488694e-05,0.03078152347,0,0.02695529377,0.05446665051,-8.59525522e-05,0.005875883114,5.542816652e-05,0.0150030646,0.0003360396751,0.0001070875725,-0.6452678093,0.01374474862,0.001008966584,0.002092511919,-0.0002846519134,0.1254249064,0,5.542816652e-05,0.001052630776,0.01464396183,0.004014540271,0.02695529377,0.006687424561,0.004406644008,0.003694717071,-0.04843487117,0.02030932505,-0.001474513148,0.003918047552,-0.01832378652,0.004003369406,0,0.0150030646,0.006687424561,0.0002347564269,0.3221115129,0.05446665051,0.001052630776,0.0001167340216,0.3567562184,0.2127973138,-0.0427792538,-0.06687627521,-0.009999206603,-0.005873625732,-0.009671005091,-0.6087849183,0.0003360396751,0.004406644008,0.0001167340216,0,-8.59525522e-05,0.01464396183,0.0002347564269,0,-0.09830703646,0.004462780685,0.006818383149,0.0002988218174,0.0004178900529,0.003732227724,-4.849938842e-06,0.0001070875725,0.003694717071,0.3567562184,0,0.005875883114,0.004014540271,0.3221115129,0
1,1,1,1,1,1500,500,v1,0.02172564013,0.03416539007,0.001719707466,0.00250629766,0,0.04393921209,0.004242387668,0,0.3266873856,0.003085215763,0.001093472615,0.2086256397,0,0,0.0008256676389,0,0,0.0002388859607,0,0,0.00177611355,1.635384572e-05,5.944923537e-06,0.001134242832,0.005073103583,0,0.0577601605,0.01042812325,0.01299414994,0.0006540577064,0,0.001613510671,0.1242492728,0.001144044782,0.001173402561,0.07934675523,0.0001184465844,0,0.001348581517,0.0002434753322,0.000192922501,1.527090864e-05,0,2.225578671e-05,0.0003901778102,2.671110388e-05,2.739654794e-05,9.709977265e-06,0.006628364491,0,0,0.01362507205,0.01079609566,0.01697776532,0,0.001245451417,0,0,0.002108164492,0,0.2443302365,-0.02241596588,-0.03415802268,-0.004423823347,0,-0.04483738995,-0.5338486035,0.004816312888,0,0,0.08322259681,0.00786280819,0,0,0.001648234949,-0.433816439,0,0,0.000834568502,0,0.0002439621131,0.002902442153,0.00786280819,0.01668242465,0.008046930513,0.00182722932,0.004816312888,0.001968132339,0.001397668339,0.003225600654,-0.5685899916,0.006705151708,0,-0.05878369945,0.01400711211,0.001017013559,0.2018876833,0,0.001968132339,0,0.06468322184,0,0.01668242465,0,0.001611425982,-0.127391367,0.0003425463382,0,0.001368576817,0.0002129997585,3.825647242e-05,0.0003969954163,0,0.001397668339,0,0.301260817,0,0.008046930513,0,0.1923268989,-0.03530617862,-0.01550044544,0,0,0.009769261456,0.01385451138,0,0.001648234949,0.003225600654,0.001611425982,0.1923268989,0.08322259681,0.00182722932,0.06468322184,0.301260817
1,1,1,1,0,1500,500,v1,0.0001879111032,0.0005456886918,9.901778497e-05,5.319512322e-05,0.001422793186,0.02217668122,0.006983234675,6.326209001e-06,0,0.001538629901,0.002640802798,0,3.180222718e-06,0,0,2.087953983e-05,3.725388164e-05,0.00058066588,0,1.65643077e-07,0,0,6.914578721e-05,0,0.001099318388,0,0,0.001701514052,0.0003999120673,7.25659294e-05,0,0.005117716121,0,0,0.00112759651,0,0.03502154066,0.002835692223,0,0.05420599183,0.004387162818,0.002311769433,0.01861754787,0.00124194719,0.5177592469,0,0.03592241105,0.06165485514,0.02369082444,0.001918244753,0,0.03666842211,0.002967759331,0.008618291733,0.01259410779,0.0008401330237,0.02247077306,0,0.1102891714,9.991248774e-05,-0.7522454721,0.0002397572352,0.007490730168,0.001629427996,0.001414383043,0.02478627191,0,0.01588851342,0.001466057343,0,0,0.02418929464,0.009360971065,0,0,-0.5822839998,2.357808517e-05,0,0,3.62763755e-05,0.0006489961263,0,0.02418929464,0.001964216332,0.01146710085,0.003183021771,0.01588851342,0.0006445522663,0.1466310739,0.04960169808,-0.1767324688,0.002782911956,0,0,0.005476852472,0.001165569672,0,0.009360971065,0.0006445522663,0.03117972421,0.7419051194,0.001466057343,0.001964216332,0.0001383315689,0.08831252006,0.10233749,-0.08516011041,-0.01948185045,0,-0.005141000047,-0.03798481098,-0.5789136946,0,0.1466310739,0.0001383315689,0,0,0.01146710085,0.03117972421,0,-0.09231847109,0.0556586597,0.01224025345,0,0.003162063753,-0.118366366,-0.02232936337,0,0.04960169808,0.08831252006,0,0,0.003183021771,0.7419051194,0
1,1,1,1,2,1500,500,v1,0.02827702613,0.008828652335,0,0.01223284953,0.004249019922,0.01484777138,0.08713880815,0.007852421117,0.001808720944,0,0.1851276442,0.02096306696,0.003401918485,0.007497846057,0.01658685009,0.001571541822,0.003296113366,0.01151793557,0.02519503838,0.006091397703,0.001403088097,0.0126968038,0.1436099885,0.01626178423,0.0007219094616,0.001606216735,0.003553297307,3.95091311e-05,0.00146715303,0,0.005397375722,0.014480802,0.0003005748004,0.002719956984,0,0.003483660478,0.004761938467,0.004807204256,0.0234386499,0.0002606144693,0.03099672273,0,0.00222072415,0.01340941029,0.01627583645,0.01794167895,0,0.202933301,0.0006186622571,0.0006245431049,0.001376496256,3.385855086e-05,0.00402703701,0.001257321387,0.0002885123831,0.001742125837,0.0006051188129,0.004625445191,0.01240976345,0.001118292649,0.06149576496,-0.02099614269,-0.08944611032,0,-0.009583941871,0.05906363116,-0.01843398733,0.006288934844,0.005272112951,0.01055514016,0.0318827794,0.0003497365798,0.002808386639,0.03646261709,0.02445212233,-0.08119692636,-0.0005564402329,-0.02966005435,-0.007997564171,0.001966052719,0.1351804402,0.002696840815,0.0003497365798,0.04161977537,0.01000267602,0,0.006288934844,0.01815713614,0.09915327308,0,-0.1697777333,-1.500893947e-05,-0.001094652458,0.001726794307,0.007325267495,0,0.002937333537,0.002808386639,0.01815713614,0.002581422549,-0.00797761507,0.005272112951,0.04161977537,0.006855093217,-0.1627403016,0.1721220022,-0.004664752764,-0.005091250159,-0.03128583129,-0.0240567527,0,-0.08043212688,0.03646261709,0.09915327308,0.006855093217,0.001506498283,0.01055514016,0.01000267602,0.002581422549,0.01769322119,-0.1758737862,0.0002539807575,0.00026069066,-0.0005904647008,0.005201621082,0.009350210063,0.001326878643,0.02445212233,0,-0.1627403016,0.01769322119,0.0318827794,0,-0.00797761507,0.001506498283
1,1,1,1,4,1500,500,v1,0,0.01173755685,0,0,0,0,0.5885570428,0,0,0,0,0,0,0.05858733295,0,0,0,0,0.05110546919,0,0,0,0,0,0.003675258847,0.004164069711,0,0.006469996001,0.0004922804666,0,0.003632299434,0.02468445003,0,0,0,0,0.01481723108,0,0,0.02608453712,0,0,0,0,0,0,0,0,0.01755808349,0,0.01989331546,0.03090958615,0,0.002351807557,0,0,0,0.01735285033,0.1179268325,0,0.1444421721,0,-0.5986082945,0,0,0,0,0.003249257562,0,0.05176633867,0,-0.001762847767,0,0.04545439911,0,0.04360886857,0,-0.1084226937,0,0,0,0,-0.001762847767,0,0.01332521739,0,0.003249257562,0,0.6679239641,0,-0.5626897805,0.009881407056,0.007751139646,0,0.02508634812,0,0,0,0,0,0,0,0,0,0,-0.01000477519,0.009013835334,0,0,0,0,0,0.04545439911,0.6679239641,0,0,0.05176633867,0.01332521739,0,0,-0.6552982581,-0.01988618225,0,0.03585772894,0,0.119355824,0,0,0,0,0,0,0,0,0
1,1,1,1,2,1500,500,v1,0.009719945148,0,0.03372065651,0.1598894035,0.0142281298,0.032225303,0,0.0036481924,0.007348035355,0.00984865065,0.05974831477,0.06680439488,0.0169415857,0,0.02577473641,0.0461060109,0.01109730528,0.02513429593,0,0.002845427004,0.005731139133,0.2599402753,0.04660101488,0.05210444197,0,0,0.0004844673784,0,0,0.000494351712,0,0,0.0001077236992,0.004885892206,0.0001443832302,0.000979366074,0,0.002818022287,0.004287307157,0,0.001261025576,0.004374778834,0.007669162058,0.02074339146,0.004180777841,0.04323783511,0.001277723297,0.007751499819,0,0.0004731702375,0,0,0.0002117370662,0,0.001287718429,0.003482994265,0.0003099423315,0,0,7.94713904e-05,0.1243833198,-0.1690976992,0,-0.04283981093,-0.01169723518,-0.06540292892,-0.05945235571,0,0.02048633388,0,0.031643466,0,0.05574024288,0,0.3185333355,-0.06003587545,-0.06274409537,0,-0.2850377199,0.004070230428,0.03653664229,0.0402029033,0,0.01241230114,0,0.04343916385,0,0.2035803258,0,0.01261977925,-0.2960433081,0,0,0.005344172174,0,0.0006258549004,0.001085128499,0.05574024288,0.2035803258,0.007987648822,0.0092571679,0.02048633388,0.01241230114,0.002903788616,0.01671340118,-0.5772671322,0,0.0102006968,0.04624234651,0.02147984557,0.004841327305,0.01155257391,0,0,0.002903788616,0.002533761149,0,0,0.007987648822,0.02471272474,-0.2077882559,0,0.001725680681,0,0.003622768606,0,0.0003660464529,0.3185333355,0.01261977925,0.01671340118,0.02471272474,0.031643466,0.04343916385,0.0092571679,0.002533761149
1,1,1,1,3,1500,500,v1,0,0,0,0,0,0,0,0,0,0,0,0,0,0,0.2183144422,0,0,0,0,0,0,0.09265044917,0,0,0,0,0.1081785947,0,0,0,0,0,0,0.04590990541,0,0,0,0,0.3755619161,0,0,0,0,0,0,0.1593846924,0,0,0,0,0,0,0,0,0,0,0,0,0,0,0,0,0,0,0,0,0,0,0,0,0.07306395363,0,0,0,0.03106679268,-0.3772304379,0,0,0.3078099395,0,0,0,0,0,0,0,0,0,0,0,-0.2234312962,0,0,0.1540107978,0,0,0,0,0,0,0,0,0,0,0,0.4618207372,0,0,-0.5312412356,0,0,0,0,0,0,0,0,0,0,0,0,0,0,0,0,0,0,0.03106679268,0,0,0,0.07306395363,0,0,0
1,1,1,1,1,1500,500,v1,0,0,0.002154315613,0,0,0.0007026964448,0,0,0.003448622146,0.003235569346,0.001786288891,3.379953743e-05,0.01189682736,0.01948404419,0.02551974984,0.02436709244,0,0.004906534106,0.03043351854,0,0.02407978908,0.1659246478,0.01247265079,0.0002360031624,0.02278281477,0.02827433813,0.03703307327,0.06437049827,0,0.02182879369,0.04416370572,0,0.03494346923,0.2407821266,0.03278469287,0.0003424768055,0.0006370740173,0.0004827552604,0.00103555285,0.001799987067,0,0.0006103968025,0.000988779756,0,0.0001990997329,0.006732971244,0.0009167557304,0.0005061213041,0.01375265911,0.01042134564,0.01706757211,0.03885672287,0,0,0.02134500945,0,0,0.02665905842,0,0,-0.08143630139,0,0,0.005322793767,0,0.002192391392,0.003338708924,0.01544439882,0.01081657524,-0.01248096116,0.01946708839,0.04196352861,0.01831630735,-0.01905127617,0.1115122283,-0.2829565267,-0.01623102076,0.04344800021,0.1466796974,0,-0.01697841542,0.01740748785,0.04196352861,0,0,0.02859055354,0.01544439882,0,0,0.04291685169,0.3020230574,-0.07621040059,-0.06105587132,-0.2417369479,0,-0.05451524949,-0.02955646949,0.01831630735,0,0,0.005958830637,0.01081657524,0,0,0.01519196603,-0.2205749848,0.002408058736,0.00143732388,0.007737706028,0,0.001520852291,0.0006854929084,-0.01905127617,0,0,0.0130724127,-0.01248096116,0,0,0.0001429963991,-0.1062039099,0.03553039027,-0.004628224846,0.03862936268,0,0,0,0.1115122283,0.04291685169,0.01519196603,0.0001429963991,0.01946708839,0.02859055354,0.005958830637,0.0130724127
1,1,1,1,3,1500,500,v1,0,0,0,0,0,0,0,0,0,0,0,0,0,0.2441790295,0,0,0,0,0.1022986315,0,0,0,0,0,0,0.2793302851,0,0,0,0,0.1170252251,0,0,0,0,0,0,0,0,0,0,0,0,0,0,0,0,0,0,0,0.1812375046,0,0,0,0,0,0,0.07592932418,0,0,0,0,0,0,0,0,0,0,0,-0.2014810161,0,0,0,-0.07941523203,0,0.06830120437,0,0.1189629621,0,0,0,0,0,0,0,0,0,0,0,0,0.3466038912,0,-0.1593397251,0,0,0,0,0,0,0,0,0,0,0,0,0,0,0,0,0,0,0,-0.07941523203,0,0,0,-0.2014810161,0,0,0,-0.04037676307,0,0,0.2276409293,0,0,0,0,0,0,0,0,0,0,0
1,1,1,1,2,1500,500,v1,0,0,0,0,0,0.4054541665,0,0,0,0,0.08404340259,0,0,0,0,0,0,0.3017374546,0,0,0,0,0.06254478181,0,0,0,0,0,0,0,0,0,0,0,0,0,0,0,0,0,0,0,0,0,0.1211151818,0,0,0.02510501267,0,0,0,0,0,0,0,0,0,0,0,0,0.4323090218,0,0,0,0,-0.4228555743,0,0,0,0,0,0,0,0,0,-0.277843967,0,0,0,0,0.2872974147,0,0,0,0,0,0,0,0,0,0,0,0,0,0,0,0,0,0,0,-0.01791558788,0,0,0,0.003735415965,-0.1355581596,0,0,0,0,0,0.1450116074,0,0,0,0,0,0,0,0,0,0,0,0,0,0,0,0,0,0.003735415965,0,0,0,-0.01791558788,0
1,1,1,1,2,1500,500,v1,0.0002531882223,0,0,0.002975968045,0,0,0,0,0,0,0,0,0,0,0,0,0,0,0,0,0,0,0,0,0,0,0,0,0,0,0,0,0,0,0,0,0,0,0,0,0.0001367862576,0,0,0.001607782257,0,0,0,0,0,0,0,0,0.07801695331,0,0,0.9170093219,0,0,0,0,-0.9932808436,0.003229146555,0,0,0,0,0,0,0,0,0,0,0,0,0,0,0,0,0,0,0,0,0,0.1164399626,0,0,0,1.368637568,0,0,0,0,0,0,0,0,0,0,1.368637568,0,0,0,0.1164399626,0,0,-0.9917962608,0,0,0,0.001744563309,0,0,0,0,0,0,0,0,0,0,0.004973709865,0,0,0,-0.9950254071,0,0,0,0,0,0,0,0,0,0
1,1,1,1,3,1500,500,v1,0,0.0007166426216,0.001880851119,0,0.04594169447,0.02702356565,0.001838770663,0.009903833079,0.003290416131,0.001031939095,0.01541309325,0.01126279812,0,0.0382782302,0.007499300621,0,0.06991686821,0.04112610777,0.03531404058,0.01507225626,0.005007555634,0.02139996323,0.02345658388,0.01714041202,0,0.01998678167,0.003915721375,0,0.0005694670623,0.001494584231,0.01843904526,0.00146114576,0.002614669504,0.0111738811,0.0008200116868,0.008949778268,0,0,0.003021140088,0,0,0.001153133204,0,0,0.01656790935,0.008621108829,0.0006326727421,0.009449631301,0,0,0.117474193,0,0,0.003347096329,0,0,0.2145717716,0.1083772263,0.008588021912,0.04625608685,-0.225275496,0,0.001709091467,-0.001410770288,0.05523789994,0.02675165806,0.004132116797,0,0,0.08937735945,0.004178191754,0,0,0.08258196481,0.01284295811,-0.3257125466,0,0.07188479845,-0.02075262121,0.08251843729,-0.04838735078,-0.01417616619,0,0,0.003337194954,0.002349086627,0,0,0.008508948526,0.001130321696,-0.1906400046,0,0.03732981376,0.005929050228,0.001916388365,-0.0007833141275,0.005378449106,0,0,0.1492666178,0.003009509083,0,0,0.03232446209,0.00135870932,-0.03865334821,0,0,0.003476137758,0,-0.0001255211335,0.01872354715,0.08258196481,0.008508948526,0.03232446209,0.001482842992,0.08937735945,0.003337194954,0.1492666178,0.005515557448,0.2505964282,0,0,-0.223854162,0,-0.01152290882,-0.2588170575,0.01284295811,0.001130321696,0.00135870932,0.005515557448,0.004178191754,0.002349086627,0.003009509083,0.001482842992
1,1,1,1,1,1500,500,v1,0,0.0143008961,9.606847714e-05,0,0.005036109746,0.005463130827,0.00554288537,0.0001005069568,2.516200045e-05,0.0006064477017,0.01201428081,0.0001922467092,0,2.081999586e-05,0.004207713106,0,0.001955524335,0.002121336868,1.87024161e-05,3.902690961e-05,9.770419367e-06,0.002062748091,0.004665152205,7.464950867e-05,0,9.226278545e-05,0.01864627323,0,0.02460805074,0.0001653083796,8.287883512e-05,0.009537836197,4.329713184e-05,0.009140966494,0.001043535714,0.0003308056182,0,0,0.03577469495,0,0,0.0003171602593,0,0,0.0180359681,0.01753783632,0.00200212511,0.03966392025,0,0,0.001634111011,0,0,0.4358451403,0,0,0.1534843652,0.001467907308,0.16892925,0.003063127539,-0.7768487824,0,0.01983792857,0.0005299822783,0.005118709805,0.01717918402,-2.256116872e-05,0,0,0.002258924245,0.01955318186,0,0,0.002027742504,0.009555969501,-0.2200357473,0,3.929919965e-05,0.006204169184,0.001990612376,0.006753344929,4.535961937e-05,0,0,0.5954011276,0.0001492790254,0,0,0.2307689347,0.0008803468842,-0.635746118,0,0.0001708455334,0.02693995106,0.03413886544,0.0007889179449,-0.0002042043481,0,0,0.219392223,0.01563726515,0,0,0.004378724176,0.0344283028,0.05839554927,0,0,-0.05255022129,0,-0.002005317497,-0.05730957426,0.002027742504,0.2307689347,0.004378724176,3.417848287e-05,0.002258924245,0.5954011276,0.219392223,0.0002379303636,0.06129626073,0,0,-0.003067922558,0,-0.6047568353,-0.1562899541,0.009555969501,0.0008803468842,0.0344283028,0.0002379303636,0.01955318186,0.0001492790254,0.01563726515,3.417848287e-05
1,1,1,1,0,1500,500,v1,0,0,0,0,0.00371982823,0,0,0.09206901955,0,0,0,0,0,0,0,0,0.005545104859,0,0,0.1372462211,0,0,0,0,0,0,0,0,0,0,0,0,0,0,0,0,0,0,0,0,0,0,0,0,0,0,0,0,0,0,0,0,0,0,0,0,0.02956869228,0,0,0.731851134,-0.6187614445,0,0,0,0.0957299802,0,0,0,0,0,0,0,0,0,0,-0.6653404454,0,0,0,0.1423089806,0,0,0,0,0,0,0,0,0,0,0,0,0,0,0,0,0,0,0,0.03055244767,0,0,0,0.7539947497,0,0,0,0,0,0,0,0,0,0,0.7539947497,0,0,0,0.03055244767,0,0.2380389609,0,0,0,0,0,-0.7610704253,0,0,0,0,0,0,0,0
1,1,1,1,0,1500,500,v1,0.002372068323,0.005658800468,0.0001991247338,0.003874352066,0.002950884423,6.243709836e-05,0.00337341159,0.001933391518,0,0.0003290344599,3.825299861e-05,0,0.003004798906,0.01148975636,0.001570783318,0.009888314335,0.03888362646,0.0008227298877,0.02998521204,0.02547618368,0,0.003516033025,0.0005040574607,0,0.01250364385,0.007651181633,0.00104600551,0.01405509472,0.04965427388,0.001747259711,0.01996755165,0.02960067314,0,0.002341373171,0.002887178525,0,0.008231138516,0.001317214248,0.0006885845717,0.009252457356,0.01370196216,0.001150219638,0.004334742172,0.02237972022,0.000360660252,0.001541324043,0.001900627261,0.0002209637617,0.03377960926,0.005405689934,0.02067028852,0.03797097978,0.05623121601,0.1341450532,0.01778926409,0.09184369852,0.06995237776,0.05394396231,0.07996862229,0.04583213519,-0.3143469526,0.006114488216,0.008915076926,0.0001780494354,0.004809125401,2.403484688e-05,0,0.02207900808,0.002841985506,0.005705645564,0.001240508467,0.02250773823,0.01042083873,0.01456156773,0.002330400437,-0.1583294265,0.006491067537,0.02649411907,-0.003160384915,0.04718954058,-0.0008417568066,0,0.02250773823,0.06058698559,0.1188539486,0.002295443181,0.02207900808,0.09847735561,0.07133552735,0.003775690902,-0.2998755546,0.02332936537,0.02600595824,-0.0001441489197,0.07726398402,-0.003036589995,0,0.01042083873,0.09847735561,0.0514920946,0.0008221393065,0.002841985506,0.06058698559,0.03330166452,0.0005184166463,-0.2071566323,0.01560998714,0.0052512284,0.0009239278975,0.03470534597,-0.001188882162,-7.598200869e-05,0.01456156773,0.07133552735,0.03330166452,0,0.005705645564,0.1188539486,0.0514920946,0,0.282179287,-0.06866385007,-0.02058417875,-0.06601155288,-0.1468627283,-0.212972045,-0.1085278387,0.002330400437,0.003775690902,0.0005184166463,0,0.001240508467,0.002295443181,0.0008221393065,0
1,1,1,1,1,1500,500,v1,0.0006600438991,0,0.002099508585,0.004961168088,0.0005740191359,0.112640363,0,0.001617330089,0.009927710532,0.02044467613,0.01762849705,0.007684438898,0.002391230278,0,3.239525775e-05,0.03515941373,0.002085164406,0.4091739471,0,0.005875063954,0.0360630985,0.0003920293364,0.06403674073,0.02791425838,0,0,5.390831711e-06,0,0,0.00126912945,0,0,0.006001189942,6.52368379e-05,0.01235857798,0.004645157338,0,0.0003674834506,4.978492121e-06,0,0.0003684708515,0.001172054946,0.005403286666,0.002769582194,0.06288171213,6.024693423e-05,0.01141328211,0.009841144395,0,0.004352721109,0,0,0.004364416549,0,0.0640001608,0.03280479395,0.003795593929,0,0,0.01069429202,-0.4910654484,0.005366473477,0,-0.009953321343,0.002048031856,0.1287333714,0.01643117628,0,0.003005496971,0,3.385593449e-05,0,0.04766372008,0,0.0004470815814,0.1794750878,0.005180649318,0,-0.0003611667972,-0.001498808714,-0.4711641744,-0.06155195733,0,0.005028485275,0,0.001278489817,0,0.03779203089,0,0.004830168801,-0.04994846101,0,0,1.535382847e-05,0,0.0004192621,0.0084179444,0.04766372008,0.03779203089,0.003774849404,0.3502513025,0.003005496971,0.005028485275,0.009544914193,0.05510507792,-0.4232932254,0,0.005668694456,2.51879581e-05,0.002987367884,0.005461620157,0.07219321609,0,0,0.009544914193,0.0306264413,0,0,0.003774849404,0.02442781365,0.01975240825,0,-0.0446288218,0,-0.03690085215,0,-0.009429065542,0.0004470815814,0.004830168801,0.05510507792,0.02442781365,3.385593449e-05,0.001278489817,0.3502513025,0.0306264413
1,1,1,1,2,1500,500,v1,0.1498839196,0.008074699057,0,0.3953005658,0.08302994137,0,0.1317203757,0.006927467138,0,0,0,0,0,0,0,0,0.00364436945,0,0,0.0003040619948,0,0,0,0,0,0,0,0,0.001302602422,0,0,0.02124900002,0,0,0,0,0,0,0,0,0.002410597778,0,0,0.006357657768,0,0,0,0,0,0,0,0,0.03670902406,0.001977625904,0,0.09681557583,0.02033539104,0,0.03226047502,0.001696650038,0.2248262645,-0.5451216781,-0.1395097973,0,-0.08992871872,0,0,0,0,0,0,0,0,0,0,-0.06801199436,0,0,0,0.003942682851,0,0,0,0.1661233234,0.007178778438,0,0,0.4382051016,0.1169897213,0,-0.1052979193,0,0,0,0.02251891899,0,0,0,0.4382051016,0.08870670353,0,0,0.1661233234,0.007397263846,0,-0.4116530781,0,0,0,0.00876746108,0,0,0,0.1169897213,0.007397263846,0,0,0.007178778438,0.08870670353,0,-0.7393311147,0,0,0,0.1334686003,0.03421187795,0.02191672432,0,0,0,0,0,0,0,0
1,1,1,1,4,1500,500,v1,0.2904284329,0,0.01183598829,0.1260091694,0.001374201384,0.0005554513584,0,0.009503111396,0.0001926943721,0.01365871154,0.002518001311,0.0007397284824,0.008659904249,0,0.001754299646,0.03903392133,0.0005645797606,0.0002282027937,0,0.003904278092,7.916695742e-05,0.002706551169,0.001034500907,0.0003039115914,0,0,0.004548252214,0,0,0.01260724563,0,0,0.0002052507336,0.007017089339,0.01454874127,0.0007879307116,0,0.005969675369,0.00120932046,0,0.0822529873,0.003352100842,0.02690790014,0.03568738262,0.0001573108152,0.001865751789,0.003868319007,0.0007131296611,0,0.0109858899,0,0,0.1513687439,0,0.04951814128,0.0656748704,0.0007162216706,0,0,0.004952938048,0.3092300376,-0.4030756456,0,-0.01551953046,-0.009325836035,-0.002625749831,-0.0004305323331,0,0.0006376640662,0,0.005763107741,0,-0.002265159941,0,0.0089311393,-0.01263732231,-0.001547662437,0,-0.002400881816,0.0004617896674,0.0002434913626,3.017828375e-05,0,0.09188316137,0,0.01985818739,0,0.0396516985,0,0.0205189774,-0.01055429318,0,0,-0.008722916686,0,-0.01783741868,-0.0004473769974,-0.002265159941,0.0396516985,0.000761140152,0.000440483529,0.0006376640662,0.09188316137,0.006110273284,0.002125366111,-0.2729458184,0,0.02380351123,0.001327633809,0.1156743923,0.006438839313,0.0006716920387,0,0,0.006110273284,0.0003267440517,0,0,0.000761140152,0.0009448525184,-0.2740094499,0,-0.02117085153,0,0.1997113466,0,0.004283104074,0.0089311393,0.0205189774,0.002125366111,0.0009448525184,0.005763107741,0.01985818739,0.000440483529,0.0003267440517
1,1,1,1,3,1500,500,v1,0,0,0,0,0,0,0,0,0,0,0,0,0.001172401291,0,0,0.002977944729,0,0,0,0,0,0,0,0,0,0,0,0,0,0,0,0,0,0,0,0,0,0.1049184214,0,0,0,0,0.2664968575,0,0,0,0,0,0,0.1763919596,0,0,0,0,0.4480424154,0,0,0,0,0,0,0,0,0,0,0,0,0,0.1053658333,0,0,0,0.2677548349,0,0,-0.2528966355,0.004149522839,0,0,0,0,0,0,0,0,0,0,0,0,0,0,0,0,0,0,0,0,0.2677548349,0,0,0,0.1053658333,0,0,0,-0.6192946681,0,0.3705475559,0,0,0,0,0,0,0,0,0,0,0,0,0.3746970789,0,-0.6234441912,0,0,0,0,0,0,0,0,0,0,0,0
1,1,1,1,4,1500,500,v1,0,0,0,0,0.002670254463,0.0003889092484,0,0.002158054612,0.002762644452,0,0.00200932199,0.003829989844,0,0,0,0,0.1257963223,0.01832160711,0,0.1016664656,0.1301488366,0,0.09465963646,0.1804317317,0,0,0,0,0,0,0,0,0.06181350644,0,0,0.08569510336,0,0,0,0,0,0,0,0,0.001286475062,0,0,0.006646647365,0,0,0,0,0,0,0,0,0.09938954207,0,0,0.08032495126,-0.3248325581,0,0,0,0.004821343327,0.00224834781,0.006461636554,0,0,0,0,0,0,0,0,0.278249148,0,0,0,-0.1698533332,-0.1125998599,-0.3070971862,0,0,0,0,0,0,0,0,-0.3006355499,0,0,0,0,0,0.1407824223,0,0,0.0400742277,0.02499414551,0,0,0.03295360118,0.1291501819,-0.1103515121,0,0,0,0,0,0.007588627267,0,0,0.03295360118,0.1009214701,0,0,0.0400742277,0.1388582208,-0.1650319898,0,0,0,0,0,0.1163467707,0,0,0.1291501819,0.1388582208,0,0,0.02499414551,0.1009214701
1,1,1,1,4,1500,500,v1,0.02308079942,0,0,0.05404667313,8.323092784e-05,0.006437852028,0,0.02261722556,0,0,0.0004117265777,0,0.01734507961,0.004066220781,0.004541864969,0.02787056144,0.0001088019537,0.008415752371,0.0021195767,0.02956591249,0,0.01365263297,0.0005382212743,0,0.03114496544,0.01787252086,0.01996315025,0.1323491415,0,0,0.009316311339,0,0,0.06000829285,0,0,0.006173965633,0.01511288957,0.003957358816,0.02623599158,0.02628899695,0,0.02428381574,0.06155908203,0.00733270409,0.0118956349,0,0.0004689559727,0.01070931241,0.02621469983,0.00614553289,0.04550874543,0.04560068813,0,0.04212251651,0.1067799014,0.0001644391736,0.003203448366,0,0.04468480621,-0.1027390633,0.03769511643,0,0,0.005042138632,-0.003175474682,0,0.02233038627,0.0006878703931,0.01736842919,0.01909213119,0.0939579527,0.004990816052,0.009248620276,0.05522305894,-0.1322204685,0.01503431546,0.00538191493,0.01262704191,-0.006058874346,-0.004583286375,0,0.0939579527,0.008700123958,0,0,0.02233038627,0.02794769133,0,0,0.1173653889,-0.1596598217,-0.02520165965,-0.07731762667,0,0,0,0.004990816052,0.02794769133,0.0001760634913,0.0110269162,0.0006878703931,0.008700123958,0.04623328204,0.000681847335,-0.3049351647,0.03164722698,0.02565305024,0.01514712467,0.06944231467,0,-4.708130429e-05,0.009248620276,0,0.04623328204,0,0.01736842919,0,0.0001760634913,0,-0.001024278327,0.05048703538,-0.04447315666,0.002075045073,-0.131569308,0,-0.02992282798,0.05522305894,0,0.000681847335,0,0.01909213119,0,0.0110269162,0
1,1,1,1,2,1500,500,v1,0,0,0,0,0,0.0002584527029,0,0,0,0,0.0001678843425,0,0.005584715095,0,0.002052874419,0.005993426857,0,0.0007858551303,0,0,0,0.006513154276,0.0005104716273,0,0,0,0.04899609106,0,0,0,0,0,0,0.1554498887,0,0,0,0.09470041984,0.03481074075,0,0,0,0.1016309749,0,0.01332580257,0.1104440305,0,0.008656104492,0,0.1978208947,0,0,0,0,0.2122982181,0,0,0,0,0,-0.02060823901,0,0,0,0,0.0004225516231,0,0,0.1459678949,0,0.01761839815,0,0.1567945557,0,0.05833303927,-0.2940638258,0.01156259377,0,0.008547031214,0,0.001292588251,0,0,0,0,0,0,0,0,0,0.1448876392,0,0,-0.195521931,0,0,0,0.1567945557,0,0,0.01834933719,0.1459678949,0,0,0.01192919443,-0.5823103769,0,0.1952089835,0.136340608,0,0,-0.02190082727,0,0,0,0,0,0,0,0,0.2067715768,0,-0.4086132112,0,0,0,0,0.05833303927,0,0.01192919443,0,0.01761839815,0,0.01834933719,0
1,1,1,1,4,1500,500,v1,0.1460868714,0.07036226084,0.06429435383,0.01118701728,0.007112429715,0.02773129563,0.02765925437,0.009476318798,0.01106303422,0.03607982673,0.05961990592,0.003315173237,0.001728117372,0,0.0005323878017,0.005022268321,0.001125107329,0.004386782745,0,0.001499048308,0.001750049052,0.0004428084025,0.009431206461,0.000524423559,0.06457787854,0,0.001118012477,0.01579682251,0.02337406813,0.02135833313,0,0.009188296232,0.003675096742,0.0009298960597,0.01198557747,0.001101287596,0.1047257382,0.005885202989,0.001813077244,0.02561765633,0.07870011467,0.03463674025,0.0171036233,0.006026684907,0.01493944066,0.001508009454,0.01943697249,0.03211851542,0.001380852268,7.759884085e-05,0,0.0003377794174,0.001037693633,0.0004998017235,0.0002255183627,7.946433859e-05,5.052146687e-05,0,0.0001964709894,6.73127954e-05,0.2487734977,-0.1489962223,-0.09609488755,-0.08992409248,-0.01649488285,-0.08575444877,-0.01427078262,0.07443399402,0.006108233511,0,0.001955191638,0.01722215559,0.01771523171,0,0.001710281309,-0.09145733931,0.006507995005,0,0.0001544309583,0.002556969953,0.0137126683,0.002136584551,0.01722215559,0.09909091279,0.06976156657,0.01592158915,0.07443399402,0.007713140661,0.02785067085,0.01171074484,-0.2762644096,0.05655059689,0,-8.104561037e-05,0.0303340424,0.03028249224,0.004689884586,0.01771523171,0.007713140661,0.008892260022,0.01278251643,0.006108233511,0.09909091279,0.01184145607,0.02741139705,-0.2144486423,-0.1193440553,-0.02268449788,-0.00251703398,0.0766780882,0.04122004434,0.04524583813,0,0.02785067085,0.01184145607,0.008585114849,0,0.06976156657,0.008892260022,0.002581355375,-0.2309868552,0.001689358984,0.0002941927166,0,0.001115431779,0.0006860202249,0.0001154354973,0.001710281309,0.01171074484,0.02741139705,0.002581355375,0.001955191638,0.01592158915,0.01278251643,0.008585114849
1,1,1,1,4,1500,500,v1,0.0008368902434,0,0.001213915739,0.009333940331,0.008157051487,0.00563126745,0,4.881920981e-05,0.01202690684,0.003599779919,0.01008258895,0.008494459362,0.006664348721,0.004620458062,0.01363807241,0.007272562326,0.002371041127,0.001636861891,7.593209617e-05,1.419046508e-05,0.003495906675,0.01590914472,0.002930744411,0.002469116756,0.130630272,0.0420778981,0.1242001146,0.01726153845,0,0.003213389947,0.0006915035181,0,0.03183675793,0.1448824687,0.009529077046,0.02248591846,0.008239106924,0.003827921532,0.007833544313,0.001088719014,0.0001397267961,0.0002026747931,0.004177272092,0.001558390229,0.0009401937294,0.009138020863,0.0006010175394,0.001683384245,0.1117287985,0.0519096399,0.03598946037,0.01476388988,0.001894805735,0,0.05664710946,0.02113300258,0.01846840498,0.0005914468066,0,0.0001105317208,-0.08248008281,0.003526263265,0,0.002879700343,0.001003851236,-0.01345594039,0.01183971804,0.05031716167,0.06198126274,0.01121987039,0.1541713941,0.005694494833,0.06766243404,0.0002742118414,0.1799563648,-0.4267380655,0.01368134111,0.004633189844,0.02909867507,0.00207015536,0.001081160754,0.00526356931,0.005694494833,0.001913220106,0,0.003539561535,0.05031716167,0.01985512413,0,0.008622404769,0.1168855225,-0.07555607056,-0.01962125583,-0.2687783214,0,-0.01169022929,-0.04886085807,0.06766243404,0.01985512413,0.0175991642,0.005904608682,0.06198126274,0.001913220106,0.0001119096426,0.009847386273,-0.4180038985,0.009267303153,0.007964006985,0.01692780766,0.001625169194,0.0007025514144,0.001873449662,0.0002742118414,0,0.0001119096426,0.02791975293,0.01121987039,0,0.0175991642,0.01971660315,-0.05140604632,0.0289476631,-0.108074479,0.007325344509,-0.01966366195,0,-0.01488138918,0.1799563648,0.008622404769,0.009847386273,0.01971660315,0.1541713941,0.003539561535,0.005904608682,0.02791975293
1,1,1,1,1,1500,500,v1,0.004520787269,0,0.4444234842,0.0243419109,0,0.09307605215,0,0,0,0.154938293,0.01424821805,0,0,0,0,0,0,0.006510189059,0,0,0,0,0.0009965892528,0,0,0,0,0,0,0.1588772143,0,0,0,0,0.05538898201,0,0,0,0,0,0.000199441564,0.01960643346,0,0.001073881271,0.004106194851,0,0.006835343852,0.0006285823072,0,0,0,0,0.001602082784,0,0,0.008626319725,0,0,0,0,0.2588170418,-0.02848022553,0,-0.5982454089,0,-0.1072017204,0,0,0,0,0,0,0,0,0,-0.1024769266,0,0,0,0,0.007501092213,0,0,0.004201400563,0,0.4030256534,0,0.02237099097,0,0.140603673,-0.5723036077,0,0,0,0,0.2098840566,0,0,0.02237099097,0,0.1235374282,0,0.004201400563,0,0.01892632372,-0.507045978,0,0,0,0.001269079305,0.0259418013,0.004724793657,0,0,0,0,0,0,0,0,-0.02721114627,0,0,0,0.009496218469,0,0,0,0.140603673,0.01892632372,0,0,0.4030256534,0.1235374282,0
1,1,1,1,0,1500,500,v1,0,0,0,0,0,0.0604288118,0,0,0,0,0.04808171732,0,0.009277064333,0,0.0007299844917,0.01546114992,0,0.002875799525,0,0,0,0.002710676146,0.002288202857,0,0,0,0.004149332173,0,0,0,0,0,0,0.01540785574,0,0,0,0.003261577711,0.0002566438112,0,0,0,0.005435743478,0,0.001011057302,0.0009530041597,0,0.0008044733947,0,0.3100829107,0,0,0,0,0.5167839951,0,0,0,0,0,0.006958600151,0,0,0,0,-0.1082299218,0,0,0.4462698174,0,0.004729449273,0,0.7437317601,0,0.01757202071,-0.942755268,0.02470489204,0,0.003432059721,0,0.005144965988,0,0,0,0,0,0,0,0,0,0.004640128956,0,0,-0.01950777553,0,0,0,0.7437317601,0,0,0.08460116391,0.4462698174,0,0,0.06730581599,-0.9211883957,0,0.008693342216,0.001208069233,0,0,0.00181363416,0,0,0,0,0,0,0,0,0.03339823424,0,-0.8267326164,0,0,0,0,0.01757202071,0,0.06730581599,0,0.004729449273,0,0.08460116391,0
1,1,1,1,3,1500,500,v1,0,0.06260360441,0,0,0,0,0.003414840537,0,0,0,0,0,0,0,0,0,0,0,0,0,0,0,0,0,0,0,0,0,0.2815133374,0,0,0.01535571578,0,0,0,0,0,0,0,0,0,0,0,0,0,0,0,0,0,0,0,0,0,0.6041575057,0,0,0,0,0.03295499614,0,-0.3414614296,0,0.06488360661,0,0,0,0,0,0,0,0,0,0,0,0,0,0,0,0,0,0,0,0,0,0.3933609429,0,0,0,0.02150579249,0,-0.5693141048,0,0,0,0.2927362815,0,0,0,0,0,0,0,0,0,0,0,0,0,0,0,0,0,0,0.02150579249,0,0,0,0.3933609429,0,0,0.3576198881,0,0,0,0,-0.6341977114,0,0,0,0,0,0,0,0,0
1,1,1,1,4,1500,500,v1,0.00107060036,0.01363907474,0.003934346904,0.0003161068411,0.002992091571,0.003562588184,0.01808116523,0.002867825563,0,0.005136081916,0.001463870007,0,0.001623564436,0.005641794475,0.0004224456819,0.0003236953776,0.002822659833,0.003360851207,0.002607105009,0.002705430577,0,0.01969317703,0.001380976141,0,0.002912152323,0.009493169061,0.0007108284953,0.008424702871,0.02165023057,0.006245256312,0.004386846901,0.02870146279,0,0.03313673684,0.008152851995,0,0.007147562454,0.006705132355,0.00174465155,0.0206775207,0.004171083393,0.01532830518,0.001336824275,0.001231559455,0.01387992473,0.08133053146,0.02001029216,0.0057032709,0.01944504837,0.0182414108,0.06338786954,0.05625349798,0.01134749348,0.1445631045,0.003636850023,0.003350475539,0.03171373825,0.0292918916,0.1916456525,0.03039661959,-0.3870825913,0.001153331527,0.0314602034,0.007372353781,0.005767451492,0.003654932335,0,0.01487712425,0.01480661492,0.07217326158,0.0009953162444,0.04058700724,0.002942116837,0.03340240355,0.04258102407,-0.210937842,0.001892480331,0.008109585714,0.01901566931,0.005409481071,0.003988200318,0,0.04058700724,0.01097618059,0.1637792732,0.008271052969,0.01487712425,0.003323513396,0.2168996378,0.01137891889,-0.5199421956,0.01109390226,0.01365800951,0.03175182291,0.05018849124,0.009953290321,0,0.002942116837,0.003323513396,0.03886311691,0.01111343552,0.01480661492,0.01097618059,0.03722444426,0.004681904722,-0.01495267105,0.02213761904,0.007700620285,-0.07981838565,0.002508995969,-0.03042562532,-0.01817335947,0.03340240355,0.2168996378,0.03722444426,0,0.07217326158,0.1637792732,0.03886311691,0,0.161080171,-0.07020760893,-0.02142558846,-0.0921513719,-0.01319545682,-0.3354346356,-0.06190197335,0.04258102407,0.01137891889,0.004681904722,0,0.0009953162444,0.008271052969,0.01111343552,0
1,1,1,1,4,1500,500,v1,0.0009330964229,0,0,0.001984488209,0.005833381448,0.01801678362,0,0.01167258678,0,0,0.006409938095,0,8.662880177e-05,0.0001459767341,5.725562155e-06,1.161310291e-05,0.0002293804305,0.0007084565995,2.162263774e-05,0.0004589898682,0,0.0001267891582,0.0002520518113,0,0.1537562947,0.01473853134,0.0005780810059,0.6867867727,0,0,0.002183128195,0,0,0.01280125901,0,0,0.009611382869,0.0005467462926,3.613613276e-05,0.04293138461,0.0002315720026,0,7.329457218e-05,0.0004925020583,0.004471330681,0.0008002131019,0,0.001590791868,0.003481001849,0.0001980177963,0.0003336764518,0.01554867091,8.386957218e-05,0,2.654545602e-05,0.000178371895,0.0005243222398,4.942544498e-05,0,0.001049167949,0.009314188968,-0.002231000911,0,0,-0.01715289403,-0.0242185243,0,0.2109876009,0.0002191696812,0.02122360887,0.0008024728827,0.9424305304,3.265614607e-05,0.003137126048,0.01779336232,-0.0631587057,5.052065554e-05,0.0001605610276,0.0001316175644,0.0005390954003,0.000933685823,0,0.9424305304,0.0008915210103,0,0,0.2109876009,0.00173438259,0,0,0.07299423164,-0.8404318404,-0.01678226117,-0.01336326438,0,0,0,3.265614607e-05,0.00173438259,0.007590995026,0.01929868376,0.0002191696812,0.0008915210103,0.01501710801,0.006899655101,-0.859715454,0.05246836513,-0.0003607232627,0.0008344231509,0.0002274186815,0,0.005819279259,0.003137126048,0,0.01501710801,0,0.02122360887,0,0.007590995026,0,-0.8235127566,0.01901805448,0.0001423187222,0.0003812102035,0.0002529798308,0,0.001541729936,0.01779336232,0,0.006899655101,0,0.0008024728827,0,0.01929868376,0
1,1,1,1,2,1500,500,v1,0.02489196026,0.01224984813,0.004876913795,0.004822123121,0.06412128806,0.07581989149,0.003931901409,0.1001733759,0,0.006181838626,0.01098505468,0,0.01645430162,0.001635339974,0.02961925102,0.0514896296,0.1110601834,0.1313225499,0.004568323358,0.1735035873,0,0.04155447151,0.01902647661,0,0.009708032848,0.001009445906,0.01828306784,0.003413341784,0.01309669915,0.005214062418,0.002819887843,0.004203719858,0,0.02565031848,0.006609198728,0,0.0004586803177,0.00047988074,0.0008638293147,0.0001612718785,0.001257387427,0.0002463514332,0.001501666988,0.0002435837483,0.003829950604,0.001211913516,0.0003122681412,0.0005548968217,0.0003622300004,0.0003789724432,3.766484897e-05,0.0001273599724,0.0009929866849,0.0004886692713,0.001185899662,0.0001923634781,0.002557917681,0.0001052167818,0.0001568508749,0.003996102655,-0.4255336141,-0.02945536846,-0.005867374951,-0.003671657903,0.156624542,0.08261353584,0,0.01328810829,0.02338171211,0.001667191975,0.01809009505,0.004674921597,0.07315812517,0.004477525366,0.02968408433,0.2842262882,-0.06789131468,-0.004698203914,-0.06186795442,-0.2788169616,-0.1472126538,0,0.004674921597,0.03380372704,0.01547970712,0.006387647188,0.01328810829,0.006555568309,0.005137285585,0.006638510689,-0.07189264161,-0.0130634289,0.0004745665746,0.02800753798,-0.008465334205,-0.00541075125,0,0.07315812517,0.006555568309,0.06860183879,0.07907690976,0.02338171211,0.03380372704,0.104916453,0.01133726211,-0.2147471643,0.000604841743,0.001972285593,0.002010963472,0.001386652234,0.0003983038975,0.004323003347,0.004477525366,0.005137285585,0.104916453,0,0.001667191975,0.01547970712,0.06860183879,0,-0.2471950958,0.0004832338941,0.001559137433,0.0001271591116,0.001162519244,0.0005880473367,0.006513558453,0.02968408433,0.006638510689,0.01133726211,0,0.01809009505,0.006387647188,0.07907690976,0
1,1,1,1,0,1500,500,v1,0,0,0,0,0,0,0,0,0,0,0,0,0,0,0.1288330162,0,0,0,0,0,0,0.1563985864,0,0,0,0,0.3130164697,0,0,0,0,0,0,0.3799905866,0,0,0,0,0.009829132468,0,0,0,0,0,0,0.0119322086,0,0,0,0,0,0,0,0,0,0,0,0,0,0,0,0,0,0,0,0,0,0,0,0,0.2614407079,0,0,0,0.3175226363,-0.6710111439,0,0,0.2850355811,0,0,0,0,0,0,0,0,0,0,0,0.3067949889,0,0,-0.6927705521,0,0,0,0,0,0,0,0,0,0,0,-0.4077349708,0,0,0.02175940785,0,0,0,0,0,0,0,0,0,0,0,0,0,0,0,0,0,0,0.3175226363,0,0,0,0.2614407079,0,0,0
1,1,1,1,4,1500,500,v1,0.001678439319,0.0722747271,0.01916696333,0.0001162292942,0.01843379322,0.002209029526,0.04586689458,0.01997225153,0.0002205904449,0.02023975378,0.0175673103,0.0005283256844,2.231934402e-05,0.001811180225,0.005530900533,0.003623564264,0.02710366554,0.003247991162,0.2983048996,0.02936569914,0.0003243396283,0.0003547719733,0.02582965411,0.0007768104198,0,0.000892231031,0.002724654906,0,0.05234984914,0.01388296683,0.1469521832,0.03322219409,0.000159777518,0.0001747692246,0.01466000771,0.0003826755352,0,1.07143884e-05,0.002655105654,0,0.001184690544,0.01352859169,0.001739489963,8.203796482e-05,0.001559196309,0.0001703080839,0.01428579791,0.01239951076,0,3.012083878e-06,0.000244425945,0,0.0003330462885,0.01434119741,0.0004890143497,2.306293389e-05,0.003657747017,0.04025742773,0.009101192299,0.003963017411,0.005398717256,-0.001566336758,-0.07637031351,-0.01938934574,-0.0002450038134,0.001152645698,0.0001135615256,0,2.277359357e-05,0.001053156277,0.003270181563,0,0.003999882098,0.1761017343,0.0002340980964,0.1910564883,-0.003097411475,-0.2933602732,-0.005030090271,-0.03899427068,-0.01880925975,-0.0008300060064,0,0.002302257605,0.02950579111,0.007480533305,0,0.0001491500466,0.02222185639,0.005784116608,-0.3339819186,0,0.1377735805,0.001879545402,0.02048624557,0.009358459605,0.0003150763528,0.003999882098,0.0001491500466,0.02167425928,0.001592367905,2.277359357e-05,0.002302257605,0.02672220375,0.01832452516,-0.0347966255,0,-1.166795383e-05,0.0008143584296,-0.0003457937708,0.001187786205,0.004378685358,0.1761017343,0.02222185639,0.02672220375,0.0001647130875,0.001053156277,0.02950579111,0.02167425928,0.0004373391053,-0.2557312449,0,0.0004273089639,0.03748343211,0.0002778587618,0.02139896971,0.006974965806,0.0002340980964,0.005784116608,0.01832452516,0.0004373391053,0.003270181563,0.007480533305,0.001592367905,0.0001647130875
1,1,1,1,2,1500,500,v1,0,0.09197713999,0,0,0,0,0.497877294,0,0,0,0,0,0,0,0,0,0,0,0,0,0,0,0,0,0,0,0,0,0.009798009866,0,0,0.05303716379,0,0,0,0,0,0,0,0,0,0,0,0,0,0,0,0,0,0,0,0,0,0.0541567796,0,0,0,0,0.2931536127,0,0.3953539382,0,-0.5723902162,0,0,0,0,0,0,0,0,0,0,0,0,0,0,0,0,0,0,0,0,0,0.04204506898,0,0,0,0.2235093481,0,-0.2398279128,0,0,0,0.06279163472,0,0,0,0,0,0,0,0,0,0,0,0,0,0,0,0,0,0,0.2235093481,0,0,0,0.04204506898,0,0,-0.5095985815,0,0,0,0,0.3325623032,0,0,0,0,0,0,0,0,0
1,1,1,1,1,1500,500,v1,0.01261514224,0.0006530151885,0.0007810502453,0.003883396345,0.001589194843,0,0.001089841379,0.005059209709,0.0003898770865,0.001319065209,0,0.0002719889742,0,0.002615999822,0,0,0.01351230204,0,0.004630732761,0.04301648093,0.003314972342,0,0,0.002312615842,0.0560498287,0.005249441057,0,0.08043475306,0.01114168391,0.01332620604,0.009292339574,0.01859477142,0.00665204629,0,0.02250576691,0.004640650372,0.06143471068,0,0,0.08816237084,0.2359169963,0.01460649625,0,0.07262377101,0,0,0.02466796618,0,0.01729563479,0,0.00161985179,0.02482023845,0.06641740739,0.003438056821,0,0.0204456765,0.008366945002,0.002867393448,0.005737901129,0.02663621115,-0.3174582501,0.01635875531,-0.0005003157434,0.001951613238,0.005243460608,0,0.0005435449243,-0.00147876068,0,0.003728829649,0,0.007672587505,0,0.006609070705,0,0.002027929055,0,0.001492339043,0,-0.0508144824,0,-0.001286611267,0.007672587505,0.2386804275,0.01481918377,0.008992992505,-0.00147876068,0.07321408693,0.02224167011,0.02031009569,-0.0534230882,0.03349809754,-0.01208452524,0,-0.02485030237,0.0008529722967,-0.008625295628,0,0.07321408693,0.01273169383,0,0,0.2386804275,0.03574910116,0,0.1774598612,-0.07901355757,0,0,-0.3077006124,-0.02233997767,0,0.006609070705,0.02224167011,0.03574910116,0.007833370394,0.003728829649,0.01481918377,0.01273169383,0.006219172564,-0.4183711426,0.04138624213,0,0.003700252622,0.08341218098,0.0006433822434,0.01325049176,0,0.02031009569,0,0.006219172564,0,0.008992992505,0,0.007833370394
1,1,1,1,3,1500,500,v1,0.197207418,0,0.05043977015,0.002928906231,0.09748166223,0.001804339658,0,0.0237037139,0.06041770137,0.03059921141,0.07432050118,0.05021542649,0.0002134125734,0,6.654581146e-05,0.0005550752813,0.0001890341735,3.498933524e-06,0,4.596569103e-05,0.0001171606022,0.0001035194079,0.0001441205884,9.737658785e-05,0,0,0.01451108274,0,0,0.02132895553,0,0,0.02554822241,0.02257360246,0.0129391791,0.0212340896,0,8.20307793e-05,2.55786465e-05,0,0.0001469932793,3.759649254e-05,0.0002133578972,2.183130513e-06,1.344907843e-06,3.979042833e-05,2.280785619e-05,5.539656822e-05,0,0.04456360837,0,0,0.07985479337,0,0.1159076856,0.001185995964,0.0394730486,0,0,0.009598296022,0.1953732979,-0.1978066716,0,-0.07745301949,-0.1199180493,-0.0756510682,-0.1044449268,0,0.06599955415,0,0.02046195432,0,0.1717170803,0,0.03208700178,-0.4081852095,0.0007635980427,0,0.0001582362455,0.0002316787774,0.0001472866243,0.0002083251422,0,0.1747752736,0,0.04506052296,0,0.002646599528,0,0.02761972195,-0.1814080658,0,0,-0.03525421421,0,0.02893954508,0.03949621875,0.1717170803,0.002646599528,0.08793594049,0.002689938428,0.06599955415,0.1747752736,0.02153097696,0.1104811066,-0.4363143649,0,0.0002931717602,6.334060557e-05,0.0001489630428,5.997776817e-05,5.641802577e-05,0,0,0.02153097696,0.05293443072,0,0,0.08793594049,0.04417614352,-0.316287311,0,-0.1595345239,0,0.07937645952,0,0.04670842553,0.03208700178,0.02761972195,0.1104811066,0.04417614352,0.02046195432,0.04506052296,0.002689938428,0.05293443072
1,1,1,1,4,1500,500,v1,0.004608538158,0.02852816502,0.001799411752,0.01805644976,0,0,0.01029427971,0,0,0.005853828111,0,0,0.0131784922,0.002313750098,0.007183154436,0.02141163298,0,0,0.005270605728,0,0,0.00658664523,0,0,0.05326398115,0.005893490815,0.01829664091,0.02780879295,0.2937433481,0.01852783844,0.01342507407,0.1059961686,0,0.01677723675,0.06027457662,0,0.02098573029,0.01322550755,0.007208780925,0.01095651913,0.01869596358,0.007299871545,0.02148802073,0.07325158553,0,0.006610143624,0.02374786828,0,0.003723630258,0.002346685076,0.0004120078945,0.001944084175,0.003317342533,0.020535296,0.003812754814,0.01299749003,0,0.0009385331505,0.007410083362,0,-0.4957699743,0.01982202382,0.03825141194,0.007418864337,0,0,0,0.04308641662,0.01043736602,0.006067339215,0.007936340893,0.02260603743,0.01408710727,0.01331978772,0.006781289033,-0.04490421016,-0.007066699873,0.002990706039,0.009894050541,0,0,0,0.02260603743,0.01674998637,0.3674257255,0.01730411623,0.04308641662,0.0643223551,0.1325504291,0.04706389912,0.158660717,-0.07861834504,-0.01716995684,-0.03171582043,-0.3991115014,-0.07480601397,0,0.01408710727,0.0643223551,0,0,0.01043736602,0.01674998637,0,0,-0.1282451055,0.02928218011,-0.01471173766,0.01201001657,-0.08972710236,0.0244751394,0,0.01331978772,0.1325504291,0,0,0.006067339215,0.3674257255,0,0,-0.5160590215,0.005541195512,0.005428788688,0.001254499492,0.01585685088,0.02754265307,0,0.006781289033,0.04706389912,0,0,0.007936340893,0.01730411623,0,0
1,1,1,1,3,1500,500,v1,0.00121172326,0,0,0.0002374864156,0,0,0,0,0,0,0,0,0.4113379244,0,0,0.03934897593,0,0,0,0,0,0,0,0,0.0338947986,0,0,0.03488290318,0,0,0,0,0,0,0,0,0.004439025888,0.1384214897,0,0.004568432818,0.0002894699165,0,0.01324153098,5.673339383e-05,0,0,0,0,0.008768773183,0.2734353612,0,0.009024401343,0.0005718137503,0,0.02615708596,0.0001120701422,0,0,0,0,0.0001416295167,-0.0008067780357,0,0,0,0,0,0.03091014222,-0.01285046731,0,0,0.03184173203,-0.0009307026116,0,0,0.4340549589,-0.4248675147,0,0,0,0,0,0.03184173203,0.0008227522572,0,0,0.03091014222,0.0001749705216,0,0,0.0266317087,-0.06846629153,0,0,0,0,0,-0.0009307026116,0.0001749705216,0,0,-0.01285046731,0.0008227522572,0,0,-0.1938081429,0.008989502877,0.1512339136,0,0.0002724422131,0,0,0,0,0,0,0,0,0,0,-0.333644728,0.01764220582,0.2828210469,0,-0.0001308126964,0,0,0,0,0,0,0,0,0,0
1,1,1,1,2,1500,500,v1,0.08071460956,0.08553509674,0,0.1244536801,0.02701261267,0.009052618366,0.09700528909,0.003099148733,0.006897187185,0,0.01626332946,0.0419136022,4.959665922e-05,0.0001028011951,1.409414313e-06,4.16697504e-05,0.000427374167,0.0001432240295,0.0009701327319,4.903250656e-05,0.0001091223446,3.356552023e-05,0.0002573067243,0.0006631269269,0.1402830004,0.005759848131,7.896807417e-05,0.09610320432,0.07582263903,0,0.05435556658,0.08599039808,0.006114015816,0.001880642524,0,0.03715433841,0.0003882473573,7.690751083e-06,2.185521126e-07,0.0002659753142,0.0001980205022,0,6.461557755e-06,0.0003053273797,2.220916443e-05,5.204867931e-06,0,3.989950129e-05,8.82180436e-05,1.747501951e-06,3.622124791e-06,6.043523909e-05,4.499446287e-05,4.768164964e-05,1.468203126e-06,6.937686398e-05,1.505821566e-05,3.418191604e-05,5.407572311e-05,1.727624445e-06,0.06122343726,-0.2050390835,-0.08236841828,0,-0.03000325767,-0.02526877739,-0.01785588642,0.2094079539,6.715556886e-05,0.008456601133,0.0001041687143,0.1434999835,5.750503823e-05,0.07977481007,0.002606978833,-0.1270946915,-8.15202503e-05,0.001053861104,1.293302568e-05,0.0004731290953,0.0003978330142,0.0007557265453,0.1434999835,0.1206366675,0.0245201395,0,0.2094079539,0.185996312,0.02215798171,0,-0.09746183324,-0.2360709268,-0.05991169754,-0.001822870684,0.05114808942,0,0.007651455922,5.750503823e-05,0.185996312,0.03971626622,0.01330767617,6.715556886e-05,0.1206366675,0.004553830152,0.02390604721,-0.4676092361,0.0006505377473,-2.024134967e-06,2.505957987e-06,0.0005027891441,0,6.17954516e-05,0.07977481007,0.02215798171,0.004553830152,0.002555496376,0.008456601133,0.0245201395,0.03971626622,0.01161755959,-0.5596485194,0.0001484318711,4.373138399e-07,3.689562683e-05,0.0001143078444,0.0001015814432,1.673117491e-05,0.002606978833,0,0.02390604721,0.01161755959,0.0001041687143,0,0.01330767617,0.002555496376
1,1,1,1,1,1500,500,v1,0,0,0,0,0,0,0,0,0.3885534569,0,0,0.1491046828,0,0.001824516806,0.01090644423,0,0,0,0.0002283699064,0,0.05509980534,0.01840516986,0,0.02114416653,0,0.00556662573,0.03327571052,0,0,0,0.0006967597078,0,0.1681102597,0.05615442496,0,0.06451114128,0,0,0.009786297323,0,0,0,0,0,0,0.01651486595,0,0,0,0,0.0001042533102,0,0,0,0,0,0,1.3049109e-05,0,0,0.3063629244,0,0,0,0,0,-0.5349763283,0,0,0.004866842475,0.01907983079,0,0,0.000636236395,0.03175798275,-0.3702311794,0,0.001881300761,0.02595938467,0,0,0.07621649667,0,0,0,0,0,0,0,0,-0.4087406026,0,-0.005620481495,-0.08195934329,0,0,0.2301464278,0,0,0,0,0,0,0,0,-0.05599995863,0,0,0.02210808295,0,0,0,0.000636236395,0,0,0.2479016316,0.004866842475,0,0,0.09501847422,-0.003739180734,0,0,7.046148453e-05,0,0,0,0.03175798275,0,0,0.09501847422,0.01907983079,0,0,0.2479016316
1,1,1,1,4,1500,500,v1,0,0.03579067666,0,0,0,0,0.01508231203,0,0,0,0,0,0,0.01408092596,0,0,0,0,0.01512945784,0,0,0,0,0,0.0005420461155,0.002187757051,0,0.01164628174,0.01516258538,0,0.002350667717,0.006389564691,0,0,0,0,0.001396985492,0,0,0.03001531818,0,0,0,0,0,0,0,0,0.0120395663,0,0.04859299847,0.2586794317,0,0.3367812198,0,0,0,0.05221146138,0.1419207435,0,-0.456435752,0,0.05070449056,0,0,0,0,0.01513337513,0,0.04842626755,0,0.3248373042,0,0.05201909421,0,-0.09566198639,0,0.02869841197,0,0,0,0,0.3248373042,0,0.4281963299,0,0.01513337513,0,0.1804005644,0,-0.7374851523,0.01213266729,0.004490360301,0,0.02152017079,0,0,0,0,0,0,0,0,0,0,-0.2579016313,0.03125451193,0,0,0,0,0,0.05201909421,0.1804005644,0,0,0.04842626755,0.4281963299,0,0,0.1488006129,-0.2700342985,0,-0.1001523467,0,-0.4779559227,0,0,0,0,0,0,0,0,0
1,1,1,1,2,1500,500,v1,0,0,0,0,0.2040941327,0.05013933998,0,0.03187062076,0.1892513567,0,0.08287587094,0.0157655833,0,0,0,0,0.1049040929,0.02577154918,0,0.01638145358,0.09727492722,0,0.04259807937,0.008103487311,0,0,0,0,0,0,0,0,0.003352833902,0,0,0.0002793078109,0,0,0,0,0,0,0,0,0.04329739029,0,0,0.07156673644,0,0,0,0,0,0,0,0,0.01078853763,0,0,0.001684700029,0.3518433667,0,0,0,-0.2328894049,-0.07446984055,-0.20311584,0,0,0,0,0,0,0,0,-0.4471057831,0,0,0,0.1175446074,0.06746065853,0.1034688037,0,0,0,0,0,0,0,0,-0.09964703634,0,0,0,0,0,0.003622991181,0,0,0.1334811053,-0.02348424872,0,0,0.02102890497,-0.03711425189,-0.00700918205,0,0,0,0,0,0.04740818252,0,0,0.02102890497,0.1328322124,0,0,0.1334811053,0.01120385458,-0.1153447975,0,0,0,0,0,0.01233812411,0,0,-0.03711425189,0.01120385458,0,0,-0.02348424872,0.1328322124
1,1,1,1,2,1500,500,v1,0.00193542736,0.01196076397,0.0006647583807,0.003080021191,0.0009506551199,0,0.006918885169,0.02234404034,0.003137038877,0.001229513701,0,2.042932241e-05,0.0008065704677,3.138187362e-05,0.009068087006,0.0003199552788,0.0001307380608,0,7.546959206e-05,0.003072845707,0.0004314186825,8.973827141e-05,0,2.809525704e-06,0.04265206043,0.001405195884,0.4060445431,0.01354051098,0.07365393722,0.004093557249,0.003379325321,0.04260623613,0.01931776809,0.0040182384,0.007571299393,0.0001258030035,0.009630373893,0.008154614763,0.09168046579,0.003057300917,0.002691020808,0.0009242809482,0.003234822182,0.004282465613,0,0.0009072747667,0.001709517507,0,0.02005737428,0.01698378093,0.0006608013658,0.006367502391,0.005604643408,0.03463618337,0.006737229516,0.008919177658,0.002752923237,0.001589146974,0.02003582514,0.06470425139,-0.1612806655,0.002789789192,0.01855390106,0.001657492856,0.02242928796,0,0.00301385411,0.01937421525,0.01257820363,0.001217010249,0.4580069513,0.00721276263,0.005208030345,0.002868763192,0.004546187513,-0.3933770069,0.001037605574,9.833460503e-05,0.00910800569,0.003140736538,0,0.0004197847743,0.00721276263,0.003205690316,0.04060554534,0.00405542368,0.01937421525,0.005462990405,0.02361473729,0.007376457489,0.2146709179,-0.05230330635,-0.004089260756,-0.4094734801,-0.1133361681,-0.0112871,-0.01911724089,0.005208030345,0.005462990405,0.002519422077,0,0.01257820363,0.003205690316,0.0588888413,0,-0.4687564366,0.01189813495,0.008954201107,0.09199671517,0.002547758469,0.002008353038,0,0.002868763192,0.02361473729,0.0588888413,0.02337077149,0.001217010249,0.04060554534,0.002519422077,0.0001546314919,-0.09827898581,0.02268051946,-0.021849296,0.00126707719,-0.01111666814,0.0519687453,-0.06650886676,0.004546187513,0.007376457489,0,0.0001546314919,0.4580069513,0.00405542368,0,0.02337077149
1,1,1,1,3,1500,500,v1,0.00895654703,0.0005656896092,0.003082639562,0.0004920665338,0.002449925969,0,0.000181353225,0.002882100222,0.003529849179,0.0008911211354,0,0.003648052665,0.003550763785,0.03578286615,0.009056861231,0.013948707,0.01950127685,0,0.006027476094,0.02294136029,0.02809740659,0.01584636281,0,0.02903829988,4.659600742e-05,0.01010527053,0.002557705482,0.03873102226,0.001271631007,0.00692955993,0.001702191107,0.0004076694716,0.007934856133,0.004475096613,0.002003178506,0.008200569371,0.0001170378649,0.002518675904,0.006424335588,0.09728293048,0.05057096055,0.0174053732,0.009894285945,0.002778333792,0,0.01124035689,0.005031498371,0,0.0002586086449,0.005565304554,0.05608442578,0.2149578416,0.111742363,0.007057574022,0.02186256459,0.006139048568,0.0305654083,0.009447190008,0.002262572599,0.03595723754,-0.1755075165,0.009015681747,0.0007203537523,0.001445145006,0.005071141435,0,0.005391212906,0.0001669139992,0.001413386466,0.02242423889,0.008702629607,0.1178814616,0.007538332521,0.005799406839,0.01578565889,-0.08523610808,0.004283861773,0.02623819485,-0.01664786407,0.01075557048,0,-0.053634483,0.1178814616,0.08361976012,0.008047464725,0.01764883938,0.0001669139992,0.004448969504,0.002570761794,0.004762588032,-0.2426874179,0.03737560444,0.01123952242,0.006116686115,0.001442870865,0.002409488366,0.00947105004,0.007538332521,0.004448969504,0.02305883549,0,0.001413386466,0.08361976012,0.02848042336,0,-0.2999988766,0.09259828119,0.01132125517,-0.005794347724,0.0460235795,-0.01879558499,0,0.005799406839,0.002570761794,0.02848042336,0.02904863895,0.02242423889,0.008047464725,0.02305883549,0.02910969119,0.2560859176,-0.2086728028,-0.02157292959,-0.05629348109,-0.1137517477,-0.009242042289,-0.05018621779,0.01578565889,0.004762588032,0,0.02910969119,0.008702629607,0.01764883938,0,0.02904863895
1,1,1,1,0,1500,500,v1,0,0,0,0,0,0,0,0,0.001525407595,0,0,0.000782550956,0,0.01851313763,0.2143146977,0,0,0,0.01984503904,0,0.006892631155,0.502719152,0,0.003535995965,0,0.002034081946,0.02354725957,0,0,0,0.002180421085,0,0.0007573095858,0.05523493485,0,0.0003885081879,0,0,0.04317882158,0,0,0,0,0,0,0.1012847966,0,0,0,0,0.001575937963,0,0,0,0,0,0,0.001689316583,0,0,-0.009256787614,0,0,0,0,0,0.002295500062,0,0,0.02239029331,0.2213626343,0,0,0.02399124901,0.5190697183,0.2338768246,0,-0.03833350111,-0.7166455623,0,0,-0.01040164417,0,0,0,0,0,0,0,0,-0.615549875,0,0.004176376071,0.07872476307,0,0,0.001144856561,0,0,0,0,0,0,0,0,-0.6379207996,0,0,0.1442992308,0,0,0,0.02399124901,0,0,0.006903914031,0.02239029331,0,0,0.003538017323,-0.03415712505,0,0,0.003236096811,0,0,0,0.5190697183,0,0,0.003538017323,0.2213626343,0,0,0.006903914031
1,1,1,1,1,1500,500,v1,0,0,0.004932129441,0,0,0,0,0,0,0.007186868911,0,0,0,0,0.08428025188,0,0,0,0,0,0,0.0263838978,0,0,0.2920791591,0,0.221846042,0.1929368308,0,0.0174403815,0,0,0,0.06944881118,0.02541331024,0,0.006780298843,0,0.005149913697,0.004478817916,0,0.0004048594186,0,0,0,0.001612178341,0.0005899422559,0,0.02350786753,0,0,0.01552843919,0,0,0,0,0,0,0,0,-0.04169824792,0,0,0.01200102879,0,0,0,0.3926541545,0,0,0.198042718,0.2594008304,0,0,0.06209042478,-0.2834091879,0,0,0.1099870939,0,0,0,0.2594008304,0,0,0.01813313845,0.3926541545,0,0,0.02641269028,0.1798823471,-0.4849370729,0,-0.2901073815,0,-0.04266053167,0,0,0,0,0,0,0,0,0,-0.6567063275,0.01122321385,0,0.006698193371,0,0.0009622837282,0,0,0,0,0,0,0,0,0,-0.4737138589,0.03901053596,0,0,0,0,0,0.06209042478,0.02641269028,0,0,0.198042718,0.01813313845,0,0
1,1,1,1,1,1500,500,v1,0,0,0,0,0,0,0,0,0.05187359598,0,0,0.04040895895,0,0.05576540033,0.001896686645,0,0,0,0.1161537293,0,0.01845342009,0.01230273208,0,0.01437501066,0,0.1423441772,0.004841394454,0,0,0,0.2964886279,0,0.04710334514,0.03140338389,0,0.03669298618,0,0,0.01192573195,0,0,0,0,0,0,0.07735546903,0,0,0,0,0.01317439933,0,0,0,0,0,0,0.02744095092,0,0,0.03998651928,0,0,0,0,0,-0.03440745658,0,0,0.1101823496,0.008144814079,0,0,0.2305996672,0.05116906885,-0.4752004588,0,0.168463804,0.01393918615,0,0,0.03164593192,0,0,0,0,0,0,0,0,0.1345360871,0,-0.4358578156,0.03182960431,0,0,0.008340587357,0,0,0,0,0,0,0,0,0.04576879048,0,0,-0.08531137915,0,0,0,0.2305996672,0,0,-0.006505316201,0.1101823496,0,0,-0.001863277846,-0.2673940118,0,0,0.04020600091,0,0,0,0.05116906885,0,0,-0.001863277846,0.008144814079,0,0,-0.006505316201
1,1,1,1,0,1500,500,v1,0,0,0,0,0,0.6237359871,0,0,0,0,0.1342187562,0,0,0,0,0,0,0.1333620234,0,0,0,0,0.02869753433,0,0,0,0,0,0,0,0,0,0,0,0,0,0,0,0,0,0,0,0,0,0.06582181765,0,0,0.01416388132,0,0,0,0,0,0,0,0,0,0,0,0,0.241967521,0,0,0,0,-0.7578291297,0,0,0,0,0,0,0,0,0,-0.6778446591,0,0,0,0,0.1619830506,0,0,0,0,0,0,0,0,0,0,0,0,0,0,0,0,0,0,0,0.6367993486,0,0,0,0.1369930548,-0.5958460788,0,0,0,0,0,0.07998447051,0,0,0,0,0,0,0,0,0,0,0,0,0,0,0,0,0,0.1369930548,0,0,0,0.6367993486,0
1,1,1,1,2,1500,500,v1,0,0,0,0,0,0,0,0,0.004755569739,0,0,0.005018943308,0,0,0,0,0,0,0,0,0.01259004191,0,0,0.01328730521,0,0,0,0,0,0,0,0,0.4691819234,0,0,0.4951662164,0,0,0,0,0,0,0,0,0,0,0,0,0,0,0,0,0,0,0,0,0,0,0,0,-0.9384706094,0,0,0,0,0,0.009772767367,0,0,0,0,0,0,0,0,-0.9545739673,0,0,0,0,0,0.02587612499,0,0,0,0,0,0,0,0,0.03564889238,0,0,0,0,0,-0.9643467347,0,0,0,0,0,0,0,0,0,0,0,0,0,0,0,0,0,0,0.677755478,0,0,0,0.7152912789,0,0,0,0,0,0,0,0,0,0,0.7152912789,0,0,0,0.677755478
1,1,1,1,3,1500,500,v1,0,0,0,0,0.02921416236,0,0,0.02176078854,0,0,0,0,0.07989004617,0.04313171053,0,0.2556044437,0.1313554899,0,0.159065767,0.09784292303,0,0,0,0,0,0.008926284034,0,0,0,0,0.03291931155,0,0,0,0,0,0,0.02436870286,0,0,0,0,0.07796651821,0,0,0,0,0,0,0.003953804971,0.002134613505,0,0,0,0.01265001297,0,0.006500859791,0.007872257565,0,0.004842303316,-0.2178251643,0,0,0,0.05052159588,0,0,0,0.07722978696,0.04814611298,0,0,0.2470878606,0.1775988245,0,0.2319052857,-0.3348345876,-0.2020304298,0,-0.2290522292,0,0,0,0,0,0,0,0,0,0,-0.1921159476,0,0.04161932272,0,0,0,0,0.2470878606,0,0.1439386638,0,0.07722978696,0,0.1070166887,0,-0.3182482913,0,0.1020365257,0,0,0,0,0.1775988245,0,0.1070166887,0,0.04814611298,0,0.1439386638,0,-0.5717398013,0,0.0165862965,0.009914482105,0,0,0.0112270648,0,0,0,0,0,0,0,0
1,1,1,1,4,1500,500,v1,0,9.919683945e-06,0.0003160011174,0,0.001945589433,0.0005087207123,0.001217896249,3.163797368e-05,0.001883172962,8.345811999e-06,0.0005991798042,0.0002790395739,0.01177599837,0.01506220282,0.001437154001,0.003360733638,0.02765142063,0.007230122737,0.03226473913,0.0004496503235,0.02676433517,0.0001044711711,0.008515760065,0.003965811337,2.08395203e-05,7.197605368e-05,6.867566104e-06,5.488347634e-05,6.736954668e-07,2.146122009e-05,0.0001541798782,8.271343991e-05,0.0001278957167,4.992246296e-07,5.668059327e-07,1.895097637e-05,0.001539990206,0.004158412024,0.0005074965442,0.004055756313,0,0.001585932318,0.001186762662,0,0.002553144827,3.689149409e-05,4.188558912e-05,0.003007136884,0.02941294709,0.07942333165,0.1015871684,0.07746266529,0,0.0009508553381,0.0226664996,0,0.1864952663,0.2176098362,0.1167419402,0.003032670832,-0.3201630448,0,0.001205857607,0.0002173500553,0.001966365937,0.0009455043725,0.002020754866,0.04165262622,0.09460398672,0.1294447233,0.001873235376,0.1095776698,0.02701754404,0.2772684834,0.0001589093403,-0.5938000179,0.01508088312,0.04719927572,-0.001243188705,0.02795726062,-0.01502021358,-0.03043538503,0.1095776698,0,0.001402988145,0.001905472845,0.04165262622,0,0.1723278669,4.92959194e-05,-0.5192602678,7.505429365e-05,0.0002252922153,1.220376694e-06,8.240695552e-05,2.081775711e-05,0.0001441079828,0.02701754404,0,0.2344608314,0.006864767052,0.09460398672,0,0.003812041304,0.007481772798,-0.2078657901,0.005567089888,0.005318972979,-0.0001127948161,0,-0.001541346987,0.004510349308,0.2772684834,0.1723278669,0.003812041304,0.03692219087,0.1294447233,0.001402988145,0.2344608314,0.005483592334,0.1046784585,-0.1064623414,-0.1014808766,-0.3185667059,0,-0.1171088342,-0.1887722085,0.0001589093403,4.92959194e-05,0.007481772798,0.005483592334,0.001873235376,0.001905472845,0.006864767052,0.03692219087
1,1,1,1,2,1500,500,v1,0.0001110093434,0,0,0.0005288896425,0.0001823011601,0.002832663564,0,8.19203983e-06,0,0,0.0001126600073,0,0.09105592309,0.002883740874,0.5697589492,0.03763733255,0.001437215087,0.02233198521,0.0060756638,6.458391834e-05,0,0.08408269456,0.0008881822921,0,0.0004307086212,0.0001508566337,0.0298057006,0.0002263251995,0,0,0.0003178351414,0,0,0.004398603345,0,0,0.001336068705,0.01477616076,0.09245801416,0.0007020663187,0.0001420186156,0,0.006107623287,0.0006766293049,0.003623937821,0.01364457544,0,0.0001441303749,0.0005812506629,0.00642830208,0.000203584312,0.0003054307848,6.178455806e-05,0,0.002657093959,0.0002943645267,0.0001014635009,0.000428925444,0,4.559450088e-06,-0.02106950502,-1.012229082e-05,0,0,0.000177066322,0.002902650403,0,0.0004595730402,0.1048339472,0.003782470085,0.6713106263,0.0001272070725,0.04331143998,0.00795265758,0.09906639354,0.1780261502,-0.1286227476,-0.008904235409,-0.6537522936,-0.001488510118,-0.02316726642,0,0.0001272070725,9.648641301e-05,0,0,0.0004595730402,0.0002975587557,0,0,-0.5569389234,0.0004851401311,0.0004671423148,0.03418735747,0,0,0,0.04331143998,0.0002975587557,0.001740761511,0.0238388792,0.1048339472,9.648641301e-05,7.84631644e-05,0.0009477168792,-0.7583024356,-0.001302022727,0.02080573101,0.105980257,-0.0004482941639,0,0.003740218604,0.00795265758,0,7.84631644e-05,0,0.003782470085,0,0.001740761511,0,-0.1188408503,0.0004256958543,0.009053425277,0.000613674659,0.0001957196754,0,9.862734455e-05,0.09906639354,0,0.0009477168792,0,0.6713106263,0,0.0238388792,0
1,1,1,1,0,1500,500,v1,0,0,0,0,0,0,0,0,0.2255284183,0,0,0.4551389907,0,0,0,0,0,0,0,0,0.02067707672,0,0,0.04172841676,0,0,0,0,0,0,0,0,0.08512874445,0,0,0.1717983531,0,0,0,0,0,0,0,0,0,0,0,0,0,0,0,0,0,0,0,0,0,0,0,0,0.3191148469,0,0,0,0,0,-0.680289596,0,0,0,0,0,0,0,0,-0.4235618257,0,0,0,0,0,0.06238707632,0,0,0,0,0,0,0,0,-0.6179025197,0,0,0,0,0,0.2567277706,0,0,0,0,0,0,0,0,0,0,0,0,0,0,0,0,0,0,0.1795695158,0,0,0,0.3621926084,0,0,0,0,0,0,0,0,0,0,0.3621926084,0,0,0,0.1795695158
1,1,1,1,3,1500,500,v1,0,0,0,0,0,0,0,0,0.01459056584,0,0,0.1440925761,0,0.04332333619,0.02556360993,0,0,0,0.125991675,0,0.01430786562,0.08556918646,0,0.1413007034,0,0.02090150278,0.01233325757,0,0,0,0.06078514665,0,0.006902882355,0.04128316851,0,0.06817104368,0,0,0.01028675952,0,0,0,0,0,0,0.03443291639,0,0,0,0,0.03842303717,0,0,0,0,0,0,0.1117407669,0,0,0.07528235519,0,0,0,0,0,-0.05425819534,0,0,-0.01541182865,0.005528334574,0,0,-0.05033467122,0.01630667144,0.2198293077,0,-0.077053886,-0.09435890834,0,0,0.001881975688,0,0,0,0,0,0,0,0,-0.1503494717,0,0.07884962547,0.04839795611,0,0,0.07340037946,0,0,0,0,0,0,0,0,-0.04596095223,0,0,0.0314042815,0,0,0,-0.05033467122,0,0,-0.001191044918,-0.01541182865,0,0,-0.03034519485,0.001795739444,0,0,0.0420352605,0,0,0,0.01630667144,0,0,-0.03034519485,0.005528334574,0,0,-0.001191044918
1,1,1,1,0,1500,500,v1,0.0008887380904,0,0,0.0005158691011,0,0,0,0,0,0,0,0,0.04627621685,0,0,0.3380872809,0,0,0,0,0,0,0,0,0.0003143512578,0,0,0.000227899508,0,0,0,0,0,0,0,0,0.005402183135,0.02759685085,0,0.003916494202,0.01111986181,0,0.2016185613,0.006454537254,0,0,0,0,0.007542580491,0.03853099082,0,0.005468247192,0.01552565891,0,0.2815017909,0.009011887519,0,0,0,0,-0.01410586097,0.0009118017475,0,0,0,0,0,0.003695748854,-0.0202497006,0,0,0.002319536327,-0.221029526,0,0,0.3685115596,-0.207658742,0,0,0,0,0,0.002319536327,0.01297350011,0,0,0.003695748854,0.006817588687,0,0,-0.004532274624,0.0005220845096,0,0,0,0,0,-0.221029526,0.006817588687,0,0,-0.0202497006,0.01297350011,0,0,-0.08616625522,0.007216398776,0.2174999308,0,0.005098495436,0,0,0,0,0,0,0,0,0,0,0.02358997041,-0.0117486734,0.1510116287,0,-0.01920435642,0,0,0,0,0,0,0,0,0,0
1,1,1,1,2,1500,500,v1,0,0,0,0,0,0.01617965604,0,0,0,0,0.001967995859,0,0.001910707522,0,0.004982612479,0.0001115786086,0,0.09935497744,0,0,0,7.091905792e-05,0.01208494072,0,0,0,0.000920348355,0,0,0,0,0,0,1.309960158e-05,0,0,0,0.01379524202,0.03597428924,0,0,0,0.0008055936828,0,0.7173394903,0.0005120331378,0,0.08725285277,0,0.006352688501,0,0,0,0,0.0003709746967,0,0,0,0,0,-0.6939247421,0,0,0,0,0.01808895762,0,0,0.00835093041,0,0.04509215063,0,0.0004938615652,0,0.0006422993676,-0.8297624051,0.002006236276,0,0.005048025469,0,0.1104861983,0,0,0,0,0,0,0,0,0,-0.03142229321,0,0,0.0009326593566,0,0,0,0.0004938615652,0,0,0.903875538,0.00835093041,0,0,0.1098781401,0.1429877842,0,-0.01432847073,-0.03647031866,0,0,-0.8044109408,0,0,0,0,0,0,0,0,-0.01232223445,0,0.006425706456,0,0,0,0,0.0006422993676,0,0.1098781401,0,0.04509215063,0,0.903875538,0
1,1,1,1,0,1500,500,v1,0.00195733009,0.007449718815,0.004893260611,0.004555867552,0.02115467211,0,0.0001193377644,0.0105212383,0.05622898504,0.0008576780302,0,0.02191190797,0.002124021445,0.001352257177,0.001075707779,0.002635774327,0.1182402838,0,0.002888661069,0.05880659346,0.3142819285,0.00619276037,0,0.1224727192,0.0006862719686,0.0002703096395,0.0002150287586,0.0006611908879,0.008323409927,0.005467134392,0.0005774293127,0.0001333335066,0.06282343052,0.00123790271,0.0009582651384,0.02448170151,0.0007183573528,0.0004444320976,0.0002250820329,0.0006921036523,0.002289126311,0.00572274021,0.0005515117165,0.005328154069,0,0.001295778575,0.001003067063,0,0.001469039503,0.0009088628453,0.00057862707,0.001415350732,0.004681259214,0.01781716074,0.001127840475,0.01089606555,0.05059468726,0.001236050005,0.0002854148169,0.02516317713,-0.4741909382,0.002950129985,0.004664674807,0.0004459459791,0.03042141133,0,0.07731341588,0.001451549184,0.001653950598,0.0009697785548,0.00108843869,0.001580279407,0.001853719802,0.002206659115,0.0058554614,0.2714732366,-0.004037188468,-0.003862870004,-0.006800807437,-0.172810154,0,-0.4351713901,0.001580279407,0.002103775345,0.009944939383,0.005181259728,0.001451549184,0.006157390378,0.0002212557039,0.0007986667127,-0.3779831309,0.0001017296637,0.0004959645605,0.001210445704,0.001568013352,-0.002783184009,0.08670383476,0.001853719802,0.006157390378,0.07131891308,0,0.001653950598,0.002103775345,0.03513563122,0,-0.01994721193,-0.0004118408571,0.0005539183485,0.0009610950007,0.00201042488,-0.001649379601,0,0.002206659115,0.0002212557039,0.03513563122,0.2927142503,0.0009697785548,0.009944939383,0.07131891308,0.1140169584,-0.1383557871,-0.001711107868,0.001144823185,0.001249280326,-0.01046799868,-0.01301015156,0.07141904656,0.0058554614,0.0007986667127,0,0.1140169584,0.00108843869,0.005181259728,0,0.2927142503
1,1,1,1,4,1500,500,v1,0.1669769937,0.02286401919,0.08853920445,0.03337003974,0.08857213963,0,0.007234785019,0.05471401114,0.002973518954,0.01606948676,0,0.001952954812,0.003195633849,0.0003122270007,2.157145931e-06,0.001569632785,0.0003308949302,0,2.040274151e-05,0.0002044050079,1.110871151e-05,2.178307947e-06,0,7.29600582e-06,0.02657480682,0.0940381021,0.0006497000862,0.1568786797,0.02572639606,0.09962354484,0.006145000542,0.008140517348,0.003345777734,0.0006560737688,0.01808124711,0.002197447814,3.819924755e-05,0.001383487065,9.338940673e-07,0.0002255010756,0.0002700646278,0.0001432012085,0.0006795417616,5.39719105e-05,0,9.430557475e-07,2.59904066e-05,0,0.0008222897755,0.02978140517,0.002909769783,0.004854211553,0.005813501479,0.0007960378636,0.01462804318,0.001161817392,0.003083743773,0.0001901414054,0.0002518875952,0.001904932994,-0.07352657451,-0.1986833359,0.007901791738,0.0329054086,-0.1429432093,0,-0.0008786743353,0.03850512653,0.03734050924,0.1359094966,0.0009656180847,0.2270633009,0.01839740091,0.008883667148,0.0009757678939,-0.2803248031,0.004445720883,0.0003300003611,4.288487006e-06,0.0005237168627,0,1.558247632e-05,0.2270633009,0.2396710088,0.007783714356,0.04710323999,0.03850512653,0.04789046496,0.00245838576,0.00789429037,0.0504204419,-0.1829106695,-0.09992053717,-0.001300413697,-0.01577566929,-0.06973798295,-0.001606481928,0.01839740091,0.04789046496,0.1274856211,0,0.03734050924,0.2396710088,0.07884580284,0,-0.4466145011,0.0002622627957,0.001990849906,1.867887275e-06,0.0003208140049,0.0001675541205,0,0.008883667148,0.00245838576,0.07884580284,0.002276252202,0.1359094966,0.007783714356,0.1274856211,0.001428108478,-0.6244582631,0.005602788342,-0.0435951775,0.003061760849,0.006654871619,0.00104581079,0.004865209631,0.0009757678939,0.00789429037,0,0.001428108478,0.0009656180847,0.04710323999,0,0.002276252202
1,1,1,1,3,1500,500,v1,0,0,0,0,0,0.001718905958,0,0,0,0,0.02520931805,0,0,0,0,0,0,0.001424419103,0,0,0,0,0.02089040068,0,0,0,0,0,0,0,0,0,0,0,0,0,0,0,0,0,0,0,0,0,0.06068954996,0,0,0.8900674062,0,0,0,0,0,0,0,0,0,0,0,0,-0.9284403038,0,0,0,0,0.02692644185,0,0,0,0,0,0,0,0,0,-0.9238277046,0,0,0,0,0.02231384224,0,0,0,0,0,0,0,0,0,0,0,0,0,0,0,0,0,0,0,0.08631949892,0,0,0,1.26595129,0.04924028411,0,0,0,0,0,-0.9507541462,0,0,0,0,0,0,0,0,0,0,0,0,0,0,0,0,0,1.26595129,0,0,0,0.08631949892,0
1,1,1,1,3,1500,500,v1,0,0.009081952691,0.01994031435,0,0.0005148990236,0.0006349092179,0.04287442407,0.0004332697987,0.004588001702,0.01454705409,0.007055496186,0.006024260751,0,0.003168101042,0.009540067301,0,0.002587970199,0.003191161877,0.00107502483,0.00217768781,0.02306007806,0.009372956095,0.03546212564,0.03027896069,0,0.003557803046,0.01071357259,0,0.05126244499,0.1125517058,0.001207261563,0.2420016796,0.02589665382,0.01052590536,0.08210982653,0.03400351729,0,0,0.002882694686,0,0,0.03028422139,0,0,0.0009642642024,0.002832199174,0.0220932428,0.01071548847,0,0,0.001533783289,0,0,0.02209944746,0,0,0.001252922616,0.000520455345,0.1043279033,0.001054291239,-0.3637568622,0,0.0503196999,0.0336987374,0.0007844988461,0.006864233782,0.01052589595,0,0,0.003732649314,0.00498616498,0,0,0.001115393469,0.007536533884,-0.01394898264,0,-0.001389264129,-0.0007312444651,-0.003792808869,-0.03558396665,0.007616087109,0,0,0.03078032815,0.09375608415,0,0,0.1449157808,0.06851897335,0.2791775713,0,-0.003118834855,-0.0127566884,-0.2892933705,-0.1927612998,-0.03014760157,0,0,0.001941882553,0.00306263239,0,0,0.001375826291,0.0299857587,-0.2012702282,0,0,0.005139466953,0,0.05087919095,0.006687472129,0.001115393469,0.1449157808,0.001375826291,0.008430092781,0.003732649314,0.03078032815,0.001941882553,0.009578335007,-0.2464900795,0,0,0.001276070458,0,0.1218429313,0.0007965041283,0.007536533884,0.06851897335,0.0299857587,0.009578335007,0.00498616498,0.09375608415,0.00306263239,0.008430092781
1,1,1,1,2,1500,500,v1,0.0006002010139,0,0.002109102297,0.0001261945592,0,0.004101156797,0,0,0,0.006928106332,0.005110378781,0,0,0,0,0,0,0.2271644847,0,0,0,0,0.2830656374,0,0,0,0,0,0,0.09290546844,0,0,0,0,0.3051814817,0,0,0,0,0,0.002113697848,0.007427519922,0,0.0004444130586,0.01444283848,0,0.02439836506,0.01799696499,0,0,0,0,0.004861780634,0,0,0.001022207977,0,0,0,0,-0.845888828,0.0006988134363,0,0.009024339253,0,0.00920733841,0,0,0,0,0,0,0,0,0,0.04163411656,0,0,0,0,-0.5101416899,0,0,0.003293026277,0,0.1245153934,0,0.0006855519582,0,0.4091821749,0.04063925953,0,0,0,0,-0.3964376391,0,0,0.0006855519582,0,0.3128649088,0,0.003293026277,0,0.3898964482,-0.893140555,0,0,0,0.00214052032,0.03161492026,0.03242677814,0,0,0,0,0,0,0,0,0.002839333757,0,0,0,-0.005491719247,0,0,0,0.4091821749,0.3898964482,0,0,0.1245153934,0.3128649088,0
1,1,1,1,1,1500,500,v1,0.01326980059,0,0.002435156971,0.005716434505,0,0.01756589868,0,0,0,0.01393656401,0.02962657437,0,0,0,0,0,0,0.1982200834,0,0,0,0,0.3343171989,0,0,0,0,0,0,0.01967038794,0,0,0,0,0.112574928,0,0,0,0,0,0.0341898775,0.006274225297,0,0.01472849529,0.04525885074,0,0.03590780534,0.07633339642,0,0,0,0,0.0279387292,0,0,0.01203559274,0,0,0,0,-0.5144141133,0.01792836573,0,0.01627506325,0,0.04716218084,0,0,0,0,0,0,0,0,0,0.1686747181,0,0,0,0,-0.5322207007,0,0,-0.004670911228,0,0.01631110793,0,-0.001062851062,0,0.09367643894,0.05780778004,0,0,0,0,-0.1311328113,0,0,-0.001062851062,0,0.2028153088,0,-0.004670911228,0,0.3425036632,-0.5736687431,0,0,0,-0.02242501589,0.04153271675,0.1215125373,0,0,0,0,0,0,0,0,-0.00449665015,0,0,0,0.008319158352,0,0,0,0.09367643894,0.3425036632,0,0,0.01631110793,0.2028153088,0
1,1,1,1,0,1500,500,v1,0.005178472068,0.003765716961,0.001091664423,0.002709866331,0.00630506612,0,0.07027910226,0.01466490698,0.001798498889,0.003290745057,0,0.0004327600802,0,0.001483599475,0,0,0.001448269983,0,0.0006701282878,0.003368520515,0.0004131141379,0,0,9.940473612e-05,0.05053271713,0.03703541688,0,0.2548509335,0.02159275839,0.006259643615,0.01672855843,0.4029829355,0.01031265822,0,0.01886925217,0.002481462083,0.005213630848,0,0,0.0262938303,0.003063583458,0.0006458285425,0,0.001603156598,0,0,0.001946804383,0,0.001202470132,0,0.0008812900862,0.006064400515,0.0007065838977,0.000513818542,0,0.0003697515192,0.000860303606,0.0003980706563,0.009589330858,0.002000973838,-0.4380460783,-0.005227628913,0.07368351964,0.004332150429,-0.02030154752,0,0.002191065878,0.06617429663,0,0.05206360876,0,0.3336942915,0,0.02347703794,0,-0.08038808801,0,0.002134740329,0,0.004588156257,0,0.0004637896896,0.3336942915,0.002025584284,0.02594671097,0.006764288458,0.06617429663,0.001227254774,0.4844721883,0.02035529638,0.1353227918,-0.3052840692,-0.05367089457,0,-0.4240585577,-0.02495289451,-0.01257601657,0,0.001227254774,0.005908177325,0,0,0.002025584284,0.01347153699,0,-0.3229016632,0.03144643467,0,0,0.002086867933,0.002541020843,0,0.02347703794,0.4844721883,0.01347153699,0.01199184907,0.05206360876,0.02594671097,0.005908177325,0.002889892434,-0.6946029756,0.00725857692,0,0.00117572303,0.0009722016072,0.01009577221,0.002793581709,0,0.02035529638,0,0.002889892434,0,0.006764288458,0,0.01199184907
1,1,1,1,3,1500,500,v1,0.000335021101,0.0009015842059,0,7.360081796e-05,4.689925224e-05,0.0002041287689,0.001846529767,0.0001036876833,0.0002290795787,0,4.87769236e-05,0.0005564008402,0.3073809688,0.1127729106,0,0.02220699263,0.01179210145,0.05132506462,0.0229520191,0.02607068604,0.05759856506,0,0.01226421327,0.1398985025,0,0.009307150197,0,0,0.01870869593,0,0.00189423052,0.03831717959,0.004753610536,0,0,0.01154582574,0,0.009271631984,0,0,0.002540836151,0,0.0006698367304,0.0005581965388,0.001548134592,0,0,0.0003699294475,0,0.03126382583,0.01147017218,0,0.008567667377,0.02305667782,0.002258680986,0.001882231672,0.001199378762,0.002334457889,0.04722225794,0.002651658594,-0.3015234997,0.0003947654441,0.002707593562,0,0.0001498443337,0.0002510881373,0.000782174089,0,0.3999682325,0.1384765986,0,0,0.028898169,0.02842943836,0,0.08971676245,-0.3290824547,-0.1349070115,0,-0.03781352252,-0.06318402917,-0.1972292341,0,0.008204718888,0.007873027261,0,0,0.00183266341,0.01496984817,0,-0.3627981963,0,0.01095731606,0,0.02889454572,0,0.01603482306,0.028898169,0.00183266341,0.01582240987,0.07390878446,0.3999682325,0.008204718888,0.03499253585,0.01763470961,-0.3683736589,0,0.009935859375,0,0.002902336647,0,0.001903944952,0.02842943836,0.01496984817,0.03499253585,0.07890616926,0.1384765986,0.007873027261,0.01582240987,0.191712186,-0.4458607277,0,0.03323566089,0.01267900433,-0.009988690294,-0.04683072292,0.003787047728,0,0,0.01763470961,0.191712186,0,0,0.07390878446,0.07890616926
1,1,1,1,3,1500,500,v1,0,0,0,0,0,0,0,0,0,0,0,0,0,0,0,0,0,0,0,0,0,0,0,0,0.1481967229,0,0,0.4406449988,0,0,0,0,0,0,0,0,0.03541237569,0,0,0.1052944082,0,0,0,0,0,0,0,0,0.06806587187,0,0,0.2023856225,0,0,0,0,0,0,0,0,0,0,0,0,0,0,0,0.0664553967,0,0,0,0.1991647288,0,0,0,0,0,0,0,0,0,0,0.1991647288,0,0,0,0.0664553967,0,0,0,0.4107403632,-0.5878204472,0,0,0,0,0,0,0,0,0,0,0,0,0,-0.3177379494,0.1406578653,0,0,0,0,0,0,0,0,0,0,0,0,0,-0.4471625821,0.270082498,0,0,0,0,0,0,0,0,0,0,0,0,0
1,1,1,1,2,1500,500,v1,0,0,0,0,0,0,0,0,0,0,0,0,0.1066203385,0,0,0.05816537588,0,0,0,0,0,0,0,0,0,0,0,0,0,0,0,0,0,0,0,0,0,0.01477903689,0,0,0,0,0.008062516477,0,0,0,0,0,0,0.525624785,0,0,0,0,0.2867479472,0,0,0,0,0,0,0,0,0,0,0,0,0,0.6073116793,0,0,0,0.331678392,0,0,-0.7893115727,0.1633181916,0,0,0,0,0,0,0,0,0,0,0,0,0,0,0,0,0,0,0,0,0.331678392,0,0,0,0.6073116793,0,0,0,-0.6487372021,0,0.02274382143,0,0,0,0,0,0,0,0,0,0,0,0,0.1860620129,0,-0.8120553937,0,0,0,0,0,0,0,0,0,0,0,0
1,1,1,1,0,1500,500,v1,2.080819957e-06,3.721156807e-05,0,8.204775794e-07,6.548331888e-05,0.0003128935965,9.278790295e-05,0.0006551220829,0.001544205035,0,9.779335738e-06,0.0008060970976,0.001533984958,0.01994899753,0,0.002798245397,0.0016120929,0.007702931894,0.007975353331,0.01612804111,0.03801581863,0,0.0002407513544,0.01984480064,0,0.1779778082,0,0,0.008173011908,0,0.07115324484,0.02037959363,0.3391635127,0,0,0.1770482008,0,0.004473586302,0,0,0.0001493924351,0,0.008160570425,5.890617451e-05,0.02246419069,0,0,0.0007021072507,0,0.001461987872,0.01901269781,0,4.882211128e-05,0.0008730920287,0.002666910659,1.925079945e-05,0.001536429844,0.007601032714,0.002177075104,0.01537107674,-0.5038492604,2.703061383e-06,0.0001290051272,0,0.0006590190122,0.0003213653065,0.002348113638,0,0.002263751461,0.2085648773,0,0,0.004103838781,0.08341896726,0,-0.7664224493,0.00407791326,0.02777456769,0,-0.0042809525,0.007439251749,0.05758815525,0,0.0001624930711,0.01086536813,0,0,6.590529908e-05,0.02710597693,0,0.1170208136,0,-0.2488670656,0,-0.02818760603,0,-0.5153115852,0.004103838781,6.590529908e-05,0.00119077892,0.02167114347,0.002263751461,0.0001624930711,0.005780452843,0.0006784850477,0.01580823704,0,-0.01226648448,0,-0.0001784613182,0,-0.0226603694,0.08341896726,0.02710597693,0.005780452843,0.4488156183,0.2085648773,0.01086536813,0.00119077892,0.2342473556,-0.2611373603,0,0.00394351104,0.02643660153,2.349267685e-05,0.002744370928,-0.001025554352,0,0,0.0006784850477,0.2342473556,0,0,0.02167114347,0.4488156183
1,1,1,1,4,1500,500,v1,0,0.001280447754,0.0002528147768,0,0.0002823545784,0.0006091561036,0.000758783537,0.0003576692664,1.970491242e-05,0.0001402587842,0.001276365038,5.704713693e-05,0,0.3060047985,0.0786819028,0,0.02426733211,0.05235471498,0.003059228856,0.0307403511,0.001693564371,0.03700730265,0.1096988562,0.004902990509,0,0.04549484514,0.01169792435,0,0.01636149623,0.00323045435,0.0004548266685,0.009695697413,0.0002517883679,0.005502010136,0.001792219605,0.0007289454119,0,0,0.03608200777,0,0,0.009964270197,0,0,0.02400886564,0.01697083744,0.005528064622,0.05030578621,0,0,0.06155108357,0,0,0.02213586657,0,0,0.004881232562,0.0006153460727,0.01311754507,0.006183242645,-0.1583074835,0,0.002000945869,0.0003880398031,0.0006347636513,0.001875578165,7.09158775e-05,0,0,0.2981413194,0.04698954354,0,0,0.002980499553,0.0219181793,0.2621159481,0,-0.3086297876,-0.1132423982,-0.05478015338,-0.1606521067,-0.006541850696,0,0,0.00701378801,0.0097041021,0,0,0.005354195564,0.005367798266,-0.357868677,0,0.04588903065,0.01703250903,0.01871263683,0.004783952122,0.0008791935124,0,0,0.02861206883,0.04182823278,0,0,0.03624801831,0.08749004812,-0.2498144262,0,0,0.05027140721,0,-0.01521992551,0.07256434124,0.002980499553,0.005354195564,0.03624801831,0.002159938258,0.2981413194,0.00701378801,0.02861206883,0.0062276737,-0.2961725625,0,0,0.06199287738,0,-0.02895890505,0.0109053317,0.0219181793,0.005367798266,0.08749004812,0.0062276737,0.04698954354,0.0097041021,0.04182823278,0.002159938258
1,1,1,1,0,1500,500,v1,0,0,0,0,0.1843276067,0,0,0.2684910773,0,0,0,0,0,0,0,0,0.1889154734,0,0,0.2751737511,0,0,0,0,0,0,0,0,0,0,0,0,0,0,0,0,0,0,0,0,0,0,0,0,0,0,0,0,0,0,0,0,0,0,0,0,0.03382406005,0,0,0.04926803143,0.003037101283,0,0,0,-0.009557759579,0,0,0,0,0,0,0,0,0,0,0.0733552431,0,0,0,-0.07987590145,0,0,0,0,0,0,0,0,0,0,0,0,0,0,0,0,0,0,0,0.0002688374481,0,0,0,0.009512149673,0,0,0,0,0,0,0,0,0,0,0.009512149673,0,0,0,0.0002688374481,0,-0.08943366108,0,0,0,0,0,0.08291300269,0,0,0,0,0,0,0,0
1,1,1,1,0,1500,500,v1,0.0002701351073,0.1758272188,0.2107726921,2.775004613e-05,3.162472651e-05,0,0.003035180872,9.09985775e-05,5.685575662e-05,0.0343545328,0,0.0001356900429,0.008300432172,0.01287664095,4.019588135e-06,0.00818083326,2.711036794e-05,0,0.02800555437,7.800873528e-05,4.873972527e-05,0.0002312879928,0,0.0001163205945,0.005065445493,0.007621068269,2.379002079e-06,0.02393496265,0.08920886341,0.1069390304,0.01657514895,0.001539949489,2.884671361e-05,0.0001368883073,0.01743034351,6.884459972e-05,0.006370670265,0.00617847725,2.992004914e-06,0.03010233849,0.0001723734643,0.1344942517,0.006089453071,1.770733036e-05,0,0.0001721606264,0.02192165947,0,0.001430133387,0.001386988531,0.002151665474,0.006757587116,3.869562166e-05,0.02518644691,0.00136700375,3.975067502e-06,4.530097788e-06,0.004679681963,0.0004347758123,1.303513106e-05,0.3619062582,-0.000234893189,-0.1736193824,-0.2199646051,-9.239209296e-05,0,-0.0001385958873,0.005491039809,0.01190608164,0.01561756224,4.58822417e-06,0.02331300104,0.01134039933,0.0341319482,0.0002327297213,-0.005664427667,-0.01065422886,-0.03250116835,-0.000184300094,-4.928218928e-05,0,-4.78160812e-05,0.02331300104,0.0003361702971,0.09457023281,-0.04137629397,0.005491039809,3.224592797e-05,0.001696829249,-0.007462296173,-0.2877227977,0.001104605813,-0.004309379196,4.00775415e-05,0.08470920756,0.1218456516,4.544603483e-05,0.01134039933,3.224592797e-05,5.37932868e-05,0,0.01190608164,0.0003361702971,0.0001532832944,0,-0.1004707775,-0.02626339802,-0.006453806455,-1.3989411e-05,-2.115308774e-05,0.1306780136,0,0.0341319482,0.001696829249,0.0001532832944,5.697224662e-05,0.01561756224,0.09457023281,5.37932868e-05,0.0001544766535,-0.1683852685,0.005956098278,0.00161038132,0.003644207272,1.043546004e-05,0.02473213351,3.623228181e-06,0.0002327297213,-0.007462296173,0,0.0001544766535,4.58822417e-06,-0.04137629397,0,5.697224662e-05
1,1,1,1,1,1500,500,v1,0,0,0,0,0,0,0,0,0,0,0,0,0.009438102257,0,0,0.0145033142,0,0,0,0,0,0,0,0,0,0,0,0,0,0,0,0,0,0,0,0,0,0.3480592678,0,0,0,0,0.5348546544,0,0,0,0,0,0,0.03671916572,0,0,0,0,0.05642549563,0,0,0,0,0,0,0,0,0,0,0,0,0,0.4528539118,0,0,0,0.6958907775,0,0,-0.7897702926,0.02394049848,0,0,0,0,0,0,0,0,0,0,0,0,0,0,0,0,0,0,0,0,0.6958907775,0,0,0,0.4528539118,0,0,0,0.1170822302,0,-0.8829120243,0,0,0,0,0,0,0,0,0,0,0,0,-0.8589715256,0,0.09314173182,0,0,0,0,0,0,0,0,0,0,0,0
1,1,1,1,1,1500,500,v1,0.01231190941,0.3776722768,0.003261926612,0.001765388599,0.00378473879,0,0.007406112229,0.0004950648471,0.004836055725,0.001086721198,0,0.0119365992,0,0.0001060417609,0,0,0.0004997582942,0,0.001166340154,6.537115961e-05,0.0006385801224,0,0,0.001576176003,0.006981747627,0.0004308810721,0,0.0009478578573,0.2026374406,0.001750164099,0.004739207379,0.003973698147,0.002594752156,0,0.0005830727212,0.00640449951,0.03496353029,0,0,0.004746727994,0.03308119027,0.008764555632,0,0.004743468639,0,0,0.002919939511,0,0.00763770763,0,0.0004713638802,0.001036912472,0.007226514522,0.2216759483,0,0.001036200473,0.002221464512,0.005184472756,0.004347041211,0.0002905798921,0.3739104564,-0.0009294501339,-0.3537310264,-0.001475325759,-0.003713246258,0,-0.0155489277,0.03330323606,0,0.0003029542375,0,0.005155960702,0,0.002871353271,0,-0.0148990676,0,0.0004537614512,0,0.0002881339401,0,0.001133967573,0.005155960702,0.03350128653,-0.0630946799,0.008507145519,0.03330323606,0.005311869965,-0.001181464407,0.002826622136,-0.2000767573,0.003284754885,-0.002757491621,0,0.1909933318,0.001680452854,0.005655189145,0,0.005311869965,0.002850622538,0,0,0.03350128653,0.0003702204751,0,0.01270789314,-0.03170851202,0,0,-0.03230915618,-0.007760972199,0,0.002871353271,-0.001181464407,0.0003702204751,0.004090931801,0.0003029542375,-0.0630946799,0.002850622538,0.00904872465,-0.2301288964,0.00278429263,0,0.0001875251657,0.007363168655,0.2055884572,0.001277883641,0,0.002826622136,0,0.00904872465,0,0.008507145519,0,0.004090931801
1,1,1,1,4,1500,500,v1,0,0,0,0,0,0,0,0,0,0,0,0,0,0.005067739232,0,0,0,0,0.00126240464,0,0,0,0,0,0,0.02333486829,0,0,0,0,0.005812857502,0,0,0,0,0,0,0,0,0,0,0,0,0,0,0,0,0,0,0,0.7721699125,0,0,0,0,0,0,0.1923522179,0,0,0,0,0,0,0,0,0,0,0,1.115649891,0,0,0,0.2779162789,0,-0.9353739314,0,0.006329822511,0,0,0,0,0,0,0,0,0,0,0,0,-0.9581901325,0,0.02914602356,0,0,0,0,0,0,0,0,0,0,0,0,0,0,0,0,0,0,0,0.2779162789,0,0,0,1.115649891,0,0,0,0.03547584605,0,0,-0.9645199549,0,0,0,0,0,0,0,0,0,0,0
1,1,1,1,3,1500,500,v1,0.01016892497,0.0004668440305,0.001477365218,0.01950596879,0.005846331189,0.0008881804853,0.01371735643,0.00393013879,0.002604133606,0.0418880187,0.003344576459,0.01044808766,0,8.529384814e-06,5.209306162e-06,0,4.829254495e-05,7.336651759e-06,4.949645049e-06,3.24641896e-05,2.151096733e-05,1.848789985e-05,2.762725951e-05,8.630450907e-05,1.048679853e-05,0.0006595858705,0.0004028408631,8.846445765e-06,0.0002982099456,0.0009437091886,0.0003827610091,0.008762352836,0.001663464648,0.001429687812,0.0267571672,0.006674014127,1.549567485e-05,0,0.000595252308,1.307182995e-05,0.009598269217,0.001394459014,0,0.01841134046,0.0008383379199,0.0021125587,0.03953736323,0.003156886825,0.000226162142,0,0.01422487072,0.0001907856929,0.1400884535,0.006431305024,0,0.2687168024,0.08053983064,0.008254764258,0.1889721139,0.05414211107,-0.6638669758,0.02958791918,0.01413400573,-0.008244080037,0.009716215882,-0.00131873034,-0.01197078724,0.0002758087046,0,0.02032234999,0.0005526276489,0.0002353542839,0,0.0117993574,0.001712357869,-0.1550986975,0,1.345305955e-05,2.167491035e-05,8.030916738e-05,3.377849025e-05,0.0001056021943,0.0002353542839,0.1802862739,0.00849721589,-0.000726878753,0.0002758087046,0.3459345492,0.2497112461,-0.03363788339,-0.2207192194,1.227221852e-05,0.001037284683,7.222794624e-05,0.009048414001,0.02618946492,0.006951084311,0,0.3459345492,0.1119683853,0.0006372700002,0,0.1802862739,0.07526586379,0.002636456864,-0.3623620778,2.204998581e-05,0,-0.001603893202,0.02793970657,0.004964456561,-0.0008975327283,0.0117993574,0.2497112461,0.07526586379,0.001497654192,0.02032234999,0.00849721589,0.1119683853,0.005873496919,0.09159162955,-0.00037509753,0,-0.02246520945,-0.4083415076,-0.1953213954,-0.1346193577,0.001712357869,-0.03363788339,0.002636456864,0.005873496919,0.0005526276489,-0.000726878753,0.0006372700002,0.001497654192
1,1,1,1,1,1500,500,v1,0.002716657495,0,0.03709286909,0.02325000187,0.09303587947,0.0003686279295,0,0.4090463519,0.02770931086,0.02241766438,0.0002429370628,0.09429230599,0.001321276151,7.797737145e-07,0.01770784143,0.005316149578,0.006813364876,2.699599984e-05,1.30167434e-06,0.02995599184,0.002029256309,0.00540227417,1.77911883e-05,0.006905377682,0.004463668685,9.081973224e-07,0.02062420658,0.04035669163,0,0.003163830675,1.516051552e-06,0,0.002363461491,0.006291993234,0.001912111303,0.008042648019,0.005431163712,0.001872432472,0.02509447952,0.04910395789,0.0002819412597,0.003849587317,0.007533724943,0.002412941206,3.82570946e-05,0.007655775494,0.002326559217,2.521259365e-05,0.0009825294527,0.0003387340447,1.999096889e-07,0.008883194731,5.10048318e-05,0,0.001362895143,0.0004365152532,0.001746734504,3.337087509e-07,0,0.00767978312,0.07924965929,-0.02589261654,0,-0.05935447294,-0.5012997375,-0.000557863247,-0.1213949601,0.001020846086,0.0007055933059,7.811897138e-07,-0.02187898164,0.005364187282,0.00240123276,9.418268944e-07,-0.006299129312,-0.6040874322,0.004044834507,-7.178692267e-09,0.01311657819,0.0365033453,4.180594187e-05,0.008843278003,0.005364187282,0.003569418066,0,0.04512148001,0.001020846086,0.03055716478,0,0.027250962,-0.1850635538,0.01713475883,-1.126411718e-06,0.01664236008,0,0.005015153533,0.01020116067,0.00240123276,0.03055716478,0.1265903908,0.0004301298826,0.0007055933059,0.003569418066,0.556536519,0.0002931334921,-0.01807519521,-0.03106026651,-0.00769845789,-0.01097353096,0.002658520174,0.006091024752,3.388172178e-05,9.418268944e-07,0,0.556536519,0.03484293774,7.811897138e-07,0,0.1265903908,0.1186828444,-0.5056107522,0.009668818709,0.001582406005,-1.508733046e-08,0.0004830412041,0,0.009378448787,-0.006299129312,0.027250962,0.0002931334921,0.1186828444,-0.02187898164,0.04512148001,0.0004301298826,0.03484293774
1,1,1,1,1,1500,500,v1,0.0002916373084,0,0.02464976654,0.0003116351549,0,0.0004220280328,0,0,0,0.01306914095,0.0007342759578,0,0,0,0,0,0,0.00035104359,0,0,0,0,0.0006107719113,0,0,0,0,0,0,0.388622594,0,0,0,0,0.2060450938,0,0,0,0,0,0.002695263601,0.2278090512,0,0.002880080379,0.003900313034,0,0.1207828316,0.006786056532,0,0,0,0,1.857148747e-05,0,0,1.984495195e-05,0,0,0,0,-0.2625104114,0.0006017191271,0,0.03758848101,0,0.001150165323,0,0,0,0,0,0,0,0,0,-0.009471470681,0,0,0,0,0.0009470160056,0,0,0.003572400154,0,0.205246822,0,0.003817159476,0,0.1093320074,0.3778662248,0,0,0,0,-0.5875854441,0,0,0.003817159476,0,0.004671062464,0,0.003572400154,0,0.008115619544,-0.5472599362,0,0,0,-0.005566218651,0.3402777443,-0.010621636,0,0,0,0,0,0,0,0,-0.00496449952,0,0,0,3.812643165e-05,0,0,0,0.1093320074,0.008115619544,0,0,0.205246822,0.004671062464,0
1,1,1,1,1,1500,500,v1,0.0002792330764,1.230154478e-06,2.878713934e-05,7.527470193e-05,5.874989159e-05,3.67820485e-05,6.241793678e-05,1.563913179e-05,0.0002172470376,6.396738861e-05,6.908286962e-05,6.532174266e-05,0.02045616463,0.005660779577,0,0.01031169186,0.0323616103,0.02026091091,0.0002448978271,0.008614611444,0.1196676926,0,0.03805339626,0.03598162861,7.527689593e-07,1.960021604e-05,0,2.147291215e-07,2.346212369e-06,5.490427715e-05,8.479486358e-07,0.0001190466222,0.0004143444551,0,0.0001220018145,0.0001245849065,0.000208750175,0.01964146918,0,5.954647988e-05,0.147686118,0.01522549159,0.009901014264,0.03981272081,0.01945399172,0,0.03383229316,0.03653786638,0.0002709597129,0.02549481384,0.00705511146,7.729189734e-05,0.1916979861,0.0008445207817,0.0128516107,0.05167729034,0.04033274297,0.000305219704,0.04285091483,0.01073651484,-0.3879468724,0.0003532019107,6.347551522e-05,9.257259626e-05,7.353647761e-05,0.0001039792046,0.0002798648398,0.0003199791382,-0.02209991401,0.00502646957,0,7.439284706e-05,-0.00730831695,0.0002265220922,0,-0.01685597121,0.00982032406,0.0007021579717,0,0.0004490739873,-0.03095089014,-0.1552444743,7.439284706e-05,0.1020497829,0.001259046101,0.02264895817,0.0003199791382,0.02801825599,0.06392546315,0.05029394896,-0.2511297144,9.318718908e-07,1.991753691e-05,0,0.0001206472841,0.000173755794,0.0005279361192,-0.00730831695,0.02801825599,0.03223667405,0.01408618786,-0.02209991401,0.1020497829,0.009082256378,0.02521478036,-0.2198128591,-2.347920746e-06,0.02397959965,0,0.09788557192,-0.04889493304,0.004646265449,0.0002265220922,0.06392546315,0.009082256378,0.1780469152,0.00502646957,0.001259046101,0.03223667405,0.05360809467,0.13346609,-0.0002614986081,-0.01419443641,-0.004224069948,-0.1849507998,-0.04364046259,-0.02806856409,0,0.05029394896,0.02521478036,0.05360809467,0,0.02264895817,0.01408618786,0.1780469152
1,1,1,1,1,1500,500,v1,0.005869901015,0.002881059683,0.02272671243,0.01394546169,0.03761847144,0.03745580039,0.1563034702,0.01745430414,0,0.01174552263,0.02649793245,0,0.004432366017,0.00794679673,0.004787022982,0.002106897507,0.02762360631,0.0275041554,0.02982607548,0.01281686384,0,0.02919866042,0.01945768731,0,0.003712201119,0.006305304746,0.00379821452,0.001747769483,0.001678593215,0.0132412756,0.02366519513,0.0910671675,0,0.02316737906,0.006843299606,0,0.00123569403,0.001170655324,0.001264325627,0.0005817864513,0.001138422412,0.004407672075,0.0005564636979,0.002704615648,0.007264266046,0.007711810612,0.00227795429,0.005139071359,0.006105779448,0.005784411876,0.0103708821,0.002874708198,0.005625143442,0.002760927985,0.002749584062,0.01336397703,0.03604989204,0.03892420087,0.1497860762,0.0167265111,0.08989250153,-0.0104598614,-0.0395661676,-0.03145443364,-0.02389974419,-0.05105129396,0,0.006055508198,0.007439112531,0.005767497667,0.007201135462,0.003158639663,0.003724309241,0.02455763798,0.04924117088,-0.1171618329,-0.002088805624,0.0001539978718,-0.02670078183,0.01541975146,-0.01315028093,0,0.003158639663,0.007048926545,-0.0009124263233,0.02232405731,0.006055508198,0.01742615277,-0.07382939702,0.01039012147,-0.1218909713,0.001195580122,0.01026675163,-0.01419941674,0.08249745167,0.006161307859,0,0.003724309241,0.01742615277,0.02228704671,0.05083588843,0.007439112531,0.007048926545,0.008203345767,0.03603478332,-0.1627973095,0.000143292815,0.0009534251536,0.003271994313,0.001403926358,0.003483673254,0.006287793731,0.02455763798,-0.07382939702,0.008203345767,0,0.005767497667,-0.0009124263233,0.02228704671,0,0.0360195983,-0.007481638175,-0.006306900712,-0.0306375066,-0.007260784505,0.006896598175,-0.01184693559,0.04924117088,0.01039012147,0.03603478332,0,0.007201135462,0.02232405731,0.05083588843,0
1,1,1,1,3,1500,500,v1,0,0,0,0,0,0,0,0,0,0,0,0,0,0.2356700568,0,0,0,0,0.0827490737,0,0,0,0,0,0,0.4211541677,0,0,0,0,0.1478767295,0,0,0,0,0,0,0,0,0,0,0,0,0,0,0,0,0,0,0,0.0833010828,0,0,0,0,0,0,0.02924888945,0,0,0,0,0,0,0,0,0,0,0,0.1518758098,0,0,0,0.05375804702,0,-0.4531908283,0,0.3161015912,0,0,0,0,0,0,0,0,0,0,0,0,0.4286090067,0,-0.565698244,0,0,0,0,0,0,0,0,0,0,0,0,0,0,0,0,0,0,0,0.05375804702,0,0,0,0.1518758098,0,0,0,-0.2495966528,0,0,0.1125074155,0,0,0,0,0,0,0,0,0,0,0
1,1,1,1,2,1500,500,v1,5.016694809e-05,0,0,0.0001843836009,8.840474564e-05,0.0006580635562,0,4.820114061e-06,0,0,4.000345245e-05,0,0.000251422963,0.002092485205,1.247652151e-05,0.0002867763212,0.001428868764,0.01063615367,0.0003033910296,7.790656906e-05,0,3.554218484e-05,0.0006465680462,0,5.063728488e-05,7.005523767e-05,4.17706982e-07,4.863278684e-05,0,0,1.015736247e-05,0,0,1.189932527e-06,0,0,0.0403963492,0.006715136756,0.0003332294997,0.03879724287,0.02165630536,0,0.007659372846,0.07959558464,0.2840759874,0.0009492793695,0,0.0172688795,0.06559155583,0.01090336815,0.09074404451,0.06299508674,0.03516334496,0,0.01243652438,0.1292393579,0.06196523179,0.01315704839,0,0.003378545834,-0.4180326343,0.000233341259,0,0,9.288266955e-05,0.0006968738408,0,0.03838907536,0.005885655836,0.1327857457,0.000455769105,0.03604111716,0.006839385969,0.01925141522,0.001238561897,-0.4796002952,0.0005324719129,0.002389209989,2.599771072e-05,0.0015027118,0.01126014768,0,0.03604111716,0.02087365084,0,0,0.03838907536,0.075262554,0,0,-0.1522887279,9.922219004e-05,8.012620465e-05,1.589750579e-06,0,0,0,0.006839385969,0.075262554,0.09051121006,0.4090617877,0.005885655836,0.02087365084,0.004939086774,0.02486601256,-0.2977119247,0.0771854091,0.01346228928,-0.001157141463,0.09685454428,0,-0.301242224,0.01925141522,0,0.004939086774,0,0.1327857457,0,0.09051121006,0,0.1924322083,-0.1269047595,-0.02247812237,-0.1038274437,-0.1611786888,0,-0.06522912621,0.001238561897,0,0.02486601256,0,0.000455769105,0,0.4090617877,0
1,1,1,1,4,1500,500,v1,0,0,0,0,0,0.7257681759,0,0,0,0,0.1406578262,0,0,0,0,0,0,0.08655150545,0,0,0,0,0.01677415326,0,0,0,0,0,0,0,0,0,0,0,0,0,0,0,0,0,0,0,0,0,0.02533774594,0,0,0.004910593195,0,0,0,0,0,0,0,0,0,0,0,0,0.1334423789,0,0,0,0,-0.866333968,0,0,0,0,0,0,0,0,0,-0.8361015349,0,0,0,0,0.103209946,0,0,0,0,0,0,0,0,0,0,0,0,0,0,0,0,0,0,0,0.9208594567,0,0,0,0.1784779299,-0.7631240224,0,0,0,0,0,0.03023243286,0,0,0,0,0,0,0,0,0,0,0,0,0,0,0,0,0,0.1784779299,0,0,0,0.9208594567,0
1,1,1,1,2,1500,500,v1,0,0,0,0,0,0,0,0,0.2310396195,0,0,0.007641277289,0,0,0,0,0,0,0,0,0.2105895705,0,0,0.006964923619,0,0,0,0,0,0,0,0,0.5263561939,0,0,0.01740841523,0,0,0,0,0,0,0,0,0,0,0,0,0,0,0,0,0,0,0,0,0,0,0,0,-0.3240972058,0,0,0,0,0,0.2376568472,0,0,0,0,0,0,0,0,-0.3031108811,0,0,0,0,0,0.2166705227,0,0,0,0,0,0,0,0,0.4543273697,0,0,0,0,0,-0.540767728,0,0,0,0,0,0,0,0,0,0,0,0,0,0,0,0,0,0,0.1254443174,0,0,0,0.004216219543,0,0,0,0,0,0,0,0,0,0,0.004216219543,0,0,0,0.1254443174
1,1,1,1,1,1500,500,v1,0.03982011066,0.001401983097,0,0.0388312816,0.04171062165,0.0007657894884,0.005258979973,0.02700743606,0.09510799158,0,0.001316562834,0.2532704421,0.001070279937,0.0001205464018,0,0.006483445726,0.002426702871,4.455324511e-05,8.360068877e-05,0.00157127897,0.005533334846,0,7.65969598e-05,0.01473514622,0,0.002217663806,0,0,0.001500562801,0,0.001537982211,0.00562876238,0.1017954599,0,0,0.2710790199,0,0.001829146498,0,0,0.003959346489,0,0.01108043945,0.003861026399,7.614308127e-05,0,0,0.0001309069299,0,0.003755541031,0.0004229892969,0,0.0081291948,0.0002862120048,0.02274997932,0.007927327352,0.008515138781,0.00029334925,0.001073610091,0.005513513276,-0.07384416199,-0.07831835526,0.0007015525333,0,-0.06834600181,-0.001998909283,0.04985894277,0,0.003172768745,0.00258384585,0,0,0.01946542368,0.001805450926,0,-0.163088542,0.003539151242,0.0002006567941,0,0.003951809001,0.0001056141282,0.02024700617,0,0.04164433403,0.0001562667889,0,0,0.04060069054,-1.98617021e-05,0,0.07256615867,0,-0.003348130346,0,-0.002129214009,0,-0.134599273,0.01946542368,0.04060069054,0.04622506274,0.0009762857806,0.003172768745,0.04164433403,0.02992988696,0.001667749522,-0.07696662371,0,-0.002599378484,0,0.007750562162,0,0.0001306049516,0.001805450926,-1.98617021e-05,0.02992988696,0.03897169175,0.00258384585,0.0001562667889,0.04622506274,0.05776829432,-0.1385973474,0,-0.01603190105,0.0002212757009,0.01573777668,0.001336724751,0.01362422629,0,0,0.001667749522,0.05776829432,0,0,0.0009762857806,0.03897169175
1,1,1,1,1,1500,500,v1,0.09676799777,0,0.008220550095,0.1135972035,0.01497224422,0.04849816259,0,0.05973001743,0.001085292983,0.09056941574,0.03207000824,0.003269615643,3.647544445e-05,4.203979804e-05,0.0005175126829,4.378321974e-05,0.004357144408,0.01411368228,0.0001632740834,0.01738231808,0.0003158363023,0.0008769519401,0.009332846499,0.0009515064877,0.004425474691,1.438234832e-05,0.0001770476551,0.01490653773,0,0.0008184367327,5.585813557e-05,0,0.0001080516064,0.0003000163856,0.009017077428,0.0003255224423,0.02122969527,5.986233774e-05,0.000849325333,0.07150899638,0.04621680157,0.003926169201,7.185562581e-05,0.0542545008,0.02316292585,0.001439225594,0.0432563328,0.01531677043,0.01588780781,4.479957461e-05,5.163377985e-05,0.05351566176,0.03458757423,0,5.377507112e-05,0.0406028005,0.005351496573,0.0002005351707,0,0.02134916976,0.3033075293,-0.2020274093,0,-0.09179614353,-0.07089561868,-0.07465598469,-0.003898687728,0.0147883967,5.701429451e-05,8.480980462e-05,0.00110367155,0.05261399144,6.62160381e-05,0.0002664626196,0.002060433034,-0.09717593679,-6.192976633e-07,-6.307535047e-05,-0.0005707229982,0.01799116971,0.02003042502,0.0007070487446,0.05261399144,0.02484371147,0,0.005973705202,0.0147883967,0.02885737823,0,0.06529071547,-0.1224868361,0.01501493538,-1.073318504e-05,0.0001167828946,0,0.009386088885,0.0002397951225,6.62160381e-05,0.02885737823,0.009247698353,0.02024090533,5.701429451e-05,0.02484371147,0.03671961794,0.01434797393,-0.2401485166,-0.07119220609,-7.40223537e-05,-0.001655462953,0.09310738591,0.03490044078,0.03156630684,0.0002664626196,0,0.03671961794,0.001115259121,8.480980462e-05,0,0.009247698353,0.003312506667,-0.2181501905,0.01124234528,-7.511903725e-06,-0.0001603730809,0.07311929685,0,0.02225957144,0.002060433034,0.06529071547,0.01434797393,0.003312506667,0.00110367155,0.005973705202,0.02024090533,0.001115259121
1,1,1,1,3,1500,500,v1,0.0006886477777,5.117790562e-05,0.0009376872472,0.0003859052868,0,0.001136917495,0.0004194389358,0,0.0003125830172,0.001736111605,7.090436016e-05,0.002720488899,0.005852617471,0.0216218947,0.02245257316,0.004888225786,0,0.02782478407,0.007285180463,0,0.007650119728,0.03509655687,0.00173530491,0.06658092299,0.02951670156,0.04864037199,0.05050905696,0.03197781118,0.002817659451,0.0516254681,0.01638866032,0.02309270118,0.01720962361,0.07895282102,0.09558365493,0.1497796982,0.0007902143887,0.0003524766793,0.00135221693,0.0008561026528,0.001015033211,0.001382105234,0.0002943957299,0.0005688055567,0.001675760895,0.002113706881,0.002558943766,0.000104509566,0.02271038767,0.010130013,0.03742429356,0.02460398521,0.02917157427,0.002167929852,0.008460793995,0.01634720259,0,0.01260956711,0.01776771009,0,-0.317150525,0.001056521068,0.0004114045916,0.002639514872,0,0.00118031531,0.003007682242,0.01917763208,0.007331491769,-0.00617750357,0.04140177816,0.02067274267,0.006873421736,-0.0001012847011,0.06306815987,-0.3208556785,0.004432831497,0.02814073585,0.05354997468,0,-0.02904455844,0.07253134649,0.02067274267,0.04099277624,0.002131315166,0.07386237798,0.01917763208,0.02301288678,0.01208508602,0.1367262275,0.2190784183,-0.05058309548,-0.0418121956,-0.1266325399,-0.01948921505,-0.1469200321,-0.1657034934,0.006873421736,0.02301288678,0,0.03691408816,0.007331491769,0.04099277624,0,0.002311174108,-0.327740682,0.001627837261,0.0006052859466,0.003435939734,0.001572932827,0.003888113891,0.001714068155,-0.0001012847011,0.01208508602,0,0.01397197079,-0.00617750357,0.002131315166,0,0.1212747263,-0.07403695739,0.02238834169,-0.01450805979,0.01785731861,-0.04529989606,0.009600209704,0,0.06306815987,0.1367262275,0.002311174108,0.1212747263,0.04140177816,0.07386237798,0.03691408816,0.01397197079
1,1,1,1,2,1500,500,v1,0.03612570327,0.0247282893,0,0.08264720315,0.0389470285,0,0.03210519352,0.1298785494,0,0,0,0,0,0,0,0,0.01583072597,0,0,0.05279149151,0,0,0,0,0,0,0,0,0.07761110056,0,0,0.1007639215,0,0,0,0,0,0,0,0,0.08845027942,0,0,0.2023536582,0,0,0,0,0,0,0,0,0.01235196175,0.008455001729,0,0.02825841437,0.01331661844,0,0.01097728449,0.04440757492,-0.280867629,0.1168604254,0.05659200698,0,-0.1674906188,0,0,0,0,0,0,0,0,0,0,-0.1100921668,0,0,0,0.06802077081,0,0,0,0.05987684804,0.06644085737,0,0,0.1365353039,0.08639862377,0,0.07601890118,0,0,0,-0.1779118887,0,0,0,0.1365353039,0.01470614189,0,0,0.05987684804,0.04840095289,0,0.1574098388,0,0,0,-0.2883512738,0,0,0,0.08639862377,0.04840095289,0,0,0.06644085737,0.01470614189,0,-0.3922805828,0,0,0,0.04054941331,0.01942689419,0.05739845195,0,0,0,0,0,0,0,0
1,1,1,1,0,1500,500,v1,0,0,0,0,0.01918076397,0,0,0.000445938931,0,0,0,0,0.1049334507,0.0270362362,0,0.03271212886,0.2144704402,0,0.03383773717,0.004986283078,0,0,0,0,0,0.09131678847,0,0,0,0,0.1142893361,0,0,0,0,0,0,0.161754762,0,0,0,0,0.05042569916,0,0,0,0,0,0,0.03630462502,0.009353932525,0,0,0,0.01131766433,0,0.07420197141,0.01170709961,0,0.001725142328,-0.1430929646,0,0,0,0.01952457987,0,0,0,0.02991462894,0.08224978003,0,0,0.0099290319,0.1030233054,0,-0.2381030208,0.1222641098,0.05984618611,0,-0.2176534912,0,0,0,0,0,0,0,0,0,0,0.08087265872,0,-0.2043880491,0,0,0,0,0.0099290319,0,0.1811403758,0,0.02991462894,0,0.004212201473,0,0.1697329873,0,-0.1962954278,0,0,0,0,0.1030233054,0,0.004212201473,0,0.08224978003,0,0.1811403758,0,-0.4167020893,0,0.04746887755,0.02102647267,0,0,0.07456052664,0,0,0,0,0,0,0,0
1,1,1,1,1,1500,500,v1,0.08500284771,0.0122499083,0,0.05206544843,0.01079083931,0,0.00451872972,0.01853124251,0,0,0,0,0,0,0,0,0.0006939384131,0,0,0.001191709065,0,0,0,0,0,0,0,0,0.04439551337,0,0,0.01637655734,0,0,0,0,0,0,0,0,0.3790168831,0,0,0.2321532103,0,0,0,0,0,0,0,0,0.06637143602,0.00956490314,0,0.04065344483,0.008425641257,0,0.003528288624,0.01446945849,-0.5305418828,0.1369339041,0.01648561251,0,-0.0259815623,0,0,0,0,0,0,0,0,0,0,-0.007229640039,0,0,0,0.001881524687,0,0,0,0.3413621337,0.03378606225,0,0,0.2090126761,0.01247284373,0,0.02949976921,0,0,0,-0.06033903988,0,0,0,0.2090126761,0.00276097966,0,0,0.3413621337,0.005261193333,0,0.2438523594,0,0,0,-0.6107689009,0,0,0,0.01247284373,0.005261193333,0,0,0.03378606225,0.00276097966,0,-0.5417884621,0,0,0,0.1069184555,0.01301415673,0.01875192226,0,0,0,0,0,0,0,0
1,1,1,1,4,1500,500,v1,0,0,0,0,0,0,0,0,0,0,0,0,0,0,0,0,0,0,0,0,0,0,0,0,0.008062132803,0,0,0.01422698337,0,0,0,0,0,0,0,0,0.1499424728,0,0,0.2645986018,0,0,0,0,0,0,0,0,0.2037025496,0,0,0.3594672597,0,0,0,0,0,0,0,0,0,0,0,0,0,0,0,0.08153369605,0,0,0,0.1225257785,0,0,0,0,0,0,0,0,0,0,0.1225257785,0,0,0,0.08153369605,0,0,0,-0.1582673578,0.02222770775,0,0,0,0,0,0,0,0,0,0,0,0,0,-0.4975448284,0.3615051784,0,0,0,0,0,0,0,0,0,0,0,0,0,0.3837328863,-0.519772536,0,0,0,0,0,0,0,0,0,0,0,0,0
1,1,1,1,4,1500,500,v1,0.003284807831,2.684415462e-06,0.0009003955601,9.928318959e-05,0,4.541946259e-05,3.801504826e-06,0,0.0006421940322,8.482899057e-05,3.183275835e-05,0.001678963232,5.504928599e-05,0.004473662955,0.001650791721,4.955535965e-06,0,0.001493929436,0.0007639776011,0,0.02112293967,0.0001419609257,0.001047037812,0.05522418036,0.02420155914,0.003128388615,0.001154382455,0.01053300776,6.174407094e-05,0.02070994156,0.0005342420413,8.743817303e-05,0.01477106448,9.927188258e-05,0.001951146268,0.03861772754,0.1384187529,0.0002201713029,0.006602391972,0.06024263933,0.4321227015,0.118448744,1.981981764e-05,0.01306089193,0.005975016466,0.0005677770636,0.01115941463,0.004187659749,7.720533894e-05,1.2280417e-07,9.979865429e-06,3.360132418e-05,0.0002410235531,1.969696207e-07,1.105482969e-08,7.284927567e-06,0,1.704284325e-06,2.789363176e-07,0,-0.5839485695,0.003363961056,5.130311311e-06,0.0009819383444,0,7.53617702e-05,0.002289609034,0.1708687878,0.0002335443286,0.002558556511,0.005721620486,0.07443997014,2.128632386e-05,0.0005238170099,0.0004951077482,0.03082785377,3.719885213e-05,-0.00349874451,0.001728849282,0,0.00238288343,-0.06778437206,0.07443997014,0.6425191181,7.537828138e-05,0.145146335,0.1708687878,0.01942163296,0.0001129973746,0.01366782869,-0.4005369948,0.03434409869,0.001432188814,0.001240763596,-0.0001311634567,0.02241608144,0.04311304241,2.128632386e-05,0.01942163296,0,0.006681524907,0.0002335443286,0.6425191181,0,0.00465145866,0.06693004241,-0.1979938706,-0.0002072176988,-0.00711409836,-0.4449059678,-0.1292741289,-0.01001356758,0.0005238170099,0.0001129973746,0,0.009724573737,0.002558556511,7.537828138e-05,0,0.02384800729,-0.6075543873,0.0001106016914,1.317449714e-07,1.164002002e-05,0.000248173288,4.493747842e-07,0,0.0004951077482,0.01366782869,0.00465145866,0.02384800729,0.005721620486,0.145146335,0.006681524907,0.009724573737
1,1,1,1,4,1500,500,v1,0,0,0,0,0.02609763839,0,0,0.04958743271,0,0,0,0,0,0,0,0,0.1575886437,0,0,0.2994300153,0,0,0,0,0,0,0,0,0,0,0,0,0,0,0,0,0,0,0,0,0,0,0,0,0,0,0,0,0,0,0,0,0,0,0,0,0.1611325575,0,0,0.3061637123,-0.003437042079,0,0,0,0.07568169658,0,0,0,0,0,0,0,0,0,0,0.02387597417,0,0,0,0.04836868028,0,0,0,0,0,0,0,0,0,0,0,0,0,0,0,0,0,0,0,-0.02587238854,0,0,0,-0.08249460956,0,0,0,0,0,0,0,0,0,0,-0.08249460956,0,0,0,-0.02587238854,0,0.1240503805,0,0,0,0,0,-0.05180572241,0,0,0,0,0,0,0,0
1,1,1,1,3,1500,500,v1,0.004435122091,0,0.002227432167,0.003737888321,0.003575571252,0.006406907737,0,0.0003341282724,0.009948503473,0.0009629705133,0.0003165712964,0.008214036468,0.003010884265,0.0002289948047,0.006903229486,0.001758259583,0.0005348415347,0.0009583588538,0.0001626561612,4.997961596e-05,0.001488118259,0.002426280548,4.735340624e-05,0.001228673004,0.001068407128,0.0004712069751,0.01420490692,6.965216584e-06,0,0.0006855991301,0.0003347006837,0,0.003062129311,0.004992603739,0.0002964003824,0.002528263864,0.02457101775,0.1424841355,0.3266816654,0.000160184686,0.03139479988,0.01576727443,0.08320615301,0.02645930674,0.04535243498,0.1148189223,0.006816557906,0.002240906179,0.006476670482,0.03755736959,0.002856450716,4.222305473e-05,0.00827535008,0,0.02193229603,0.006974404263,0.006671542122,0.002028951306,0,0.0006234390777,-0.1099661878,0.008060663157,0,0.002958119058,0.0009143929515,0.00659706984,-0.01597843672,0.02547236232,0.1527015568,0.003227020077,0.4579052318,0.0001690659314,0.08919236607,0.002311296876,0.1608664246,-0.6499066422,0.004754167246,0.000370345395,0.009305948985,0.0004596872746,0.0009735691211,0.001860683895,0.0001690659314,0.02797496873,0,0.01920609345,0.02547236232,0.02352000422,0,0.008351037884,-0.4875185926,0.001010177641,0.0006485577906,0.01912782492,0,0.0009419251841,0.003519439742,0.08919236607,0.02352000422,0.005969646685,0.05674173415,0.1527015568,0.02797496873,0.000645293576,0.002815320621,0.1341566924,-0.0243475625,-0.2251024722,-0.4409482116,-0.05748908365,-0.02227146513,-0.04727534215,0.002311296876,0,0.000645293576,0.008319927017,0.003227020077,0,0.005969646685,0.007577542637,-0.2907211255,0.006243099338,0.05908568973,-0.00471111449,0.01509843852,0,-0.00578404039,0.1608664246,0.008351037884,0.002815320621,0.007577542637,0.4579052318,0.01920609345,0.05674173415,0.008319927017
1,1,1,1,4,1500,500,v1,0,0,0,0,0,0.1993635955,0,0,0,0,0.2347271914,0,0,0,0,0,0,0.08408628466,0,0,0,0,0.09900171286,0,0,0,0,0,0,0,0,0,0,0,0,0,0,0,0,0,0,0,0,0,0.1758171706,0,0,0.2070040449,0,0,0,0,0,0,0,0,0,0,0,0,0.3130715666,0,0,0,0,-0.2092315742,0,0,0,0,0,0,0,0,0,-0.07656781795,0,0,0,0,0.1804078102,0,0,0,0,0,0,0,0,0,0,0,0,0,0,0,0,0,0,0,-0.06086049663,0,0,0,-0.09489949044,-0.02882376444,0,0,0,0,0,0.1326637564,0,0,0,0,0,0,0,0,0,0,0,0,0,0,0,0,0,-0.09489949044,0,0,0,-0.06086049663,0
1,1,1,1,1,1500,500,v1,0.4327447214,0,0,0.3596126106,0,0,0,0,0,0,0,0,0,0,0,0,0,0,0,0,0,0,0,0,0,0,0,0,0,0,0,0,0,0,0,0,0,0,0,0,0.02586691247,0,0,0.0214955087,0,0,0,0,0,0,0,0,0.08753680692,0,0,0.07274343996,0,0,0,0,0.2062656729,-0.7921454514,0,0,0,0,0,0,0,0,0,0,0,0,0,0,0,0,0,0,0,0,0,0.4799537616,0,0,0,0.3988659069,0,0,0,0,0,0,0,0,0,0,0.3988659069,0,0,0,0.4799537616,0,0,-0.6331776486,0,0,0,0.04729787011,0,0,0,0,0,0,0,0,0,0,-0.7448475816,0,0,0,0.1589678029,0,0,0,0,0,0,0,0,0,0
1,1,1,1,4,1500,500,v1,0,0,0,0,0.01740906953,0.0007295519242,0,0.007705678275,0.004544046069,0,0.001040020107,0.00187048024,0,0,0,0,0.0319279183,0.001337985019,0,0.01413207443,0.00833369821,0,0.001907378044,0.00343042689,0,0,0,0,0,0,0,0,0.08551722372,0,0,0.03520172875,0,0,0,0,0,0,0,0,9.280729668e-05,0,0,0.0001323023782,0,0,0,0,0,0,0,0,0.5439306531,0,0,0.2407569577,-0.8494695117,0,0,0,0.02511277809,0.000872889514,0.006398086096,0,0,0,0,0,0,0,0,-0.8726907429,0,0,0,0.04604915458,-0.002193551915,0.01174938231,0,0,0,0,0,0,0,0,0.01814746841,0,0,0,0,0,-0.1206644803,0,0,0.7417228183,0.0005037482931,0,0,0.3283163713,0.001310180963,-0.001320662401,0,0,0,0,0,0.0001113762323,0,0,0.3283163713,0.1089288165,0,0,0.7417228183,0.04484670058,0.07116193272,0,0,0,0,0,-0.7845213927,0,0,0.001310180963,0.04484670058,0,0,0.0005037482931,0.1089288165
1,1,1,1,1,1500,500,v1,0.007407369742,0.04808107735,0,0.02095033288,0.0324748182,0.01196044201,0.003927400388,0.03207883249,0.01300911326,0,0.01450879605,0.01147161236,0.005472969834,0.02130009679,0,0.009794307587,0.01489339881,0.005485223403,0.07141343873,0.01471179431,0.00596615848,0,0.006653933656,0.005261039392,0,0.03601661627,0,0,0.03728572677,0,0.1207539311,0.003045605171,0.01008825653,0,0,0.008895961312,0,0.008440712835,0,0,0.005239226626,0,0.01510531581,0.0148181535,0.008459610958,0,0,0.01026205971,0,0.01144417647,0.04453926734,0,0.007103503609,0.04610868883,0.02048024891,0.02009090547,0.03114263177,0.149328065,0.003766290034,0.03076289025,-0.008951583478,-0.008994711632,-0.01870169394,0,-0.02986214874,-0.01893863696,-0.01760073642,0,0.008696727557,-0.007981901066,0,0,0.01980509441,-0.02244821757,0,-0.1946155206,0.009008074497,0.08869223465,0,0.02585138176,0.003115330454,0.00496834094,0,0.00942522535,0.02214389994,0,0,0.02539257377,0.001214033673,0,-0.06082997666,0,0.04011817819,0,0.01279419301,0,-0.005952373395,0.01980509441,0.02539257377,0.01372605075,0.01618983669,0.008696727557,0.00942522535,0.01758469789,0.02102079551,-0.05465864026,0,-0.003309171362,0,-6.857564296e-05,0,-0.008983781571,-0.02244821757,0.001214033673,0.01758469789,0.01495161517,-0.007981901066,0.02214389994,0.01372605075,0.01292553813,0.1155277604,0,-0.02470011777,-0.108523667,-0.01414857883,-0.009664454847,-0.01686306548,0,0,0.02102079551,0.01292553813,0,0,0.01618983669,0.01495161517
1,1,1,1,0,1500,500,v1,0.006146442856,0.006511866574,0.00247409389,0.0009255624684,0.00251112453,0.02320300215,0.01882308086,0.003762036381,0,0.0203403293,0.02384147478,0,0.09248487771,0,0,0.002157900897,0.005764452107,0.05326402295,0,0.008636002829,0,0,0.05472967903,0,0.0004471824042,0,0,0.0466634785,0.01436224096,0.005456735362,0,0.0415152276,0,0,0.04486159343,0,0.0003918787328,0.07786900866,0,0.04089254106,0.01187975686,0.004781893292,0.001816876529,0.001788913904,0.04484643076,0,0.03931349762,0.04608046154,0.0005034488795,0.1000387668,0,0.05253488453,0.0152619925,0.01616936188,0.002334151809,0.002298228062,0.006235275369,0,0.04673885784,0.009341365793,-0.1978778658,-0.0007111218294,0.007832735799,0.01107055195,0.001553429685,0.03383357921,0,0.0002287068821,-0.003048038717,0,0,0.04105773643,0.0001742920524,0,0,0.05275155718,-0.008789087806,0,0,-0.009643119963,-0.07326289047,0,0.04105773643,0.02080848336,0.01891234595,0.005282084296,0.0002287068821,0.003613742112,0.05961365622,0.04692866615,-0.06604368099,-0.006328696941,0,0,-0.01537776435,-0.02693198833,0,0.0001742920524,0.003613742112,0.01074669191,0.01940992567,-0.003048038717,0.02080848336,0.01374287982,0.01738956098,-0.1385963386,0.002169557541,0.04390635704,0,-0.004660271552,-0.01894573062,0.01489632018,0,0.05961365622,0.01374287982,0,0,0.01891234595,0.01074669191,0,0.009952017655,-0.02336515613,-0.03320143811,0,-0.01091009028,-0.04480563958,-0.008236690869,0,0.04692866615,0.01738956098,0,0,0.005282084296,0.01940992567,0
1,1,1,1,1,1500,500,v1,6.844167187e-05,1.718056756e-07,0,0.0001253609795,0.0003388776718,1.407655269e-06,2.307950243e-06,0.0002707416279,5.960634721e-06,0,1.349866761e-06,9.596138461e-06,4.36631217e-07,1.075285178e-07,4.274612913e-08,5.305694996e-08,3.539521814e-06,1.470272888e-08,5.387148713e-09,2.827851987e-06,6.225785401e-08,1.394995736e-07,1.409913737e-08,1.002300955e-07,0.1018887102,0.02920000028,0.01160796232,0.001303949699,0.0004873021655,0,0.00146291186,0.006546169955,0.01690648576,0.03788192818,0,0.02721807087,0.09059807265,0.1054306473,0.01032164419,0.001159454559,0.1726133331,0,0.01281133451,0.3161666851,0.003550177272,0.03368410174,0,0.003404431753,0.0005957303639,0.0006932624066,0.0001707286976,7.624028482e-06,0.001135024187,2.849193947e-06,8.424131712e-05,0.00207896359,0.005619885421,8.553460074e-06,3.827462534e-05,0.004489929712,-0.552738103,0.0001936768416,2.407905431e-06,0,0.0005443386974,2.717103843e-06,1.532983265e-05,0.04676203147,0.1562077511,0.04325992525,0.004082153735,0.0006582145519,0.01898855028,0.002167215893,0.01149278706,-0.2172466976,4.879621572e-07,1.128418934e-07,1.81806572e-07,6.067550721e-06,2.840299384e-08,1.621000217e-07,0.0006582145519,0.2570749223,0.0007232100638,0,0.04676203147,0.4707845887,0.009725607998,0,0.05656094034,-0.06523946389,-0.03046189764,-0.03308287164,-0.007008646166,0,-0.04400053118,0.01898855028,0.4707845887,0.00747515142,0.00528628992,0.1562077511,0.2570749223,0.005859491546,0.005062611787,-0.0935563343,0.0330261483,-0.1175576367,0.02269939588,-0.4886428356,0,-0.006902013314,0.002167215893,0.009725607998,0.005859491546,0.02527030265,0.04325992525,0.0007232100638,0.00747515142,0.04070725627,-0.6751372405,0.0005998184173,0.000759615005,0.0001770241474,0.003209475403,4.035951932e-05,-0.009440168223,0.01149278706,0,0.005062611787,0.04070725627,0.004082153735,0,0.00528628992,0.02527030265
1,1,1,1,4,1500,500,v1,0.0001533831544,0.01129912003,0.0002431821308,0.0007049723173,0.001389922146,0.01819592395,0.007244832872,0.001001850538,0.0001756742302,0.0002459516257,0.007505446956,0.01390747908,0,0.0002577280617,1.101723576e-06,0,0.00145161677,0.01900358838,0.03863656481,0.001046319786,0.0001834719011,4.070171944e-06,0.007838592036,0.01452479185,0.0008452667886,7.866370489e-05,3.362678387e-07,0.0004743396981,0.003601793528,7.751858754e-05,0.0117926442,0.002309418086,5.599925514e-05,1.242297026e-06,7.840141281e-05,0.004433253918,0.01264594698,0,5.030867551e-06,0.007096546029,0.0007314917082,0.001159747385,0,0.003362047198,0.08677724448,1.858587435e-05,0.001172955241,0.03579384082,0.02864566352,0,0.002665873132,0.01607513222,0.001656978744,0.1220629591,0,0.007615726442,0.01501515248,0.3996467416,0.07826500972,0.01082286417,-0.319643321,0.0007729916311,0.01832973986,0.0004272120258,0.002297549321,0.02505058615,-0.00131092686,0.02457969459,0,0.003496919248,6.059858031e-06,0.01293678809,0,0.5234421527,2.034737071e-05,-0.5069753973,0,0.0385531313,9.836965131e-07,0.002421796305,0.02634776162,-0.003304732576,0.01293678809,0.001439227933,0.1606713451,0.00124605929,0.02457969459,0.006037885745,0.1030038015,0.001246726572,-0.5774822789,0.001226625558,0.01183325233,5.346630733e-07,0.005896249582,0.0001433636233,0.003782832496,0,0.006037885745,0.01801092404,0.07442071693,0,0.001439227933,0.01301760942,0.03077071806,0.004769135441,0.0146053046,0,-1.912317875e-05,0.002600270646,-0.002232432891,-0.1215259711,0.5234421527,0.1030038015,0.01301760942,9.468187934e-05,0.003496919248,0.1606713451,0.01801092404,0.001154558535,0.09853691078,-0.04084291857,0,-0.4016790969,-0.008358004743,-0.2000094206,-0.02540503462,2.034737071e-05,0.001246726572,0.03077071806,0.001154558535,6.059858031e-06,0.00124605929,0.07442071693,9.468187934e-05
1,1,1,1,1,1500,500,v1,0,0,0,0,0.04194827836,0,0,0.1692990256,0,0,0,0,0.04025881935,0.4158723224,0,0.0003142378811,0.02145836325,0,0.0003176104101,0.08660379241,0,0,0,0,0,0.08897732154,0,0,0,0,6.795384561e-05,0,0,0,0,0,0,0.003816147925,0,0,0,0,2.978672145e-05,0,0,0,0,0,0,0.009339825596,0.09648010109,0,0,0,7.290146737e-05,0,0.004978222749,7.368387562e-05,0,0.02009160552,0.1316336166,0,0,0,-0.208551575,0,0,0,0.04047294547,0.3447229065,0,0,0.0003165575703,0.000263118853,0,0.01458313893,-0.04026131228,-0.4150883581,0,0.1066648865,0,0,0,0,0,0,0,0,0,0,-0.3187859471,0,0.08879526318,0,0,0,0,0.0003165575703,0,0.0232221588,0,0.04047294547,0,0.092154779,0,-0.03099322838,0,0.003800226378,0,0,0,0,0.000263118853,0,0.092154779,0,0.3447229065,0,0.0232221588,0,-0.4646408714,0,0.0092680839,0.09630241091,0,0,0.02496873007,0,0,0,0,0,0,0,0
1,1,1,1,0,1500,500,v1,0,0,0,0,0.0002179896659,0.03566837537,0,0.01071235491,0.003121377932,0,0.02027393776,0.001500594928,0,0,0,0,0.001777710247,0.290876341,0,0.0873594765,0.02545490178,0,0.1653343829,0.01223738276,0,0,0,0,0,0,0,0,0.001914817184,0,0,0.0009205437524,0,0,0,0,0,0,0,0,0.0923088447,0,0,0.05246843324,0,0,0,0,0,0,0,0,0.003945878171,0,0,0.1939066572,-0.451453553,0,0,0,0.01089874653,0.05558748663,0.004606299625,0,0,0,0,0,0,0,0,0.02979716359,0,0,0,0.08159429821,-0.4542646543,-0.0374878285,0,0,0,0,0,0,0,0,-0.03288152888,0,0,0,0,0,0.002745632055,0,0,0.003163448183,0.2432315175,0,0,0.1401536073,0.1387891143,-0.3986771683,0,0,0,0,0,0.143996747,0,0,0.1401536073,0.0305388931,0,0,0.003163448183,0.01466495216,0.09249304472,0,0,0,0,0,-0.1880377477,0,0,0.1387891143,0.01466495216,0,0,0.2432315175,0.0305388931
1,1,1,1,3,1500,500,v1,0,0,0,0,0,0,0,0,0,0,0,0,0,0.05654409586,0,0,0,0,0.01502029101,0,0,0,0,0,0,0.6131619338,0,0,0,0,0.1628794402,0,0,0,0,0,0,0,0,0,0,0,0,0,0,0,0,0,0,0,0.1204089749,0,0,0,0,0,0,0.03198526419,0,0,0,0,0,0,0,0,0,0,0,0.6544389889,0,0,0,0.1740674722,0,-0.6237855837,0,0.07144794314,0,0,0,0,0,0,0,0,0,0,0,0,0.223324209,0,-0.7756618496,0,0,0,0,0,0,0,0,0,0,0,0,0,0,0,0,0,0,0,0.1740674722,0,0,0,0.6544389889,0,0,0,-0.7042139067,0,0,0.1518762659,0,0,0,0,0,0,0,0,0,0,0
1,1,1,1,3,1500,500,v1,9.359750788e-05,5.22614812e-06,2.467085618e-06,2.712811766e-05,5.401245905e-07,0,7.1814955e-06,2.828790206e-07,2.241676742e-05,5.455978747e-07,0,1.436279979e-05,0.0005065045446,0.0007660260033,5.197341762e-05,0.0001523461134,0.0003401996123,0,0.004054857777,0.0001781724714,0.01411928974,0.0009067146729,0,0.00904646633,0.002372297277,8.067248858e-05,5.473475993e-06,4.212773152e-05,0.0003466598307,0.0001636462387,0.0004270291952,0.0004763615492,0.001486944614,9.548883299e-05,3.619049108e-05,0.0009527104152,0.1803614457,0.004055457791,0.000416138421,0.003202894778,0.4720203135,0.01244172578,0.001219798004,0.1368094396,0,0.007259842234,0.002751497189,0,0.0284984597,0.0006407927148,0.0009691203911,0.0005060813713,0.07458274595,0.00416443222,0.0001927372235,0.02161691645,0.0004303958089,0.005129911175,0.005722541835,0.0002254108534,-0.5573992202,0.000120697681,1.229877689e-05,2.981680979e-06,6.163107227e-07,0,3.658964063e-05,0.2240594365,0.004318469196,0.0003661265153,0.0005373732076,0.003979520689,0.001321007643,0.002063255734,0.009287617329,-0.01289468467,0.0005641171319,0.001737786329,0.0008826103945,-0.0001436577772,0,-0.02311173629,0.003979520689,0.5958879311,0.005653163488,0.01831442442,0.2240594365,0.1726336649,0.00776872696,0.004026649361,-0.2110978411,0.00241039474,0.0004728596284,9.951084246e-05,0.0008097370141,0.0001926633338,0.002420611726,0.001321007643,0.1726336649,0.0004169137576,0,0.004318469196,0.5958879311,0.0001557814984,0,0.1300153035,-0.1833763192,-0.005102473915,-0.00753211493,-0.608492097,-0.0150896942,0,0.002063255734,0.00776872696,0.0001557814984,0.01888205565,0.0003661265153,0.005653163488,0.0004169137576,0.01209974674,-0.790986039,0.02893995328,0.000778705559,-0.003830234125,0.09602366888,-0.00976996278,-0.0002387553707,0.009287617329,0.004026649361,0,0.01209974674,0.0005373732076,0.01831442442,0,0.01888205565
1,1,1,1,4,1500,500,v1,0,0.002478368149,0,0,0,0,0.0002767819655,0,0,0,0,0,0,0.0118032611,0,0,0,0,0.03545413896,0,0,0,0,0,0.01544379835,0.02203426773,0,0.03334463224,0.02324957607,0,0.06618560612,0.002596492116,0,0,0,0,0.10702932,0,0,0.2310865004,0,0,0,0,0,0,0,0,0.04258118377,0,0.06075223091,0.09193683323,0,0.0641030431,0,0,0,0.1824849946,0.007158971224,0,-0.04523315032,0,0.002721397006,0,0,0,0,0.07315901516,0,0.04013179204,0,0.1570205953,0,0.1206796821,0,-0.1540028104,0,0.04679516096,0,0,0,0,0.1570205953,0,0.05735254395,0,0.07315901516,0,0.006415085975,0,-0.4648020563,0.04868213314,0.08742838107,0,0.02551906602,0,0,0,0,0,0,0,0,0,0,0.1814062739,-0.3348593472,0,0,0,0,0,0.1206796821,0.006415085975,0,0,0.04013179204,0.05735254395,0,0,-0.1237132088,0.1327241409,0,-0.2414311913,0,-0.07075221637,0,0,0,0,0,0,0,0,0
1,1,1,1,4,1500,500,v1,0,0.003741749117,0,0,0.0001469991582,0,0.0005714709495,0.0001910736601,0.0004444526743,0,0,0.0001623027483,0.009372016571,0.01735840649,0.02708525263,0.04160981095,0.002702865659,0,0.004590464505,0.003513261168,0.008172127547,0.08318042289,0,0.00298425195,0.05454783867,0.0204330663,0.03188280922,0.0471461443,0.08098563041,0,0.005403564296,0.01236879696,0.009619640146,0.09791400474,0,0.003512846526,0.07680776501,0.01553403639,0.04489357193,0.06638558119,0,0,0.0689679017,0,0,0.1378708314,0,0,0.003766119636,0.0007616813155,0.001410750162,0.003255088087,0,0.005591451108,0.00338170716,0,0.0002196669473,0.000373075636,0.0008539727742,0.000285529306,-0.104332258,0,0.004178532182,0,0.0003093836036,0,0.0004933489307,0.04072176576,0.01120885669,0.02993892489,-0.02100401103,0.03729974887,0.04423849877,0.007179432266,-0.07216023797,-0.1211781722,0.03443604266,-0.007675149275,0.08654921295,-0.006150560125,0,-0.002571982523,0.03729974887,0,0.1071279904,0,0.04072176576,0,0.01641404923,0,-0.1335600666,0.05434867219,-0.01874700982,0.09172506847,-0.09285707295,0,-0.009567503708,0.04423849877,0,0.003480090854,0,0.01120885669,0,0.00453515362,0,0.2779509393,-0.1132153207,-0.07544058363,-0.116164782,0,0,0,0.007179432266,0.01641404923,0.00453515362,0.01325473183,0.02993892489,0.1071279904,0.003480090854,0.004214474125,-0.2208130658,0.0068523054,0.004039637284,0.00167658768,0,0.00631718086,0.0004976801906,-0.07216023797,0,0,0.004214474125,-0.02100401103,0,0,0.01325473183
1,1,1,1,3,1500,500,v1,0.005124612317,0,0,0.006836753376,0.1371553249,0.01295078206,0,0.002111552361,0,0,0.0271567569,0,0.01415174574,0.01484063791,0.03683937223,0.01712254459,0.1530819731,0.0144546431,0.05425203148,0.002356748466,0,0.01157312511,0.03031023353,0,0.0007823565113,0.0008306886519,0.002062044007,0.001693444049,0,0,0.003036698771,0,0,0.0006477931578,0,0,0.01903932718,0.01927714088,0.05018163706,0.04121143602,0.007791211579,0,0.023323886,0.01039426766,0.01968973981,0.01576461076,0,0.04128781373,0.009039007075,0.00915191021,0.009597415619,0.01956531647,0.003698913093,0,0.01107312084,0.004934725792,0.09899785498,0.03508469768,0,0.001524105277,-0.01208825547,0.0001442661739,0,0,0.02533742493,0.01758654974,0,0.02296634438,0.009781824068,0.01080353532,0.06643793368,0.05002838088,0.009753988639,0.04860158386,0.01908186903,0.05252810173,-0.004311150445,-0.05997086516,-0.01197225367,-0.06320987281,0.01910989304,0,0.05002838088,0.006451774252,0,0,0.02296634438,0.009799761227,0,0,-0.1519262326,0.00157179178,0.002602311747,0.002472364217,0,0,0,0.009753988639,0.009799761227,-0.07115422884,0.00171231066,0.009781824068,0.006451774252,-0.000879169762,0.00759957443,0.04645147109,-0.05274802868,-0.02430517458,-0.04751331238,-0.01472309674,0,-0.04290436617,0.04860158386,0,-0.000879169762,0,0.01080353532,0,-0.07115422884,0,-0.1896123937,0.002513086726,0.01559244991,0.01776514068,0.003744473583,0,0.08589471355,0.01908186903,0,0.00759957443,0,0.06643793368,0,0.00171231066,0
1,1,1,1,2,1500,500,v1,0.01600428251,0.002170328192,0,0.05154392448,0.001234171437,0.001195038764,0.00474169501,0.0002195022616,0.02965226974,0,0.004951654608,0.184070916,0.0753784478,0.002533172881,0.04183584553,0.03510375032,0.001267003957,0.001226830242,0.004054067076,0.0002253416549,0.03044110565,0.1621731387,0.005083382904,0.1889677333,0.0003809264366,0.0003359594404,0.005548435861,0.0005425512362,0.0002954948466,0,0.0005376664644,0.0006455919639,0.004037220238,0.02150804525,0,0.02506165071,0.0006792859166,0.01782710022,0.009894231477,0.0009675028518,0.003885726282,0,0.008302082268,0.01251449929,0.000290146936,0.03835415668,0,0.001202226619,4.431224891e-05,0.001162925482,3.908134726e-05,6.311367002e-05,0.0002534798176,3.437419915e-05,0.0005415745078,0.0008163655302,1.9547115e-05,6.254543636e-05,7.510014808e-05,3.47653156e-06,0.02272103499,-0.06680586798,-0.006611226811,0,-0.000463889678,-0.001122712346,-0.01439900143,0.0004329050895,0.08456608906,0.003215786617,0.04011069368,0.0005765703178,0.03969420748,0.005148771578,0.1543549401,0.1149848953,-0.1100934481,-0.006470902355,-0.2023168051,-0.0002622986769,-0.001055277109,-0.02381608542,0.0005765703178,0.01778348334,0.002660951685,0,0.0004329050895,0.05729515567,0.005828511027,0,-0.2084063043,9.946504162e-05,0.0008256058216,0.02683894148,0.0008744534867,0,0.02901966035,0.03969420748,0.05729515567,0.0008720932403,0.0003644266583,0.08456608906,0.01778348334,0.0001944355215,0.001230298186,-0.3518433567,-0.0007217620699,0.02556376701,0.04583410768,0.01577989192,0,0.001114839559,0.005148771578,0.005828511027,0.0001944355215,0.002653203975,0.003215786617,0.002660951685,0.0008720932403,0.01113993604,-0.1482862107,-5.068657748e-05,0.001689483284,6.89244046e-05,0.0009735499843,7.713151829e-05,1.516918006e-05,0.1543549401,0,0.001230298186,0.01113993604,0.04011069368,0,0.0003644266583,0.002653203975
1,1,1,1,2,1500,500,v1,0,1.3300767e-05,1.74116083e-06,0,0.001286744663,0.001649532464,2.199664459e-06,0.0008676978053,4.301988783e-05,0.0001217501661,0.002122201357,0.0002057019296,0.00275408259,0.04982656461,0.03888818619,0.001422511138,0.05925614318,0.07596295882,0.021333259,0.03995853013,0.001981117704,0.02234018607,0.09772993125,0.009472821877,0.002186152076,0.02037297498,0.01590051513,0.01914781138,0.0002504443267,3.278486509e-05,0.008722695522,4.141817419e-05,0.0008100350032,0.009134405622,0.002292472184,0.003873226353,0.007152828025,0.00368440939,0.05202458304,0.06264934785,0,0.0001072681559,0.001903034213,0,0.1016231829,0.02988668228,0.007500694695,0.1307430205,0.002179662514,0.001122740405,0.02031249809,0.01909097137,0,0.0002497008861,0.0005799066221,0,0.02415659808,0.008696802321,4.129522491e-05,0.01628965539,-0.1737601321,0,-6.250592217e-06,0.0001073278576,0.002031825686,0.003760071681,0.0002153211514,0.005140966044,0.003116079721,0.02196689165,0.01547510738,0.05048171229,0.001225122457,0.01369673515,0.01320932446,-0.1631612842,-0.000123182111,-0.06414296241,0.02451693287,-0.09668070371,0.1029309155,-0.01099124043,0.05048171229,0,0.000411590669,0.000120313986,0.005140966044,0,6.41268999e-05,0.008093698219,-0.1508372192,0.01428885978,0.01590015184,0.02257650457,-0.0001446789961,0.001666819669,0.003354336894,0.001225122457,0,0.05682077136,0.05017356961,0.003116079721,0,0.03654761387,0.08811369738,0.1802930668,-0.06091744207,-0.003792973113,-0.06621639201,0,-0.007250155657,-0.1988824987,0.01369673515,6.41268999e-05,0.03654761387,0.001987540304,0.02196689165,0.000411590669,0.05682077136,0.009144833265,-0.1935873549,0.009546796698,0.001022020439,0.0244670594,0,-0.0001662154573,0.03240328789,0.01320932446,0.008093698219,0.08811369738,0.009144833265,0.01547510738,0.000120313986,0.05017356961,0.001987540304
1,1,1,1,3,1500,500,v1,0.003958387245,0,0,0.0003718356732,0,0,0,0,0,0,0,0,0.003363844304,0,0,0.003202242792,0,0,0,0,0,0,0,0,0.05790036449,0,0,0.2688339315,0,0,0,0,0,0,0,0,0.09383187836,0.002728826214,0,0.4356655262,0.003901608162,0,0.00259773143,0.0003665020646,0,0,0,0,0.02145708169,0.0006240165711,0,0.0996261713,0.0008922034445,0,0.0005940383639,8.381016002e-05,0,0,0,0,-0.001870769887,-0.0001158196673,0,0,0,0,0,0.02214019403,0.0009312023978,0,0,0.09896313391,0.001071262633,0,0,0.001809952588,-0.003144929273,0,0,0,0,0,0.09896313391,0.002660242782,0,0,0.02214019403,0.0003196415522,0,0,-0.3984371271,0.3177015747,0,0,0,0,0,0.001071262633,0.0003196415522,0,0,0.0009312023978,0.002660242782,0,0,0.4374219056,-0.5193186713,0.0006198159053,0,-0.002780170021,0,0,0,0,0,0,0,0,0,0,-0.2070381985,0.1208815446,0.001190136684,0,0.0009094001334,0,0,0,0,0,0,0,0,0,0
1,1,1,1,0,1500,500,v1,0,0.01107143897,0.000437031042,0,0.000445214674,0.001374752872,0.003003603507,0.0004265712888,6.585347954e-05,0.001196028232,0.001186419757,5.313423716e-05,0,0.02889142498,9.597597856e-05,0,0.0007150979966,0.002208110113,0.01914710499,0.0006851532347,0.000105772999,0.000426688242,0.001905611924,8.534351799e-05,0,0.2297256154,0.0007631378775,0,0.1413971392,0.005581473126,0.1522451897,0.03836004916,0.0008410373428,0.003392744354,0.01527488621,0.0006785955419,0,0,0.001388132431,0,0,0.01015258721,0,0,0.0319366294,0.006171333656,0.0277847104,0.0275614977,0,0,0.09352404164,0,0,0.0575644641,0,0,0.002314834068,0.061980835,0.01561683415,0.002217900284,-0.1835704815,0,0.0138893907,0.001620448469,0.0007357482334,0.002549933975,0.0001165431138,0,0,0.161732136,0.0008552630019,0,0,0.1076517861,0.004136827507,-0.292553913,0,0.04768117292,0.0004854968422,0.0009465176151,0.004051186129,0.0001756652972,0,0,0.1091761124,0.006425520354,0,0,0.02966276027,0.01727843173,0.2457984693,0,-0.3796059744,0.002820948651,-0.1782403078,0.01823984597,-0.001487531023,0,0,0.001934306565,0.04243257277,0,0,0.001675933898,0.03660900359,0.02976785998,0,0,-0.006634505832,0,-0.03566292915,-0.05929550478,0.1076517861,0.02966276027,0.001675933898,0.000991664238,0.161732136,0.1091761124,0.001934306565,0.000801319681,-0.4945934506,0,0,0.1523355196,0,0.07179166847,-0.004089092826,0.004136827507,0.01727843173,0.03660900359,0.000801319681,0.0008552630019,0.006425520354,0.04243257277,0.000991664238
1,1,1,1,1,1500,500,v1,7.157632528e-06,0.02053183146,0.02664879791,0.005109248105,0.1077530401,0,0.04514466967,0.07074766607,0.05367550513,0.4045552472,0,0.0007411669533,0.005744099376,0.02789782929,0.002480339016,0.005117276626,0.01657545463,0,0.008165567699,0.0108829851,0.008256805559,0.02166014636,0,0.0001140123676,0.004047126592,0.004289262384,0.0003813495569,0.001748647428,0.0004855967921,0.0006302687028,0.001255447584,0.001067713166,0.00126947531,0.003330225088,0.009568105537,1.752928353e-05,0.01350903958,0.002947893782,0.001272919475,0.005836868893,5.650608279e-07,0.00210379504,0.002626205948,0.0004033506824,0,0.01111607,0.03193770035,0,0.01248959175,0.002725433564,0.01323683233,0.005396394702,5.224190082e-07,0.001498570789,0.00242802162,0.000372912177,0.007864644644,0.003874360595,0.003295004802,0.005163708167,0.1011691217,-0.005096723592,-0.06565033677,-0.4311332878,-0.1782263966,0,-0.05415476757,0.003658708364,0.0006713796306,0.01599252362,0.001474878591,0.001654859384,0.0003273890747,0.004643018188,0.01308263453,-0.1762836391,-0.009247302808,-0.03470928853,-0.02199825871,0.02737442835,0,0.008278652768,0.001654859384,9.134976517e-06,0.02782022525,0.03588295339,0.003658708364,0.00652645459,0.06116447466,0.5445490534,-0.5454558122,0.005450390719,0.005499394294,0.003622198762,0.001542621794,0.01018287555,0.001276511303,0.0003273890747,0.00652645459,0.1248615138,0,0.0006713796306,9.134976517e-06,0.0819253721,0,-0.4463207044,-0.006255784889,0.004309796208,0.00867105121,0.0003749360513,0.03399574357,0,0.004643018188,0.06116447466,0.0819253721,0.06598575606,0.01599252362,0.02782022525,0.1248615138,0.0009136492165,-0.2546342622,-0.00273698433,0.004271660787,0.01545286641,0.0003647278335,0.00478458169,0.01299404445,0.01308263453,0.5445490534,0,0.0009136492165,0.001474878591,0.03588295339,0,0.06598575606
1,1,1,1,2,1500,500,v1,1.480075415e-06,0.004304419226,0.0001237192614,7.427053874e-06,0,0,0.02963362951,0,0,0.0005579138045,0,0,0.009785745895,0.005070175555,0.02806350321,0.01614631503,0,0,0.01049456013,0,0,0.004980586744,0,0,0.05991157801,0.005194320056,0.02875064501,0.01338392965,0.02031632948,0.0005839397016,0.01075152203,0.1398670876,0,0.005102537641,0.002633284557,0,0.08479498106,0.01418923665,0.0406918075,0.01894275029,9.887213646e-06,0.0008264705684,0.02341200021,4.961427482e-05,0,0.007221802479,0.00372698102,0,0.08909015027,0.01490797226,0.007724095571,0.01990226837,1.03880364e-05,0.03021093596,0.02459790179,5.212741538e-05,0,0.01598780645,0.2079861734,0,-0.1079990088,-7.141889005e-06,0.03208801017,9.500072454e-05,0,0,0,-0.03976942922,0.006591900268,0.005944510535,0.02881440997,-0.00323734142,0.01155459614,0.01042672354,0.006925395677,-0.03983214125,-0.0002016758674,-0.003424539742,-0.003380000564,0,0,0,-0.00323734142,3.04126372e-05,0.01191786329,0.0009340084503,-0.03976942922,0.0001473669664,0.09624497015,0.004460088482,-0.2517811085,0.06016692546,0.007780962163,-0.002672248195,0.1059176002,-0.001186264371,0,0.01155459614,0.0001473669664,0,0,0.006591900268,3.04126372e-05,0,0,0.03250565263,-0.02322935747,8.50086258e-05,-0.01777428832,-4.98195993e-05,-0.002504800973,0,0.01042672354,0.09624497015,0,0,0.005944510535,0.01191786329,0,0,0.1791259724,-0.00826638762,-0.01198099703,-0.01527057847,-6.155824734e-05,-0.2101141662,0,0.006925395677,0.004460088482,0,0,0.02881440997,0.0009340084503,0,0
1,1,1,1,3,1500,500,v1,0,0.03335574431,0,0,0,0,0.00842244364,0,0,0,0,0,0,0.02513622569,0,0,0,0,0.02751284332,0,0,0,0,0,4.793151708e-05,0.00210096491,0,2.72926795e-05,7.958528692e-05,0,0.002299610097,2.009556697e-05,0,0,0,0,0.02941213219,0,0,0.01674755873,0,0,0,0,0,0,0,0,0.008955051968,0,0.3925235648,0.005099095087,0,0.01486893017,0,0,0,0.4296364725,0.003754457557,0,0.01840962062,0,-0.04128811075,0,0,0,0,0.03035648813,0,0.547887102,0,0.01721029778,0,0.5996970029,0,-0.8176964031,0,0.05264033219,0,0,0,0,0.01721029778,0,0.02738397101,0,0.03035648813,0,0.006933764249,0,-0.8242206225,7.515958737e-05,0.004400097908,0,9.961800805e-05,0,0,0,0,0,0,0,0,0,0,0.01389883449,-0.04561002518,0,0,0,0,0,0.5996970029,0.006933764249,0,0,0.547887102,0.02738397101,0,0,-0.02968292836,0.01382367491,0,-0.8220965014,0,0.01831000261,0,0,0,0,0,0,0,0,0
1,1,1,1,4,1500,500,v1,0,0.02558833138,0.1132772217,0,0,0,0.05848691542,0,0.187213181,0.02736116575,0,0.01403206795,0,0,0,0,0,0,0,0,0.09002528686,0,0,0.006747606849,0,0,0,0,0.007939004232,0.03514525153,0,0.01814607847,0.05808453135,0,0.008489041645,0.004353572148,0,0,0,0,0,0.02399840089,0,0,0,0,0.005796613075,0,0,0,0,0,0,0.09596645492,0,0,0,0,0.2193492749,0,-0.06183891647,0,0.08329663364,-0.1398105143,0,0,-0.195338328,0,0,0,0,0,0,0,0,-0.1338022484,0,0,0,0,0,0.09207278706,0,0,0.09350173253,0.08124321775,0,0,0.2135751208,0.01962242465,-0.4445672993,0,0,0,0.02607723229,0.04326286337,0.0615360797,0,0,0,0,0,0,0,0,-0.09654765103,0,0,0,0,0.02930388935,0,0,0.2135751208,0,0.05797196811,0,0.09350173253,0,0.004622224334,0.1093738659,0,0,0,0,-0.3140917683,0,0,0.01962242465,0,0.004622224334,0,0.08124321775,0,0.05797196811
1,1,1,1,3,1500,500,v1,0,0,0,0,0.06057005512,0,0,0.02812430963,0,0,0,0,0.004850237911,0.01247841235,0,0.007399471079,0.03123535948,0,0.02692618605,0.01450341954,0,0,0,0,0,0.03914494098,0,0,0,0,0.08446779398,0,0,0,0,0,0,0.01659987042,0,0,0,0,0.02532458477,0,0,0,0,0,0,0.032289507,0.08307258125,0,0,0,0.04926052651,0,0.2079432756,0.1792557992,0,0.09655366921,-0.2578255355,0,0,0,0.08753065024,0,0,0,0.01746056291,0.04774077398,0,0,0.02744505919,0.1027390677,0,-0.3974505764,0.01207191196,0.03919815859,0,0.04562864483,0,0,0,0,0,0,0,0,0,0,-0.2182891993,0,0.1179693049,0,0,0,0,0.02744505919,0,0.1742391353,0,0.01746056291,0,0.08120319236,0,-0.0645174493,0,0.03458036793,0,0,0,0,0.1027390677,0,0.08120319236,0,0.04774077398,0,0.1742391353,0,0.3369790383,0,-0.07658936125,-0.257487358,0,0,-0.3034541803,0,0,0,0,0,0,0,0
1,1,1,1,1,1500,500,v1,0,0,0,0,0.002246123232,0.005768012041,0,0.02401956451,0.0001793245867,0,0.007720410136,4.314336355e-05,0,0,0,0,0.05213908735,0.1338924238,0,0.5575643199,0.00416264796,0,0.1792132919,0.001001483609,0,0,0,0,0,0,0,0,0.0001725905048,0,0,4.152322351e-05,0,0,0,0,0,0,0,0,0.01102182677,0,0,0.01475257377,0,0,0,0,0,0,0,0,0.0005183652756,0,0,0.005543288098,-0.8952929473,0,0,0,0.02623617012,0.01346305323,0.0002087650173,0,0,0,0,0,0,0,0,0.0718480629,0,0,0,-0.6092597323,-0.3129086574,-0.005064628297,0,0,0,0,0,0,0,0,-0.00485586328,0,0,0,0,0,0.000158076283,0,0,0.07397310477,0.1755497044,0,0,0.7914885096,0.2350194307,-0.2994456041,0,0,0,0,0,0.02573284807,0,0,0.7914885096,0.005672341435,0,0,0.07397310477,0.00137433906,-0.583023562,0,0,0,0,0,0.006049150032,0,0,0.2350194307,0.00137433906,0,0,0.1755497044,0.005672341435
1,1,1,1,4,1500,500,v1,0.05269041985,0,0.009089578852,0.03673809939,0,0.009169767472,0,0,0,0.007257058428,0.03065135253,0,0,0,0,0,0,0.008472247945,0,0,0,0,0.02831978666,0,0,0,0,0,0,0.0111684723,0,0,0,0,0.008916832931,0,0,0,0,0,0.1972001909,0.03401883473,0,0.1374967258,0.03431895022,0,0.02716040812,0.1147163486,0,0,0,0,0.1488382743,0,0,0.103776651,0,0,0,0,-0.2433154237,0.08916697806,0,0.01594192844,0,0.03938660245,0,0,0,0,0,0,0,0,0,-0.108384554,0,0,0,0,0.03588304809,0,0,-0.001998674064,0,0.0228215546,0,0.001933655423,0,0.01672107857,-0.04233081903,0,0,0,0,0.0159690636,0,0,0.001933655423,0,0.02500447489,0,-0.001998674064,0,0.08374778366,0.3916413259,0,0,0,-0.284417337,-0.05827274746,-0.1477711564,0,0,0,0,0,0,0,0,-0.1952503588,0,0,0,0.1952937047,0,0,0,0.01672107857,0.08374778366,0,0,0.0228215546,0.02500447489,0
1,1,1,1,0,1500,500,v1,0,0,0,0,0,0.035200869,0,0,0,0,0.01839234646,0,0.01008877076,0,0.001897189649,0.04094788262,0,0.1437300297,0,0,0,0.0152531601,0.07509850123,0,0,0,0.009189235708,0,0,0,0,0,0,0.07388026996,0,0,0,0.01459647294,0.002744861394,0,0,0,0.05924355651,0,0.2079491684,0.02206833161,0,0.1086528049,0,0.03183914663,0,0,0,0,0.1292274024,0,0,0,0,0,-0.1034537847,0,0,0,0,0.0528349006,0,0,0.01118314698,0,0.00682831191,0,0.04398809215,0,0.05476717875,-0.3868082041,0.04989289538,0,0.01693087427,0,0.1915210644,0,0,0,0,0,0,0,0,0,0.04126409568,0,0,-0.08232775617,0,0,0,0.04398809215,0,0,0.0478012991,0.01118314698,0,0,0.02812702762,0.07315696874,0,0.06902128838,0.02433322141,0,0,-0.2949748491,0,0,0,0,0,0,0,0,0.1189141838,0,-0.1556950101,0,0,0,0,0.05476717875,0,0.02812702762,0,0.00682831191,0,0.0478012991,0
1,1,1,1,4,1500,500,v1,0.01306161738,0.008149317318,0,0.0459599226,0.007481900811,0.02487648939,0.0008826064925,0.009036671333,0.008293782008,0,0.01077247795,0.003574043852,0.04827599999,0.0110607664,0,0.0439384085,0.008496580369,0.02825018625,0.08880464235,0.01026220558,0.009418567175,0,0.01223341861,0.004058748117,0,0.03286513858,0,0,0.02749816413,0,0.2638675091,0.002978170716,0.02798562996,0,0,0.01205986227,0,0.0137316551,0,0,0.004219109422,0,0.01249786791,0.0148457834,0.008035500332,0,0,0.003479681106,0,0.03000021083,0.006873504928,0,0.009217692353,0.005751041219,0.0273046963,0.03243430081,0.005280039822,0.05518597219,0.0006228627651,0.00637725435,-0.06311952342,-0.04401665195,0.005161785458,0,-0.006124517663,-0.01086447542,0.00815757505,0,0.02505443913,0.02278450839,0,0,0.02899845634,0.1829397812,0,-0.2279294979,-0.07659737099,0.09763875768,0,-0.007031089244,-0.02155135231,0.00834343658,0,0.009706689298,0.02543547653,0,0,0.04735471986,0.002798336816,0,0.1837455059,0,-0.2945794289,0,-0.02863713404,0,-0.03777461101,0.02899845634,0.04735471986,0.004197154885,0.02482394318,0.02505443913,0.009706689298,0.008224503327,0.01175748885,-0.139622285,0,0.02007112512,0,0.01305912916,0,0.00802820635,0.1829397812,0.002798336816,0.008224503327,0.02305654697,0.02278450839,0.02543547653,0.004197154885,0.008853852109,-0.321055396,0,0.02049098223,0.05979114492,-0.00708341661,0.004652806358,0.00487450143,0,0,0.01175748885,0.008853852109,0,0,0.02482394318,0.02305654697
1,1,1,1,3,1500,500,v1,0,0,0,0,0,0,0,0,0.074203959,0,0,0.1915426978,0,0,0,0,0,0,0,0,0.00561547891,0,0,0.0144952371,0,0,0,0,0,0,0,0,0.199408756,0,0,0.5147338712,0,0,0,0,0,0,0,0,0,0,0,0,0,0,0,0,0,0,0,0,0,0,0,0,-0.6927695988,0,0,0,0,0,0.263572771,0,0,0,0,0,0,0,0,-0.4492656881,0,0,0,0,0,0.02006886053,0,0,0,0,0,0,0,0,0.2836416317,0,0,0,0,0,-0.7128384591,0,0,0,0,0,0,0,0,0,0,0,0,0,0,0,0,0,0,0.1796720375,0,0,0,0.4641232046,0,0,0,0,0,0,0,0,0,0,0.4641232046,0,0,0,0.1796720375
1,1,1,1,2,1500,500,v1,0.0007537492927,0.001690329026,0.004891076365,0.06104940677,0.02006318016,0.01264687345,0.01213877751,0.01033969375,0.05467204562,0.05483145422,0.03643072768,0.004250132021,0.005278117965,0,0.005561221869,0.02194792049,0.01395274707,0.008795147376,0,0.007190641289,0.03802115208,0.009698577123,0.0253354017,0.002955713731,0.009977049836,0,0.01008414807,0.001164780309,0.002131572898,0.006167844048,0,0.01530748674,0.06894364881,0.01758640279,0.06914466946,0.005359587448,0.003994305506,0.003831662266,0.004037182217,0.0004663190502,0.0003805353401,0.002469292411,0.01593314498,0.03082119877,0.006384858116,0.007040705085,0.0276820241,0.018392295,0.01336633395,0.01282207316,0,0.001560465553,0.001273403456,0.002855685364,0.05331783869,0.1031384391,0.03389525297,0,0.02050756316,0.01746814476,-0.1574025701,0.028013344,0.007086977756,-0.006650121186,0.004159590085,-0.03794034142,-0.005175873571,0.01638779545,0.009263482972,0,0.01018142091,0.001935235209,0.04191875836,0,0.01859472162,-0.1833237345,0.0110291185,0,-0.001273885249,0.01195609771,3.91593921e-05,0.02691351123,0.001935235209,0.0005998262558,0.002259370569,0.005679318349,0.01638779545,0.05111408903,0.01992127014,0.05025840155,0.02101673972,-0.002617885385,0,-0.02318217265,-0.003738419602,-0.05321898033,-0.04764610083,0.04191875836,0.05111408903,0.02522056375,0.01181116395,0.009263482972,0.0005998262558,0.01376473845,0.03237205452,-0.2494979784,0.002569694748,0.01467825304,0.005271962892,0.02921089764,0.02257728826,0.00844570308,0,0.01992127014,0.01376473845,0.03614038946,0,0.002259370569,0.02522056375,0.002722305286,0.1023476684,-0.01216716313,-0.05982886578,0,-0.09170018513,-0.01813565195,-0.04210588925,0.01859472162,0.05025840155,0.03237205452,0.002722305286,0.01018142091,0.005679318349,0.01181116395,0.03614038946
1,1,1,1,3,1500,500,v1,0.002886595592,0,0.002805519039,0.01031234478,0.03222408797,0.0006917728752,0,0.0005238931791,0.03219710916,0.004075891258,0.009219492502,0.01861713125,0.1974486715,0.0151185828,0.002760522728,0.0008774477998,0.05044481964,0.001082927714,0.01268112615,0.0008201224176,0.05040258598,0.01102922966,0.01443254614,0.02914396922,0.008033153247,0.008306334249,0.00151666494,0.06087587819,0,0.002412945317,0.006967165759,0,0.02769179702,0.006059593631,0.003505555508,0.01601205304,0.01128245078,0.1523596379,0.002130134582,0.08549931493,0.003486884798,0.003388947768,0.0006770753536,0.01245687423,0.0008356322337,0.00851061405,0.004923503419,0.01113675512,0.00214532288,0.02897071067,0.002218278224,0.01625742848,0.0006630202856,0,0.00012874377,0.002368635841,0.007401530047,0.001860641725,0,0.0001203326875,-0.1012907894,-0.002643586478,0,-0.001366531268,0.00378128503,0.002265999083,0.01664414174,0.009345404526,0.06133235495,0.01423212201,0.001753394711,0.07901725479,0.0003838562557,0.01177885496,0.006317380408,0.1538872393,-0.1393815312,-0.02569830336,-0.01124883177,-0.04205740675,-0.006437876783,-0.0551343709,0.07901725479,0.004661633305,0,0.004469803915,0.009345404526,0.01495724334,0,0.006516882702,-0.1300573527,-0.003596674142,0.004702149564,0.002663028346,0,-0.001155445676,0.01451460201,0.0003838562557,0.01495724334,0.04683394884,0.00026008937,0.06133235495,0.004661633305,0.0007149832317,0.009536196367,-0.1140646398,-0.07193181557,0.07057466457,0.003205286672,-0.01298969865,-0.004802480804,-0.002358979452,0.01177885496,0,0.0007149832317,0.02000011519,0.01423212201,0,0.04683394884,0.01596332552,-0.2192409168,0.01662005017,0.02766272573,0.003655502451,0.002554034035,0,0.006576833692,0.006317380408,0.006516882702,0.009536196367,0.01596332552,0.001753394711,0.004469803915,0.00026008937,0.02000011519
1,1,1,1,3,1500,500,v1,2.023841487e-05,0.002984057935,2.011554183e-05,2.259480506e-05,3.270842848e-05,0,0.01828503863,8.835234471e-05,1.267751421e-05,2.436782491e-05,0,2.421452115e-05,0.01925749432,0.02885337286,0.003315713975,0.01219094959,4.784320929e-05,0,0.00171761255,0.0001292345709,1.854362908e-05,0.03878143326,0,3.541901758e-05,2.226142481e-05,0.1384248997,0.01590723472,6.798827035e-05,0.02094042568,0.0001411594607,0.008240296417,0.1283140277,8.896360258e-05,0.1860550597,0.000170999571,0.0001699237722,1.75551455e-05,0.07285659727,0.0125442923,5.361489609e-05,0.0001119969577,0.000111316993,0.04612184171,0.0001250369381,0,0.1467212306,0.000134848617,0,4.809507178e-06,0.0199602064,0.0299062416,1.468864087e-05,3.068332142e-05,0.004524109687,0.01263580121,3.425582837e-05,4.958902319e-05,0.001780288777,0.02772182116,0.0001339503814,-0.1168339966,-1.41030296e-05,0.01999840472,2.880387852e-05,-5.546046752e-05,0,2.178103542e-05,1.85503197e-05,0.05431695716,0.1198322219,0.00202540948,6.097334107e-05,0.03229750306,0.007177340595,0.02969934802,-0.2623190425,0.02706004186,0.02965714727,0.04173036591,-0.0001394496389,0,3.392024932e-05,6.097334107e-05,0.000132044102,0.02023367628,0.0001515369064,1.85503197e-05,0.0001531941526,0.1238128658,0.0001817933025,0.2516108574,-6.14036071e-05,-0.1447685889,-0.1614951023,-0.1471351962,-0.0002240095566,-0.0002482998853,0.03229750306,0.0001531941526,0.0001126158626,0,0.05431695716,0.000132044102,0.0002152337607,0,-0.06803183317,-6.633412548e-06,-0.1097220148,0.09861489817,-0.0001856090226,-2.701446102e-05,0,0.007177340595,0.1238128658,0.0002152337607,9.985154394e-05,0.1198322219,0.02023367628,0.0001126158626,0.0001890463569,-0.3253728631,1.502124584e-05,0.02491899939,0.03043839985,9.553215664e-06,0.0311057635,-2.365630932e-05,0.02969934802,0.0001817933025,0,0.0001890463569,0.00202540948,0.0001515369064,0,9.985154394e-05
1,1,1,1,4,1500,500,v1,0.007271884177,0,0.0222309903,0.007761535066,0.05206245058,0.0005149457967,0,0.07880121054,0.003004812255,0.05611979435,0.001168281989,0.0001315220961,0.006570378357,0.02763942096,0.004599518223,0.009976187854,0.01370966894,0.000135601308,0.001761320237,0.02075081938,0.0007912608951,0.0003206146191,0.0003076451284,3.463387481e-05,7.097639378e-05,0.01658674217,0.002760225078,0.0009458871368,0,0.003513122745,0.001056989027,0,0.000474844986,0.0001924046105,0.008868508479,2.078419634e-05,3.379802254e-05,0.001877586242,0.001314382775,0.0004504189783,0.0005472160531,0.001672902713,0.002850848467,0.0005840627383,3.875015052e-05,9.162053769e-05,0.004223066762,8.79143071e-05,0.0008741417561,0.04856131844,0.2042814965,0.0116494992,0.01415302925,0,0.07373347605,0.01510602069,0.101327437,0.01301782459,0,0.153368207,-0.2236887005,0.01138373955,0,-0.07808158209,0.1282159756,-0.001575212218,-0.002870520072,0.0011520964,0.06007554211,0.239712986,0.003499626585,0.01533104668,0.09110891661,0.01529541374,0.0003468948737,-0.4433378189,0.01633404877,0.02917883769,-0.003202069143,0.03432419944,0.0002862257363,0.0004165691465,0.01533104668,0.01009771906,0,0.02557545935,0.0011520964,0.01079491381,0,0.06449572224,-0.2766139984,0.0009591746268,0.01745398482,-4.495493354e-05,0,0.01218567844,0.0004090072648,0.09110891661,0.01079491381,0.05334598739,0.000570122824,0.06007554211,0.01009771906,0.08072340047,0.001253708804,-0.2023550125,0.0004648682892,0.00470772515,0.0006826764405,0.001043682129,0.005848449293,7.309872902e-05,0.01529541374,0,0.08072340047,0.002942119154,0.239712986,0,0.05334598739,0.0001252963425,0.2440662356,-0.01241280497,-0.1218314132,-0.2166384229,-0.02635584362,0,-0.2519197671,0.0003468948737,0.06449572224,0.001253708804,0.0001252963425,0.003499626585,0.02557545935,0.000570122824,0.002942119154
1,1,1,1,4,1500,500,v1,0,0,0,0,0,0,0,0,0.04499864443,0,0,0.5149704717,0,0.001901496582,0.0002122214847,0,0,0,0.003078893176,0,0.01226354583,0.006868804989,0,0.1403456495,0,0.003070052593,0.0003426412255,0,0,0,0.004971012867,0,0.01980005171,0.01108999762,0,0.2265944253,0,0,1.977612666e-05,0,0,0,0,0,0,0.0006400782546,0,0,0,0,0.003372119156,0,0,0,0,0,0,0.005460117443,0,0,0.3983817214,0,0,0,0,0,-0.5591087189,0,0,-0.002100175126,0.0002274341243,0,0,-0.003144940446,0.005754278344,-0.3246524258,0,0.004822721276,0.006144966465,0,0,0.1524666838,0,0,0,0,0,0,0,0,-0.3984751519,0,0.002117140502,-0.01077507742,0,0,0.2459150371,0,0,0,0,0,0,0,0,-0.004630110948,0,0,0.0006423026405,0,0,0,-0.003144940446,0,0,0.01939819116,-0.002100175126,0,0,0.2216923039,0.006939861779,0,0,-0.00344311806,0,0,0,0.005754278344,0,0,0.2216923039,0.0002274341243,0,0,0.01939819116
1,1,1,1,0,1500,500,v1,0,0,0,0,0.01025240027,0,0,0.009773987223,0,0,0,0,0.02025777605,0.04610957775,0,0.02868998716,0.008321333139,0,0.006403341144,0.007933030473,0,0,0,0,0,0.3008474982,0,0,0,0,0.04177937117,0,0,0,0,0,0,0.007832679119,0,0,0,0,0.01109299771,0,0,0,0,0,0,0.08616732353,0.1961290763,0,0,0,0.1220340969,0,0.03539514916,0.02723688754,0,0.03374348703,-0.05275056314,0,0,0,0.01991795182,0,0,0,0.0870693618,0.08996551789,0,0,0.1233299172,0.01319600896,0,-0.3591733992,0.04889002032,0.05224295143,0,0.01616728447,0,0,0,0,0,0,0,0,0,0,0.2515574719,0,-0.3203318218,0,0,0,0,0.1233299172,0,0.0252137701,0,0.0870693618,0,0.02403514694,0,-0.1591636102,0,0.01889742429,0,0,0,0,0.01319600896,0,0.02403514694,0,0.08996551789,0,0.0252137701,0,-0.1642161903,0,-0.2080536307,0.1993145204,0,0,-0.06891784763,0,0,0,0,0,0,0,0
1,1,1,1,4,1500,500,v1,0.0004806274052,0,0.09224915462,0.003159481127,0,0.006097424921,0,0,0,0.1310300525,0.003800424555,0,0,0,0,0,0,0.01443794465,0,0,0,0,0.008998933172,0,0,0,0,0,0,0.2158384178,0,0,0,0,0.3065753754,0,0,0,0,0,0.0004078680911,0.07828410572,0,0.002681186137,0.005174372156,0,0.1111941949,0.003225100965,0,0,0,0,0.002160822635,0,0,0.01420451322,0,0,0,0,-0.3584846945,0.003572617305,0,0.2223215093,0,0.008986483854,0,0,0,0,0,0,0,0,0,0.01671593054,0,0,0,0,-0.02181449654,0,0,0.001900760547,0,0.06715326762,0,0.01251269723,0,0.096191553,0.4111373526,0,0,0,0,-0.5200339011,0,0,0.01251269723,0,0.004573511961,0,0.001900760547,0,0.003074337012,-0.3232239575,0,0,0,0.003074583398,0.188815844,0.007729446703,0,0,0,0,0,0,0,0,0.006647200701,0,0,0,-0.01625617256,0,0,0,0.096191553,0.003074337012,0,0,0.06715326762,0.004573511961,0
1,1,1,1,0,1500,500,v1,0,0.002325098627,0.02587608413,0,0.0003735392219,0.0001585782061,0.0006437626902,9.196083628e-05,0.0004194147219,0.006703036811,0.0008846464361,0.0001793712721,0.1644734946,0.009891427744,0.01997622474,0.1896553092,0.001717841465,0.0007292733984,0.006628391925,0.0004229117813,0.001928814855,0.02446168173,0.004068334035,0.0008248970679,0.001052780355,0.005380636245,0.01086645949,0.0001662874095,0.005816515655,0.06473215659,0.003605643873,0.001610450293,0.001049216694,0.01330641185,0.01676845795,0.0004487189491,0.001278101917,0.1086171202,0.01319215602,0.0002018771112,0,0.07858647153,0.1252470105,0,0.0004816069392,0.01615431975,0.02035733108,0.002686698715,0.000228845221,0.01944798653,0.001169600938,3.614626621e-05,0,0.00126434902,0.02242558235,0,0.0002031242648,0.0007837668748,0.0003500671829,5.000673601e-05,-0.07392845444,0,-0.0005492529146,0.0293611376,-9.265552736e-05,6.085052291e-05,0.0001963658882,0.0008889020532,0.05979911449,0.01050738351,-0.002149030848,0.0001750139496,0.06611662758,0.007338768806,-0.005401233308,0.2782244173,-0.324911908,-0.01390053754,-0.02992324583,-0.001872962632,-0.00227664881,-0.001710254868,0.0001750139496,0,0.008400412319,0.04011764988,0.0008889020532,0,0.002303313955,0.008261556806,-0.04546322781,-5.580023553e-06,0.0002285529417,0.01130955743,-0.006451792796,-0.008093223429,-0.0006657699554,0.06611662758,0,0.002101839712,0.0002966480928,0.05979911449,0,0.0005233193376,0.002153784047,-0.2824794371,-0.0008974447209,0.199162204,0.02364719782,0,-0.0535207186,0.0005821768609,0.007338768806,0.002303313955,0.0005233193376,0.002206615816,0.01050738351,0.008400412319,0.002101839712,0.001062872591,-0.1492913789,0.0001937474094,0.04180587578,0.001774549718,0,-0.0001347718113,0.0002155121267,-0.005401233308,0.008261556806,0.002153784047,0.001062872591,-0.002149030848,0.04011764988,0.0002966480928,0.002206615816
1,1,1,1,0,1500,500,v1,0,0.001101055108,4.51475316e-07,0,0,0,0.002786344216,0,0.003479613737,2.048951881e-05,0,0.002470628306,0,0,0,0,0,0,0,0,0.5593866923,0,0,0.397181038,0,0,0,0,0.001825954068,7.487120162e-07,0,0.004620782845,0.005770478527,0,3.397915321e-05,0.004097209824,0,0,0,0,0,5.871643906e-06,0,0,0,0,0.0002664756055,0,0,0,0,0,0,0.004801485664,0,0,0,0,0.01215070136,0,-0.95703938,0,0.003849851341,1.684602065e-05,0,0,0.005948572581,0,0,0,0,0,0,0,0,0.01580580505,0,0,0,0,0,-0.9563768064,0,0,0.002778387708,5.285909198e-06,0,0,0.006993426147,0.0002025604546,-0.9634605366,0,0,0,0.006360325411,1.887492455e-05,0.009857232471,0,0,0,0,0,0,0,0,3.57209452e-05,0,0,0,0,-0.0001742851878,0,0,0.006993426147,0,0.8250560686,0,0.002778387708,0,0.5858004262,0.01021017675,0,0,0,0,-0.01672471933,0,0,0.0002025604546,0,0.5858004262,0,5.285909198e-06,0,0.8250560686
1,1,1,1,3,1500,500,v1,0.0002015543021,0.02515309284,0.170067219,0.0002401957753,0.001126434546,0.05387283524,0.001775889117,0.002544996093,0.09186310101,0.1003423109,0.02035531892,0.01267298567,2.916813371e-05,0,4.19310651e-05,7.976812556e-05,5.963908074e-05,0.00285229744,0,0.0001347448266,0.004863692187,0.0001425434021,0.001077712427,0.0006709712685,2.752293292e-05,0,1.507832329e-07,2.233584625e-05,4.788875317e-06,3.237894888e-05,0,3.381099737e-07,1.748973535e-05,5.125830917e-07,1.91040847e-05,2.412798644e-06,0.008664424225,3.301952298e-05,4.746768448e-05,0.007031490718,1.208034132e-05,0.01019313421,9.030078789e-05,1.439635333e-05,0.00322891762,0.0001613649741,0.006014108118,0.001220014644,0.2318026772,0.0008833840113,0,0.1881161784,0.0003231900223,0.04033269719,0.002415851745,0.0003851511835,0.001806224934,0,0.002847617924,0.004080872179,-0.01610727613,5.860010278e-05,0.02387557518,-0.2697300994,0.002989597401,-0.07383382443,-0.1043568372,0.3330356187,0.001129987505,0,5.859878064e-05,0.2702657148,0.003017616943,0,0.0001699056211,-0.1789688722,8.665827448e-05,0,-7.442813942e-05,0.0001911529181,0.003834735539,0.005496001041,0.2702657148,0.0002771610214,0.02295528598,0.2392472153,0.3330356187,0.0003265685842,0.001963793605,0.1411103523,-0.7715049683,4.968197379e-05,0,3.145867202e-07,5.113591805e-06,5.137023846e-05,1.984571334e-05,0.003017616943,0.0003265685842,0.001010818114,0.07141259512,0.001129987505,0.0002771610214,0.002117511341,0.02697361028,-0.7608854244,0.01561821138,0.0001213362505,-7.822271522e-05,2.549677773e-05,0.01610701811,0.004408285364,0,0.001963793605,0.002117511341,0.1302875644,0,0.02295528598,0.001010818114,0.01797392147,0.04302142396,-0.4178687809,-0.00297306416,0,-0.0004865832846,-0.04049340863,-0.005266303296,0.0001699056211,0.1411103523,0.02697361028,0.01797392147,5.859878064e-05,0.2392472153,0.07141259512,0.1302875644
1,1,1,1,0,1500,500,v1,0,3.567403284e-05,0.04848588714,0,0.0001856551307,0.0002234407744,0.0001093910554,7.480760629e-05,0.005027705876,0.01556892479,0.0002286741431,0.004732141472,0,0.0518028451,0.002021281667,0,0.004906834147,0.005905502409,0.008080510853,0.00197715256,0.1328814279,0.003764075903,0.006043819469,0.12506971,0,0.01316131786,0.0005135380199,0,0.0002395479155,0.3255783625,0.00205297936,0.0007345510788,0.03376059185,0.00095632198,0.1045439268,0.03177590352,0,0,8.182384455e-05,0,0,0.05187556187,0,0,0.0002390616404,0.0001523741924,0.01665735678,0.0002446608767,0,0,0.0002250061534,0,0,4.095315956e-06,0,0,2.131288107e-05,3.509777621e-05,1.255789994e-05,8.587781064e-06,-0.5703140195,0,0.0001406837729,0.06364992514,0.0002590522637,0.0004512390833,0.009749428474,0,0,0.05771505901,0.002130238828,0,0,0.009000490059,0.004008947742,0.09274796094,0,-0.05980797617,-0.005742581518,-0.006830890649,-0.0117144823,-0.2562358925,0,0,0.0002783290472,0.3363215609,0,0,0.0008779368472,0.1080966695,-0.1796192236,0,0.01507311748,0.001417838607,-0.000925913548,-0.4280517708,0.06481229689,0,0,0.006994473765,0.007997802036,0,0,0.002820310975,0.008197220088,-0.3799898322,0,0,0.0002319518552,0,0.06812302533,0.000466561802,0.009000490059,0.0008779368472,0.002820310975,0.1403798293,0.05771505901,0.0002783290472,0.006994473765,0.1321314216,-0.05209192673,0,0,0.0002578259774,0,1.438584613e-05,2.864854568e-05,0.004008947742,0.1080966695,0.008197220088,0.1321314216,0.002130238828,0.3363215609,0.007997802036,0.1403798293
1,1,1,1,2,1500,500,v1,0.1832552265,0.02348327472,0.001069555642,0.0009125961982,0,0.000304039043,0.02440599585,0,0.008854719686,0.00437076839,0.001344206925,0.002871142967,0,0,0.001242591624,0,0,0.0003279156171,0,0,0.009550092124,0.00016701939,0.00144976921,0.003096617489,0.0006756994622,0,0.0001413057023,0.0008965971085,0.00288020015,0.0001311799294,0,0.002993370972,0.00108602251,1.899320078e-05,0.0005360703701,0.0003521428123,0.01451579031,0,0.003035615773,0.01926124905,0.4828447262,0.002818087708,0,0.002404527663,0.0008010884672,0.0004080235895,0.01151619251,0.003541744687,0.004104426505,0,0,0.005446233336,0.1365272334,0.01749530745,0,0.0006798945739,0,0,0.01818274521,0,-0.3441915159,0.1822579575,-0.03356630026,0.003447561487,0,0.001164608029,-0.007536048827,0.01473461791,0,0,0.004053904026,0.01986765125,0,0,0.0006008279669,-0.01170783647,0,0,-9.298129508e-05,0,0.0001841905226,-0.003654708579,0.01986765125,0.2450079113,0.009744132849,0.003242319074,0.01473461791,0.00149995766,0.00962546174,0.0102635593,-0.06734613131,0.001534331432,0,0.0001322081056,0.005755264688,0.0006452535993,0.001328059764,0,0.00149995766,0,0.0006720598196,0,0.2450079113,0,0.002786165427,0.3338621761,-0.03291540163,0,-0.003142381471,-0.48287269,-0.01309673402,-0.003654282051,0,0.00962546174,0,0.01123318151,0,0.009744132849,0,0.003560864966,-0.3598068372,0.008312890727,0,0,0.1362761539,0.01489797252,0,0.0006008279669,0.0102635593,0.002786165427,0.003560864966,0.004053904026,0.003242319074,0.0006720598196,0.01123318151
1,1,1,1,3,1500,500,v1,0.0001553010795,0.02385170787,0,0.0001111591836,0.0002145144161,0.02522555592,0.06263404854,0.0001227731338,0.03178422408,0,0.003249137127,0.05124036366,0.003355707647,0.003037956325,0.0003452873771,0.001116552949,2.833068516e-05,0.00333151168,0.02226242787,1.621451399e-05,0.004197707837,0.0005510569723,0.0004291099996,0.00676725899,0.0002893120047,0.0005810135129,6.603670707e-05,0.001477473335,0.0006024552357,0,0.004257721323,0.001582033902,0.0008028176563,0.0001053904379,0,0.001294248007,0.0002743953443,0.0006086941228,6.26319153e-05,0.001401296171,3.720403633e-06,0,0.0002025323089,2.662937256e-06,0.0006043051997,9.9956604e-05,0,7.783655857e-05,0.02220845897,0.04926526171,0.0446003434,0.1134152935,0.0003011145529,0.04624627449,0.01639215302,0.0002155274643,0.000415923783,0.3268354848,0.1214416769,0.0002380458488,-0.1480316804,0.000103579561,0.08515414486,0,0.0001678479187,-0.02782550838,-0.08287966672,0.03243033692,0.06779220731,0.06146738667,0.0002477469414,0.1656582727,0.02256128184,0.4504769407,0.0004137619782,-0.5393653832,0.004433422201,0.0252415605,-0.000596735846,4.061708762e-05,0.003327813225,0.01085770766,0.1656582727,0.0002757059793,0.03265742846,0,0.03243033692,0.0002085941174,0.08569302491,0,-0.6335298287,0.001749858992,0.004800735338,8.235836312e-05,0.002178317169,0,0.002089086019,0.02256128184,0.0002085941174,0.000332983837,0.03167368646,0.06779220731,0.0002757059793,0.0001694698733,0.004056722021,-0.2201193501,0.001673405874,0.0008100577907,7.337153612e-05,6.215260619e-06,0,0.0006774228223,0.4504769407,0.08569302491,0.0001694698733,0.04017134083,0.06146738667,0.03265742846,0.000332983837,0.06472796861,0.1263597602,-0.1354823377,-0.06547913947,-0.3713385173,-0.0004326615531,-0.1662327641,-0.0005434341474,0.0004137619782,0,0.004056722021,0.06472796861,0.0002477469414,0,0.03167368646,0.04017134083
1,1,1,1,2,1500,500,v1,0.0875121197,0.002359395922,0.01362207518,0.1401208515,0.008770118207,0.0676749301,0.001783128601,0.01685657551,0.01818677006,0.05436803795,0.1423985198,0.005378813542,0.005917716935,0.008379694005,0.0005948341247,0.01131981704,0.002599407386,0.02005841985,0.004837523051,0.004996182018,0.005390443242,0.0002765170594,0.04220601769,0.001594246203,0,0.02585139434,0.001835065996,0,0.002157374486,0.01245569562,0.01492378074,0.001630449605,0.01662954206,0.000853056393,0.04971281711,0.004918256828,0,0.002042334549,0.0002052903674,0,0.008951788271,0.001393429085,0.003906718365,0.01433323977,0.006922602808,9.543213202e-05,0.005561414421,0.01456622699,0,0.007974688043,0.01129243698,0,0.03495397897,0.0009423869026,0.01525453322,0.05596689135,0.003502949402,0.006519023747,0.0007122149459,0.006732831839,0.2132542112,-0.2242514566,-0.001957158824,-0.0376395211,-0.02417441593,-0.2072604824,-0.01318911565,0,0.007740892658,0.0126933844,0.001898441837,0,0.01672941545,0.009470741109,0.000971433173,-0.2564487147,-0.004328676459,0.009403692516,0.0002687556885,0.006937531933,0.058403846,0.005883524362,0,0.06590342297,0.0008998386597,0.009340820209,0,0.1065190387,0.001192858889,0.03865517505,-0.02425259434,0,-0.02913966775,-0.002377577027,-0.000386665881,-0.001230881777,-0.003266296519,0.01672941545,0.1065190387,0.004738761741,0.06234356302,0.007740892658,0.06590342297,0.008104180002,0.1292714182,-0.3465850668,0,0.002813948943,0.0001955713316,0.02267341382,0.006873072758,0.02111331544,0.009470741109,0.001192858889,0.008104180002,0.01251310188,0.0126933844,0.0008998386597,0.004738761741,0.003344729823,-0.242409454,0,-0.01479881121,0.00495989155,0.08662973499,0.0009486930049,0.008674922838,0.000971433173,0.03865517505,0.1292714182,0.003344729823,0.001898441837,0.009340820209,0.06234356302,0.01251310188
1,1,1,1,1,1500,500,v1,0,0,0,0,0,0,0,0,0,0,0,0,0,0,0.2358065421,0,0,0,0,0,0,0.7560786634,0,0,0,0,0.001325678503,0,0,0,0,0,0,0.004250591277,0,0,0,0,0.0006034980029,0,0,0,0,0,0,0.001935026736,0,0,0,0,0,0,0,0,0,0,0,0,0,0,0,0,0,0,0,0,0,0,0,0,0.3508160609,0,0,0,1.124839576,0.008114713899,0,0,-0.9918851474,0,0,0,0,0,0,0,0,0,0,0,-0.9893466686,0,0,0.005576232268,0,0,0,0,0,0,0,0,0,0,0,-0.9863089119,0,0,0.002538481633,0,0,0,0,0,0,0,0,0,0,0,0,0,0,0,0,0,0,1.124839576,0,0,0,0.3508160609,0,0,0
1,1,1,1,2,1500,500,v1,0.007247357112,0.002664192257,0,0.02212616475,0.08316570625,0,0.005704882175,0.06966876938,0,0,0,0,0,0,0,0,0.1152796028,0,0,0.09657091155,0,0,0,0,0,0,0,0,0.0007252811596,0,0,0.001553057422,0,0,0,0,0,0,0,0,0.07697021766,0,0,0.2349898992,0,0,0,0,0,0,0,0,0.01077476087,0.003960896924,0,0.0328953204,0.1236437758,0,0.008481538897,0.1035776655,-0.3029621996,0.02934312748,0.007166391557,0,0.139175019,0,0,0,0,0,0,0,0,0,0,0.08276840111,0,0,0,0.0306436787,0,0,0,0.08846545634,0.0009473033264,0,0,0.2700248502,0.001597004438,0,-0.003936526086,0,0,0,0.002240320906,0,0,0,0.2700248502,-0.1043640741,0,0,0.08846545634,-0.065754046,0,0.07284819711,0,0,0,-0.3118417348,0,0,0,0.001597004438,-0.065754046,0,0,0.0009473033264,-0.1043640741,0,-0.1032731968,0,0,0,0.04350506964,-0.01110291764,-0.05640661801,0,0,0,0,0,0,0,0
1,1,1,1,0,1500,500,v1,0.0007409600654,0.001912615254,0.02666859049,0.0002641160123,0,0.0009181810534,0.00355644104,0,0.008577425017,0.01042561661,7.226732696e-05,0.001047608361,0.0719502515,0.04408751427,0.008266483614,0.04861564072,0,0.001129056903,0.0265912811,0,0.01054737613,0.002328794081,8.886474411e-05,0.001288209386,0.004430725256,0.02009406148,0.003767670568,0.01485520116,0.00107193199,0.01494650596,0.01211968617,0.001993219971,0.004807248218,0.001061410066,0.005843073737,0.0005871358147,0.01556414339,0.1151953192,0.01323498109,0.05218298757,0.001458763275,0.05250372083,0.07783564521,0.0005199777387,0.001807666652,0.003728495339,0.02052540662,0.0001422761192,0.01169857326,0.08658496943,0.0530549372,0.03922262134,0.001096459253,0.00283025333,0.05850408689,0.0003908340802,0,0.03199996126,0.005262756886,0,-0.06430067758,-0.0005658613667,-0.002814201351,0.01779162594,0,-6.446563455e-05,-0.005355958187,0.007499531035,-0.05162415215,0.01613907591,0.009835127703,0.02578132066,-0.0399113019,0.01202039694,0.002607767319,-0.09040799775,0.1053345413,0.007864927902,0.00377815991,0,0.0005087105211,-0.005531003612,0.02578132066,0.001891857131,0.004152677288,0.03319585884,0.007499531035,0.0007756312998,0.008415233805,0.01592097001,-0.1559290715,0.01459013596,0.02148757075,0.002620481909,0.0003170818006,0.01564819949,-0.0005881335506,-0.0399113019,0.0007756312998,0,0.001248122643,-0.05162415215,0.001891857131,0,0.0001513131697,0.2830408708,-0.0523919558,-0.1519076717,-0.01469390516,-0.001400455142,-0.06618437801,-0.001377202095,0.01202039694,0.008415233805,0,0.0154075231,0.01613907591,0.004152677288,0,0.001805119921,-0.05948588796,0.01561458537,0.1075967667,-0.04812548057,0.000187990887,-0.005881487849,0,0.002607767319,0.01592097001,0.0001513131697,0.001805119921,0.009835127703,0.03319585884,0.001248122643,0.0154075231
1,1,1,1,1,1500,500,v1,0.0001600202645,0.001141980137,0.0006624040603,0.0001704642241,0.02965727924,0,0.00120596827,0.001761736619,0.001681232631,0.000668833098,0,0.003049305407,0,0.005873391435,0,0,0.06754671328,0,0.007437835159,0.004012489391,0.003829135424,0,0,0.006945025414,0.0001741278682,0.001000200509,0,0.002338566508,0.0004429243857,0.0002569177011,0.00126661514,0.0004677425969,0.0006520769548,0,0.0002594112449,0.001182692833,0.006077714646,0,0,0.08162472822,0.002166297248,0.008967389832,0,0.002307683846,0,0,0.009054423851,0,0.007214439604,0,0.04144015684,0.09689113528,0.002571463382,0.01835117643,0,0.002739293749,0.4765809368,0.05247820769,0.01937944082,0.02831042193,-0.4957550068,0.0003122585278,0.002314300842,0.001312045654,0.03134975535,0,0.0006289837722,0.003927879361,0,0.05172901246,0,0.01577017668,0,0.0655272147,0,-0.5625371068,0,0.01317923103,0,0.07135971464,0,-0.007851185871,0.01577017668,0.001082831765,0.02514872272,0.0120618799,0.003927879361,0.001237398366,0.02653071823,0.01217714968,-0.1552504703,0.002487551357,0.002235967581,0,0.0008921792095,0.0004974014809,0.001291766399,0,0.001237398366,0.5688268711,0,0,0.001082831765,0.03379526862,0,-0.06675994406,0.05248816459,0,0,0.001402369166,-0.01796880022,0,0.0655272147,0.02653071823,0.03379526862,0.003173891637,0.05172901246,0.02514872272,0.5688268711,0.005721761913,0.1780214919,-0.06810775336,0,-0.0935860167,-0.003261447782,-0.03765944061,-0.5044575635,0,0.01217714968,0,0.005721761913,0,0.0120618799,0,0.003173891637
1,1,1,1,4,1500,500,v1,0,0,0,0,0,0,0,0,0,0,0,0,0,0,0.1218997923,0,0,0,0,0,0,0.02555270782,0,0,0,0,0.2107246248,0,0,0,0,0,0,0.04417222265,0,0,0,0,0.4940810793,0,0,0,0,0,0,0.1035695732,0,0,0,0,0,0,0,0,0,0,0,0,0,0,0,0,0,0,0,0,0,0,0,0,0.2432108745,0,0,0,0.05155252836,-0.3417272109,0,0,0.1452182748,0,0,0,0,0,0,0,0,0,0,0,-0.4487833471,0,0,0.2522744111,0,0,0,0,0,0,0,0,0,0,0,0.3974926858,0,0,-0.5940016219,0,0,0,0,0,0,0,0,0,0,0,0,0,0,0,0,0,0,0.05155252836,0,0,0,0.2432108745,0,0,0
1,1,1,1,4,1500,500,v1,0,0,0,0,0.0005040800231,0,0,0.001812140658,0,0,0,0,0.04875212375,0.0001416146508,0,0.1217434529,0.0003979686472,0,2.020482632e-05,0.001430675951,0,0,0,0,0,2.434320729e-05,0,0,0,0,3.47315954e-06,0,0,0,0,0,0,0.02290379903,0,0,0,0,0.05719520228,0,0,0,0,0,0,0.2105897357,0.0006117188254,0,0,0,0.525883174,0,0.001719065874,8.727679346e-05,0,0.006179949657,-0.006036694479,0,0,0,0.002277939345,0,0,0,0.2083144601,0.0006490173472,0,0,0.5202485403,9.151539948e-05,0,-0.6623103401,0.170391628,0.000152544192,0,0.001805061951,0,0,0,0,0,0,0,0,0,0,-0.0005198480592,0,2.615956127e-05,0,0,0,0,0.5202485403,0,0.001233219697,0,0.2083144601,0,0.004404913003,0,-0.5657908723,0,0.08008220925,0,0,0,0,9.151539948e-05,0,0.004404913003,0,0.0006490173472,0,0.001233219697,0,0.2547355429,0,-0.7361825003,-0.0006723922511,0,0,-0.007841756429,0,0,0,0,0,0,0,0
1,1,1,1,2,1500,500,v1,0,0,0,0,0,2.047444037e-05,0,0,0,0,4.850580177e-06,0,0.0001905084856,0,0.04251554641,0.0002222039619,0,0.0007642927703,0,0,0,0.8720914945,0.0001810678727,0,0,0,0.0005330416967,0,0,0,0,0,0,0.01093390934,0,0,0,1.503529935e-05,0.00335540942,0,0,0,1.753676784e-05,0,6.031946848e-05,0.06882715297,0,1.429022786e-05,0,0.0001167231097,0,0,0,0,0.0001361426886,0,0,0,0,0,-0.0008692461895,0,0,0,0,2.492935001e-05,0,0,0.000128726462,0,0.05794345043,0,0.0001532641278,0,1.188503777,0.08387921673,-0.0003503962214,0,-0.9145829291,0,-0.000943016651,0,0,0,0,0,0,0,0,0,-0.8424284996,0,0,0.01146368433,0,0,0,0.0001532641278,0,0,0.00102455044,0.000128726462,0,0,0.0002419248309,-0.9042578464,0,3.252113272e-05,0.07215443014,0,0,7.377046119e-05,0,0,0,0,0,0,0,0,-0.0003178750889,0,0.000129881362,0,0,0,0,1.188503777,0,0.0002419248309,0,0.05794345043,0,0.00102455044,0
1,1,1,1,0,1500,500,v1,0.174447943,0,0,0.0548613712,0,0,0,0,0,0,0,0,0,0,0,0,0,0,0,0,0,0,0,0,0,0,0,0,0,0,0,0,0,0,0,0,0,0,0,0,0.01027453532,0,0,0.003231193709,0,0,0,0,0,0,0,0,0.576031369,0,0,0.1811535878,0,0,0,0,-0.7433938126,0.2292175896,0,0,0,0,0,0,0,0,0,0,0,0,0,0,0,0,0,0,0,0,0,0.58667481,0,0,0,0.1845895269,0,0,0,0,0,0,0,0,0,0,0.1845895269,0,0,0,0.58667481,0,0,-0.5276735255,0,0,0,0.01349730203,0,0,0,0,0,0,0,0,0,0,0.2427148916,0,0,0,-0.7568911151,0,0,0,0,0,0,0,0,0,0
1,1,1,1,2,1500,500,v1,0.06328684086,0.0002287266738,0.009022792379,0.04429107484,0.0006898476114,0.02765222514,0.0003647239845,0.0004515802236,0.006320694081,0.02092745192,0.02635960956,0.003656895469,4.925845297e-05,4.39118756e-05,4.034265111e-05,7.01837798e-05,2.701016037e-06,0.0001082689891,4.477906203e-05,1.7681085e-06,2.474792373e-05,5.422608714e-05,0.000103207907,1.431813801e-05,0,0.009495156882,0.008723375991,0,0.0001936470875,0.007638975534,0.009682670422,0.0003087866236,0.005351295411,0.01172542046,0.01771782909,0.003096040986,0,0.005091632262,0.004170044561,0,0.02561319032,0.003651667475,0.007254592378,0.01792530191,0.01119129499,0.005605115022,0.008469672394,0.01066815292,0,0.0482116674,0.04297870951,0,0.2425262763,0.0008765207384,0.06869231258,0.1697311686,0.002643617064,0.04382746747,0.00139768629,0.001730534635,-0.3519950426,0.1052187293,0.0002053458874,-0.009903117254,0.0007704576652,-0.05104614534,-0.004811990068,0,0.06462829357,0.05096795841,0.01001888357,0,0.09207002323,0.05171856742,0.01239893471,-0.2324890215,0.0001161511635,8.700217426e-05,5.669279296e-05,3.650797255e-06,0.0001937210993,3.070473592e-05,0,0.2314159925,0.0008018055596,0.002399145693,0,0.162296276,0.001360610268,0.002869827034,-0.08998649474,0,0.01689987525,-0.0169119785,0.00043622227,-0.003576064701,-0.001860387801,0.09207002323,0.162296276,0.003111703409,0.02580293942,0.06462829357,0.2314159925,0.002006236815,0.02531559893,-0.5031921922,0,0.01213675595,0.001910073522,0.04292815655,0.009966533475,0.01677339869,0.05171856742,0.001360610268,0.002006236815,0.006305749964,0.05096795841,0.0008018055596,0.003111703409,0.003656759735,0.1788023478,0,-0.1167184519,-0.08544456134,-0.4106217312,-0.002083178708,-0.004186068613,0.01239893471,0.002869827034,0.02531559893,0.003656759735,0.01001888357,0.002399145693,0.02580293942,0.006305749964
1,1,1,1,1,1500,500,v1,0.01937463227,0.04895023177,0,0.02319014313,0.04296784359,0,0.02698713744,0.008606879813,0,0,0,0,0,0,0,0,0.04677487107,0,0,0.009369464696,0,0,0,0,0,0,0,0,0.003518804729,0,0,0.001939979923,0,0,0,0,0,0,0,0,0.0004461955277,0,0,0.0005340662991,0,0,0,0,0,0,0,0,0.08741297775,0.2208498959,0,0.1046275066,0.1938590164,0,0.1217584939,0.03883185926,-0.7044589499,0.04219604366,0.07583900074,0,0.0515035366,0,0,0,0,0,0,0,0,0,0,-0.1810350648,0,0,0,0.05609316212,0,0,0,0.1015950022,0.2525503788,0,0,0.121597296,0.1392250276,0,-0.2666418058,0,0,0,0.005458200366,0,0,0,0.121597296,0.1561329872,0,0,0.1015950022,0.03127986682,0,-0.1497661573,0,0,0,0.0009712919588,0,0,0,0.1392250276,0.03127986682,0,0,0.2525503788,0.1561329872,0,0.2320612345,0,0,0,-0.1919622011,-0.3424808065,-0.2325386014,0,0,0,0,0,0,0,0
1,1,1,1,0,1500,500,v1,0,0.01508414397,0.005833239326,0,0.07644883835,0.00853950262,0.01790056357,0.01857200382,0.002307035997,0.004580638103,0.01633143923,0.002647921814,0.008451238273,4.22812092e-05,0.0007539266988,0.0136683296,0.02547641144,0.002845770935,0.0001717793521,0.006189080446,0.0007688147985,9.600005958e-05,0.005442417102,0.0008824142662,3.20519038e-05,8.449164435e-06,0.0001506591408,0.0002709953997,0.001004510302,0.0003884575095,3.432711646e-05,0.001192066355,0.0001536342686,1.918394257e-05,0.0003050420479,0.0001763351469,0.0009768707042,0.05147187209,0.004591755356,0.00825933675,0,0.01183932047,0.08324632324,0,0.01733203501,0.0005846838804,0.009297002823,0.03314678724,0.00130828638,0.06893435222,0.0003448758245,0.01106142065,0,0.04100184361,0.1114886857,0,0.2078038582,0.001401155426,0.04865745842,0.0504825728,-0.3608736181,0,0.02922655773,0.007321915029,0.09255744777,0.008357589992,-0.003620907223,0.001200860527,0.02355615826,0.0004473508473,0.005528940573,0.007151552386,0.03018666135,0.001815986721,0.0007062440263,-0.2631536416,0.02193805455,0.0001866394153,0.0008194965595,0.03138927719,0.007497880226,0.0001071808499,0.007151552386,0,0.03915806722,0.009351673636,0.001200860527,0,0.04500041591,0.007455038032,-0.08518948912,0.0002813589164,3.782789236e-05,0.0001649472351,0.001982994643,0.0006645476602,-1.654833155e-05,0.03018666135,0,0.1596383305,0.00979153305,0.02355615826,0,0.03876898132,0.02608707102,-0.09952761472,0.002440738549,0.08051643125,-0.005141233528,0,-0.01919093714,-0.03977453962,0.001815986721,0.04500041591,0.03876898132,0.002413119299,0.0004473508473,0.03915806722,0.1596383305,0.002882292762,0.2605573256,-0.00829037274,-0.1382830321,-0.001733359019,0,-0.08731520772,-0.256218266,0.0007062440263,0.007455038032,0.02608707102,0.002882292762,0.005528940573,0.009351673636,0.00979153305,0.002413119299
1,1,1,1,3,1500,500,v1,0.01294068426,0.03401069629,0,0.01223820953,0.009988144609,0.009439389657,0.04752061552,0.02286833716,0.01658748906,0,0.01158348927,0.01208647181,0.001809388632,0.02986595959,0,0.01095258541,0.02270752626,0.02145996047,0.03419357453,0.0519899728,0.03771079196,0,0.0263344592,0.02747796381,0,0.0198077436,0,0,0.05128130391,0,0.02267791045,0.07165155063,0.02501060432,0,0,0.01822397369,0,0.002084595448,0,0,0.0338947295,0,0.01261846642,0.03205478113,0.02472400629,0,0,0.03033991306,0,0.0009267546683,0.0152971103,0,0.01506867859,0.03960348933,0.005609828359,0.01425068738,0.01163061688,0.01751368073,0.05533500914,0.02662885637,-0.2112981895,0.0125877915,0.0371864296,0,0.02117865205,0.01721409082,0.01578115078,0,0.002553220653,0.01698897422,0,0,0.01594117761,0.02647033185,0,0.08740796397,-0.008434829497,-0.05424253529,0,-0.0639878087,-0.02779171292,-0.04957254556,0,0.0235814083,0.0009181239976,0,0,0.02852611229,-0.004979029604,0,0.008241052854,0,-0.0004571447158,0,-0.0678409032,0,0.01393616508,0.01594117761,0.02852611229,0.00760030715,0.02852098626,0.002553220653,0.0235814083,0.01446575692,0.03260860262,0.005724404173,0,-0.006378719609,0,-0.05699125255,0,-0.03017543715,0.02647033185,-0.004979029604,0.01446575692,0.01703107649,0.01698897422,0.0009181239976,0.00760030715,0.012751768,-0.1873803204,0,0.002483950269,0.0257268093,0.009665114003,0.03336174402,0.02809844727,0,0,0.03260860262,0.012751768,0,0,0.02852098626,0.01703107649
1,1,1,1,1,1500,500,v1,0.001048491763,0.008857192441,0.00452440392,0.0003423746165,0.008205986112,0.0007524772903,0.002335199925,0.0001185638943,0,0.002895251771,0.0001011954266,0,0.00503896271,0.02434238737,0.03895871908,0.003816635608,0.4326513039,0.03967351107,0.09548566296,0.006251146756,0,0.0151832924,0.005335414011,0,0.0002773897716,0.005821902214,0.009317650295,0.003486037286,0.1116876254,0.05705193079,0.02283704487,0.02944645679,0,0.003631346518,0.03650861121,0,2.437519969e-05,0.0001059011366,0.0008187741937,0.0003063301667,0.001161800981,0.0050133507,8.021215317e-05,0.0003793746212,0.0008337965878,0.0003190989921,0.003208138078,0.0001121314922,1.083993902e-05,4.709548546e-05,0.0002275104256,0.000136228641,0.00051666661,0.004364569903,3.567129132e-05,0.0001687123721,0.004043674138,0.0008924343978,0.001150719416,5.84248799e-05,-0.698610548,-0.0003654307031,0.01117497967,0.007364724484,0.008284269719,0.0008480877471,0,0.0003603501114,0.007208051305,0.02737415044,0.04309348001,0.004535600798,0.005526075541,0.1072155004,0.01683397559,0.05799529672,-0.0087331479,-0.1193750369,-0.053907135,-0.4382060048,-0.04471721875,0,0.004535600798,0.0004137114748,0.1476300787,0.07110286435,0.0003603501114,0.0002061236471,0.03891580837,0.04552364871,-0.1384024586,-0.003698411993,0.02852994145,0.01284850682,-0.1410495495,-0.09328500289,0,0.005526075541,0.0002061236471,0.6296672369,0.05676443322,0.007208051305,0.0004137114748,0.009096794897,0.007635170252,-0.183083069,0.0003003623204,0.0001669885459,0.001106991178,-0.0003989273036,0.008169269753,0.000936061972,0.1072155004,0.03891580837,0.009096794897,0,0.02737415044,0.1476300787,0.6296672369,0,-0.6633699687,0.0001340823979,7.674145966e-05,0.001118661819,0.0003511345925,0.005510641706,0.004079046834,0.01683397559,0.04552364871,0.007635170252,0,0.04309348001,0.07110286435,0.05676443322,0
1,1,1,1,0,1500,500,v1,0.002930829823,0.005258229534,0.003810135177,0.000498359312,8.386079522e-05,0.0003960075706,0.01382569341,0.004367963323,0.0001433120054,0.007516217776,0.002321855364,0.0004164885724,0.001695563714,0.04447621757,0,0.0007399910951,9.824455962e-05,0.0004639306041,0.002959109791,0.005117154351,0.0001678928136,0,0.002720098911,0.0004879244977,0.01318657621,0.1741691627,0,0.1047002826,0.02412306528,0.01747967429,0.01158789355,0.06342783297,0.0006574693706,0,0.03448198883,0.001910715566,0.01684121963,0.008480061902,0,0.1337178375,0.01717216468,0.02232414458,0.003700934528,0.002919960793,0.002320266828,0,0.04403862974,0.01360409341,0.005694346913,0.002867275374,0.0752113072,0.04521262546,0.00580624593,0.0104170408,0.001251358605,0.0009872960567,0.0001661360196,0.005003989271,0.027389982,0.008653340794,-0.1318732094,0.001787513348,0.01450870257,0.01014837247,-0.003211978402,4.390901839e-05,0.0003163008011,0.0001932470478,0.008551038137,0.08266674173,0,0.02129857061,0.003555120488,0.005631563102,0,-0.1366316881,0.0007710083732,0.04451260133,0,-0.002756154871,0.0002731723276,0.0002609887862,0.02129857061,0.01574889232,0.01471283461,0.01278256007,0.0001932470478,0.002960341564,0.03617517787,0.04009013324,0.05580985587,0.05215067125,-0.177068196,0,-0.0819051017,0.00922284154,-0.002319528029,0.003555120488,0.002960341564,0.000321948101,0.002935040355,0.008551038137,0.01574889232,0.01598760077,0.01809269826,0.1289460231,-0.1153002062,-0.01056917863,0,-0.01825981627,-0.05461967625,-0.01433557374,0.005631563102,0.03617517787,0.01598760077,0.0006757577048,0.08266674173,0.01471283461,0.000321948101,0.001937599963,-0.2953401353,0.04882165664,0.001727397833,0.07369005818,0.003999480343,0.03347105752,-0.004904899309,0,0.04009013324,0.01809269826,0.001937599963,0,0.01278256007,0.002935040355,0.0006757577048
1,1,1,1,4,1500,500,v1,0.006029513886,0,0.06784126934,0.01795777067,0,0.06449524702,0,0,0,0.1975926867,0.1776268878,0,0,0,0,0,0,0.01049942123,0,0,0,0,0.02891654196,0,0,0,0,0,0,0.003356951447,0,0,0,0,0.009777367991,0,0,0,0,0,0.004715473732,0.05305630431,0,0.01404414975,0.05043949628,0,0.1545303886,0.1389158296,0,0,0,0,5.145392959e-05,0,0,0.0001532458313,0,0,0,0,0.3402902001,-0.02221184684,0,-0.2164324385,0,-0.1942866153,0,0,0,0,0,0,0,0,0,-0.06216672123,0,0,0,0,0.03916446834,0,0,0.002551969365,0,0.02470008907,0,0.005868859256,0,0.07133675303,-0.07713237189,0,0,0,0,0.01310781021,0,0,0.005868859256,0,0.009756260826,0,0.002551969365,0,0.02474711831,-0.3804543711,0,0,0,0.01639371196,0.1393000667,0.1321198939,0,0,0,0,0,0,0,0,-0.0058181349,0,0,0,0.000204249228,0,0,0,0.07133675303,0.02474711831,0,0,0.02470008907,0.009756260826,0
1,1,1,1,4,1500,500,v1,0.001558015457,0.01073533663,0.002574964017,0.00267102104,0,0,0.006674223145,0,0,0.01154541516,0,0,0.003237074407,0.03923454982,0.09019821222,0.002397127893,0,0,0.05792703096,0,0,0.009032692993,0,0,0.01879563883,0.02311190682,0.05313308515,0.05162250985,0.02138236101,0.005128745572,0.03412309172,0.01329354204,0,0.005320890893,0.02299585411,0,0.009646800628,0.000978691909,0.02727038351,0.02649508564,0.001592714611,0.002632312019,0.0007247438208,0.002730508364,0,0.002730929981,0.01180254749,0,0.04607386566,0.004674308226,0.05665436006,0.1265425775,0.007606928127,0.05241471371,0.003461432523,0.01304111906,0,0.08364614566,0.03258654177,0,-0.07932734258,0.0005296377972,0.01307184206,-0.0004334955369,0,0,0,0.0272837816,0.003661987216,0.01240647033,0.03970208636,0.07300623506,0.003254220328,0.01468089535,0.004583245264,-0.01365046075,-0.0001795089686,0.04275611657,-0.08111875034,0,0,0,0.07300623506,0.009209242229,0.03278767337,0.003934906659,0.0272837816,0.01482634733,0.02157857622,0.01690229163,-0.3188674104,0.06487770005,0.05486233346,0.02622408804,0.02834082359,-0.02001497581,0,0.003254220328,0.01482634733,0,0,0.003661987216,0.009209242229,0,0,-0.2011932259,0.03409367455,0.0014698208,0.02537110793,0.002792054405,0.006557005823,0,0.01468089535,0.02157857622,0,0,0.01240647033,0.03278767337,0,0,0.2426144941,-0.1658313857,-0.005901116861,-0.1156766939,-0.01934541858,-0.077656832,0,0.004583245264,0.01690229163,0,0,0.03970208636,0.003934906659,0,0
1,1,1,1,4,1500,500,v1,0,0,0,0,0,0.0003078753251,0,0,0,0,0.0001003261323,0,0.003990263035,0,0.3612820977,0.3144143703,0,0.0864296901,0,0,0,0.1745668344,0.02816450625,0,0,0,0.003537596217,0,0,0,0,0,0,0.001709320713,0,0,0,3.478016437e-06,0.000314902818,0,0,0,0.0002740516949,0,7.53343527e-05,0.0001521569666,0,2.45489119e-05,0,0.0003089482264,0,0,0,0,0.02434369894,0,0,0,0,0,-0.1144662743,0,0,0,0,0.0004076155652,0,0,0.005515909155,0,0.5361390489,0,0.4346208065,0,0.259053438,0.03113293971,-0.3183387072,0,-0.5358396906,0,-0.1145659988,0,0,0,0,0,0,0,0,0,-0.5353734455,0,0,0.00524512204,0,0,0,0.4346208065,0,0,0.1290614229,0.005515909155,0,0,0.04202656748,-0.9384548641,0,0.000277432815,0.0004662455166,0,0,9.972448279e-05,0,0,0,0,0,0,0,0,-0.3180612742,0,0.02463679936,0,0,0,0,0.259053438,0,0.04202656748,0,0.5361390489,0,0.1290614229,0
1,1,1,1,1,1500,500,v1,0,0,0.06963772962,0,0,0.00937195876,0,0,0.1877729018,0.01337382994,0.0004606908667,0.0104343208,0.001212182409,0.1729097703,0.1119880151,0.008622140149,0,0.009703660833,0.02262809236,0,0.1944187548,0.06709886795,0.0004769961151,0.01080362309,0.01060856391,0.01587688464,0.01028294002,0.005970084862,0,0.006620573304,0.002077751948,0,0.01785187811,0.006161138172,0.001271471973,0.0009920080121,0.003838319668,4.027154366e-05,0.003720504608,0.002160056189,0,0.002395411569,0.000286447725,0,0.0003223783796,0.002229181821,0.0004600354883,1.584693007e-05,0.004761395633,4.995643113e-05,0.007125953128,0.00267952724,0,0,0.0003553354241,0,0,0.0009325483761,0,0,-0.04568308267,0,0,-0.08279080449,0,0.0006234340101,0.03562520216,0.004158459507,0.001671126466,0.2246577895,0.1469968608,0.002374747586,0.01178753555,0.02940187157,0.08810775112,0.1036933764,-0.009650402203,-0.1951330149,-0.178762745,0,-0.004150098099,-0.07109392743,0.002374747586,0,0,0.09086758268,0.004158459507,0,0,0.01744801203,-0.4666201083,-0.01331471635,0.01778332202,0.0162369738,0,0.007770421282,0.01870745647,0.01178753555,0,0,0.004639610113,0.001671126466,0,0,0.0002407675878,-0.2591265259,0.004425126554,0.0003006687896,0.005789363399,0,0.002809986608,0.0002730789477,0.02940187157,0,0,0.0214258644,0.2246577895,0,0,0.003716038768,-0.1955890168,0.0045341184,0.0003772920506,0.007976585544,0,0,0,0.08810775112,0.01744801203,0.0002407675878,0.003716038768,0.1469968608,0.09086758268,0.004639610113,0.0214258644
1,1,1,1,0,1500,500,v1,0,0.0003909683943,0,0,0.0007345047526,0,0.001335917863,0.002828400179,0.001159333976,0,0,0.002162262775,0.02419223941,0.02478889025,0.01677319502,0.04856181416,0.01717562393,0,0.004528904028,0.06613917423,0.02710981015,0.002934402779,0,0.05056224909,0.122746812,0.03843623555,0.02600755694,0.04239804615,0.01417566118,0,0.007022259578,0.04843746774,0.04203492121,0.004549917131,0,0.0783989318,0.1046907302,0.03199321177,0.02218183985,0.03616128467,0,0,0.06422094202,0,0,0.003880623366,0,0,0.005071297107,0.001549775057,0.001587997008,0.001751679619,0,0.0005856688934,0.003110910364,0,0.001100284811,0.0002901253736,0.00200119894,0.004236930726,-0.186642698,0,0.001663646686,0,0.003516698695,0,0.003258089522,0.07010122821,0.02124402782,0.03991493147,-0.0185814295,0.02184000427,0.03795777368,0.007531770528,-0.003495121555,-0.1882940408,0.01890055227,0.005232205898,0.01044450853,-0.08302064923,0,0.06032129674,0.02184000427,0,0.01974219855,0,0.07010122821,0,0.06751195912,0,0.143744136,-0.1046420928,-0.0387122156,-0.0108117348,-0.06237573289,0,-0.1093855175,0.03795777368,0,0.02295244051,0,0.02124402782,0,0.08839059857,0,-0.07475660578,0.03659255185,-0.06296519516,0.01508492698,0,0,0,0.007531770528,0.06751195912,0.08839059857,0.02455474717,0.03991493147,0.01974219855,0.02295244051,0.04415445016,-0.2858102304,0.006755385861,0.004596775183,0.001848875026,0,0.002542647722,0.005275257617,-0.003495121555,0,0,0.04415445016,-0.0185814295,0,0,0.02455474717
1,1,1,1,3,1500,500,v1,0.004578635868,0.05490290278,0.005208877847,0.01572201256,0,0.00765073837,0.006469863617,0,0.01203730205,0.005960376971,0.01573257642,0.01810871413,1.659386269e-05,0.0007473932131,0.04427243308,0.0009187377633,0,0.01083207439,0.005956129552,0,0.01704266241,0.02281781791,0.02227450866,0.02563869381,0.03307398727,6.999367771e-05,0.004146131324,0.0106029141,0.007279696163,0.0006906565256,0.0005577939496,0.0008578533914,0.001596052251,0.002136897907,0.0007902994408,0.00240107408,0.03494489109,1.641928692e-06,0.004380666485,0.01120269157,0.000641432837,0.0007297250516,9.090721807e-05,0.002202537046,0.001071811553,0.002257776301,0.0008350044905,0.002204016964,0.3463894458,1.627553419e-05,0.0007330555894,0.1110461073,0.006358170193,0.07624148546,0.00090111315,0.02183253583,0,0.005841870093,0.008984443225,0,-0.116511945,0.006829528716,0.02571035228,-0.01031821851,0,0.004466898822,0.001493769472,0.4179523643,2.254592149e-05,0.000666414638,0.05355803217,0.1338819236,0.001265442445,0.005302539356,0.02767988255,0.02181066849,-0.0004359404141,-0.001387058746,-0.06618447133,0,-0.02124241552,-0.03011102948,0.1338819236,0.004244172968,0.03905813842,0.005738874885,0.4179523643,0.01405196801,0.005104728436,0.006466025092,-0.5511139023,0.04344112934,0.0005881516468,0.005867532249,0.008009830668,0.0009840490288,0.003791879102,0.001265442445,0.01405196801,0,0.00593240175,2.254592149e-05,0.004244172968,0,0.01466004038,-0.5158304195,0.04558745108,8.845712721e-05,0.006158329353,0.002782273979,0.001197569484,0.003047221928,0.005302539356,0.005104728436,0,0.01665795595,0.000666414638,0.03905813842,0,0.02058011541,0.131214175,-0.456918107,-0.0005111756232,-0.003180395557,-0.02180923002,-0.06316209417,0,0.02767988255,0.006466025092,0.01466004038,0.02058011541,0.05355803217,0.005738874885,0.00593240175,0.01665795595
1,1,1,1,3,1500,500,v1,6.433076996e-05,9.996331621e-07,0.001380757017,8.106852411e-05,2.41984668e-05,0.0002307703539,3.627452015e-05,6.73947271e-05,2.980035756e-06,0.0003789800891,0.0005189417437,8.887872493e-07,0.2719891427,0,0.005669944047,0.3026654882,0.004555647747,0.04344525013,0,0.01268785494,0.0005610269977,0.0001387019817,0.09769692455,0.0001673247178,0.009932838385,0,0.003484846809,0.03270843096,0.0001156665706,0.1597660373,0,0.00419728907,0.0003448170081,8.524866456e-05,0.04385141359,0.000102840699,2.033825821e-05,0.0003422920985,7.135494555e-06,6.697305329e-05,1.524145194e-05,0.0003271333724,0.0003808975759,1.920701423e-05,5.467485096e-05,1.745532631e-07,8.978917584e-05,0.0001229493391,3.714336404e-05,0.0006251213794,0,0.0001223115802,2.783516623e-05,4.325294918e-07,0.0006956258093,3.507739525e-05,1.047039149e-05,0,1.569555749e-05,2.916090439e-05,-0.3614324271,-6.668486103e-05,3.702771531e-05,0.001747742869,9.132723592e-05,0.0007400417518,3.780885777e-06,0.01478098651,0.4061216665,0,0.003295704926,0.04856026297,0.4518861919,0,0.0001152931279,0.006728289137,-0.5740453426,0,-0.005609954584,-0.017237638,-0.1393843679,-0.0006253259752,0.04856026297,1.516249301e-05,0.0001710722277,0.2336433059,0.01478098651,1.934707379e-05,0.006209955384,0.06441730145,-0.003765375129,-0.04247140827,0,0.003328651842,-0.004307075064,-0.2008689267,0.000300256613,0.4518861919,1.934707379e-05,0.006779479246,0.06425377547,0.4061216665,1.516249301e-05,0.01888062524,0.1434468398,-0.9551321367,8.686740558e-05,0.0007222082707,7.304031146e-06,2.049534311e-05,0.0004141121154,0.0001772492949,0,0.006209955384,0.01888062524,0.0003653055439,0,0.0001710722277,0.006779479246,0.0001166271699,-0.6371702497,0.0001570412575,0.001317895174,0,2.318314006e-05,1.60289188e-05,3.9574335e-05,0.0001152931279,0.06441730145,0.1434468398,0.0001166271699,0.003295704926,0.2336433059,0.06425377547,0.0003653055439
1,1,1,1,3,1500,500,v1,0,0,0,0,0,0.0011719705,0,0,0,0,0.01439608515,0,0.008916691023,0,0.03544138736,0.06798211583,0,0.05831502405,0,0,0,0.01575270667,0.7163218288,0,0,0,0.005143754789,0,0,0,0,0,0,0.00228625532,0,0,0,0.0007257322137,0.002884585374,0,0,0,0.005533085232,0,0.004746277671,0.001282117622,0,0.05830165307,0,9.261551746e-05,0,0,0,0,0.0007061138285,0,0,0,0,0,-0.7109055537,0,0,0,0,0.01550736713,0,0,0.01212406992,0,0.04105882357,0,0.0924907556,0,0.01823917811,0.09710433823,-0.07677923953,0,-0.05108271467,0,-0.7739157894,0,0,0,0,0,0,0,0,0,-0.04693075024,0,0,0.007398749263,0,0,0,0.0924907556,0,0,0.0785849873,0.01212406992,0,0,0.9645122889,-0.8780786371,0,0.006243033664,0.00415196446,0,0,0.06301023571,0,0,0,0,0,0,0,0,-0.07053620594,0,0.0007929878115,0,0,0,0,0.01823917811,0,0.9645122889,0,0.04105882357,0,0.0785849873,0
1,1,1,1,1,1500,500,v1,0,0,0,0,0,0,0,0,0,0,0,0,0.3644169832,0,0,0.0003639146351,0,0,0,0,0,0,0,0,0,0,0,0,0,0,0,0,0,0,0,0,0,0.1607568313,0,0,0,0,0.0001605352283,0,0,0,0,0,0,0.4738285603,0,0,0,0,0.0004731753886,0,0,0,0,0,0,0,0,0,0,0,0,0,-0.1097407443,0,0,0,-6.817744257e-05,0,0,-0.2203949109,0.2936008592,0,0,0,0,0,0,0,0,0,0,0,0,0,0,0,0,0,0,0,0,-6.817744257e-05,0,0,0,-0.1097407443,0,0,0,-0.08730998219,0,0.1605159305,0,0,0,0,0,0,0,0,0,0,0,0,0.4541167895,0,-0.3809108413,0,0,0,0,0,0,0,0,0,0,0,0
1,1,1,1,2,1500,500,v1,0.001534335859,0.001502025396,0.004652979575,0.001276402742,0.01794964413,0.003201458642,0.007060936606,0.02116237163,0.01314820739,0.003476393502,0.009024132592,0.0023769751,0,0.0850039209,0.00358949915,0,0.1288473741,0.02298093133,0.05750819032,0.1519091963,0.09438136956,0.0007302917947,0.06477765125,0.01706256668,0.001994362169,0.0004292815092,1.812746514e-05,0.0002393242414,5.445029395e-05,0.0001686763128,0.0002904242825,0.0002559677585,0.0004766389166,3.688074155e-06,0.0001260236002,8.616831196e-05,0.1479673353,0,0.001344927593,0.01775613819,0.004126721999,0.01251456978,0,0.00343298975,0.008610585313,0.0002736285885,0.009350045143,0.02427114395,0.02211840206,0,0.00476093117,0.002654216909,0.000616869231,0.0006038790306,0,0.0005131689867,0.007216531577,0.00322094008,0.002838801238,0.008508186678,-0.453324431,0.002613218306,-0.007812556092,0.006839544426,0.03893328849,0.01213030172,0.01530438503,0.1851784245,0,0.1192516005,0.003548172062,0.02222375546,0,0.08054903857,0.0007721237363,0.1242973168,0,-0.1415814025,-0.003752236764,-0.2805903077,-0.08728899804,-0.1106743761,0.02222375546,0.003036247994,0.001290931718,0.01163606097,0.1851784245,0.002490782446,0.005895708925,0.008360571035,-0.3914010584,0.002226979554,0.0007158846207,2.156685126e-05,0.0003026161931,0.0002930943779,0.0005622665489,0,0.002490782446,0.1556419164,0.01675296866,0,0.003036247994,0.1834075782,0.04725002066,-0.0413558629,-0.1649596229,0,0.0008504727116,-0.007394048784,-0.02046372679,0.03249003683,0.08054903857,0.005895708925,0.1834075782,0.1204338567,0.1192516005,0.001290931718,0.1556419164,0.0217777297,-0.5575459513,0.02446452326,0,0.007665091837,0.001096143523,0.002718846154,0.01562402269,0.0007721237363,0.008360571035,0.04725002066,0.0217777297,0.003548172062,0.01163606097,0.01675296866,0.1204338567
1,1,1,1,0,1500,500,v1,0,0,0,0,0,0,0,0,0,0,0,0,0,0,0,0,0,0,0,0,0,0,0,0,0.1259864438,0,0,0.5092107088,0,0,0,0,0,0,0,0,0.07021160114,0,0,0.2837805251,0,0,0,0,0,0,0,0,0.002144222945,0,0,0.008666498176,0,0,0,0,0,0,0,0,0,0,0,0,0,0,0,0.08048108431,0,0,0,0.3255667309,0,0,0,0,0,0,0,0,0,0,0.3255667309,0,0,0,0.08048108431,0,0,0,0.3625604275,-0.6332589664,0,0,0,0,0,0,0,0,0,0,0,0,0,-0.6224523295,0.3517537905,0,0,0,0,0,0,0,0,0,0,0,0,0,-0.2815051759,0.0108066373,0,0,0,0,0,0,0,0,0,0,0,0,0
1,1,1,1,0,1500,500,v1,0,0,0,0,0,0,0,0,0,0,0,0,0,0,0,0,0,0,0,0,0,0,0,0,0.06918128923,0,0,0.332095815,0,0,0,0,0,0,0,0,0.09946906113,0,0,0.4774883395,0,0,0,0,0,0,0,0,0.003752431917,0,0,0.01801306321,0,0,0,0,0,0,0,0,0,0,0,0,0,0,0,0.04245383796,0,0,0,0.1943876045,0,0,0,0,0,0,0,0,0,0,0.1943876045,0,0,0,0.04245383796,0,0,0,-0.5097906198,0.3518963234,0,0,0,0,0,0,0,0,0,0,0,0,0,0.3735840875,-0.5314783834,0,0,0,0,0,0,0,0,0,0,0,0,0,-0.1795820599,0.02168776407,0,0,0,0,0,0,0,0,0,0,0,0,0
1,1,1,1,1,1500,500,v1,0.002009213205,0.0002644172937,0.0007352779926,0.001193679883,0.0002896848919,0,0.0002384300755,0.0001547804986,3.038990802e-06,0.002491116775,0,0.0001538797224,0,0.3478033649,0,0,0.03532974266,0,0.4362353315,0.01887690845,0.0003706329394,0,0,0.0187670505,0.002156736045,0.0317343709,0,0.001777853146,0.002942392455,0.008182053403,0.03980310488,0.002653210936,3.381739326e-05,0,0.02772074058,0.001712348417,0.0002142648526,0,0,0.0001766240441,0.002221215553,0.0008128609296,0,0.001319631145,0,0,0.002753967231,0,0.000157219273,0,0.002313335809,0.0001295999016,0.00162984218,0.0002144911538,0,0.0009682943644,0.0002349878324,0.002901521133,0.0001934107308,0.0001255555083,-0.1080491937,0.001773246081,0.0004775457355,0.00318288523,0.0004430964618,0,0.0001484525311,0.002635092933,0,0.4704923906,0,0.002177443955,0,0.5900467992,0,0.07940173267,0,-0.7837611779,0,-0.05414128841,0,-0.01891906584,0.002177443955,-0.002318764136,0.003662017955,0.009925096882,0.002635092933,-0.0007493516646,0.003312262343,0.03361418253,-0.789071544,-0.003860614178,0.0715223238,0,-0.00552615335,-0.03574481527,0.001715359164,0,-0.0007493516646,0.05214403122,0,0,-0.002318764136,0.0278635952,0,-0.03312332289,0.0003726086573,0,0,-0.0009741633044,0.0035357438,0,0.5900467992,0.003312262343,0.0278635952,0.000493082325,0.4704923906,0.003662017955,0.05214403122,0.02508979908,-0.7736745757,0.0002796475967,0,0.005212727111,0.001246327757,0.0003990874201,0.0003597742933,0,0.03361418253,0,0.02508979908,0,0.009925096882,0,0.000493082325
1,1,1,1,4,1500,500,v1,0.4405122238,0.1099009623,0,0.06649820457,0.04282848004,0,0.05409826312,0.004101101109,0,0,0,0,0,0,0,0,0.01736458799,0,0,0.001662770451,0,0,0,0,0,0,0,0,0.008830134384,0,0,0.004346594638,0,0,0,0,0,0,0,0,0.0129657525,0,0,0.001957265237,0,0,0,0,0,0,0,0,0.1441502901,0.0359632599,0,0.02176043015,0.01401490694,0,0.01770275579,0.001342017049,0.2811377231,-0.5065722592,-0.1635451382,0,-0.04632562793,0,0,0,0,0,0,0,0,0,0,-0.03102775982,0,0,0,0.01862695534,0,0,0,0.4246578647,0.09758278952,0,0,0.06411831195,0.04799778049,0,-0.1101800531,0,0,0,0.01312633975,0,0,0,0.06411831195,0.01698216882,0,0,0.4246578647,0.00161903793,0,-0.3407446216,0,0,0,0.01489383776,0,0,0,0.04799778049,0.00161903793,0,0,0.09758278952,0.01698216882,0,-0.6697958861,0,0,0,0.1658276374,0.05336508493,0.0152978681,0,0,0,0,0,0,0,0
1,1,1,1,0,1500,500,v1,0,0.004421724522,0,0,0,0,0.002485576836,0,0,0,0,0,0,0.08518752199,0,0,0,0,0.06913623422,0,0,0,0,0,0.3388762139,0.03014457482,0,0.06991297982,0.003709503136,0,0.02446464384,0.002085216983,0,0,0,0,0.1651960401,0,0,0.03408131626,0,0,0,0,0,0,0,0,0.1229985931,0,0.01094128221,0.02537563217,0,0.001346402161,0,0,0,0.008879693083,0.0007568508637,0,0.002669125727,0,-0.003265214428,0,0,0,0,0.075104923,0,0.06604030219,0,0.01561516416,0,0.05362377767,0,0.07423771907,0,-0.1540137722,0,0,0,0,0.01561516416,0,0.0003360721854,0,0.075104923,0,0.0005580608733,0,0.211008048,-0.4069232904,0.05446862312,0,0.0005944163721,0,0,0,0,0,0,0,0,0,0,-0.2587367954,0.1982567373,0,0,0,0,0,0.05362377767,0.0005580608733,0,0,0.06604030219,0.0003360721854,0,0,-0.3108824968,0.1481864951,0,0.01976909595,0,0.002074709355,0,0,0,0,0,0,0,0,0
1,1,1,1,2,1500,500,v1,0,0,0,0,0,0.05088760467,0,0,0,0,0.1953204107,0,0,0,0,0,0,0.09037613973,0,0,0,0,0.3468881045,0,0,0,0,0,0,0,0,0,0,0,0,0,0,0,0,0,0,0,0,0,0.06542166591,0,0,0.2511060745,0,0,0,0,0,0,0,0,0,0,0,0,-0.1091937619,0,0,0,0,0.237153496,0,0,0,0,0,0,0,0,0,0.5037225462,0,0,0,0,-0.3757628115,0,0,0,0,0,0,0,0,0,0,0,0,0,0,0,0,0,0,0,-0.04211773795,0,0,0,-0.1498218635,-0.1386093155,0,0,0,0,0,0.2665690495,0,0,0,0,0,0,0,0,0,0,0,0,0,0,0,0,0,-0.1498218635,0,0,0,-0.04211773795,0
1,1,1,1,3,1500,500,v1,0,0.0679791283,0.01123478775,0,0.06054054067,0.0002417239643,0.07042243508,0.006931763359,0.05123778778,0.002303774263,0.0009895432299,0.094739189,0,0.0002540834631,0.003268189483,0,0.06006816376,0.0002398378757,0.000227886945,0.006877677206,0.05083799704,0.0265323526,0.0009818221661,0.09399997186,0,0.0002651573342,0.003410628935,0,0.07038836805,0.01163295846,0.0002378190776,0.07291826776,0.05305369979,0.02768872795,0.002385422037,0.09809682871,0,0,0.00327450954,0,0,0.01116868301,0,0,0.0002403016766,0.02658366113,0.002290219009,0.0009837208236,0,0,6.790928021e-06,0,0,0.001802712123,0,0,0.001605451105,6.09076963e-06,0.001867505228,0.0001838207426,-0.02605110977,0,-0.02131401166,-0.001361654305,-0.04151468762,0.0002169061574,0.07506686814,0,0,0.000481822753,0.002699510673,0,0,0.0004446184411,0.02740713288,0.04252315398,0,-0.0002344314363,-0.01117061041,-0.008019914199,-0.0002211387773,0.03166712198,0,0,0.05574272539,0.01234009603,0,0,0.06480257195,0.002400496696,0.06566316395,0,-0.0003930083792,-0.003694080695,-0.06265924715,-0.003062154103,0.01715460954,0,0,0.06364587216,0.0002622342384,0,0,0.008067080388,0.001008356312,-0.01929273213,0,0,-0.005206404607,0,-0.005403253402,-0.0008428277472,0.0004446184411,0.06480257195,0.008067080388,-0.05921192589,0.000481822753,0.05574272539,0.06364587216,-0.1266209737,-0.1341353003,0,0,9.812352411e-06,0,0.003609727246,0.001725966847,0.02740713288,0.002400496696,0.001008356312,-0.1266209737,0.002699510673,0.01234009603,0.0002622342384,-0.05921192589
1,1,1,1,1,1500,500,v1,0,0,0,0,0.02212072814,0,0,0.008621500069,0,0,0,0,0.009190297234,0.003573662309,0,0.008369182454,0.008430873534,0,0.003445999571,0.003285912484,0,0,0,0,0,0.004259590914,0,0,0,0,0.004107424594,0,0,0,0,0,0,0.329977677,0,0,0,0,0.300495546,0,0,0,0,0,0,0.07447295493,0.02895893194,0,0,0,0.06781910659,0,0.0683190161,0.02792442553,0,0.0266271706,-0.08294734906,0,0,0,0.03047182606,0,0,0,0.3680816066,0.03155507215,0,0,0.3353371953,0.03043994133,0,-0.5990053569,0.01755519561,0.007005810311,0,0.01169295077,0,0,0,0,0,0,0,0,0,0,-0.04958504321,0,0.008255034152,0,0,0,0,0.3353371953,0,0.05665104017,0,0.3680816066,0,0.02206224434,0,0.1589745271,0,-0.6279203948,0,0,0,0,0.03043994133,0,0.02206224434,0,0.03155507215,0,0.05665104017,0,-0.5529395783,0,0.1414193318,-0.0565908535,0,0,-0.09464029981,0,0,0,0,0,0,0,0
1,1,1,1,2,1500,500,v1,0,0.0002432929779,0.009221366892,0,0,0,8.838784364e-05,0,0.04919626123,6.260495126e-05,0,0.02433989521,0,0,0,0,0,0,0,0,0.5364241207,0,0,0.2653963241,0,0,0,0,0.0002743173794,0.01039726351,0,9.965894556e-05,0.05546970395,0,7.058825256e-05,0.02744368673,0,0,0,0,0,0.01999652986,0,0,0,0,0.000135758808,0,0,0,0,0,0,0.0008363825728,0,0,0,0,0.0003038560862,0,-0.7288524536,0,0.0001542536948,0.009007973611,0,0,0.07336910107,0,0,0,0,0,0,0,0,0.1562261703,0,0,0,0,0,-0.8017227324,0,0,0.0005079512914,0.0005242959643,0,0,0.000208599752,-4.001272378e-06,-0.7394704527,0,0,0,0.000154235296,0.01013802509,0.08285706931,0,0,0,0,0,0,0,0,0.0191459987,0,0,0,0,-0.01949286181,0,0,0.000208599752,0,0.6477778896,0,0.0005079512914,0,0.3204669486,0.0003084889909,0,0,0,0,-0.0007861896855,0,0,-4.001272378e-06,0,0.3204669486,0,0.0005242959643,0,0.6477778896
1,1,1,1,4,1500,500,v1,0.0003200845182,0.02265012484,0.02754864032,0.001461584398,0,0.004548262269,0.02935094927,0,0.03686573398,0.004221970773,0.008569563139,0.01001231118,0,0,0.02300102849,0,0,0.005059005411,0,0,0.04100553941,0.04380568473,0.009531874753,0.01113663492,0.02268519347,0,0.05461048535,0.008850056566,0.05981622823,0.07275261256,0,0.07751229155,0.0973579251,0.1040062059,0.01114971194,0.02644129755,0.01178460639,0,0.02836930069,0.004597467212,0.0004391224973,0.03779385458,0,0.002005141,0.006239740357,0.05402961187,0.005792102535,0.01175654476,0.002995805761,0,0,0.001168738123,0.0001116308567,0.007899328757,0,0.0005097338646,0,0,0.01023627019,0,-0.2545455891,-0.001438852616,0.04838857922,0.02531885709,0,5.764255353e-05,0.04297504096,0.01658504247,0,0,0.008269951238,0.006853770568,0,0,0.01517959074,-0.1650806288,0,0,0.061303153,0,-0.001571968338,0.04459635369,0.006853770568,0.0007465774595,0.04590076867,0.02770082769,0.01658504247,0.003417959096,0.05919742839,0.004222827859,0.3578241842,-0.02931612393,0,-0.1495479933,-0.1357784181,-0.07821705856,-0.1187209445,0,0.003417959096,0,0.006652526102,0,0.0007465774595,0,0.01430324295,-0.1698100046,0.01017862422,0,0.07261181242,-0.001428220528,0.03161576444,-0.01245618693,0,0.05919742839,0,0.03686842412,0,0.04590076867,0,0.009855900499,-0.1093944117,0.003511624319,0,0,9.071543895e-05,0.0173243742,0,0.01517959074,0.004222827859,0.01430324295,0.009855900499,0.008269951238,0.02770082769,0.006652526102,0.03686842412
1,1,1,1,4,1500,500,v1,0,0,0.002504824474,0,0,0.0005360781518,0,0,0.003899478393,0.004581101245,0.0004185958141,0.00117632515,0.002092483748,0.02299005058,0.002882736702,0.001643279105,0,0.00269503521,0.03311941979,0,0.01960391696,0.005794163117,0.002104414168,0.005913760312,0.005865698899,0.02301094723,0.002885356946,0.0002848041758,0,0.01260399446,0.03314952346,0,0.01962173581,0.005799429683,0.02305158518,0.005919135584,0.01979578314,0.00706821229,0.009737612065,0.0009611679354,0,0.0425364386,0.005550841474,0,0.009103574171,0.01957213527,0.07779536403,0.007108512123,0.04943184495,0.01764995967,0.1939195304,0.002400122492,0,0,0.01386094873,0,0,0.2793600784,0,0,-0.1121730766,0,0,0.006998369422,0,0.0008773669994,0.003447350163,0.03584146024,0.01294118617,0.2216552605,0.006009652398,0.0017528889,0.0101836988,0.3193127229,0.01216587157,-0.4720212801,0.003636158818,0.05599631186,0.007773518017,0,0.003256388407,-0.01003291397,0.0017528889,0,0,0.04125743328,0.03584146024,0,0,0.07519821811,-0.5870986242,0.006057870515,0.05598607437,0.00804369138,0,0.03496308417,-0.005560347179,0.0101836988,0,0,0.009484162465,0.01294118617,0,0,0.007116304313,-0.009125330129,0.0195937001,0.01096455895,-0.02793422533,0,-0.1195985547,-0.01520073325,0.3193127229,0,0,0.01328028572,0.2216552605,0,0,0.004938580776,0.1522346743,-0.0507144701,-0.03001730773,-0.4726277092,0,0,0,0.01216587157,0.07519821811,0.007116304313,0.004938580776,0.006009652398,0.04125743328,0.009484162465,0.01328028572
1,1,1,1,1,1500,500,v1,0,0.007318801686,0,0,0.0646641044,0,0.01847913489,0.01617058728,0.005714655698,0,0,0.0001476836597,0.01039859572,0.01560471583,0.02318351578,0.001059476239,0.1543975178,0,0.001378336608,0.03861027012,0.0136447982,0.02428651254,0,0.000352622072,0.01951225554,0.01829130496,0.02717491057,0.09295271923,0.02048357954,0,0.001615638215,0.05171868915,0.0159939577,0.028467805,0,0.0004133313239,0.02605278169,0.01627459333,0.03628396579,0.1241105569,0,0,0.001658160909,0,0,0.03801023963,0,0,0.00375863939,0.002347938438,0.00352344808,0.01790545185,0,0.003945745216,0.0002392231656,0,0.03486200221,0.0003112198599,0.009962554144,0.008717959598,-0.2098165833,0,0.009756240599,0,0.0684509731,0,0.003421002278,0.01152524699,0.0175319469,0.02553680412,0.008062565347,0.06657615619,0.001608626824,0.001932579068,0.01024494856,0.07958321118,-0.003720028959,-0.008894871069,-0.005658387199,-0.1856609266,0,-0.00444372786,0.06657615619,0,0.0180021206,0,0.01152524699,0,0.04600580619,0,-0.1158609226,0.03976221249,-0.01317980687,0.02823913182,-0.06524082492,0,-0.009351343772,0.001608626824,0,0.09103507236,0,0.0175319469,0,0.02167844807,0,0.08244481358,-0.1131881014,-0.01150395214,-0.03478575392,0,0,0,0.001932579068,0.04600580619,0.02167844807,0.01512407924,0.02553680412,0.0180021206,0.09103507236,0.0004370247895,-0.2834190861,0.0213582868,0.002463598623,0.003761755809,0,0.01281263316,0.04206760641,0.01024494856,0,0,0.0004370247895,0.008062565347,0,0,0.01512407924
1,1,1,1,0,1500,500,v1,0.0007406676429,0.04322115785,0,0.04397958913,0.00141822486,0.00311954287,0.03723753433,0.0005070923183,0.002623192058,0,0.01377818916,0.008093682602,0.005649331302,0.1844602471,0,0.03467043718,0.003572477949,0.007858061458,0.1032914386,0.001277354653,0.006607764427,0,0.03470696243,0.02038781256,0,0.01926656956,0,0,0.0113716234,0,0.01078862095,0.009797313116,0.0006901701311,0,0,0.002129473504,0,0.007664023536,0,0,0.00253109019,0,0.04703477851,0.150291845,0.01066044187,0,0,0.04708432958,0,0.001076183737,0.035139224,0,0.000355416197,0.02074007107,0.006604633124,0.02110401131,0.0006805482744,0.01967676535,0.01786877416,0.000243332924,-0.1665113115,0.03733474135,-0.0649094387,0,0.0004369345209,0.01419293071,-0.0006153416816,0,0.00823005615,0.1951143764,0,0,0.04960384005,0.109583894,0,0.02326707163,-0.01071302211,-0.2864583146,0,-0.003916688195,0.0009886873774,-0.0206653183,0,0.002219943301,0.02611877002,0,0,0.1335817452,0.02447255918,0,-0.2989540488,0,0.02979921374,0,0.01101444195,0,0.002606587718,0.04960384005,0.1335817452,0.00340106959,0.009210186424,0.00823005615,0.002219943301,0.001328702657,0.04176314237,0.06979518803,0,-0.03512094589,0,-0.148583014,0,-0.04916383729,0.109583894,0.02447255918,0.001328702657,0.00641227014,0.1951143764,0.02611877002,0.00340106959,0.02159883826,-0.4711160921,0,0.007278037181,0.05352692041,0.0207138135,0.0201674439,0.0003265721735,0,0,0.04176314237,0.02159883826,0,0,0.009210186424,0.00641227014
1,1,1,1,3,1500,500,v1,0,0,0.04664407496,0,0,0.0915561418,0,0,0.01352631409,0.1752958696,0.1194552152,0.1506151572,0.001529598953,9.078928447e-05,0.0004400520046,3.087828281e-05,0,0.003353830574,0.0001415739739,0,0.0004954879581,0.00101347833,0.004375812973,0.005517245584,0.002119526095,0.0008524908186,0.004131988657,0.02725231499,0,0.01604372606,0.00132934755,0,0.004652519704,0.009516331982,0.06029488018,0.05180568645,0.001565213328,0.01060638687,0.003051363101,0.02012510568,0,0.01184786256,0.0002141129953,0,0.02325578512,0.007027556626,0.04452615625,0.03034230978,0.002539319698,0.01720724366,0.001021335257,0.03264991191,0,0,0.000347365651,0,0,0.001592638292,0,0,0.2496977667,0,0,-0.2190641316,0,-0.2097747368,-0.1630104161,-0.0003558588177,0.0137337434,0.001167596915,0.004383727128,-0.01370298431,0.0002525671603,0.001956319258,0.008064159376,-0.2870912837,0.001064684075,0.0001929748894,0.0009870064086,0,0.007611131795,0.005876171628,-0.01370298431,0,0,0.02890217569,-0.0003558588177,0,0,0.1068442397,-0.3244786123,0.01091330066,-0.0007090619777,-0.008761654268,0,0.07439553151,0.05539132846,0.0002525671603,0,0,0.09759164743,0.0137337434,0,0,0.1272748395,-0.3710197368,0.01614249578,0.0003187421983,-0.0005239431379,0,0.05417098974,0.05225261388,0.001956319258,0,0,0.01264420921,0.001167596915,0,0,0.1399701647,0.02792313567,-0.01768323433,-0.01070763331,-0.001566523696,0,0,0,0.008064159376,0.1068442397,0.1272748395,0.1399701647,0.004383727128,0.02890217569,0.09759164743,0.01264420921
1,1,1,1,1,1500,500,v1,0.08065496174,0,0,0.115145123,0,0,0,0,0,0,0,0,2.721280744e-05,0,0,0.000830123582,0,0,0,0,0,0,0,0,0.009335056276,0,0,0.02935459332,0,0,0,0,0,0,0,0,0.01371750247,0.0002935654945,0,0.04313543426,0.04009898775,0,0.008955181871,0.05724635875,0,0,0,0,0.05045697905,0.001079819598,0,0.1586647211,0.1474957843,0,0.03293977348,0.2105688212,0,0,0,0,-0.2568071691,0.1907825098,0,0,0,0,0,0.04116710739,0.001135598522,0,0,0.1291599282,0.03466099909,0,0,-0.02471831088,0.0008539124039,0,0,0,0,0,0.1291599282,0.04071517895,0,0,0.04116710739,0.05832181052,0,0,-0.1520860909,0.0385347339,0,0,0,0,0,0.03466099909,0.05832181052,0,0,0.001135598522,0.04071517895,0,0,-0.3657948176,0.05672831907,0.009237435078,0,0.09638864855,0,0,0,0,0,0,0,0,0,0,0.3925255558,-0.2088144101,-0.03395574599,0,-0.3531958175,0,0,0,0,0,0,0,0,0,0
1,1,1,1,2,1500,500,v1,0,0,0,0,0,0,0,0,0,0,0,0,0.1993966093,0,0,0.03504745795,0,0,0,0,0,0,0,0,0,0,0,0,0,0,0,0,0,0,0,0,0,0.1314732708,0,0,0,0,0.02310873764,0,0,0,0,0,0,0.5196383526,0,0,0,0,0.09133557174,0,0,0,0,0,0,0,0,0,0,0,0,0,0.2824329479,0,0,0,0.04976479553,0,0,-0.455393747,0.233928592,0,0,0,0,0,0,0,0,0,0,0,0,0,0,0,0,0,0,0,0,0.04976479553,0,0,0,0.2824329479,0,0,0,-0.3759555448,0,0.1544903865,0,0,0,0,0,0,0,0,0,0,0,0,0.3884189792,0,-0.6098841352,0,0,0,0,0,0,0,0,0,0,0,0
1,1,1,1,4,1500,500,v1,0,0,0,0,0,0,0,0,0.004427819168,0,0,0.01869530504,0,0,0,0,0,0,0,0,0.04611663766,0,0,0.1947154064,0,0,0,0,0,0,0,0,0.1409443371,0,0,0.5951004946,0,0,0,0,0,0,0,0,0,0,0,0,0,0,0,0,0,0,0,0,0,0,0,0,-0.495602419,0,0,0,0,0,0.02303321369,0,0,0,0,0,0,0,0,-0.7125228618,0,0,0,0,0,0.2399536563,0,0,0,0,0,0,0,0,0.2629868699,0,0,0,0,0,-0.735556075,0,0,0,0,0,0,0,0,0,0,0,0,0,0,0,0,0,0,0.1358461513,0,0,0,0.5730076561,0,0,0,0,0,0,0,0,0,0,0.5730076561,0,0,0,0.1358461513
1,1,1,1,4,1500,500,v1,0.0002718627235,3.01860974e-05,0.0003933874428,0.0003804373765,0.000284186221,0,2.771437708e-05,0.003206852447,0.0001448408398,9.390066245e-05,0,3.984975005e-05,0,0.003393833746,0,0,0.008561829457,0,0.0003833321268,0.0966145496,0.004363697032,0,0,0.001200574618,0.008734702509,0.00473302289,0,0.01349178791,0.001268289994,0.01652844854,0.0005345929902,0.001164438936,0.006085589183,0,0.003945302005,0.001674315118,0.01398908839,0,0,0.02160781245,0.01829374228,0.02647118517,0,0.02559977046,0,0,0.006318609983,0,0.03040558965,0,0.01647570157,0.04696505308,0.03976184905,0.004414930568,0,0.05564166114,0.04156424785,0.001860923721,0.004053423963,0.4690248861,-0.4816987768,0.0006477082178,5.631418613e-05,0.000475036704,0.003489376479,0,0.0001692251651,0.01169355972,0,0.01299484832,0,0.01764413479,0,0.001675284945,0,-0.5247292671,0,0.00347184719,0,0.104314556,0,0.0003956930898,0.01764413479,0.03173572141,0.004742417912,0.01517359048,0.01169355972,0.04461510721,0.004371023099,0.004503190255,-0.08725371902,0.02197716553,0.003113303786,0,0.001779291075,0.01241684414,-0.00550663065,0,0.04461510721,0.04908779499,0,0,0.03173572141,0.5536502593,0,-0.1346956091,0.03480120445,0,0,0.0423272701,-0.02600973467,0,0.001675284945,0.004371023099,0.5536502593,0.00560520799,0.01299484832,0.004742417912,0.04908779499,0.001807360598,0.215978035,-0.076336833,0,-0.01636523982,-0.09387553071,-0.007911232606,-0.5096293019,0,0.004503190255,0,0.001807360598,0,0.01517359048,0,0.00560520799
1,1,1,1,4,1500,500,v1,0.001361317333,0.002541399545,4.231971187e-05,9.879182755e-05,0.002344414348,0.0005251216593,0.0006011203845,0.004749409352,0,0.001882983868,0.000492630493,0,0.001304935706,0,0,0.006355438286,0.04309217698,0.009652148521,0,0.08729787401,0,0,0.009054935367,0,0.004116345431,0,0,0.003859812622,0.1208877387,0.002013038163,0,0.02859372668,0,0,0.08956862459,0,0.009091364971,0.007458502449,0,0.008524786331,0.1430164392,0.004445998263,0.03632520117,0.01037881106,0.05516790833,0,0.1978213611,0.05175447136,0.0003916355437,0.0003212955009,0,0.000367228611,0.006160826356,0.01150144857,0.00156480792,0.000447095824,0.01060996532,0,0.002720451887,0.02149409663,-0.5762947899,0.00144592326,0.003103928721,0.001924034135,0.006996926794,0.00101630396,0,0.007013299524,0.008732228115,0,0,0.00647014637,0.04264076419,0,0,-0.1088052551,0.007350476164,0,0,-0.128859021,0.01864955787,0,0.00647014637,0.2022475935,0.1590995573,0.00358888346,0.007013299524,0.01468025513,0.0376551312,0.1593167231,-0.1986385004,0.007237233874,0,0,-0.1483282198,0.09096699287,0,0.04264076419,0.01468025513,0.04447591401,0.06747715744,0.008732228115,0.2022475935,0.09088553237,0.06328476685,0.1377818056,-0.01698440298,-0.04348459606,0,-0.1526121091,-0.2014947646,-0.106840478,0,0.0376551312,0.09088553237,0,0,0.1590995573,0.04447591401,0,-0.4641338595,0.0007582051909,0.001885458357,0,0.006547620253,0.01405449942,0.0316211299,0,0.1593167231,0.06328476685,0,0,0.00358888346,0.06747715744,0
1,1,1,1,4,1500,500,v1,0.009086102213,0.02663754385,0.01826511923,0.02177830971,0.02739888123,0,0.0911912363,0.0022105515,0.03578928068,0.07685534357,0,0.0005199314853,0.008148455246,0.02383063697,0.1039539933,0.004891016505,0.09379721858,0,0.02762522363,0.007567593013,0.1225208779,0.145320265,0,0.001779931332,0.002054408999,0.001984626739,0.008657337818,6.608930442e-05,0.00759441797,0.005207422669,0.002300641714,0.02599880709,0.01020359677,0.01210234053,0.02191161489,0.0001482335248,0.0015329087,0.000506346547,0.006459720762,4.931290206e-05,0.001932890789,0.003885547387,0.0003039286888,0.004632910048,0,0.009030228697,0.01634947331,0,0.0002789532714,9.21431431e-05,0.0002694780453,8.973786466e-06,0.0003517405887,0.001031190838,5.530786144e-05,0.000843080487,0.001060663681,0.0003123874228,0.003530189117,8.557472365e-05,-0.1211484152,-0.03056941541,-0.1169789091,-0.09437733498,0.02908908526,0,0.03614032434,0.001372557418,0.010845702,0.03226061028,0.1332572132,5.35394964e-05,0.006635363404,0.03743579666,0.1862968134,0.1184338533,-0.01251932078,-0.051265721,-0.2491164988,-0.1004281296,0,-0.1240014224,5.35394964e-05,0.01017678581,0.026881666,0.01376568214,0.001372557418,0.0244103183,0.09188637593,0.05803181394,-0.5592395983,-0.0008528901076,0.004220721779,0.02062545266,0.03325084462,0.02663966174,0.01031205611,0.006635363404,0.0244103183,0.09743252757,0,0.010845702,0.01017678581,0.007858266178,0,-0.3385949633,-0.0003366099019,0.0007193307227,0.01545502889,0.006320680375,0.01987267584,0,0.03743579666,0.09188637593,0.007858266178,0.1146595413,0.03226061028,0.026881666,0.09743252757,0.001664021587,-0.2393503305,0.0002387687333,0.0001459464554,0.0005807278449,0.001190665617,0.004549369874,0.001145181545,0.1862968134,0.05803181394,0,0.001664021587,0.1332572132,0.01376568214,0,0.1146595413
1,1,1,1,1,1500,500,v1,0.0004935659118,0.004508171335,0.0004238315289,0.0007495749401,0,0,0.0003591389872,0,0,0.0002855370097,0,0,0.07814548332,0.04101990013,0.01935633497,0.05584649887,0,0,0.03874249422,0,0,0.1123414776,0,0,0.003189774235,0.004982915003,0.002351321471,5.040978415e-05,0.02912924069,0.002738558431,0.004706265863,0.002320551998,0,0.01364674298,0.001844977855,0,0.0202559666,0.06028174124,0.01493155492,0.0003201163558,0.02025195411,0.0173906189,0.04308021463,0.03075649458,0,0.08666066926,0.01171613006,0,0.01286907518,0.03829835797,0.02010346283,0.0002033771841,0.01286652595,0.1175212917,0.02736983782,0.01954029885,0,0.01898732786,0.009362216856,0,-0.1569469664,0.001054805492,0.004374873538,0.0006574290445,0,0,0,0.01539378722,-0.02217752595,0.02875340235,0.01094120978,0.0003015029124,-0.01460492399,0.02778101561,0.06540570405,0.172315965,-0.07661334897,-0.07142416577,-0.08834437149,0,0,0,0.0003015029124,0.01722726596,0.1275856678,0.02158277183,0.01539378722,0.03489220665,0.01052608793,0.01447578706,-0.2745521989,0.002730406602,0.009212198232,0.01531986779,0.0281512473,0.003973854569,0,-0.01460492399,0.03489220665,0,0,-0.02217752595,0.01722726596,0,0,-0.07590722632,-0.01361509625,0.04020534837,0.02212656111,-0.03976445479,-0.02867032289,0,0.02778101561,0.01052608793,0,0,0.02875340235,0.1275856678,0,0,-0.1156881862,0.0004211629011,0.06092963388,0.02452235555,0.00396333419,-0.1246006247,0,0.06540570405,0.01447578706,0,0,0.01094120978,0.02158277183,0,0
1,1,1,1,2,1500,500,v1,0.0006674449116,0.03992989463,0.001348250013,0.0008208128751,0,0.001831228109,0.008788114621,0,0.001843153477,0.01352349793,0.009118801586,0.01040790745,0.02821731861,0.05481558889,0.08999271121,0.07575649694,0,0.009040975966,0.0447254576,0,0.009099852828,0.01624776555,0.04502053325,0.05138499168,0.02041786971,0.03409987102,0.05598297687,0.00132891505,0.1226364824,0.004140873411,0.02782296727,0.02699089175,0.005660867903,0.01010746616,0.04153465045,0.03196575325,0.007306579,0.006281567781,0.02003362981,0.0004755551356,0.0007335683807,0.00148182054,0.01686445041,0.0009021304398,0.00201264706,0.003616978707,0.01486326483,0.01002219718,0.001358852436,0.001168224374,0.002269418576,8.844210872e-05,0.0001364265248,0.008161717416,0.003136392492,0.0001677751169,0,0.001851677348,0.001796300962,0,-0.2464286722,-0.001010755039,0.04103590416,0.01071936998,0,0.007358485525,0.01117239054,0.01997274691,0.03151795806,0.0455101882,0.03514799056,0.00129525325,0.08469405993,0.03976711723,0.009910253458,0.1582336844,-0.1027893671,-0.08529249512,-0.09347844248,0,-0.05129707611,-0.0504731335,0.00129525325,0.001310891436,0.1155423368,0.003167238661,0.01997274691,0.001546811903,0.02568081401,0.0273841453,-0.1161848965,-0.02057695613,0.02440484979,0.04154093052,-0.1447406853,-0.03932937463,0.01436268857,0.08469405993,0.001546811903,0,0.008743473916,0.03151795806,0.001310891436,0,0.04494712207,-0.2435950813,0.005073105254,0.02143360604,0.02189868268,-0.0009562185951,0.008242415321,0.008144859955,0.03976711723,0.02568081401,0,0.004469900596,0.0455101882,0.1155423368,0,0.03293718101,-0.2634190117,0.001325184095,0.00388108232,0.004036108384,6.183807559e-05,0.009556014046,0,0.009910253458,0.0273841453,0.04494712207,0.03293718101,0.03514799056,0.003167238661,0.008743473916,0.004469900596
1,1,1,1,1,1500,500,v1,0,0,0,0,0,0,0,0,0.05761556852,0,0,0.005761367651,0,0.00193909914,0.001837271906,0,0,0,0.003099996071,0,0.00335855764,0.007092895104,0,0.000335844735,0,0.04719457258,0.04471626051,0,0,0,0.0754489477,0,0.08174192286,0.1726297258,0,0.008173923858,0,0,0.0644760976,0,0,0,0,0,0,0.2489137267,0,0,0,0,0.06759752035,0,0,0,0,0,0,0.1080667013,0,0,-0.05967345492,0,0,0,0,0,0.02886945921,0,0,0.03132046677,0.02905503591,0,0,0.05239678189,0.1054871027,-0.1938029456,0,0.004973311526,0.008862710556,0,0,0.00365666928,0,0,0,0,0,0,0,0,-0.3774245325,0,0.08117471276,0.1832696902,0,0,-0.06333012423,0,0,0,0,0,0,0,0,0.1921324006,0,0,-0.2818271601,0,0,0,0.05239678189,0,0,0.04120152482,0.03132046677,0,0,0.005004468709,0.08614802432,0,0,-0.1419595234,0,0,0,0.1054871027,0,0,0.005004468709,0.02905503591,0,0,0.04120152482
1,1,1,1,2,1500,500,v1,0.03985094151,0,0.0004610516413,0.08633740806,0.0002182390056,0.003034511383,0,0.08726089338,0.002811566907,0.0003454488033,0.003413622821,0.01941936982,0.006897972862,0.007676518134,0.003144009649,0.02591171137,0.0004527911436,0.00629584925,0.0007941671006,0.1810444453,0.005833295436,0.001200615043,0.0070824103,0.04029031678,0.000125758482,0.001505930619,0.0006167718638,0.0002730411947,0,0.0001876531269,0.0001557946627,0,0.001144338886,0.0002355290411,0.0001406014908,0.007903898701,6.014645183e-05,0.0006471946088,0.000294983198,0.0001305872877,0.007757424285,8.97487754e-05,0.002431137414,0.01680652654,0.0005907010326,0.0001126463671,6.724541088e-05,0.0006644992456,0.0005642030879,0.006071001459,0.006756209936,0.001224972525,0.07276842778,0,0.02280525608,0.1576534256,0.000398507757,0.0006989574651,0,0.1593397239,-0.2736507941,0.1085972829,0,-0.0005702044078,0.08432495514,0.0004645373046,0.02105543898,0.000723406967,0.006065661595,0.006887527311,0.003381609488,0.001537665291,0.01573329088,0.000770536034,0.001450260911,0.146319252,-0.01557208359,-0.002552873407,-0.003594253855,-0.06129576922,-0.01254760179,-0.04486890367,0.001537665291,0.04143441916,0,0.0006504003284,0.000723406967,0.09023104202,0,0.0004728511887,-0.03483942788,5.265717171e-05,0.0004920530459,0.0001356587146,0,-0.0002372440562,0.008877367558,0.01573329088,0.09023104202,-9.087406544e-05,0.007539622701,0.006065661595,0.04143441916,-0.08226010857,0.009286678104,-0.1467978905,0.0001303434881,0.002935075238,0.0002373482103,0.02356637448,5.861411934e-05,0.0008655306117,0.000770536034,0,-0.08226010857,0.002808932337,0.006887527311,0,-9.087406544e-05,0.01959521333,0.1406780149,-0.001690382165,-0.001895626637,-0.003044555203,-0.2199406314,0,0.03187146909,0.001450260911,0.0004728511887,0.009286678104,0.01959521333,0.003381609488,0.0006504003284,0.007539622701,0.002808932337
1,1,1,1,3,1500,500,v1,0,0.0006941136675,0,0,0.00333107726,0,0.002501772501,0.00381382567,0.0002358808873,0,0,0.0001082149465,0.006735869045,4.801511261e-05,0.0004224883054,0.001053976441,0.008480143633,0,0.02213583987,0.00970910818,0.0006004975712,1.638280951e-05,0,0.0002754899445,0.005655313054,0.000849572358,0.007475446091,0.01266852723,0.03126594217,0,0.391668303,0.1126908718,0.01062511592,0.0002898750278,0,0.00487447866,2.936247712e-05,0.0006188025545,3.881263738e-05,6.577519891e-05,0,0,9.682541481e-05,0,0,1.505035847e-06,0,0,0.002012019641,0.04240251558,0.0003022567017,0.004507146709,0,0.01112364411,0.006634816115,0,0.05338278107,0.1393458348,0.04009260767,0.06111915302,-0.2038023018,0,0.003180098566,0,0.007093983357,0,0.0003304661073,0.005374409702,0.0523596064,0.0007504879327,0.0104784798,0.01208174045,0.008199941424,0.3452406573,0.0004065829575,-0.43096823,0.007738231246,0.02217459523,0.0004280846654,0.01801400416,0,0.0008247888794,0.01208174045,0,0.02922965707,0,0.005374409702,0,0.1053199493,0,0.2232449369,-0.01815806896,-0.3920260442,-0.00772505257,-0.1434351604,0,-0.01545390128,0.008199941424,0,0.06241755893,0,0.0523596064,0,0.07138149808,0,-0.06011685822,9.510107575e-05,0.0007143238125,4.025935545e-05,0,0,0,0.3452406573,0.1053199493,0.07138149808,0.0146657169,0.0007504879327,0.02922965707,0.06241755893,0.006782252478,-0.4946089348,0.006425534411,-0.04882558695,0.1391906849,0,0.05055532413,-0.1143073588,0.0004065829575,0,0,0.006782252478,0.0104784798,0,0,0.0146657169
1,1,1,1,0,1500,500,v1,0.1270165852,0,0.006151952964,0.14911128,0,0.1402920424,0,0,0,0.009678538294,0.07038170145,0,0,0,0,0,0,0.04128610903,0,0,0,0,0.02071241213,0,0,0,0,0,0,0.001339059954,0,0,0,0,0.002106671348,0,0,0,0,0,0.001598729127,7.743324524e-05,0,0.00187683007,0.001765824314,0,0.0001218215799,0.0008858786113,0,0,0,0,0.1957712385,0,0,0.2298258918,0,0,0,0,-0.347157825,0.2660801811,0,-0.01432558546,0,-0.209762888,0,0,0,0,0,0,0,0,0,-0.2071225072,0,0,0,0,0.0601551745,0,0,0.1002626454,0,0.006920654951,0,0.1187441877,0,0.01137068782,-0.01414200878,0,0,0,0,0.001947780268,0,0,0.1187441877,0,0.1469826803,0,0.1002626454,0,0.07346831881,-0.3114627392,0,0,0,0.003472664793,0.000183576676,0.002640380743,0,0,0,0,0,0,0,0,0.269552846,0,0,0,-0.4155574013,0,0,0,0.01137068782,0.07346831881,0,0,0.006920654951,0.1469826803,0
1,1,1,1,2,1500,500,v1,0.1330265933,0,0,0.2789572225,0,0,0,0,0,0,0,0,0,0,0,0,0,0,0,0,0,0,0,0,0,0,0,0,0,0,0,0,0,0,0,0,0,0,0,0,0.02400761665,0,0,0.05034405448,0,0,0,0,0,0,0,0,0.1658585547,0,0,0.3478059583,0,0,0,0,-0.2897412896,0.2510745407,0,0,0,0,0,0,0,0,0,0,0,0,0,0,0,0,0,0,0,0,0,0.02391688937,0,0,0,0.03408323527,0,0,0,0,0,0,0,0,0,0,0.03408323527,0,0,0,0.02391688937,0,0,-0.112853734,0,0,0,0.07418698512,0,0,0,0,0,0,0,0,0,0,0.3252615265,0,0,0,-0.3639282747,0,0,0,0,0,0,0,0,0,0
1,1,1,1,3,1500,500,v1,0,0,0,0,0,0,0,0,0.212572272,0,0,0.1327052901,0,0,0,0,0,0,0,0,0.09817196096,0,0,0.06128710219,0,0,0,0,0,0,0,0,0.3049119676,0,0,0.1903514072,0,0,0,0,0,0,0,0,0,0,0,0,0,0,0,0,0,0,0,0,0,0,0,0,-0.2995381689,0,0,0,0,0,0.3054436826,0,0,0,0,0,0,0,0,-0.1527212525,0,0,0,0,0,0.158626766,0,0,0,0,0,0,0,0,0.4640704485,0,0,0,0,0,-0.4581649354,0,0,0,0,0,0,0,0,0,0,0,0,0,0,0,0,0,0,-0.008750614845,0,0,0,-0.0001076544551,0,0,0,0,0,0,0,0,0,0,-0.0001076544551,0,0,0,-0.008750614845
1,1,1,1,2,1500,500,v1,0,0,0,0,0.09080101708,0,0,0.1061551192,0,0,0,0,0.0004796452997,0.003735794807,0,0.001403401475,0.3405981639,0,0.005208605004,0.398192001,0,0,0,0,0,0.0001879337136,0,0,0,0,0.0002620252268,0,0,0,0,0,0,0.0006697376668,0,0,0,0,0.001959595622,0,0,0,0,0,0,3.221466832e-05,0.000250909142,0,0,0,9.425738785e-05,0,0.02287577276,0.0003498282642,0,0.02674397779,-0.6889268744,0,0,0,0.1965351146,0,0,0,0.0005020799512,0.004984542367,0,0,0.0008081275605,0.006832841296,0,0.2452975799,0.0007484807536,-0.008862737656,0,-0.7383268117,0,0,0,0,0,0,0,0,0,0,-0.008325634969,0,0.0004473792047,0,0,0,0,0.0008081275605,0,0.3406210426,0,0.0005020799512,0,0.3979665956,0,0.0008732022693,0,-0.001746673945,0,0,0,0,0.006832841296,0,0.3979665956,0,0.004984542367,0,0.3406210426,0,-0.5512052487,0,0.0001247215168,0.0005371026899,0,0,0.04939993759,0,0,0,0,0,0,0,0
1,1,1,1,2,1500,500,v1,0,0,0,0,0,0,0,0,0,0,0,0,0,0.08987291459,0,0,0,0,0.7596219774,0,0,0,0,0,0,0.0003875543253,0,0,0,0,0.003275678599,0,0,0,0,0,0,0,0,0,0,0,0,0,0,0,0,0,0,0,0.01553524032,0,0,0,0,0,0,0.1313066347,0,0,0,0,0,0,0,0,0,0,0,0.1109238176,0,0,0,0.9375278153,0,0.1503962003,0,-0.8493639632,0,0,0,0,0,0,0,0,0,0,0,0,-0.7026309607,0,0.003663197524,0,0,0,0,0,0,0,0,0,0,0,0,0,0,0,0,0,0,0,0.9375278153,0,0,0,0.1109238176,0,0,0,-0.8457007695,0,0,0.1467330028,0,0,0,0,0,0,0,0,0,0,0
1,1,1,1,1,1500,500,v1,0,0,0,0,0,0.03890134353,0,0,0,0,0.0312269049,0,0.005550575866,0,0.01266750704,0.01405798144,0,0.4651091188,0,0,0,0.01041188704,0.373352612,0,0,0,0.002772076532,0,0,0,0,0,0,0.002278471023,0,0,0,0.0002191026782,0.0005000354531,0,0,0,0.0005549228508,0,0.01835965421,0.0004109974155,0,0.01473767032,0,0.002516240181,0,0,0,0,0.006372898707,0,0,0,0,0,-0.8052878699,0,0,0,0,0.0701081769,0,0,0.004189872111,0,0.01409152302,0,0.01037437903,0,0.01158081966,0.1177547799,-0.01836761442,0,-0.02300700115,0,-0.8383842542,0,0,0,0,0,0,0,0,0,-0.02210169197,0,0,0.004986796884,0,0,0,0.01037437903,0,0,0.6117118562,0.004189872111,0,0,0.4910576794,-0.796776141,0,0.0007703577901,0.0009053091609,0,0,0.03309638449,0,0,0,0,0,0,0,0,-0.01759725663,0,0.007887755867,0,0,0,0,0.01158081966,0,0.4910576794,0,0.01409152302,0,0.6117118562,0
1,1,1,1,1,1500,500,v1,0,0,0.04025774609,0,0,0,0,0,0,0.3260268386,0,0,0,0,0,0,0,0,0,0,0,0,0,0,0,0,0,0,0,0.01972936203,0,0,0,0,0.1597779845,0,0,0,0,0,0,0.04992127397,0,0,0,0,0.4042867948,0,0,0,0,0,0,0,0,0,0,0,0,0,-0.1666567691,0,0,0.250335465,0,0,0,0,0,0,0,0,0,0,0,0,0,0,0,0,0,0,0,0,0,-0.01273046076,0,0,0,-0.112787582,-0.09446156424,0,0,0,0,0.1781402599,0,0,0,0,0,0,0,0,0,0.4284757239,0,0,0,0,-0.3447970295,0,0,0,0,0,0,0,0,0,0,0,0,0,0,0,0,0,-0.112787582,0,0,0,-0.01273046076,0,0
1,1,1,1,4,1500,500,v1,0,0,0,0,0,0,0,0,0,0,0,0,0.06937022757,0,0,0.7990833193,0,0,0,0,0,0,0,0,0,0,0,0,0,0,0,0,0,0,0,0,0,0.006996716388,0,0,0,0,0.08059594947,0,0,0,0,0,0,0.003510935314,0,0,0,0,0.04044285196,0,0,0,0,0,0,0,0,0,0,0,0,0,0.08830969845,0,0,0,1.017234126,0,0,0.1313814599,-0.8684106782,0,0,0,0,0,0,0,0,0,0,0,0,0,0,0,0,0,0,0,0,1.017234126,0,0,0,0.08830969845,0,0,0,-0.8244693652,0,0.08744014658,0,0,0,0,0,0,0,0,0,0,0,0,-0.7809705318,0,0.04394131325,0,0,0,0,0,0,0,0,0,0,0,0
1,1,1,1,1,1500,500,v1,0.0026334431,0.03786988538,0,7.195733962e-05,0.001350268285,0,0.2030219755,0.0009664416854,0,0,0,0,0,0,0,0,0.0001460003116,0,0,0.0001044983347,0,0,0,0,0,0,0,0,0.02180658592,0,0,0.1169059823,0,0,0,0,0,0,0,0,0.001638713928,0,0,4.477692897e-05,0,0,0,0,0,0,0,0,0.006569199521,0.09446751778,0,0.0001794996523,0.003368283056,0,0.5064441544,0.002410816568,-0.4701897792,0.002598650378,0.2396876629,0,0.002311901014,0,0,0,0,0,0,0,0,0,0,-0.003453764162,0,0,0,0.0002491963485,0,0,0,0.003517081022,0.05210677871,0,0,0.000130219384,0.2778264097,0,-0.3584990052,0,0,0,0.1385435459,0,0,0,0.000130219384,0.002803014947,0,0,0.003517081022,0.002003836782,0,-0.003885364167,0,0,0,0.00145383057,0,0,0,0.2778264097,0.002003836782,0,0,0.05210677871,0.002803014947,0,0.3848447955,0,0,0,-0.006484014534,-0.5981866674,-0.005765665175,0,0,0,0,0,0,0,0
1,1,1,1,3,1500,500,v1,0.02003758842,0.000210245533,0.001073895796,0.003836255725,0.006964400372,0.002748836881,0.006198002573,0.02574226371,0.001232565316,0.006561077254,0.0006336309229,0.005839821123,0.001342036364,0.07429113812,0,0.003094269204,0.01352609981,0.005338728395,0.02483038488,0.04999603838,0.002393860288,0,0.00123062355,0.0113419676,0.0006172884167,0.0349189291,0,0.001679311073,0.0001919285312,0.000980335895,0.01167098083,0.005658020473,0.001125181816,0,0.005989463378,0.005331044491,0.0007955467397,0.0008129536042,0,0.002164256469,0.02357413612,0.00126343376,0.001874388333,0.004513338269,0.003233994702,0,0.007719079014,0.0007454640404,0.003509339315,0.003586124991,0.1985172043,0.009547032169,0.1039909267,0.001091130697,0.008268357268,0.0199093713,0.03614379303,0.0663505596,0.03216634745,0.1335970079,-0.2447285807,0.02265109983,0.006149515827,-0.001378084486,0.03221304033,0.001272426353,0.0002227286682,0.00382326471,0.002297991257,0.1359374373,0,0.00946019296,0.005742694814,0.04557393062,0,-0.3583464178,0.003442375323,0.09691383046,0,0.06091321547,-0.003151783349,-0.008563616824,0.00946019296,0.09326184452,0.001050341782,0.001484456036,0.00382326471,0.01759380115,0.03075758634,0.007612209647,-0.2156641436,0.00113895908,0.04523740853,0,0.005620630094,-0.001806688161,0.0020749599,0.005742694814,0.01759380115,0.02390412087,0.00269979833,0.002297991257,0.09326184452,0.08718882845,0.0004449015013,-0.122400928,0.002268441604,0.002294433597,0,0.02465406347,-0.002879671147,-0.0002171095605,0.04557393062,0.03075758634,0.08718882845,0.001422544247,0.1359374373,0.001050341782,0.02390412087,0.007976348137,0.303497011,-0.01226303911,-0.01109726633,-0.2631588173,-0.1212089272,-0.03297543129,-0.1671882221,0,0.007612209647,0.0004449015013,0.007976348137,0,0.001484456036,0.00269979833,0.001422544247
1,1,1,1,4,1500,500,v1,0.0002834691014,0,0.0001888113308,6.910314179e-05,0.003003471473,0.04838080786,0,0.007822422386,0.007930959041,0.0009422125098,0.04350466683,0.004344979307,0.03592176671,0.005390312694,3.689515121e-06,0.002071047516,0.001701883408,0.0274144419,0.00119138362,0.00443248787,0.004493988947,0.001840255203,0.02465143129,0.00246203377,0.01137261224,0.05747135741,3.933750308e-05,0.07201515796,0,0.001140701051,0.01270249756,0,0.04791477965,0.01962074753,0.005692363881,0.02625013255,0.0008531986139,0.02873327259,2.951186799e-06,0.005402737003,0.0001284811529,8.557792487e-05,0.001656599279,3.132070226e-05,0.0219283934,0.001471992032,0.0004270537738,0.01971830341,0.007942170456,0.267469432,0.04013566166,0.05029246123,0.001195992586,0,0.01542078672,0.0002915550401,0.01267203231,0.008870908346,0,0.03300380582,-0.04368688379,-7.007857592e-05,0,0.001024098473,0.007585671072,-0.07396506661,0.0115030605,0.007129821117,0.3040011566,0.02560144331,4.999265306e-05,0.04370107061,0.01755727421,0.007713764754,0.02447484397,-0.4373117885,0.03758510589,0.006364211046,0.001761390486,0.00568361212,0.03500995276,0.006832036091,0.04370107061,0.001499012476,0,0.001316474532,0.007129821117,0.0003713252191,0,0.006512240325,0.08326343289,-0.06350237371,-0.05282518779,-0.019549161,0,-0.006718048109,-0.07329412768,0.01755727421,0.0003713252191,0.01288170435,0.00425215222,0.3040011566,0.001499012476,0.03153025397,0.005612088197,-0.3483570427,0.006134559394,0.03016368819,0.001437879438,0.0001155215974,0.0004748063911,0.0323789536,0.007713764754,0,0.03153025397,0.05325820599,0.02560144331,0,0.01288170435,0.02918034066,-0.02276527091,0.02348055313,-0.282121081,0.02425083805,-0.001292334818,0,-0.0428772554,0.02447484397,0.006512240325,0.005612088197,0.02918034066,4.999265306e-05,0.001316474532,0.00425215222,0.05325820599
1,1,1,1,3,1500,500,v1,0.1106482841,0.0349972528,0.05102105014,0.05767888764,0,0.006386406502,0.02347622584,0,0.06640068823,0.01960631761,0.1537300288,0.2646951792,0.004714317722,0.001869737922,0.0003448488511,0.003655067698,0,9.928931734e-05,0.001225100777,0,0.001032329997,0.0003456376235,0.002390037279,0.00411520996,0.005533327546,0.01433148733,0.002643256512,0.0006342321619,0.004170522306,0.006080032307,0.009390362177,0.002797594545,0.007912779696,0.00264930243,0.002336428674,0.03154296583,0.0007055413481,0.004607501311,0.0003370353097,8.086942456e-05,0.001681269245,0.0007752503634,0.003572251639,0.0008764143128,9.703963262e-05,0.0003378062102,0.0002979124266,0.002335884118,0.003923313979,0.02562099918,0.01016150302,0.0004496917789,0.009349058207,0.002957039562,0.01986427136,0.004873489745,0,0.006658080313,0.00198358794,0,0.08697310003,-0.1677330309,-0.05837991623,-0.07019708901,0,-0.1597356631,-0.3309839735,0.0023074366,0.02390971781,0.004925592355,0.002774019786,0.0003116798254,0.01876094627,0.003072677449,0.002808662793,-0.4981904307,0.007982355605,0.002989428383,0.0006060366752,0,0.002467576961,0.005120825069,0.0003116798254,0.1489944203,0.04179024907,0.065960517,0.0023074366,0.07770229183,0.02801740697,0.02533527993,-0.4306872423,-0.00428707884,-0.01930840879,-0.004967401009,0.006923189559,0.008261448888,0.03918541119,0.01876094627,0.07770229183,0,0.009265542097,0.02390971781,0.1489944203,0,0.2230025457,-0.4161577231,0.0007627540285,0.007951721472,0.0006395759452,0.002553825731,0.001071775388,0.002422694186,0.003072677449,0.02801740697,0,0.08628016241,0.004925592355,0.04179024907,0,0.3437364421,-0.2205451595,0.0017782472,-0.04438118634,0.01098680053,0.01404806359,0.004918289406,0,0.002808662793,0.02533527993,0.2230025457,0.3437364421,0.002774019786,0.065960517,0.009265542097,0.08628016241
1,1,1,1,0,1500,500,v1,8.540214221e-06,0,0,4.539733577e-05,1.178206105e-05,0.0001407154277,0,0.0006290212707,0,0,3.462383955e-05,0,0.01306698887,0.01332604683,0.001895604035,0.008799589991,0.00636974519,0.07607509541,0.02542256143,0.3400682779,0,0.02598930358,0.01871871436,0,0.001785251504,0.001396558543,0.0001986577146,0.002256020196,0,0,0.002664263137,0,0,0.002723657241,0,0,0.001199999507,0.0009204813465,0.0001335325354,0.001516437946,0.0003252437995,0,0.0006198718405,0.001728902998,0.005358978027,0.001830771373,0,0.001318607337,0.01590996594,0.01220402741,0.01244597683,0.02010540498,0.004312183249,0,0.008218453268,0.0229223326,0.005949078676,0.02374362138,0,0.3176097128,-0.1606653214,5.295515776e-05,0,0,0.0006400732955,0.0001752142247,0,0.01938629402,0.002497818312,0.001558202337,0.002346502249,0.02449333102,0.002770470207,0.003610551369,0.03216661649,0.07718031932,-0.006236982326,-0.008817063519,-0.02779254574,-0.1047689121,-0.09437459283,0,0.02449333102,0.005931376437,0,0,0.01938629402,0.03149973637,0,0,-0.06654651235,0.003992891162,0.003982947126,0.002863009184,0,0,0,0.002770470207,0.03149973637,0.00356188788,0.1053794915,0.002497818312,0.005931376437,0.06734552152,0.02597760417,-0.1830093863,0.002689912465,0.001490807646,0.001920790689,0.001980399524,0,0.006627981617,0.003610551369,0,0.06734552152,0,0.001558202337,0,0.00356188788,0,-0.1049929722,-0.03593588696,0.001233982342,0.00138828057,-0.02698742991,0,0.05685723258,0.03216661649,0,0.02597760417,0,0.002346502249,0,0.1053794915,0
1,1,1,1,0,1500,500,v1,0.004361074427,0.003489172695,0.000343501399,0.003779181422,0,0,0.001661721025,0,0,0.002468978128,0,0,0.05820013732,0.01056887382,0.0381820592,0.02217727381,0,0,0.009479201808,0,0,0.003810913758,0,0,0.00339024587,0.007627586312,0.02755610077,0.001187261626,0.006908889061,0.0006801649748,0.006841166919,0.003290363424,0,0.002750347303,0.004888808171,0,0.005008894603,0.06205733551,0.04071256474,0.001754111229,0.01275821599,0.001004904895,0.02364706657,0.01105590231,0,0.004063481025,0.007222934797,0,0.01990974474,0.2466703349,0.04479418375,0.006972378058,0.05071235149,0.04057352266,0.09399420363,0.04394586238,0,0.04017581388,0.01932316958,0,-0.1230815583,0.008011246209,0.005038604464,0.001604837379,0,0,0,0.01760561966,0.1896506934,0.04027757743,-0.02280473272,0.006127597462,0.07239922148,0.03621312768,-0.002265652817,-0.3126834851,0.07959374801,0.01946091633,0.004648664938,0,0,0,0.006127597462,0.05026561803,0.04522478077,0.000345668722,0.01760561966,0.04359314211,0.02154333385,0.001667761988,-0.1490571411,0.004250410941,0.01398699064,0.0232460302,0.01001327811,0.001603709776,0,0.07239922148,0.04359314211,0,0,0.1896506934,0.05026561803,0,0,-0.3363063024,0.006220396703,0.08481689707,-0.01118110481,0.02327765635,-0.004550834303,0,0.03621312768,0.02154333385,0,0,0.04027757743,0.04522478077,0,0,0.2546701441,-0.0262929524,-0.3391105882,-0.08444171026,-0.09386140918,-0.05956395903,0,-0.002265652817,0.001667761988,0,0,-0.02280473272,0.000345668722,0,0
1,1,1,1,2,1500,500,v1,0.007531233996,0,0.02183883652,0.008328213894,0.004005825588,0.01055375628,0,0.001907398691,0.00741041201,0.005562446019,0.007986732788,0.006625843377,0.04853372625,0,0.04799682201,0.1335625964,0.0143330869,0.03776198004,0,0.006824788194,0.0265149036,0.00425558676,0.02857701429,0.02370766944,0,0,0.01445202553,0,0,0.02352845621,0,0,0.007983738248,0.001281373348,0.005992799453,0.007138469376,0,0.006962598496,0.006885574765,0,0.003865819342,0.01120998188,0.01916075283,0.004274913032,0.005417294853,0.0006105021037,0.002855230818,0.004099629105,0,0.07848678963,0,0,0.04357794717,0,0.2159920578,0.04818950855,0.02317889152,0,0,0.01103677291,-0.2043107722,0.01367422804,0,-0.007740085876,0.005337527954,0.01178746269,0.01090216528,0,0.03622373349,0,0.04298222759,0,0.09981089012,0,0.004189170172,-0.2091972923,0.1541389939,0,-0.04726087694,0.008458454358,-0.0621652677,-0.04536026422,0,0.0492859028,0,0.02947752249,0,0.05353058741,0,0.004356840473,-0.07759769276,0,0,0.008966323469,0,-0.01983057011,0.009672819765,0.09981089012,0.05353058741,0.01241562641,0.03588229337,0.03622373349,0.0492859028,0.007156436984,0.02624108242,-0.3091001975,0,0.02590823312,0.006846954957,0.007714874153,0.005014414028,0.008962221116,0,0,0.007156436984,0.01910859378,0,0,0.01241562641,0.01806932503,0.2152323118,0,-0.270736976,0,-0.08993342907,0,-0.02684402456,0.004189170172,0.004356840473,0.02624108242,0.01806932503,0.04298222759,0.02947752249,0.03588229337,0.01910859378
1,1,1,1,3,1500,500,v1,0,0,0,0,0,0,0,0,0,0,0,0,0,0.5467317873,0,0,0,0,0.0545183124,0,0,0,0,0,0,0.362070673,0,0,0,0,0.03610450777,0,0,0,0,0,0,0,0,0,0,0,0,0,0,0,0,0,0,0,0.0005226068206,0,0,0,0,0,0,5.211264933e-05,0,0,0,0,0,0,0,0,0,0,0,0.2880475655,0,0,0,0.02857207525,0,0.3677104742,0,-0.578790235,0,0,0,0,0,0,0,0,0,0,0,0,-0.5782166457,0,0.3671368839,0,0,0,0,0,0,0,0,0,0,0,0,0,0,0,0,0,0,0,0.02857207525,0,0,0,0.2880475655,0,0,0,-0.211653351,0,0,0.0005735900313,0,0,0,0,0,0,0,0,0,0,0
1,1,1,1,2,1500,500,v1,0,0,0,0,0,0,0,0,0,0,0,0,0,0,0,0,0,0,0,0,0,0,0,0,0.1418779727,0,0,0.8379801923,0,0,0,0,0,0,0,0,0.002370420209,0,0,0.01400051851,0,0,0,0,0,0,0,0,0.0005460046554,0,0,0.003224891626,0,0,0,0,0,0,0,0,0,0,0,0,0,0,0,0.2084503937,0,0,0,1.231143127,0,0,0,0,0,0,0,0,0,0,1.231143127,0,0,0,0.2084503937,0,0,0,0.02012832174,-0.9798573407,0,0,0,0,0,0,0,0,0,0,0,0,0,-0.9760880601,0.01635903652,0,0,0,0,0,0,0,0,0,0,0,0,0,-0.9634983011,0.003769285181,0,0,0,0,0,0,0,0,0,0,0,0,0
1,1,1,1,1,1500,500,v1,0.01623274805,0.006804819564,0.006766804438,0.003024411457,0,0.1178961397,0.0473603807,0,0.04477521396,0.06660209868,0.02358339992,0.0745880039,0,0,0.0001285586153,0,0,0.008895928365,0,0,0.003378542307,0.06284029852,0.001779500472,0.005628085374,0.01036323606,0,0.0006566200548,0.02233592483,0.002622534818,0.002607884026,0,0.01825239394,0.01725608688,0.3209602106,0.02566803147,0.0287457493,0.001395098204,0,8.839415156e-05,0.003006860832,0.0008421822529,0.0003510731879,0,0.0001569115498,0.006116649889,0.0432076439,0.003455428825,0.001223546427,6.840300484e-05,0,0,0.0001474292745,4.129300472e-05,1.731015879e-05,0,7.693523991e-06,0,0,0.0001204757455,0,0.1235441017,-0.01920702456,-0.05390805046,-0.07122470448,0,-0.1409711949,-0.1184514631,0.01333206727,0,0,0.0006558132527,0.02874967839,0,0,0.3216272471,-0.4844672443,0,0,0.06265112839,0,0.01064253104,0.009000017905,0.02874967839,0.02296410047,0.006247870219,0.00592230753,0.01333206727,0.004280299572,0.04336630939,0.05656932858,-0.1203838573,-0.03264289988,0,-0.320598916,0.02069517182,0.02583197314,0.04523959939,0,0.004280299572,0,0.1538473987,0,0.02296410047,0,0.03081212095,-0.4852556047,0.004373651036,0,0.04309241358,0.0009953419676,0.003731640686,0.007222317112,0,0.04336630939,0,0.03617642148,0,0.006247870219,0,0.0601413474,-0.07969380951,0.0002147517664,0,0,4.874924172e-05,0.0001367590574,0,0.3216272471,0.05656932858,0.03081212095,0.0601413474,0.0006558132527,0.00592230753,0.1538473987,0.03617642148
1,1,1,1,1,1500,500,v1,3.234257028e-05,7.333213759e-05,1.469848619e-05,0.0001360044032,0.00120613784,0,3.933548253e-05,5.03272646e-05,0.0006144960021,0.0001869474188,0,1.672686315e-05,0.0002464144618,0.009390119765,0.0004884064092,0.0001052962733,0.001695318482,0,0.01520339246,7.073879865e-05,0.000863720874,0.002385116238,0,2.351087852e-05,0.004594614648,0.02947812807,0.001533239942,0.007301641514,0.000323576869,6.485683219e-05,0.04772756484,0.0001735671794,0.002711453653,0.00748752558,0.0008249024565,7.380701264e-05,0.01999809444,0.00336693308,0.006673438254,0.03178044902,0.0006211509825,0.0002822898447,0.001438736603,0.00261201469,0,0.0325895108,0.00359039408,0,0.03609315915,0.006076741555,0.2315664859,0.0573583052,0.001121071877,0.002541869629,0.002596674866,0.00471424226,0.04180766096,0.374925587,0.001363463165,0.001744464973,-0.05255958991,0.0001655656528,0.000110318618,0.0001991812436,0.001243449558,0,0.0005622430235,0.01772183473,0.003410713323,0.2885237147,0.006949862175,0.02719109637,0.001632475561,0.4671803889,0.03386191953,-0.6063748691,0.0003501209851,0.0245544888,0.002847707097,0.001764368423,0,0.0007652361013,0.02719109637,0.0007391665531,0.003216262726,0.0003038576936,0.01772183473,0.002990365797,0.001728449412,0.003859795839,-0.6648717605,0.01184560878,0.07708128451,0.008891061447,0.0004758411806,0.0008806578977,-0.002600173807,0.001632475561,0.002990365797,0.05823938349,0,0.003410713323,0.0007391665531,0.002431923774,0,-0.07991715579,0.04989220911,0.004052136938,-0.03894662303,0.003000982795,-0.003855608171,0,0.4671803889,0.001728449412,0.002431923774,0.001857286773,0.2885237147,0.003216262726,0.05823938349,5.175524453e-05,0.1745363747,-0.09167977202,-0.007764383844,-0.6054385087,-0.005652903349,-0.003882634556,-0.04345535649,0.03386191953,0.003859795839,0,5.175524453e-05,0.006949862175,0.0003038576936,0,0.001857286773
1,1,1,1,0,1500,500,v1,0,0,0,0,0.214783445,0,0,0.1693876224,0,0,0,0,0,0,0,0,0.29719017,0,0,0.2343771713,0,0,0,0,0,0,0,0,0,0,0,0,0,0,0,0,0,0,0,0,0,0,0,0,0,0,0,0,0,0,0,0,0,0,0,0,0.04710920837,0,0,0.03715238294,-0.4258919542,0,0,0,0.3635307097,0,0,0,0,0,0,0,0,0,0,0.4477165767,0,0,0,-0.5100778215,0,0,0,0,0,0,0,0,0,0,0,0,0,0,0,0,0,0,0,0.0503647634,0,0,0,0.04317710297,0,0,0,0,0,0,0,0,0,0,0.04317710297,0,0,0,0.0503647634,0,-0.1465471115,0,0,0,0,0,0.08418586705,0,0,0,0,0,0,0,0
1,1,1,1,3,1500,500,v1,0,0,0,0,0,0,0,0,0,0,0,0,0,0,0.03643067326,0,0,0,0,0,0,0.5220678111,0,0,0,0,0.005354440877,0,0,0,0,0,0,0.07673152808,0,0,0,0,0.02344455843,0,0,0,0,0,0,0.3359709883,0,0,0,0,0,0,0,0,0,0,0,0,0,0,0,0,0,0,0,0,0,0,0,0,0.01187068391,0,0,0,0.1633181251,0.4394933551,0,0,-0.5562858967,0,0,0,0,0,0,0,0,0,0,0,-0.1988700542,0,0,0.08207750472,0,0,0,0,0,0,0,0,0,0,0,-0.4742083975,0,0,0.3574158538,0,0,0,0,0,0,0,0,0,0,0,0,0,0,0,0,0,0,0.1633181251,0,0,0,0.01187068391,0,0,0
1,1,1,1,0,1500,500,v1,0.0001755502271,0,0,0.003325569982,0.002629090722,0.05418241892,0,0.1041480214,0,0,0.02064454624,0,0.004301215808,0.003790292873,0.006554164586,9.43525741e-05,0.0006646811939,0.01369828534,0.02303208482,0.026330484,0,0.008075598887,0.005219310817,0,0.001166441109,0.024806811,0.04289587311,0.0003095946732,0,0,0.1507410098,0,0,0.05285339735,0,0,0.0003396524506,0.008197120839,0.01249071926,9.014993437e-05,8.458226648e-05,0,0.000179814147,0.00160230067,0.02610575829,0.01539022055,0,0.009946797225,0.00112939929,0.02725675152,0.02401903919,0.0002997631009,0.0002812497054,0,0.0005979110984,0.005327908674,0.004212076528,0.1459540375,0,0.1668559524,-0.1007795717,-0.001787438909,0,0,0.08761019571,-0.06931625876,0,0.00220803337,0.0260631121,0.01486030889,0.04260620893,0.0005166243322,0.0005910342545,0.07717959085,0.05203705617,-0.3016521287,0.004081429404,0.02675885317,0.009814887178,0.02690698904,0.01388756321,0,0.0005166243322,0.0004418550697,0,0,0.00220803337,0.009001456527,0,0,0.04080393644,-0.0008860459796,-0.07647939574,-0.08971037638,0,0,0,0.0005910342545,0.009001456527,0.001678060832,0.03521019593,0.0260631121,0.0004418550697,0.06350254684,0.01657549544,-0.16472254,-0.0001515748955,0.004030161901,0.01679997917,-0.0003616421893,0,0.0209049013,0.07717959085,0,0.06350254684,0,0.01486030889,0,0.001678060832,0,0.0697215312,-0.0007788175937,-0.0258810222,-0.01163939056,-0.004146459969,0,-0.1579709231,0.05203705617,0,0.01657549544,0,0.04260620893,0,0.03521019593,0
1,1,1,1,4,1500,500,v1,0,0.1025117485,0,0,0,0,0.01349045991,0,0,0,0,0,0,0,0,0,0,0,0,0,0,0,0,0,0,0,0,0,0.1534679217,0,0,0.02019624945,0,0,0,0,0,0,0,0,0,0,0,0,0,0,0,0,0,0,0,0,0,0.6277254757,0,0,0,0,0.08260814478,0,-0.5365033952,0,0.1158721519,0,0,0,0,0,0,0,0,0,0,0,0,0,0,0,0,0,0,0,0,0,0.5575984419,0,0,0,0.07334842284,0,-0.5942164573,0,0,0,0.1735852138,0,0,0,0,0,0,0,0,0,0,0,0,0,0,0,0,0,0,0.07334842284,0,0,0,0.5575984419,0,0,0.2894573656,0,0,0,0,-0.7100886095,0,0,0,0,0,0,0,0,0
1,1,1,1,1,1500,500,v1,0.01778102774,0.001643940296,0.001406175838,0.06466811603,0.004265300193,0.002366111669,0.07530271867,0.01639548657,0,0.001473798236,0.0005968128016,0,0.01231388151,0.007419668273,0.01886936585,0.05905485685,0.004080268443,0.002263468065,0.01043124758,0.01568423873,0,0.02731678936,0.0005709226387,0,0.002380413862,0.0008108485542,0.002062113488,0.001235045847,0.0001718622262,0.0001470056489,0.001139964983,0.00787236185,0,0.002985278903,0.0001540750881,0,0.0133152991,0.007527463949,0.01153482523,0.006908464581,0.01039799747,0.0008223041448,0.0361001773,0.03781665024,0.001383655856,0.01669872711,0.0008618484015,0.000349004461,0.03648862389,0.02062791071,0.01242924535,0.01893163374,0.02849418672,0.002634422624,0.09892724015,0.1036309824,0.006835165095,0.01747416875,0.1206729869,0.02627385001,-0.1906370688,0.06118876131,0.04192070113,-0.002443977575,0.007419776149,-0.001752434126,0,0.03550158136,0.005435572475,0.009231450052,0.02469330704,0.01653416619,0.02995990882,0.01346270589,0.03524621949,-0.1009961184,0.03869591065,0.009002421799,-0.0401797476,0.003223751897,-0.001097855408,0,0.01653416619,0.001560095673,0.001983809907,0.001959216363,0.03550158136,0.01356466315,0.08662059126,0.001769695371,-0.1661767016,0.003368548962,0.001647888911,0.00216901826,0.007533624698,0.000122458895,0,0.02995990882,0.01356466315,0.00321324784,0.002849112447,0.005435572475,0.001560095673,0.01225610406,0.0006798272143,-0.2142529917,0.0157096691,0.04204234929,-0.001948955007,0.04494777747,-0.000164422477,0.0004976630929,0.01346270589,0.08662059126,0.01225610406,0,0.009231450052,0.001983809907,0.00321324784,0,0.2767011815,-0.05376871647,-0.1043352475,-0.02577974801,-0.1162197113,-0.1085239266,-0.02095642932,0.03524621949,0.001769695371,0.0006798272143,0,0.02469330704,0.001959216363,0.002849112447,0
1,1,1,1,1,1500,500,v1,0.026578131,0.007567568241,0.0370145721,0.0211646801,0,0.004341529181,0.0236121369,0,0.06330376219,0.01274941388,0.04393464727,0.008845766496,0,0,0.04724046179,0,0,0.004712796115,0,0,0.06871719896,0.08957535011,0.04769172943,0.009602214391,0.02840171349,0,0.03702364584,0.1392398523,0.006438094125,0.03149007602,0,0.02008798005,0.05385555392,0.07020265917,0.01084653933,0.007525518832,0.004768437561,0,0.00621599621,0.02337734101,0.00379626894,0.005286950779,0,0.003023042429,0.0006201193146,0.01178650707,0.001821053704,0.006275374925,0.001362755916,0,0,0.006680932563,0.001084923078,0.0003089092093,0,0.0008639452446,0,0,0.0009638507783,0,0.02368713611,-0.04750184528,-0.01891798098,-0.02358056472,0,-0.008419298511,-0.01202835808,0.0334260496,0,0,0.01555449407,0.1638432341,0,0,0.04418599271,0.08321007589,0,0,-0.09251427292,0,-0.02604901901,-0.01396303986,0.1638432341,0.03269373935,0.005737593234,0.02272105661,0.0334260496,0.0259303473,0.01855433397,0.01027039961,-0.09948908161,-0.1674795771,0,0.03490181071,0.001562132311,-0.005015451797,0.04467711944,0,0.0259303473,0,0.003986883724,0,0.03269373935,0,0.03827559562,-0.3257652258,0.02797596535,0,0.01778547094,0.006516884285,0.006601712386,0.0062933313,0,0.01855433397,0,-0.02350833494,0,0.005737593234,0,-0.004520247334,-0.1978444213,0.007990755942,0,0,0.001902236546,0.001161230544,0,0.04418599271,0.01027039961,0.03827559562,-0.004520247334,0.01555449407,0.02272105661,0.003986883724,-0.02350833494
1,1,1,1,3,1500,500,v1,0.0008669144913,0,0,0.0006749139989,0.009589287162,0.004913095685,0,0.0007304752106,0,0,0.002278334648,0,0.0008218556284,0.005524072761,0.007488735159,0.006000671232,0.01475885782,0.00756173837,0.00508985227,0.001124273326,0,0.008322612582,0.003506581519,0,0.004507569314,0.01829709559,0.02480454349,0.001469620541,0,0,0.0168588499,0,0,0.02756655181,0,0,0.01647292288,0.009948246827,0.09064826377,0.005370731796,0.0161507876,0,0.07263582128,0.01257378064,0.09153193961,0.1007420298,0,0.04244582292,0.01338201247,0.008081599361,0.05432017663,0.004362990123,0.0131203213,0,0.05900673929,0.01021448898,0.1451291101,0.05005033175,0,0.01105538039,-0.2705897103,0.001479411808,0,0,0.01026040772,0.00710283584,0,0.0006919739875,0.002815951626,0.04587116597,0.08756529237,0.0003792776808,0.01692177869,0.04238125508,0.09710666777,-0.5001209275,0.006733172313,0.01049773355,0.01562902709,0.01566749669,0.01100873541,0,0.0003792776808,0.005195231593,0,0,0.0006919739875,0.004210319485,0,0,-0.2741603698,0.005730768435,0.03404087403,0.05172497203,0,0,0,0.01692177869,0.004210319485,0.1810945182,0.1183810986,0.002815951626,0.005195231593,0.01380287273,0.05493654147,0.1497941892,-0.01342991345,-0.05428780557,-0.1904686393,-0.01675392193,0,-0.1336566649,0.04238125508,0,0.01380287273,0,0.04587116597,0,0.1810945182,0,-6.177635878e-05,0.006984977241,0.03439614629,-0.1033735549,0.009004142749,0,-0.1558594985,0.09710666777,0,0.05493654147,0,0.08756529237,0,0.1183810986,0
1,1,1,1,2,1500,500,v1,0.0001104563802,0.01448002246,0.002465401202,6.806460782e-06,0.0001999935133,0.0004336333396,0.003352770436,0.0004716178632,0.01481693717,0.001753602738,0.0009852142661,0.005001323014,0,0.005530012162,0.03418045757,0,0.0004748011683,0.001029481471,0.01215616192,0.001119659877,0.03517663629,0.01549094184,0.002338980284,0.01187355515,0.001004844013,0.002329337754,0.014397406,0.02114023458,0.01448009743,0.002465413967,0.005120387817,0.003352787795,0.01481701388,0.006525055393,0.001753611818,0.005001348909,0.01496324471,0,0.2143933848,0.3148016003,0.001644826841,0.03671275543,0,0.0001013562944,0.006457316047,0.09716533047,0.02611322993,0.01467101191,0.0003572001128,0,0.0008280287266,0.007514891943,3.92650354e-05,0.005147358564,0,2.419560763e-06,7.109369659e-05,0.001820186101,0.001191842876,0.0001676507239,-0.09785835637,0.0001048690466,-0.003496887121,0.004149416111,0.0002293784614,0.001399461298,0.01524202229,0.02039020091,0,0.003947323703,0.2485863038,0.42874548,0,0.008567814406,0.1125921476,-0.2699162185,0,-0.01541376438,0.04929583705,-0.001280924412,0.003309469257,-0.03903589287,0.42874548,0.002252236717,9.385951927e-05,0.04757545579,0.02039020091,0.0001387052154,0.0006311601657,0.03378507435,-0.6764625295,0.0220072806,0.004742870741,0.02085693448,-0.002369824643,0.004154855689,0.01709999316,0,0.0001387052154,0.0003974595856,0.007503152773,0,0.002252236717,0.0008830910328,0.01704413399,0.1131514626,-0.3292631898,0,-0.3109384058,-0.001740045773,-0.06254462518,-0.02107378835,0.008567814406,0.0006311601657,0.0008830910328,0.007222503803,0.003947323703,9.385951927e-05,0.0003974595856,0.002818312367,-0.326480236,0.00783212507,0,0.002327468237,4.121543036e-05,0.005383365307,0.0001978455376,0.1125921476,0.03378507435,0.01704413399,0.002818312367,0.2485863038,0.04757545579,0.007503152773,0.007222503803
1,1,1,1,1,1500,500,v1,0,0,0,0,0,0,0,0,0,0,0,0,0.02761784171,0,0,0.005815670092,0,0,0,0,0,0,0,0,0,0,0,0,0,0,0,0,0,0,0,0,0,0.5088982416,0,0,0,0,0.1071620409,0,0,0,0,0,0,0.2895365872,0,0,0,0,0.06096961842,0,0,0,0,0,0,0,0,0,0,0,0,0,0.2877687521,0,0,0,0.06057313557,0,0,-0.2656576848,0.03342976014,0,0,0,0,0,0,0,0,0,0,0,0,0,0,0,0,0,0,0,0,0.06057313557,0,0,0,0.2877687521,0,0,0,0.3817047422,0,-0.6139326665,0,0,0,0,0,0,0,0,0,0,0,0,-0.5805029061,0,0.3482749817,0,0,0,0,0,0,0,0,0,0,0,0
1,1,1,1,1,1500,500,v1,0.00230544134,0,0.06236505943,0.0003846729704,9.673099863e-05,0.02383459753,0,8.981991157e-05,0.06012824645,0.01093190429,0.01137578861,0.0003613746805,0.002870605196,0,0.03271113982,0.004716029942,6.463252393e-05,0.01592550699,0,6.001475913e-05,0.04017574906,0.0004294770493,0.007600933932,0.0002414588706,0,0,0.1108134331,0,0,0.1411638574,0,0,0.1361008116,0.00145491189,0.02474446097,0.0008179747494,0,0.006931432847,0.07898511065,0,0.003719538636,0.1006181524,0.01138744014,0.0006206212887,0.03845411498,0.001037025687,0.01763724788,0.0183533992,0,0.00920506054,0,0,0.004939610479,0,0.01512271391,0.0008241956116,0.0002072546571,0,0,0.0001924470463,-0.1890815202,5.265396563e-06,0,0.06799419122,-8.341180479e-05,0.01285315992,0.04796065054,0,0.008651682413,0,0.0382630465,0,0.01297656183,0,0.0005143793045,-0.1871490281,0.002267881995,0,0.02878028747,-2.609761413e-06,0.01315214913,0.03325005049,0,0.003879795101,0,-0.01698651421,0,0.0007855508925,0,-0.001297566797,0.2947169704,0,0,-0.08970486162,0,-0.1374636375,-0.1302578652,0.01297656183,0.0007855508925,0.0002574897055,0.02032915091,0.008651682413,0.003879795101,0.0002271370924,0.009761710818,-0.1142444466,0,-0.00605349952,0.03507295686,-0.001619825446,0.08165883367,-0.04606588352,0,0,0.0002271370924,0.07310260055,0,0,0.0002574897055,0.0004681455326,-0.005486199145,0,-0.01063321195,0,-0.001495670611,0,-0.0002370629657,0.0005143793045,-0.001297566797,0.009761710818,0.0004681455326,0.0382630465,-0.01698651421,0.02032915091,0.07310260055
1,1,1,1,3,1500,500,v1,0.08351732796,0,0,0.2744204589,0,0,0,0,0,0,0,0,0,0,0,0,0,0,0,0,0,0,0,0,0,0,0,0,0,0,0,0,0,0,0,0,0,0,0,0,0.06983632921,0,0,0.2294675605,0,0,0,0,0,0,0,0,0.07997551632,0,0,0.2627828071,0,0,0,0,0.2968351207,0.02849175339,0,0,0,0,0,0,0,0,0,0,0,0,0,0,0,0,0,0,0,0,0,-0.1048440666,0,0,0,-0.3831462426,0,0,0,0,0,0,0,0,0,0,-0.3831462426,0,0,0,-0.1048440666,0,0,0.1278169916,0,0,0,0.1975098821,0,0,0,0,0,0,0,0,0,0,0.2260016357,0,0,0,0.09932523785,0,0,0,0,0,0,0,0,0,0
1,1,1,1,4,1500,500,v1,2.037273745e-05,0.001634738023,0.05164392951,3.598501944e-05,0.0006240452552,0.05274493467,0.003879107891,6.142159589e-05,0.06691257767,0.1959702932,0.0789554533,0.05069139401,0.00341380229,0,0.0004098779124,0.002959583069,0.000163668641,0.01383343869,0,1.610907069e-05,0.01754919305,0.003162128944,0.02070768368,0.01329485562,0.0006092530096,0,0.0004155678939,6.163203927e-05,0.0004346953823,0.01373270663,0,0.001031498787,0.01779281336,0.003206026053,0.05211072378,0.01347941664,0.001457059207,0.008277617488,0.0009938515143,0.000147396121,1.295584571e-05,0.03284245843,0.007176249382,2.288432573e-05,0.03354263203,0.007667372514,0.1246254162,0.05021095834,0.003564576784,0.0202505176,0,0.0003605926157,3.169542226e-05,0.002543286686,0.01755611015,5.598464071e-05,0.0009708748236,0,0.006035024155,9.555826372e-05,0.3502538458,-2.502815727e-05,-0.003539698712,-0.2270728818,-0.0005316447807,-0.1129658121,-0.1160450383,0.003744287016,0.01965786787,0,0.0008828579026,0.0004026665018,0.01309267453,0,0.006088490259,-0.1682351703,0.004188317185,0,0.0002014052037,0.0001375044861,0.03099238813,0.02983629115,0.0004026665018,3.2412812e-05,0.001864207078,0.008935951358,0.003744287016,5.571046537e-05,0.005524191636,0.03387990846,-0.1956674418,0.0004320972331,0,0.001796658909,0.001197151145,0.06515108135,0.03064376599,0.01309267453,5.571046537e-05,0.001142058655,0.0125004088,0.01965786787,3.2412812e-05,0.0001053904946,0.01750167652,-0.2660675527,-0.000449600876,-6.04870804e-05,-0.006645629551,2.340165515e-05,0.1333778938,0.06197203381,0,0.005524191636,0.0001053904946,0.04744745539,0,0.001864207078,0.001142058655,0.03590001642,0.001372012088,-0.002747132036,-0.02596152503,0,-5.712234944e-05,-0.002583051574,-0.0004374924727,0.006088490259,0.03387990846,0.01750167652,0.03590001642,0.0008828579026,0.008935951358,0.0125004088,0.04744745539
1,1,1,1,2,1500,500,v1,0.03928911782,0.1334429281,0,0.03502641115,0.04528688325,0,0.0523497581,0.01555718518,0,0,0,0,0,0,0,0,0.003728171233,0,0,0.001280720731,0,0,0,0,0,0,0,0,0.1339875607,0,0,0.05256341787,0,0,0,0,0,0,0,0,0.01678776977,0,0,0.01496636623,0,0,0,0,0,0,0,0,0.05578827862,0.1894812525,0,0.04973548128,0.06430475919,0,0.07433363364,0.02209030462,-0.20217948,0.03888163721,0.1586757379,0,0.05086259137,0,0,0,0,0,0,0,0,0,0,-0.02810415683,0,0,0,0.004926391226,0,0,0,0.01537585759,-0.1093078985,0,0,0.02331979399,-0.03351512981,0,-0.04089472984,0,0,0,0.1361100821,0,0,0,0.02331979399,0.02552899945,0,0,0.01537585759,0.009237648973,0,-0.0461214789,0,0,0,0.02032437787,0,0,0,-0.03351512981,0.009237648973,0,0,-0.1093078985,0.02552899945,0,0.4097808176,0,0,0,-0.0850031161,-0.1995704677,-0.07896674816,0,0,0,0,0,0,0,0
1,1,1,1,2,1500,500,v1,0,0.03198673528,0.004188775771,0,0,0,0.003374817681,0,0.1663910986,0.006537594517,0,0.3724288349,0,0,0,0,0,0,0,0,0.007800128,0,0,0.01745882206,0,0,0,0,0.007495503745,0.0009815626447,0,0.0007908265207,0.03899069698,0,0.001531965165,0.08727185511,0,0,0,0,0,0.004441523149,0,0,0,0,0.006932067739,0,0,0,0,0,0,0.2183588512,0,0,0,0,0.02303834091,0,-0.08231518149,0,0.03496775395,0.0001631197666,0,0,-0.536588021,0,0,0,0,0,0,0,0,-0.41143567,0,0,0,0,0,0.02515788309,0,0,0.2671499801,0.0006881551938,0,0,0.02820816714,0.0001955094344,-0.7195446181,0,0,0,0.008277624312,0.002342313309,0.1251523509,0,0,0,0,0,0,0,0,0.002505433076,0,0,0,0,-0.003094542826,0,0,0.02820816714,0,0.1790775286,0,0.2671499801,0,0.4003391529,0.04324537824,0,0,0,0,-0.2401508106,0,0,0.0001955094344,0,0.4003391529,0,0.0006881551938,0,0.1790775286
1,1,1,1,4,1500,500,v1,0,0.3110815866,0,0,0,0,0.08412645461,0,0,0,0,0,0,0.04442533893,0,0,0,0,0.05133211059,0,0,0,0,0,0.01153718317,0.004649729304,0,0.05924311334,0.01966093836,0,0.005372618973,0.005316949346,0,0,0,0,0.04458852408,0,0,0.2289608259,0,0,0,0,0,0,0,0,0.0141465164,0,0.005701345892,0.07264196662,0,0.02410759913,0,0,0,0.006587729545,0.006519469271,0,0.05549404224,0,-0.3946895301,0,0,0,0,0.02826501505,0,0.05096015362,0,0.1438952696,0,0.05871165606,0,0.02217722955,0,-0.09529176935,0,0,0,0,0.1438952696,0,0.4004977199,0,0.02826501505,0,0.1082955118,0,-0.6323572265,0.0703536535,0.009970782758,0,0.02494924138,0,0,0,0,0,0,0,0,0,0,0.1567181508,-0.2714916745,0,0,0,0,0,0.05871165606,0.1082955118,0,0,0.05096015362,0.4004977199,0,0,-0.6561992973,0.08636449723,0,0.01220644679,0,0.03054480085,0,0,0,0,0,0,0,0,0
1,1,1,1,3,1500,500,v1,0.05171135909,0.0006727327517,0.2054210984,0.006611114566,0.009100525031,0.01419059973,0.0006454129481,0.05494337581,0,0.1221663402,0.06035311329,0,0.001752100155,0,0,0.00311230632,0.0001552430316,0.0002420730357,0,0.0009372619926,0,0,0.001029545025,0,0.009864099317,0,0,0.0009990921129,3.465590088e-05,0.01058229023,0,3.324851823e-05,0,0,0.006293412303,0,0.08740954779,0.04688666252,0,0.008853336426,0.02360597868,0.09377371152,0.08328613845,0.003017940975,0.006477938319,0,0.05576832773,0.02755089656,0.0007781728412,0.0004174135241,0,7.881777374e-05,0.0002101547481,2.733983103e-06,0.0007414637488,2.686754208e-05,3.698449585e-05,0,2.622955535e-06,0.0002232896506,0.224537522,-0.0567200547,-0.001309314515,-0.3241964779,-0.06394363985,-0.073125965,0,0.1143845388,0.06676017153,0,0,0.01157818819,0.1184727921,0,0,-0.2320267965,0.004689224099,0,0,0.001061209723,0.001239763181,0,0.01157818819,0.04131725853,0.0009530465589,0.1514784186,0.1143845388,0.005293272372,0.0009125585728,0.08986040258,-0.2735669085,0.01061427196,0,0,6.032527283e-05,0.01678087709,0,0.1184727921,0.005293272372,0.01335313251,0.01114363956,0.06676017153,0.04131725853,0.08058534299,0.04723982084,-0.4185285623,-0.09542758306,-0.1293009454,0,0.02541780444,0.1465230536,0.03296389492,0,0.0009125585728,0.08058534299,0,0,0.0009530465589,0.01335313251,0,-0.3048587014,0.0008381598624,0.001123079024,0,0.000228562988,5.25248576e-06,0.0002567798711,0,0.08986040258,0.04723982084,0,0,0.1514784186,0.01114363956,0
1,1,1,1,1,1500,500,v1,0,0,0,0,0,0,0,0,0,0,0,0,0.001189325774,0,0,0.04173591874,0,0,0,0,0,0,0,0,0,0,0,0,0,0,0,0,0,0,0,0,0,0.002024886544,0,0,0,0,0.07105748662,0,0,0,0,0,0,0.02449269506,0,0,0,0,0.8594996873,0,0,0,0,0,0,0,0,0,0,0,0,0,0.03192165395,0,0,0,1.120185548,0,0,-0.8109492264,0.04287775978,0,0,0,0,0,0,0,0,0,0,0,0,0,0,0,0,0,0,0,0,1.120185548,0,0,0,0.03192165395,0,0,0,-0.8410547496,0,0.07298328298,0,0,0,0,0,0,0,0,0,0,0,0,0.1158610427,0,-0.8839325091,0,0,0,0,0,0,0,0,0,0,0,0
1,1,1,1,1,1500,500,v1,0.02115747282,0,0.08244235224,0.01490925634,0,0.01983742738,0,0,0,0.03681161836,0.02425951739,0,0,0,0,0,0,0.1728041509,0,0,0,0,0.2113250485,0,0,0,0,0,0,0.02086290515,0,0,0,0,0.009315567563,0,0,0,0,0,0.03485309772,0.1358088172,0,0.02456029472,0.03267856236,0,0.06064046227,0.03996315332,0,0,0,0,0.03388922395,0,0,0.02388107177,0,0,0,0,-0.4858344257,0.03427176278,0,0.1128157344,0,0.04401363673,0,0,0,0,0,0,0,0,0,0.1164771506,0,0,0,0,-0.3836327982,0,0,-0.02047860889,0,0.04975177976,0,-0.01005324672,0,0.02214654421,-0.07759745539,0,0,0,0,0.02966523938,0,0,-0.01005324672,0,0.1801845752,0,-0.02047860889,0,0.2205488959,-0.1765080526,0,0,0,-0.0002755649707,-0.1904131901,0.07246351386,0,0,0,0,0,0,0,0,0.03399619778,0,0,0,-0.01364162732,0,0,0,0.02214654421,0.2205488959,0,0,0.04975177976,0.1801845752,0
1,1,1,1,1,1500,500,v1,0,6.296006434e-06,0.007496807558,0,0.01393556794,0.001140716054,0.0005833304935,0.01854162972,0.0008580252767,0.000763014247,0.0003617155033,0.002770023289,0,0.1322212587,0.0002698101022,0,0.1244328382,0.01018562981,0.08781196335,0.1655610752,0.007661440203,0.001033866046,0.003229813589,0.02473396573,0,0.1113826633,0.0002272869588,0,4.735783159e-05,0.05639011864,0.07397244928,0.004387744447,0.006453966808,0.0008709246521,0.005739304841,0.02083579453,0,0,0.0001197969689,0,0,0.02972174613,0,0,0.004522468092,0.0004590414427,0.0030250364,0.001434052599,0,0,0.01970942281,0,0,8.380079073e-06,0,0,0.01854845011,0.01308959793,0.0007764216431,0.02467918748,-0.2987983882,0,0.0005384252583,0.008013822935,0.03232380373,0.001409595725,0.003470000136,0,0,0.02341543557,1.359918628e-05,0,0,0.005584445368,0.0001406251832,0.1877447202,0,-0.1186561782,-0.0005782772228,-0.2895431247,-0.0112622396,-0.01579823234,0,0,5.170818347e-05,0.02889102027,0,0,0.004575758772,0.003059733506,-0.06016235918,0,0.06666335489,8.226790977e-06,-0.004342277218,-0.05831672849,0.005034146664,0,0,0.1379165223,0.007805537158,0,0,0.1834996029,0.002823102367,-0.06072559985,0,0,0.0004672341857,0,0.02900240298,0.002766884194,0.005584445368,0.004575758772,0.1834996029,0.0031956956,0.02341543557,5.170818347e-05,0.1379165223,0.007745432701,-0.3130159951,0,0,0.03265956942,0,0.0007188739851,0.04294190422,0.0001406251832,0.003059733506,0.002823102367,0.007745432701,1.359918628e-05,0.02889102027,0.007805537158,0.0031956956
1,1,1,1,2,1500,500,v1,0.0001237648063,7.49722496e-06,3.789687104e-06,0.0004807321994,0,8.037817395e-06,2.077301133e-05,0,2.510613997e-07,3.517816238e-06,0.0004307961328,1.930484466e-07,0.0005934672498,0.00184490273,0.001920621279,0.0004701764846,0,0.001034319007,0.001519097775,0,3.230697648e-05,0.0005043369826,0.05543552512,2.484177827e-05,0.0003670957065,6.903567763e-06,7.186904184e-06,0.0006524505178,3.610081701e-06,1.824819202e-06,5.68441591e-06,1.000267012e-05,1.208916859e-07,1.887213065e-06,1.693907292e-06,9.295714991e-08,0.001170411621,7.080373963e-06,2.291401405e-05,0.002080208661,0.0001900084761,5.818072951e-06,5.609450801e-06,0.0007380385053,1.233996546e-05,6.017003368e-06,5.400686373e-06,0.0006613747411,0.2545065028,0.001539630318,0.004786225655,0.4523422546,0.04131742363,0.002502860296,0.001219777453,0.1604867857,0,0.003940990832,0.006934825294,0,-0.2660495025,0.0006042459958,2.799953985e-05,1.767625945e-06,0,0.0004381415182,6.723381869e-08,0.3794069824,0.001415219433,0.004408984393,0.001000204607,0.6741390049,0.001124480368,0.003603953125,0.0003716290488,-0.01009222241,0.0009294241074,0.00325708487,-0.0009325966669,0,-0.05642901506,-3.226278338e-05,0.6741390049,0.06150190242,0.003726112822,-1.263464106e-06,0.3794069824,0.2388858377,0.01032756433,8.558744667e-07,-0.7190683019,0.001017648466,1.248938091e-05,4.695686773e-06,1.352747703e-05,-1.605757671e-06,1.663413146e-07,0.001124480368,0.2388858377,0,0.001520056463,0.001415219433,0.06150190242,0,0.08145680997,-0.9654245498,0.003250168346,1.244423055e-05,1.334520947e-05,0.0009277061241,1.098581476e-07,0.0006729622141,0.003603953125,0.01032756433,0,3.362877477e-05,0.004408984393,0.003726112822,0,1.441503765e-05,0.01005273851,-0.706631807,-0.002635001537,-0.008611532584,-0.2017904455,-0.009410645133,0,0.0003716290488,8.558744667e-07,0.08145680997,1.441503765e-05,0.001000204607,-1.263464106e-06,0.001520056463,3.362877477e-05
1,1,1,1,2,1500,500,v1,0.006196596783,0.01737996453,0.01514626349,0.002503005003,0,0,0.0541837814,0,0,0.04609793058,0,0,0.0002137144118,1.344663073e-05,0.00254767006,0.000171860731,0,0,0.0001731357189,0,0,0.01709812692,0,0,0.0008907746433,3.393679901e-05,0.006429846142,0.00254029354,0.0121669427,0.01060322763,0.0004369624041,0.03793166336,0,0.04315249733,0.03227111765,0,0.004400801585,0.002664741894,0.03176614569,0.01255011907,0.02143136124,0.05238440643,0.002142880706,0.008656817005,0,0.2131914958,0.1594329012,0,0.002672380439,0.001618160686,0.0001018125499,0.007621041771,0.01301416332,0.03650159995,0.00130126123,0.005256839688,0,0.001310914932,0.1137973964,0,-0.2760707477,0.008482082068,0.067175847,0.06024822776,0,0,0,0.001823947047,0.002228299901,8.043313258e-05,0.03417797702,0.005284002488,0.00140765518,0.001036957421,0.2293810877,-0.198819658,0.0003484356323,7.990395437e-05,0.01951637821,0,0,0,0.005284002488,0.004313673359,0.01070497258,0.04030625936,0.001823947047,0.002084313928,0.03112907324,0.1217085913,-0.4610762813,0.003305761622,0.0002923189214,0.04920889307,0.04932915043,0.04185129227,0,0.00140765518,0.002084313928,0,0,0.002228299901,0.004313673359,0,0,0.2044668039,-0.01467693578,-0.004210650752,-0.2444313143,-0.02618235631,-0.2101094202,0,0.001036957421,0.03112907324,0,0,8.043313258e-05,0.01070497258,0,0,0.08394355752,0.006632541157,0.001438245065,-0.001117149913,0.0134349494,-0.1443943615,0,0.2293810877,0.1217085913,0,0,0.03417797702,0.04030625936,0,0
1,1,1,1,0,1500,500,v1,0,0,0,0,0.04592535065,0,0,0.02984917766,0,0,0,0,0.02345457412,0.004206487627,0,0.08172499501,0.07130609731,0,0.01209184823,0.04634539175,0,0,0,0,0,0.004038826088,0,0,0,0,0.0116098932,0,0,0,0,0,0,0.1069741448,0,0,0,0,0.3727401488,0,0,0,0,0,0,0.0186096245,0.003337564554,0,0,0,0.06484327798,0,0.05657658454,0.009594066981,0,0.03677194621,-0.02196035002,0,0,0,0.06820271394,0,0,0,0.09728413448,0.001720065525,0,0,0.3391934089,0.005345293944,0,-0.2768439652,0.1045079432,-0.003667463447,0,-0.07344941822,0,0,0,0,0,0,0,0,0,0,0.005422452112,0,-0.01013269176,0,0,0,0,0.3391934089,0,-0.0432439937,0,0.09728413448,0,-0.02611955218,0,0.1878008179,0,-0.4787858464,0,0,0,0,0.005345293944,0,-0.02611955218,0,0.001720065525,0,-0.0432439937,0,-0.3933247623,0,0.08329287477,0.009089915556,0,0,0.05148906823,0,0,0,0,0,0,0,0
1,1,1,1,3,1500,500,v1,8.126874242e-06,0,0.0005362675491,5.07413385e-05,0.0005425202568,2.498165884e-06,0,4.251093095e-05,5.261529386e-06,0.0005865073774,4.4436496e-06,7.104198726e-06,0.001253329136,0,0.001072763089,0.006774506519,0.06446760171,0.0002968566817,0,0.005051567625,0.0006252267571,0.009576392803,0.0005280382234,0.0008441908817,0,0,0.0002413243819,0,0,0.014335223,0,0,0.0001406484454,0.002154266024,0.01567820776,0.0001899057162,0,0.005250243074,0.004493845085,0,0.004045417694,0.2669447278,0.0283786636,0.0252581623,0.001243543848,0.04011587103,0.2919532469,0.002211972055,0,0.003040408099,0,0,0.002342695481,0,0.01643404266,0.01462696491,0.1563897405,0,0,0.01225442438,-0.6440835084,5.854940914e-05,0,0.001121851239,0.0005839378704,6.844474861e-06,1.132629729e-05,0,0.001525371542,0,0.004759860734,0,0.007514894628,0,0.04248073037,-0.2256041494,0.007739966164,0,0.01045117031,0.06832747933,0.0005870786733,-0.001430155528,0,0.002583937723,0,0.3780986544,0,0.0156771985,0,0.413479653,-0.592965724,0,0,0.002366229639,0,0.02996806356,0.0002783183183,0.007514894628,0.0156771985,0.1372666146,0.001472829896,0.001525371542,0.002583937723,0.01076177108,0.002400076637,0.08612878357,0,-0.03222209601,-0.04431112733,-0.02760638485,-0.5588087888,-0.003175860834,0,0,0.01076177108,0.0007280434291,0,0,0.1372666146,0.0009827229431,0.01688145188,0,0.01845528571,0,0.01537374461,0,-0.1675970077,0.04248073037,0.413479653,0.002400076637,0.0009827229431,0.004759860734,0.3780986544,0.001472829896,0.0007280434291
1,1,1,1,3,1500,500,v1,2.375999541e-07,0.0004565831731,0.0004930785304,8.006658754e-06,3.531049882e-05,0,0.0003507417021,0.0001144916015,0.0009503578928,0.0003043145564,0,4.370852819e-05,0.002087174133,0.2135623141,0.002918854155,0.0007712472477,0.000818983257,0,0.08982619843,0.002655490798,0.02204237347,0.001416939615,0,0.00101376514,2.705765924e-05,0.05831694334,0.0007970444275,7.170933094e-06,0.002891753081,0.003122895112,0.02452862223,0.002221409937,0.006019057483,0.0003869202654,0.001927365282,0.000276826389,0.000193648063,0.004078981659,0.005704340798,5.132141296e-05,1.076987324e-05,0.02235014434,0.00150725487,0.000362923891,0,0.0027691368,0.01379389659,0,0.0001533455095,0.003230053071,0.3305031418,4.064026304e-05,8.528418374e-06,0.01638860722,0.00119356095,0.0002873911988,0.00126743588,0.139012545,0.01258953095,0.004109564252,-0.0737254403,6.912764842e-06,0.000746264563,0.0007882880355,0.000139039888,0,0.0009730688459,0.0001480979338,0.0007184699146,0.09428925305,0.004149682234,4.825850342e-05,5.647830963e-05,0.03795291839,0.001597117774,-0.3818961985,0.002669809757,0.2877077918,0.001335292907,0.002825206264,0,-0.02283737208,4.825850342e-05,1.472226903e-05,0.0195718844,0.02796351486,0.0001480979338,0.0003294529688,0.01498874348,0.01721019669,-0.2606032065,3.067065989e-05,0.08255657491,0.0009825909595,0.004939330968,0.004949960276,0.006129722446,5.647830963e-05,0.0003294529688,0.0007635320039,0,0.0007184699146,1.472226903e-05,0.002163882073,0,0.0114674683,-9.648544168e-05,-0.004023439048,-0.006149083877,-0.0001683982223,-0.03585405597,0,0.03795291839,0.01498874348,0.002163882073,0.02256713016,0.09428925305,0.0195718844,0.0007635320039,0.001034741067,0.3773332773,-6.508950973e-05,0.0008369971444,-0.4584258139,-6.796470103e-05,-0.02872601412,-0.00491585554,0.001597117774,0.01721019669,0,0.001034741067,0.004149682234,0.02796351486,0,0.02256713016
1,1,1,1,1,1500,500,v1,0,0,0,0,0.07737488931,0.06119205186,0,0.08583536494,0.1339779311,0,0.003049180525,0.04943400509,0,0,0,0,0.03615628421,0.02859425374,0,0.04010975496,0.06260615295,0,0.00142484259,0.02309987069,0,0,0,0,0,0,0,0,0.06889267996,0,0,0.02541941843,0,0,0,0,0,0,0,0,0.01793010135,0,0,0.0008934512603,0,0,0,0,0,0,0,0,0.1346436496,0,0,0.1493661174,0.006367892336,0,0,0,0.1514582673,-0.06214635838,-0.1669204219,0,0,0,0,0,0,0,0,-0.2552986539,0,0,0,0.07564315494,0.02915157229,0.07926330492,0,0,0,0,0,0,0,0,-0.08765711695,0,0,0,0,0,0.08017969518,0,0,0.03533227454,0.02178081274,0,0,0.03736448093,0.001167232173,-0.03299478608,0,0,0,0,0,0.01769608947,0,0,0.03736448093,0.008041170927,0,0,0.03533227454,0.003174961827,0.2271014223,0,0,0,0,0,-0.2755659259,0,0,0.001167232173,0.003174961827,0,0,0.02178081274,0.008041170927
1,1,1,1,2,1500,500,v1,0,0,0,0,0.1919595202,0,0,0.5195086124,0,0,0,0,9.079644083e-05,0.009180966709,0,2.536798254e-05,0.007524512512,0,0.0007410752121,0.02036392386,0,0,0,0,0,0.007026059803,0,0,0,0,0.000567134042,0,0,0,0,0,0,0.0008878474873,0,0,0,0,0.000248059278,0,0,0,0,0,0,0.0005790518119,0.05855136345,0,0,0,0.0001617836131,0,0.04798737224,0.004726186846,0,0.1298703661,0.2040932368,0,0,0,-0.7101993362,0,0,0,0.0004601219418,0.06343237754,0,0,0.0002621001756,0.005115674959,0,-0.589982032,9.71946726e-05,0.009860848132,0,0.02773771604,0,0,0,0,0,0,0,0,0,0,-0.05326693686,0,0.007568235202,0,0,0,0,0.0002621001756,0,0.2048430294,0,0.0004601219418,0,0.5543161193,0,0.0002686609944,0,-0.0007501424057,0,0,0,0,0.005115674959,0,0.5543161193,0,0.06343237754,0,0.2048430294,0,-0.6656854837,0,0.0001714663215,-0.06312778499,0,0,0.1763555207,0,0,0,0,0,0,0,0
1,1,1,1,4,1500,500,v1,0,0,0,0,0,0,0,0,0,0,0,0,0,0.001128781322,0,0,0,0,0.01659037387,0,0,0,0,0,0,0.03257661302,0,0,0,0,0.4787979559,0,0,0,0,0,0,0,0,0,0,0,0,0,0,0,0,0,0,0,0.02999862028,0,0,0,0,0,0,0.4409076556,0,0,0,0,0,0,0,0,0,0,0,0.009763487994,0,0,0,0.113013042,0,-0.09956848578,0,0.01771746653,0,0,0,0,0,0,0,0,0,0,0,0,0.1311104964,0,-0.2129615158,0,0,0,0,0,0,0,0,0,0,0,0,0,0,0,0,0,0,0,0.113013042,0,0,0,0.009763487994,0,0,0,-0.1952440495,0,0,0.11339303,0,0,0,0,0,0,0,0,0,0,0
1,1,1,1,1,1500,500,v1,0.0829870693,0,0,0.1347326417,0,0,0,0,0,0,0,0,0.0006031053307,0,0,0.04159009991,0,0,0,0,0,0,0,0,0.03552074,0,0,0.01395528529,0,0,0,0,0,0,0,0,0.002581244984,8.52042819e-06,0,0.001014112041,0.003314231879,0,0.0005875681106,0.005380780644,0,0,0,0,0.1357528355,0.0004481063572,0,0.05333418022,0.1743020821,0,0.03090138193,0.2829860142,0,0,0,0,-0.4469474907,0.2160690873,0,0,0,0,0,0.1465287456,0.0003461178565,0,0,0.05763264282,0.01990610613,0,0,0.01460359834,-0.02810508099,0,0,0,0,0,0.05763264282,0.1321073985,0,0,0.1465287456,0.2142102059,0,0,-0.1852550598,0.04914746758,0,0,0,0,0,0.01990610613,0.2142102059,0,0,0.0003461178565,0.1321073985,0,0,-0.393222253,0.003561923143,0.0005931281099,0,0.008579726771,0,0,0,0,0,0,0,0,0,0,0.2498462519,-0.1888169829,0.01401047024,0,-0.4555272173,0,0,0,0,0,0,0,0,0,0
1,1,1,1,1,1500,500,v1,0,0,0.0443575065,0,0,0.08030405134,0,0,0.2178247063,0.002780726579,0.03546783127,0.0006866350267,0.006386506911,0.04184852571,0.006358629494,0.07004630473,0,0.07812302497,0.03004609545,0,0.2119086732,0.001783356054,0.03450453896,0.0006679862901,0.0003044182664,0.007259500619,0.00110303706,0.004019593658,0,0.007485749739,0.005212122645,0,0.03675998421,0.0003093603455,0.0004692739719,0.0001158761702,0.0002570526579,0.000935494763,0.0009314112823,0.003394169626,0,0.006321013154,0.01026037428,0,0.01144345129,0.0002612257799,0.0003962578302,0.00505422071,0.0003505736281,0.001275846731,0.008360173324,0.004629037373,0,0,0.01399330653,0,0,0.006002375506,0,0,0.05293561943,0,0,-0.04672913765,0,-0.02881935339,-0.03174130051,0.0007269789022,0.00657360239,0.04036831151,0.00683606853,0.009539526789,0.07146172028,0.02940026009,0.001937087684,0.03862209694,-0.07460108144,-0.06846349913,-0.007696272417,0,-0.004767889913,-0.008970306437,0.009539526789,0,0,0.04628219513,0.0007269789022,0,0,0.003010684827,-0.1500721522,-0.001827834507,0.01054402567,0.001091550544,0,0.007485395088,0.03657465041,0.07146172028,0,0,0.01583655691,0.00657360239,0,0,0.01019638553,-0.1463767052,-0.001901552663,0.009974664897,0.000755951066,0,0.006381822557,0.0162319483,0.02940026009,0,0,0.006012506899,0.04036831151,0,0,0.0001929277156,-0.1262752765,-0.003114949959,0.01260286812,0.01140709238,0,0,0,0.001937087684,0.003010684827,0.01019638553,0.0001929277156,0.00683606853,0.04628219513,0.01583655691,0.006012506899
1,1,1,1,2,1500,500,v1,0.07164110662,0.001128227751,0.1369111814,0.06803981787,0.02170186214,0,0.0058689401,0.003531905669,0.01226932478,0.1193621073,0,0.0824719376,0,0.07298590446,0,0,0.01522184552,0,0.03019943392,0.00247730458,0.008605794526,0,0,0.05784642284,0.002147517005,0.03295900071,0,0.005703941338,0.0003573568648,0.04336549113,0.01363747112,0.001858938527,0.003886207755,0,0.03780696618,0.02612230822,5.564766243e-05,0,0,0.00014780372,0.0005880008466,0.001123710875,0,0.0005584429442,0,0,0.0009796752653,0,0.002335623707,0,0.03584596687,0.006203564666,0.0246793604,0.000388658699,0,0.02343876674,0.007475988334,0.01483201333,0.002021767875,0.001216692162,0.1904647499,-0.1347414564,-0.006153092617,-0.2542166261,-0.02022247514,0,-0.07344377752,0.002686900381,0,0.01172403536,0,0.006504669252,0,0.003010364012,0,0.01793539522,0,-0.08443942225,0,0.006716334985,0,0.02520794442,0.006504669252,0.07471310585,0.0007523046877,0.1394804514,0.002686900381,0.06887922839,0.004119469606,0.122389234,-0.3586772133,-0.0007362285412,0.03835334077,0,0.001469929223,0.07757605199,0.02914332185,0,0.06887922839,0.006938738271,0,0,0.07471310585,0.001557716792,0,-0.2796431945,0.0001051355176,0,0,0.001041548783,0.002060783879,0,0.003010364012,0.004119469606,0.001557716792,0.003504921782,0.01172403536,0.0007523046877,0.006938738271,0.02513384516,-0.1986063863,-0.005496620063,0,0.03626314853,0.03797168478,0.001435313864,0.007841836782,0,0.122389234,0,0.02513384516,0,0.1394804514,0,0.003504921782
1,1,1,1,4,1500,500,v1,0.01728406472,0,0.0004515827671,0.01124439119,0.0005285537411,0.0001229322542,0,0.0002711262822,0.001908975096,0.0009953043682,1.575423823e-05,0.002358150392,0.006974698099,0,2.883644875e-05,0.0002847761396,0.0003490898663,8.119213023e-05,0,0.000179068712,0.001260806252,0.001118564568,1.040508181e-05,0.00155746964,0,0,0.0001017738641,0,0,0.001052640171,0,0,0.004449824081,0.003947803671,0.002320056115,0.005496852432,0,0.02107573573,8.713629818e-05,0,0.03449461523,0.0009012448201,0.0008605199215,0.02244095667,0.0002453416414,0.00338001314,0.001986375415,3.144146905e-05,0,0.2226546097,0,0,0.3644183621,0,0.009090962696,0.2370774864,0.01114406199,0,0,0.005716444442,-0.5691447429,0.02851592417,0,0.0009709316816,0.0007942581122,7.336879755e-06,0.003842728526,0,0.2917678164,0,2.849043645e-05,0,0.01191057062,0,0.0006257331993,-0.2329578271,0.00725287308,0,0.001069226891,0.0005202965675,3.432489692e-05,0.002680776667,0,0.4686960665,0,0.0003911758177,0,0.3049055361,0,0.0007596883953,0.00832312862,0,0,-0.001799691349,0,-0.00120332399,-0.009400865484,0.01191057062,0.3049055361,0.01535006728,0.000202848932,0.2917678164,0.4686960665,0.007864106402,3.481957756e-05,-0.7979094158,0,0.02190621385,0.0002943153629,0.0568953489,-0.0005348505038,-0.0002001074493,0,0,0.007864106402,0.00189369657,0,0,0.01535006728,0.002422343882,0.1158849145,0,-0.2316113451,0,-0.6011456733,0,-0.01679067055,0.0006257331993,0.0007596883953,3.481957756e-05,0.002422343882,2.849043645e-05,0.0003911758177,0.000202848932,0.00189369657
1,1,1,1,1,1500,500,v1,0.04420496006,0.1534027551,0.08327113833,0.006207509893,0.121982475,0.06023411147,0.004339018914,0.08477585775,0.2014177685,0.123001634,0.05150953219,0.04094168519,4.791072916e-05,2.075824353e-05,0,1.143009957e-05,0.002039597601,0.001007139339,0.0001047277205,0.001417487521,0.003367788672,0,0.0008612607534,0.0006845619661,0.0004064280789,2.105355784e-06,0,7.36438185e-05,0.0002601447744,0.0001412135752,1.06217615e-05,7.358232227e-06,0.0003415700056,0,0.0002085896846,6.943007931e-05,0.0007865234598,9.403632585e-06,0,0.0001425162136,0.0001450711073,0.0002732778454,2.243431871e-06,2.037170337e-05,0.0001976753114,0,0.0004036647293,0.0001690431314,0.003879600479,4.638429665e-05,2.009688733e-05,0.0007029745442,0.0007155767959,0.002483238348,1.106593739e-05,0.0001004853309,0.001974616162,0.0001013911025,7.023875257e-05,0.001372326467,0.018302687,-0.05021235984,-0.1577031984,-0.2060175299,-0.2062547395,-0.111378364,-0.2416590965,0.004000161286,4.767073791e-06,1.894396624e-05,0,0.0007327633293,1.06812827e-05,7.149137809e-05,0,-0.5551955017,-6.471144241e-06,-4.73406417e-05,0,0.00345445472,0.001866727259,0.004049689362,0.0007327633293,0.06475876318,0.2259421155,0.124095009,0.004000161286,0.009093670234,0.006389784769,0.183392779,-0.6017895971,0.0004597841,8.108767115e-06,0,0.0002673866835,0.0003495451073,0.0004096153068,1.06812827e-05,0.009093670234,0.1765406237,0.08827443745,4.767073791e-06,0.06475876318,0.1226503802,0.07544665045,-0.3686497228,0.0009042078501,3.903605421e-07,0,0.0001649659806,0.0006761261969,0.0003642457022,7.149137809e-05,0.006389784769,0.1226503802,0.295725361,1.894396624e-05,0.2259421155,0.1765406237,0.06007432731,-0.4089648116,-0.00451927503,-4.218120635e-06,-2.105835496e-05,0.0008124379885,0.00254787846,0.003339614436,0,0.183392779,0.07544665045,0.06007432731,0,0.124095009,0.08827443745,0.295725361
1,1,1,1,2,1500,500,v1,0.002914983792,0,0.0001229228892,0.001635360178,0,0.000192742683,0,0,0,0.0001139904992,0.0003294149418,0,0,0,0,0,0,0.1458616529,0,0,0,0,0.249290957,0,0,0,0,0,0,0.02052951832,0,0,0,0,0.01903770776,0,0,0,0,0,0.2488607985,0.01049429106,0,0.1396155412,0.01645501362,0,0.009731706475,0.02812312908,0,0,0,0,0.06834657059,0,0,0.03834369855,0,0,0,0,-0.6511582205,0.004546521046,0,0.0002366688011,0,0.000521145632,0,0,0,0,0,0,0,0,0,0.04504017342,0,0,0,0,-0.3948108012,0,0,0.2664266791,0,0.01475234621,0,0.1492473007,0,0.0136985664,0.02004040496,0,0,0,0,-0.03900768002,0,0,0.1492473007,0,0.1936015956,0,0.2664266791,0,0.3310543479,-0.322480632,0,0,0,-0.3876960174,0.01980373615,0.04451902784,0,0,0,0,0,0,0,0,-0.3831494964,0,0,0,0.1060335097,0,0,0,0.0136985664,0.3310543479,0,0,0.01475234621,0.1936015956,0
1,1,1,1,1,1500,500,v1,0,0,0,0,0.02998021965,0.0001211270091,0,0.02268353872,0.003695878957,0,0.0003821446935,0.001596358255,0,0,0,0,0.05204007383,0.0002102539131,0,0.03937439563,0.00641535706,0,0.0006633319667,0.002770980414,0,0,0,0,0,0,0,0,0.0182320855,0,0,0.007874971162,0,0,0,0,0,0,0,0,9.931437217e-05,0,0,0.0003133278085,0,0,0,0,0,0,0,0,0.4631326694,0,0,0.3504139716,-0.7392457028,0,0,0,0.05262783639,0.000293479245,0.005254184391,0,0,0,0,0,0,0,0,-0.7810206169,0,0,0,0.09125381598,-0.0003381927023,0.009034790156,0,0,0,0,0,0,0,0,0.01428897455,0,0,0,0,0,-0.02589295465,0,0,0.571672039,2.233103812e-05,0,0,0.432506007,-1.044642588e-06,-4.471345713e-05,0,0,0,0,0,3.052252653e-05,0,0,0.432506007,0.01213020415,0,0,0.571672039,0.005275766004,0.1438816523,0,0,0,0,0,-0.8133336852,0,0,-1.044642588e-06,0.005275766004,0,0,2.233103812e-05,0.01213020415
1,1,1,1,3,1500,500,v1,0,0,0,0,0.01384301865,0.006642344054,0,0.0198688151,0.003213558409,0,0.00254943847,0.02335739965,0,0,0,0,0.1659944283,0.0796496871,0,0.2382509688,0.03853442696,0,0.03057083083,0.2800832896,0,0,0,0,0,0,0,0,0.005253260303,0,0,0.03818275093,0,0,0,0,0,0,0,0,0.002636568253,0,0,0.001011957297,0,0,0,0,0,0,0,0,0.02067809352,0,0,0.02967916371,-0.7360107022,0,0,0,0.0334680342,0.009144277158,0.02633707958,0,0,0,0,0,0,0,0,0.1656455932,0,0,0,-0.4041734341,-0.1100591766,-0.3184743049,0,0,0,0,0,0,0,0,-0.2921372252,0,0,0,0,0,0.04307616066,0,0,0.1976063423,0.1054406299,0,0,0.2834849861,0.04046842749,-0.1009148995,0,0,0,0,0,0.0036421946,0,0,0.2834849861,0.04517851188,0,0,0.1976063423,0.3284130857,-0.3707054,0,0,0,0,0,0.04997784838,0,0,0.04046842749,0.3284130857,0,0,0.1054406299,0.04517851188
1,1,1,1,1,1500,500,v1,0.1696527691,0,0,0.6352902434,0,0,0,0,0,0,0,0,0.006784168381,0,0,0.002679285053,0,0,0,0,0,0,0,0,0.1238917705,0,0,0.05505475489,0,0,0,0,0,0,0,0,0.0004528379106,0.0005297006383,0,0.0002012311235,0.0005503910633,0,0.000209195722,0.0020610219,0,0,0,0,0.0002988436872,0.0003495681085,0,0.0001327995062,0.0003632224488,0,0.0001380556254,0.001360140946,0,0,0,0,0.004334618568,-0.8049210624,0,0,0,0,0,0.1846992442,0.008739076738,0,0,0.08207784837,0.003454930854,0,0,0.001216648402,-0.009345986987,0,0,0,0,0,0.08207784837,0.2531016438,0,0,0.1846992442,0.9477780222,0,0,0.001085549133,-0.1789369433,0,0,0,0,0,0.003454930854,0.9477780222,0,0,0.008739076738,0.2531016438,0,0,-0.9905634911,0.0006539803,0.0007310364323,0,0.002611298916,0,0,0,0,0,0,0,0,0,0,-0.9892076763,0.0004315688324,0.0004856119695,0,0.001723319649,0,0,0,0,0,0,0,0,0,0
1,1,1,1,4,1500,500,v1,0,0,0,0,0.009720254036,0,0,0.0008294472739,0,0,0,0,0.07990925532,0.124158759,0,0.2366500339,0.2525115137,0,0.004908749268,0.02154727499,0,0,0,0,0,0.04716487338,0,0,0,0,0.00186471369,0,0,0,0,0,0,0.009588266267,0,0,0,0,0.02839550347,0,0,0,0,0,0,0.02029153428,0.03152790881,0,0,0,0.0600930675,0,0.06412080823,0.001246489579,0,0.005471547286,-0.204418014,0,0,0,0.01045423857,0,0,0,0.07472275909,0.06794068174,0,0,0.2212700663,0.002856286957,0,0.2782623749,-0.3153473393,-0.127898417,0,-0.2735069231,0,0,0,0,0,0,0,0,0,0,-0.09517603068,0,0.04797805158,0,0,0,0,0.2212700663,0,0.268080013,0,0.07472275909,0,0.02286564927,0,-0.235095905,0,0.03776735494,0,0,0,0,0.002856286957,0,0.02286564927,0,0.06794068174,0,0.268080013,0,-0.6205530331,0,0.08025143425,0.03272238623,0,0,0.06908890924,0,0,0,0,0,0,0,0
1,1,1,1,2,1500,500,v1,0,0,0,0,0,0,0,0,0,0,0,0,0,0.111531541,0,0,0,0,0.133098447,0,0,0,0,0,0,0.2746782844,0,0,0,0,0.3277929523,0,0,0,0,0,0,0,0,0,0,0,0,0,0,0,0,0,0,0,0.06970950765,0,0,0,0,0,0,0.08318926762,0,0,0,0,0,0,0,0,0,0,0,0.1400920265,0,0,0,0.1671477483,0,-0.4493153303,0,0.244488814,0,0,0,0,0,0,0,0,0,0,0,0,0.3973601023,0,-0.6021866189,0,0,0,0,0,0,0,0,0,0,0,0,0,0,0,0,0,0,0,0.1671477483,0,0,0,0.1400920265,0,0,0,-0.3576978049,0,0,0.1528712883,0,0,0,0,0,0,0,0,0,0,0
1,1,1,1,2,1500,500,v1,0.009776277168,0.003414356594,3.661541567e-05,0.002860814769,0.0008881706222,0,0.0005836051993,7.788438686e-06,0.01967459686,0.01946923449,0,0.0004675745652,0.0008817064075,0.06342616132,0.06821797416,0.0008610376185,0.008667378499,0,0.01613593788,7.600493005e-05,0.1919982192,0.03892231554,0,0.004562913513,0.007776339265,0.03354109954,0.03607511182,0.002930421443,0.01762012977,0.0001889575263,0.008533026235,0.003011753185,0.1015327311,0.0205829461,0.100472938,0.002412965457,0.006547296789,0.0003925723365,0.03037347725,0.002467271328,0.04247765762,0.0001590929823,0.0003833697327,0.01243016214,0,0.0173298325,0.0845932928,0,0.0009298223817,5.575164174e-05,0.004010532977,0.000350392563,0.006032516633,0.00210685137,5.444472267e-05,0.001765284718,0.0005480515701,0.001020299978,0.0003601174569,4.805907721e-06,-0.207906563,0.008923682219,0.003447217592,0.01827622135,0.000813801281,0,0.01939052431,0.0116723504,0.00102760618,0.05474340757,0.00604150311,0.004308526501,0.001067252041,0.01623934122,0.007069198376,0.2117464869,-0.001509738971,-0.07170833311,-0.0848154935,-0.008639003131,0,-0.186544334,0.004308526501,0.04302028558,0.0181520277,0.0001059948152,0.0116723504,0.01315205482,0.003372649353,0.03176234795,-0.2605340532,-0.007567627859,0.02041548681,0.04821354411,-0.01956101925,-0.05043170469,0.09046595278,0.001067252041,0.01315205482,0.01088582908,0,0.00102760618,0.04302028558,9.969914873e-05,0,-0.06442695082,-0.003995538941,4.141559218e-05,0.02786148178,-0.04987507589,0.01090992166,0,0.01623934122,0.003372649353,9.969914873e-05,0.1122195488,0.05474340757,0.0181520277,0.01088582908,0.002812236562,-0.1292147336,0.0009092488642,7.175123073e-05,0.003971013812,0.003503166704,0.001764016958,0.0005015163723,0.007069198376,0.03176234795,0,0.002812236562,0.00604150311,0.0001059948152,0,0.1122195488
1,1,1,1,1,1500,500,v1,0.001966002442,0.0004746735846,0.005390763846,0.002800651234,0,0.001604325962,0.0001106310209,0,0.0152985692,0.009537585082,0.01221892675,0.01536519477,0,0,0.007571690597,0,0,0.005928426435,0,0,0.0565324281,0.02487618645,0.04515230077,0.05677862794,0.007501534948,0,0.005800218887,0.0710816656,0.001343672448,0.01525979344,0,0.0003131664779,0.04330610886,0.01905615723,0.02699832202,0.04349470782,0.01712244107,0,0.01323914463,0.1622456789,0.01270275566,0.03483086006,0,0.0180955972,0.01036588778,0.04349615532,0.06162434504,0.07894905802,0.004126845733,0,0,0.03910440602,0.003061614448,0.0007391992366,0,0.004361395538,0,0,0.0001722833729,0,-0.2377378636,0.003778245415,-2.028517599e-05,0.01403072824,0,0.01308440926,0.02648729583,0.008698410725,0,0,0.007089307901,0.08081916656,0,0,0.02721519746,-0.09285412132,0,0,0.007265939527,0,0.02665915181,-0.08249743182,0.08081916656,0.01194755564,0.001644317035,0.02201425732,0.008698410725,0.01761651952,0.0004059385152,0.03910242944,-0.3131990923,0.0735331153,0,0.02134269779,-0.001152168194,0.03880596098,-0.01984208863,0,0.01761651952,0,0.007231192235,0,0.01194755564,0,0.05682565813,0.2451911634,-0.1738681007,0,-0.05147830758,-0.02952194355,-0.09358114708,-0.08244812799,0,0.0004059385152,0,0.05602595661,0,0.001644317035,0,0.05775238042,-0.1272511369,0.04065660055,0,0,0.006034314692,-0.0001943836649,0,0.02721519746,0.03910242944,0.05682565813,0.05775238042,0.007089307901,0.02201425732,0.007231192235,0.05602595661
1,1,1,1,4,1500,500,v1,0.03753879658,0,0,0.01569977849,0.007013640299,0.01124751659,0,0.009644567762,0,0,0.09891003798,0,0.00196222398,0.03472988756,0.002518551796,0.05309704376,0.01140102013,0.01828339601,0.05500796939,0.0156777232,0,0.001901153437,0.1607831719,0,0.004392811901,0.03318035276,0.002406182194,0.006917353956,0,0,0.05255369243,0,0,0.001816330145,0,0,0.004171659296,0.001780296857,0.002285044874,0.006569105298,0.05536361192,0,0.04817416416,0.02315461663,0.01658825536,0.001724888455,0,0.145876199,0.0009804605504,0.0004184212354,0.007405740939,0.001543929679,0.01301204954,0,0.01132232145,0.005442004381,0.002431133742,0.01172980391,0,0.003343090481,-0.1109800421,0.01154955815,0,0,0.007238936676,0.09912869764,0,0.007902328094,0.001906508062,0.03657519976,0.003085894743,0.01293630753,0.06187205057,0.06999849184,0.002068954046,0.1237596969,-0.03879131491,-0.0566121297,-0.002106515452,-0.02441207271,-0.06698643543,0,0.01293630753,0.0420796445,0,0,0.007902328094,0.02529857181,0,0,-0.04764894543,-0.008471410402,-0.03079240668,-0.001465354935,0,0,0,0.06187205057,0.02529857181,0.008218840425,-0.01371345476,0.001906508062,0.0420796445,0.0112247477,-0.08351407543,0.01825015574,-0.007162988027,-0.01363669846,0.0001353045295,-0.07021035098,0,0.03267609122,0.06999849184,0,0.0112247477,0,0.03657519976,0,0.008218840425,0,-0.2313008771,0.001741974681,0.009908974246,0.01635540865,0.01374198199,0,0.004210743971,0.002068954046,0,-0.08351407543,0,0.003085894743,0,-0.01371345476,0
1,1,1,1,2,1500,500,v1,9.018357319e-07,0.006896953734,0.09905549812,0.0008796812095,0.01698964728,0.01680921206,0.03511283869,0.01395116761,0.04705192234,0.007906722962,0.0490096652,0.03097678347,0.05556985101,0.001665623913,0,0.04544176664,0.02339858517,0.02315008509,0.005421985327,0.01921391175,0.06480113414,0,0.06749738865,0.04266203379,0.0004685647444,0.0009733130938,0,0.0005998932189,0.005550577447,0.0797185591,0.003168355877,0.0282583497,0.03786676684,0,0.00636322641,0.02492970699,8.318404501e-05,0.005764813711,0,0.0001064987179,1.288483078e-07,0.01415239257,0.004714126718,0.0001256830166,0.00240158873,0,0.001129660134,0.007002175901,0.0003908997741,0.02709010336,0.0008119856927,0.0005004604521,6.05485997e-07,0.004630564925,0.0221526985,0.0005906116107,0.01140672648,0.00264319843,0.0235745063,0.009366713172,-0.06663277608,-0.0007504799576,-0.02261267357,-0.07900445869,0.002836032745,0.01236881228,0.04347356889,0.0007851103348,0.04842496897,0.001620726477,0,0.001006230955,0.0393050273,0.006117930161,0,0.1704965162,-0.09702738915,-0.006249017942,0,-0.03125876235,-0.07585465376,-0.07756028057,0.001006230955,1.072614396e-06,0.001547440188,0.0616885933,0.0007851103348,0.0009854640984,0.01501204784,0.005536614461,-0.1305712324,-0.0007109634598,-0.00099984862,0,0.01472084597,0.02126469074,0.04795179608,0.0393050273,0.0009854640984,0.01165499889,0.0239837306,0.04842496897,1.072614396e-06,0.007541222491,0.05832940295,-0.1911670222,6.364012793e-05,0.009471058923,0,6.813075489e-05,0.01292296275,0.008610419095,0.006117930161,0.01501204784,0.007541222491,-0.01464350977,0.001620726477,0.001547440188,0.01165499889,-0.006154116579,-0.1324494275,-0.0005469041947,0.02906966609,0.002089762126,2.465806009e-05,-0.003147831074,0.01562524868,0,0.005536614461,0.05832940295,-0.006154116579,0,0.0616885933,0.0239837306,-0.01464350977
1,1,1,1,4,1500,500,v1,0,0,0.01513862682,0,0,0,0,0,0,0.04491203457,0,0,0,0,0.09401246837,0,0,0,0,0,0,0.4052447081,0,0,8.255148504e-06,0,0.03074401573,0.0001007363329,0,0.006294381167,0,0,0,0.1325233758,0.01867365303,0,1.105022892e-05,0,0.0411535191,0.0001348442779,0,0.00842557257,0,0,0,0.177393979,0.02499629663,0,1.760856047e-05,0,0,0.0002148746093,0,0,0,0,0,0,0,0,0.04421909049,0,0,-0.04958822219,0,0,0,8.259401037e-06,0,0,0.03323308456,6.074669331e-05,0,0,0.1420041919,0.3801572857,0,0,-0.4969821361,0,0,0,6.074669331e-05,0,0,0.001661497219,8.259401037e-06,0,0,0.006392200267,-0.3080435813,7.406336927e-05,0,0.1628844062,0,0.02284512747,0,0,0,0,0,0,0,0,0,-0.3609040496,1.722061554e-05,0,0.2172728791,0,0.02137396302,0,0,0,0,0,0,0,0,0,9.128398485e-05,-0.0001372880478,0,0,0,0,0,0.1420041919,0.006392200267,0,0,0.03323308456,0.001661497219,0,0
1,1,1,1,0,1500,500,v1,0,0,0,0,0.001629624615,0,0,0.0001643506239,0,0,0,0,0.221196487,0.0554705737,0,0.0169685562,0.01520122574,0,0.1742185515,0.001533071427,0,0,0,0,0,0.0095695575,0,0,0,0,0.03005547509,0,0,0,0,0,0,0.1336759174,0,0,0,0,0.01025462632,0,0,0,0,0,0,0.1506609346,0.03778201268,0,0,0,0.01155759104,0,0.01035383025,0.1186634116,0,0.001044202723,-0.005553349102,0,0,0,0.001778346712,0,0,0,-0.1056814998,0.01278675734,0,0,-0.007794063666,0.04162115732,0,0.4626543873,-0.2010036559,-0.210476955,0,-0.01557035415,0,0,0,0,0,0,0,0,0,0,-0.07573150409,0,0.03945956108,0,0,0,0,-0.007794063666,0,0.005105895522,0,-0.1056814998,0,0.0005566080547,0,-0.05962699747,0,0.1352773726,0,0,0,0,0.04162115732,0,0.0005566080547,0,0.01278675734,0,0.005105895522,0,-0.2505356731,0,0.1413766584,0.134745451,0,0,0.01001700505,0,0,0,0,0,0,0,0
1,1,1,1,4,1500,500,v1,0.0002429920696,0,7.463311441e-05,0.008596935921,9.436421123e-05,0.003004830805,0,0.0006246715535,0.01225259992,0.02875469324,0.002860122232,0.05343797852,0.1274086252,0.00361828732,0.004999950959,0.02927422917,0.0003573566312,0.01137927398,0.03349005559,0.002365626958,0.04640051322,0.006522391633,0.01083126359,0.202369264,0.007502645012,0.003213810446,0.004441022285,0.00231486002,0,0.0002510402183,0.0297463084,0,0.04121354687,0.00579327414,0.09672093316,0.1797470453,0.0007143118527,0.01077431071,0.0004228208653,0.0002203932009,7.78175041e-05,2.390103799e-05,0.002475575263,0.002753143744,0.0009622883329,0.0005515660648,0.009208606945,0.0009159458327,0.0003852683962,0.005811189317,0.0001650324111,0.0001188703992,4.19713391e-05,0,0.001335216415,0.001484924646,1.629926572e-05,0.001527502969,0,0.0001078977666,-0.1677674796,-0.006918077724,0,0.02844881529,0.0006367264826,0.00534306205,0.06496075519,0.009414468301,0.1660527896,0.0009012627831,0.001200605005,0.002958726154,0.03819343522,0.006182794393,0.002073836685,0.1819412498,-0.1563952149,-0.01099685049,-0.005052979558,-0.002665226942,-0.02183332358,-0.1357697568,0.002958726154,0.0003330040959,0,0.0002307247967,0.009414468301,0.01260153693,0,0.08822560233,-0.04533718209,-0.009601331579,0.004674050769,0.001918755219,0,-0.09658864116,0.07969186661,0.03819343522,0.01260153693,0.0003772031459,0.01123942807,0.1660527896,0.0003330040959,0.002481116749,0.01077998018,-0.2537497234,0.0008541080743,0.01314675885,0.0009512632098,-0.001051427099,0.009168941057,0.001810656061,0.006182794393,0,0.002481116749,-0.002119045134,0.0009012627831,0,0.0003772031459,-0.01120525244,-0.168316484,0.000498427204,0.007084306261,0.001600094936,-0.0006535225229,0,0.0001229538606,0.002073836685,0.08822560233,0.01077998018,-0.01120525244,0.001200605005,0.0002307247967,0.01123942807,-0.002119045134
1,1,1,1,0,1500,500,v1,0,0,0,0,0.004124258496,0.00128453764,0,0.05774588002,0.1267061857,0,0.02128417,0.07609691722,0,0,0,0,0.002923840652,0.0009106566366,0,0.04093820784,0.08982674028,0,0.01508914186,0.05394794247,0,0,0,0,0,0,0,0,0.1470318841,0,0,0.08830407959,0,0,0,0,0,0,0,0,0.004710270998,0,0,0.07804692175,0,0,0,0,0,0,0,0,0.01273393555,0,0,0.1782944292,-0.2264615686,0,0,0,0.05377929268,0.0155688836,0.1091335186,0,0,0,0,0,0,0,0,-0.2244461743,0,0,0,0.03600205309,0.01287248194,0.1275917654,0,0,0,0,0,0,0,0,0.236725284,0,0,0,0,0,-0.1458792032,0,0,0.01014058446,0.004239203145,0,0,0.122854785,0.07100435898,0.02844136551,0,0,0,0,0,-0.07860374033,0,0,0.122854785,-0.0836140356,0,0,0.01014058446,-0.05265508561,0.0897813458,0,0,0,0,0,-0.1784449254,0,0,0.07100435898,-0.05265508561,0,0,0.004239203145,-0.0836140356
1,1,1,1,2,1500,500,v1,0,0,0,0,0,0,0,0,0,0,0,0,0,0,0,0,0,0,0,0,0,0,0,0,0.5391211503,0,0,0.3765556861,0,0,0,0,0,0,0,0,0.005746574816,0,0,0.004013764664,0,0,0,0,0,0,0,0,0.04390019918,0,0,0.03066262492,0,0,0,0,0,0,0,0,0,0,0,0,0,0,0,0.734210594,0,0,0,0.5128189095,0,0,0,0,0,0,0,0,0,0,0.5128189095,0,0,0,0.734210594,0,0,0,0.08432293317,-0.9156759255,0,0,0,0,0,0,0,0,0,0,0,0,0,-0.841113268,0.009760275331,0,0,0,0,0,0,0,0,0,0,0,0,0,-0.9059156501,0.07456265787,0,0,0,0,0,0,0,0,0,0,0,0,0
1,1,1,1,3,1500,500,v1,0.02879454156,0.0009775852364,0.004814888299,0.1633770699,0.0002993983867,0.01666507293,0.002333536229,0.001328949667,0.01402609884,0.009724698842,0.02619284833,0.001375959301,0.04267316626,0.00637781485,0,0.03404576004,0.0001961014397,0.01091537209,0.01956867079,0.0008704420412,0.009186883754,0,0.01715592166,0.0009012326444,0.001389713693,0.0003897105479,0,0.001615259391,3.912516782e-05,0.0001927026982,0.001195725745,9.339338728e-05,0.0005613561361,0,0.0003892043988,5.506899712e-05,0.04160745995,0.07806762874,0,0.04836020596,0.03450306012,0.00576944002,0.06228438121,0.195766578,0.01996892404,0,0.01165262062,0.03138558115,0.004283252018,0.008036619604,0.001201131211,0.00497840892,0.003551894349,0.0001205881146,0.006411823789,0.02015305888,3.693170234e-05,0.003685359608,0.0002878487969,0.0001639299866,-0.1437069397,0.07777991727,-0.003276833761,0.005811195038,-0.001195580411,0.01128410528,-0.01062984952,0.0538291089,0.04667384363,0.007359868907,0,0.06256271041,0.03750523382,0.02211630686,0,-0.1227616235,0.0585869251,-0.02554900382,0,-2.892191091e-05,0.01705036035,0.0003184578285,0.06256271041,0.008854098139,0.001216175907,0.003381040987,0.0538291089,0.07867911711,0.00291027011,0.005939820094,-0.1216616354,0.002979770261,0.001484756583,0,0.0001286715307,0.0005468437798,0.0005318802308,0.03750523382,0.07867911711,0.0002757015618,-0.01205571025,0.04667384363,0.008854098139,0.001290981732,-0.009259785589,0.2211505985,-0.08979835551,-0.1290244391,0,-0.1597047071,-0.0125719462,-0.01412413506,0.02211630686,0.00291027011,0.001290981732,0.01314324018,0.007359868907,0.001216175907,0.0002757015618,0.001526027,-0.2676177997,0.009224039061,0.01431812908,0.004413463353,0.02356931288,0.0003971982227,0.0001800467923,0,0.005939820094,-0.009259785589,0.001526027,0,0.003381040987,-0.01205571025,0.01314324018
1,1,1,1,0,1500,500,v1,0.01748263039,0.006425957089,0.0001094210285,0.0046000575,0.1282293696,0,0.0003485214129,0.02169074582,5.992346188e-05,4.275564882e-05,0,0.0001423207925,0,0.004525909521,0,0,0.3113128951,0,0.001399119853,0.05266039208,0.000145481074,0,0,0.0003455237914,0.00428523902,0.001858846139,0,0.01730867205,0.006407446673,0.0001091058336,0.0005746355564,0.0003475174727,5.975084818e-05,0,4.26324882e-05,0.0001419108276,0.003840477307,0,0,0.01551221809,0.01562298831,9.778182178e-05,0,0.004110745519,0,0,3.820769453e-05,0,0.008052355271,0,0.003492941569,0.03252457471,0.03275682739,0.01204017716,0,0.008619028495,0.2402606034,0.001079792663,0.0006530170523,0.04064148249,-0.1477413792,0.01111198337,0.004137525321,-2.889219008e-05,0.1483469016,0,0.0001340968149,0.005338369456,0,0.001602070948,0,0.02290855393,0,0.0006056363707,0,0.3161821323,0,-0.003182895065,0,-0.2767195155,0,-0.0003887017551,0.02290855393,0.01622357318,0.00881369325,0.0002291712105,0.005338369456,0.00622270946,0.0005293872423,8.536124743e-05,-0.03022220613,0.004311845494,-0.0003273419716,0,-0.0006422159911,-0.0001161820775,1.655723982e-05,0,0.00622270946,-0.0514639536,0,0,0.01622357318,-0.004937355143,0,-0.04802084139,0.007307355477,0,0,0.006772940981,-6.461403776e-05,0,0.0006056363707,0.0005293872423,-0.004937355143,0.0001056786425,0.001602070948,0.00881369325,-0.0514639536,0.000251392908,-0.0988834154,-0.03045048324,0,0.00203843216,-0.03284911276,-0.009724029661,0.1659734863,0,8.536124743e-05,0,0.000251392908,0,0.0002291712105,0,0.0001056786425
1,1,1,1,4,1500,500,v1,0,0.105574834,0.0008126636755,0,0,0,0.1029022384,0,0.002568915441,0.001312263675,0,0.008171682202,0,0,0,0,0,0,0,0,0.02305729526,0,0,0.07334491681,0,0,0,0,0.201779727,0.001553202107,0,0.1966717331,0.004909835391,0,0.00250806178,0.01561811411,0,0,0,0,0,0.0002522267565,0,0,0,0,0.0004072878121,0,0,0,0,0,0,0.1309347889,0,0,0,0,0.1276202136,0,-0.2132331365,0,0.2057032732,0.0006728758846,0,0,0.01038783735,0,0,0,0,0,0,0,0,0.03058375544,0,0,0,0,0,-0.09589338699,0,0,-0.05625202349,0.001268531699,0,0,-0.05045945664,0.002182228251,0.3660698986,0,0,0,-0.3797821334,-0.002952836931,0.02019591812,0,0,0,0,0,0,0,0,-0.002279961048,0,0,0,0,-2.05455831e-05,0,0,-0.05045945664,0,0.02336589167,0,-0.05625202349,0,0.07459855557,-0.17407886,0,0,0,0,0.2452198464,0,0,0.002182228251,0,0.07459855557,0,0.001268531699,0,0.02336589167
1,1,1,1,0,1500,500,v1,0.01664616132,0.003195834398,0.001349715942,0.01095629238,0,0.002103137562,0.0003562009135,0,0.1323205007,0.001545317428,7.513145512e-05,0.00911757181,0,0,0.001947300908,0,0,0.0004001897945,0,0,0.02517824556,0.001196098081,1.429618401e-05,0.001734912283,0.07652944809,0,0.03311843853,0.06496583373,0.01034235361,0.004367948338,0,0.001152736764,0.4282153697,0.02034246512,0.005000953519,0.02950626972,0.01325654262,0,0.005736824226,0.01125347647,0.009331488081,0.0007566223819,0,0.00614186717,0.001178974702,0.003523751478,0.0008662724625,4.211711424e-05,0.02091802427,0,0,0.01775730677,0.01472452507,0.002826906625,0,0.009691495753,0,0,0.0003150810075,0,-0.4311341798,-0.01028354202,0.003143743068,0.0019317836,0,-0.001352303214,0.1401948368,0.06355986173,0,0,0.03826010001,0.05399401906,0,0,0.02352375655,-0.3616228273,0,0,0.003025256639,0,0.0001216362288,0.02678911991,0.05399401906,-0.004827032981,0.007355797684,0.003656573915,0.06355986173,-0.0006333775688,0.0008238767407,0.00412729424,0.2496372672,-0.1403969332,0,-0.05328816129,-0.01070490002,-0.008464169623,-0.4565206878,0,-0.0006333775688,0,0.001379243053,0,-0.004827032981,0,6.202577237e-05,-0.1698239806,0.02421952044,0,0.009073667023,0.01284952258,0.001343140587,0.000269821101,0,0.0008238767407,0,0.4062787614,0,0.007355797684,0,0.02802633539,-0.1211725891,0.03780815892,0,0,0.00107429313,0.002108040666,0,0.02352375655,0.00412729424,6.202577237e-05,0.02802633539,0.03826010001,0.003656573915,0.001379243053,0.4062787614
1,1,1,1,4,1500,500,v1,0,0,0,0,0,0,0,0,0.02947192777,0,0,0.7851197629,0,0,0,0,0,0,0,0,0.0001792930519,0,0,0.004776291509,0,0,0,0,0,0,0,0,0.006528779672,0,0,0.1739239451,0,0,0,0,0,0,0,0,0,0,0,0,0,0,0,0,0,0,0,0,0,0,0,0,0.185224719,0,0,0,0,0,-0.8145228655,0,0,0,0,0,0,0,0,-0.6342364337,0,0,0,0,0,0.004938287544,0,0,0,0,0,0,0,0,-0.8095845775,0,0,0,0,0,0.1802864314,0,0,0,0,0,0,0,0,0,0,0,0,0,0,0,0,0,0,0.03419518559,0,0,0,0.9097520337,0,0,0,0,0,0,0,0,0,0,0.9097520337,0,0,0,0.03419518559
1,1,1,1,0,1500,500,v1,0.0007582630223,0.0618324707,0.01914022284,0.0007872444429,0.003481390962,0,0.02143399201,0.02109585558,0.145244352,0.08511681383,0,0.2774956757,0,0.001132296636,0,0,0.0004437153849,0,0.003971617515,0.002688740156,0.01851189776,0,0,0.03536778888,0.0006699928467,0.003916267209,0,0.0001389299879,0.02725714657,0.008437441579,0.01373660837,0.009448586721,0.06402698364,0,0.03752140977,0.1223263476,0.0001000303231,0,0,2.074232829e-05,4.990512784e-05,0.001259714953,0,5.181254182e-05,0,0,0.005601968381,0,6.966659157e-05,0,0.0004072177629,1.444609263e-05,3.475666228e-05,0.002834228017,0,3.608508978e-05,0.0001595772527,0.001428347615,0.0009824744179,0.0009669751871,0.3361557688,-0.001533508524,-0.08246881083,-0.1037728076,-0.02451405808,0,-0.4211250546,0.0007694064278,0,0.003560761881,0,0.000160071086,0,0.01251556548,0,-0.2747740458,0,0.00502395396,0,0.003104085979,0,0.05383251902,0.000160071086,0.001010015562,0.04739148398,0.01414918861,0.0007694064278,0.00105262686,0.01640303942,0.06273743844,-0.5359946324,-0.0007842126786,-0.01752399749,0,0.03618111637,0.04570455454,0.1855017105,0,0.00105262686,0.00431236234,0,0,0.001010015562,0.02614530784,0,-0.06023896104,8.26540088e-05,0,0,9.330674854e-05,0.006810501616,0,0.01251556548,0.01640303942,0.02614530784,0.09354309373,0.003560761881,0.04739148398,0.00431236234,0.1791431433,-0.08233947009,8.190699298e-05,0,0.001782491946,6.510682624e-05,0.003758012154,0.001104858662,0,0.06273743844,0,0.1791431433,0,0.01414918861,0,0.09354309373
1,1,1,1,4,1500,500,v1,0.004060223276,0.000532660666,0.004201010787,0.001033900615,0.0005768744774,0.0001068318423,0.0001258837771,0.005280069366,0.0001456642062,0.0015052721,9.042380434e-05,0.0002304861782,0.02417731121,0.0003801712554,0,0.03071415133,0.01060659975,0.001964244625,0.01474788528,0.09708105419,0.002678228962,0,0.00166256116,0.00423779303,0.005621481928,8.389652384e-06,0,0.0008170775919,0.0002161275713,0.001704564118,0.0003254576171,5.107746216e-05,5.910339007e-05,0,0.0006107655848,9.351998578e-05,0.3177955619,0.03016266422,0,0.04619131321,0.09313361724,0.09636300865,0.03831776932,0.02371566724,0.002450514475,0,0.03452801142,0.002074146029,0.04411538107,0.004187086246,6.583899348e-05,0.00641213292,0.01292851603,0.001696091936,0.005319152304,0.003292134387,0.001836877043,0.002554075062,0.0004008376681,0.01681273585,-0.3271715352,0.004819990983,-9.635254265e-05,0.005634099268,0.005152669352,0.0001696754698,0.0003441917889,0.401039944,0.00494490975,0.0004479302422,0,0.05833189817,0.007179247553,0.01737011741,0,-0.02125709114,0.03705076005,-0.01470543874,0,-0.1067395157,0.001361304221,-0.00687273711,0.05833189817,0.1143529141,0.001710943283,0.1356566761,0.401039944,0.02910911267,0.0004884919247,0.04860088391,-0.4579254427,0.006404879116,0.0003078815343,0,-4.372689491e-05,0.002296608614,0.0001476143524,0.007179247553,0.02910911267,0.01211852212,0.001123513201,0.00494490975,0.1143529141,0.1128011536,0.001187286689,0.1335060765,-0.3630419364,-0.05461578513,0,-0.1163586858,-0.1307690813,-0.003071512953,0.01737011741,0.0004884919247,0.1128011536,0.003701862586,0.0004479302422,0.001710943283,0.01211852212,0.005869533877,-0.6018652588,0.05038916195,0.009482253516,0.002518858755,0.01589734357,-0.001326210699,0.01830706248,0,0.04860088391,0.001187286689,0.005869533877,0,0.1356566761,0.001123513201,0.003701862586
1,1,1,1,4,1500,500,v1,0.2191832649,0,0,0.02477004427,0.0181679765,0.001692151537,0,0.03906777592,0,0,0.005392796532,0,0.002303496496,0.007992372764,0.04798468592,0.0003342226041,0.0182771968,0.001702324233,0.1266016638,0.0393026394,0,0.01283797832,0.005425216369,0,0.007004007678,0.004431785219,0.02660759553,0.003964511841,0,0,0.0702008526,0,0,0.007118682304,0,0,0.003578384316,0.0006525756996,0.01359396033,0.002025489926,0.06246744773,0,9.468455892e-05,0.007059487169,0.0004822648652,0.003636972185,0,0.001536952357,0.005890046936,0.001074144407,0.003726926661,0.003333971334,0.102821879,0,0.0001558514812,0.01161996787,0.008522847226,0.0590356744,0,0.01832723009,0.1834057625,-0.2375711744,0,0,-0.03877567882,-0.00391492964,0,0.0085490735,0.001892521644,0.001226396685,0.03380452132,0.005323590564,0.0002955688736,0.03172128925,0.01057600332,0.1050297551,-0.002369003579,-0.1157632414,-0.056646695,-0.01338999888,-0.003148284835,0,0.005323590564,0.08516377992,0,0,0.0085490735,0.01020534901,0,0,-0.1145775357,-0.00686460276,0.04403638419,0.01660517111,0,0,0,0.0002955688736,0.01020534901,0.007376589877,0.002122407353,0.001892521644,0.08516377992,0.03296518823,0.00745071635,-0.1904334627,0.0005357530254,0.0003553046843,0.01045450746,0.06815107783,0,0.0006811319988,0.03172128925,0,0.03296518823,0,0.001226396685,0,0.007376589877,0,-0.3016551802,-0.002919592976,0.0005549718824,0.04976173323,0.1058406775,0,0.02527115895,0.01057600332,0,0.00745071635,0,0.03380452132,0,0.002122407353,0
1,1,1,1,1,1500,500,v1,0.005936927668,0.000428297222,0.035444062,0.003237483908,0.07659171555,0.0007762936337,0.00129319824,0.02412103037,0,0.1170675624,0.0001307690613,0,0.0003598648451,0.0002205159354,0.03258989874,0.0004907811727,0.01528948724,0.0001549662587,0.00113825942,0.004815118492,0,0.02215261446,2.61045451e-05,0,0.0004614144026,0.0004961020163,0.07331857648,0.0006799955755,0.0001923478757,0.01591789459,0.002560779983,0.0005807741017,0,0.04983747175,0.05257493109,0,0.001054052267,0.001849445067,0.1674885121,0.001553377774,0.006090807792,0.03636274199,0.002522260319,0.003321396742,0.0007964145054,0.1138484186,0.1201018542,0.0001341584843,4.915914003e-05,8.62548584e-05,5.285476211e-05,7.244680167e-05,0.0002840645407,2.049276334e-05,0.0001176337759,0.0001549040903,0.003664688492,0.0002728257746,6.18757352e-05,0.001154120413,0.03469356654,-0.004443319118,-0.001494151831,-0.007684803313,-0.09617845528,-0.0002863677908,0,0.0009331781437,0.002070171743,0.0005521083252,0.09302530798,0.001336957708,0.002792427709,0.002361307619,0.06373832128,-0.2581574522,0.0007994245192,0.0001262066665,0.05390794929,0.0156815411,0.0001616200877,0,0.001336957708,0.005464340477,0.0004337389564,-0.003898462314,0.0009331781437,0.003096752967,0.001351971359,-0.01003946686,-0.286459688,0.0009055272131,-0.002046059028,0.1196843034,0.000259337363,0.06779327315,0,0.002792427709,0.003096752967,0.08800175702,0.001060535962,0.002070171743,0.005464340477,0.0274469332,0.0001721953669,0.2315229079,-0.002519634576,-0.004213177927,-0.2781013388,-0.001676673323,-0.05081651704,-0.0006970731834,0.002361307619,0.001351971359,0.0274469332,0,0.0005521083252,0.0004337389564,0.08800175702,0,-0.09479943519,0.0001006834626,0.0001720204408,-2.242493373e-05,0.0004125968137,4.434092582e-05,0.003531120792,0.06373832128,-0.01003946686,0.0001721953669,0,0.09302530798,-0.003898462314,0.001060535962,0
1,1,1,1,1,1500,500,v1,0,0,0,0,0,0,0,0,0.0001413076875,0,0,4.312360873e-05,0,0.2395054915,0.000343546514,0,0,0,0.01093665785,0,9.104954921e-05,0.0005521677908,0,2.778606886e-05,0,0.2921758183,0.0004190967949,0,0,0,0.01334176906,0,0.0001110725118,0.0006735965638,0,3.389658148e-05,0,0,0.0008849601056,0,0,0,0,0,0,0.001422358972,0,0,0,0,0.4201124957,0,0,0,0,0,0,0.0191838049,0,0,-3.901947541e-05,0,0,0,0,0,-0.0001318375035,0,0,-0.1738265659,0.0001966471962,0,0,-0.007853400552,0.0003381282747,-0.1266986356,0,0.2465525437,0.0007452845591,0,0,-6.587186288e-06,0,0,0,0,0,0,0,0,-0.167750601,0,0.2877491533,0.0006264813979,0,0,-3.243228914e-05,0,0,0,0,0,0,0,0,0.001371765957,0,0,-0.001728282938,0,0,0,-0.007853400552,0,0,0.0001849810236,-0.1738265659,0,0,7.130444453e-05,0.5343016975,0,0,-0.4131817191,0,0,0,0.0003381282747,0,0,7.130444453e-05,0.0001966471962,0,0,0.0001849810236
1,1,1,1,3,1500,500,v1,0,0,0,0,0.01979402713,0.1654794443,0,0.0003389241817,0.01258793278,0,0.1932220808,0.01195974873,0,0,0,0,0.02122398968,0.1774340307,0,0.0003634087842,0.01349731177,0,0.2071808542,0.01282374637,0,0,0,0,0,0,0,0,0.02404948318,0,0,0.02284932568,0,0,0,0,0,0,0,0,0.04975446033,0,0,0.05809579792,0,0,0,0,0,0,0,0,0.009188109549,0,0,0.0001573238477,-0.08369951998,0,0,0,-0.001359101801,0.1095606905,0.02067572439,0,0,0,0,0,0,0,0,0.2024786367,0,0,0,-0.00459936231,-0.1740439779,0.02134249834,0,0,0,0,0,0,0,0,0.04201822268,0,0,0,0,0,-0.0411433154,0,0,-0.001675763245,-0.03142607032,0,0,3.376661557e-06,-0.03335587041,-0.06448328738,0,0,0,0,0,0.1076712482,0,0,3.376661557e-06,-0.0001797229161,0,0,-0.001675763245,-0.001132638113,-0.005958464112,0,0,0,0,0,0.007073388503,0,0,-0.03335587041,-0.001132638113,0,0,-0.03142607032,-0.0001797229161
1,1,1,1,4,1500,500,v1,0.08688668994,0.05515135545,0.1143297792,0.0244153551,0.3597809413,0,0.001604182998,0.007195238255,0.01987986069,0.2725181039,0,0.0299182473,0,9.537371651e-06,0,0,0.01790596347,0,3.120786107e-05,0.0003581003288,0.0009894022125,0,0,0.001489003396,2.564098139e-05,1.05950216e-07,0,2.770966708e-05,3.049220783e-05,6.321091043e-05,3.466866705e-07,8.869243735e-07,1.099122295e-05,0,0.000150670434,1.654126915e-05,0.0001136229407,0,0,0.0001227899124,0.0002128713992,0.0002801066549,0,5.981734149e-05,0,0,0.0006676662459,0,0.0004219709308,0,1.743611549e-06,0.0004560150734,0.0007905581559,0.0005018070535,0,0.0002221486182,0.003273548085,5.705386031e-06,1.459602102e-05,6.5467499e-05,0.02694310822,-0.1111972217,-0.0567013387,-0.3861395322,-0.3665583034,0,-0.0497191742,0.0002580041816,0,7.843967518e-06,0,0.000280919875,0,2.821398597e-05,0,-0.4129089083,0,-2.637174597e-05,0,0.01817310363,0,0.002413628928,0.000280919875,0.1286994859,0.08185150825,0.1706926696,0.0002580041816,0.03617038998,0.002379850479,0.4067780177,-0.4891013714,3.317053123e-05,1.227122978e-07,0,3.127059988e-05,0.0002132433336,2.743276063e-05,0,0.03617038998,0.5074111873,0,0,0.1286994859,0.01015840896,0,-0.4965169525,4.651599333e-05,0,0,0.0002716154788,0.0009458269831,0,2.821398597e-05,0.002379850479,0.01015840896,0.02831727015,7.843967518e-06,0.08185150825,0.5074111873,0.04259989859,-0.5159274383,-0.0004389692286,0,2.210398013e-06,0.001012355467,0.0005158286833,0.003338802734,0,0.4067780177,0,0.04259989859,0,0.1706926696,0,0.02831727015
1,1,1,1,0,1500,500,v1,0.00342404183,0,0.05558646461,0.001208583623,0,0.02516577574,0,0,0,0.00970198438,0.03028642612,0,0,0,0,0,0,0.1548686529,0,0,0,0,0.1863808238,0,0,0,0,0,0,0.346901895,0,0,0,0,0.06054777527,0,0,0,0,0,0.002398893972,0.03894404376,0,0.0008467373096,0.01763121793,0,0.006797239345,0.02121876095,0,0,0,0,0.02815338622,0,0,0.009937297264,0,0,0,0,-0.6966072618,0.004603542545,0,0.06513735022,0,0.05532302275,0,0,0,0,0,0,0,0,0,0.09407156591,0,0,0,0,-0.3402454987,0,0,0.03267146679,0,0.377928214,0,0.01144379147,0,0.06601064208,0.1107661968,0,0,0,0,-0.4067254346,0,0,0.01144379147,0,0.1674363784,0,0.03267146679,0,0.2018245216,-0.6590278938,0,0,0,0.003107163061,0.04562884657,0.03874854323,0,0,0,0,0,0,0,0,0.007710705609,0,0,0,-0.03712087779,0,0,0,0.06601064208,0.2018245216,0,0,0.377928214,0.1674363784,0
1,1,1,1,0,1500,500,v1,0,0,0,0,0,0,0,0,0,0,0,0,0,0,0,0,0,0,0,0,0,0,0,0,0.0557737324,0,0,0.008170080037,0,0,0,0,0,0,0,0,0.508861158,0,0,0.07454111837,0,0,0,0,0,0,0,0,0.3075954361,0,0,0.0450584751,0,0,0,0,0,0,0,0,0,0,0,0,0,0,0,0.2182039146,0,0,0,0.03192261648,0,0,0,0,0,0,0,0,0,0,0.03192261648,0,0,0,0.2182039146,0,0,0,-0.2305740818,0.06382306269,0,0,0,0,0,0,0,0,0,0,0,0,0,0.4102922996,-0.5770433186,0,0,0,0,0,0,0,0,0,0,0,0,0,-0.5132202568,0.3464692368,0,0,0,0,0,0,0,0,0,0,0,0,0
1,1,1,1,2,1500,500,v1,0.03000841193,0,0.01451248151,0.0009966353434,0,0.001455869271,0,0,0,0.006495910221,0.01848299833,0,0,0,0,0,0,0.0008988977331,0,0,0,0,0.01141196235,0,0,0,0,0,0,0.4523254883,0,0,0,0,0.2024647377,0,0,0,0,0,0.09598470806,0.04641952744,0,0.003187831222,0.004656733828,0,0.0207777755,0.0591195963,0,0,0,0,0.02981037675,0,0,0.0009900582256,0,0,0,0,-0.7066017456,0.03087723701,0,0.02098548589,0,0.01980989354,0,0,0,0,0,0,0,0,0,-0.04335532223,0,0,0,0,0.01197666119,0,0,0.05402893874,0,0.5868239594,0,0.001780013037,0,0.2626927888,0.0881272054,0,0,0,0,-0.6544717047,0,0,0.001780013037,0,0.00349976725,0,0.05402893874,0,0.04356822424,-0.5401691305,0,0,0,-0.09873649826,0.0671417195,-0.06316521597,0,0,0,0,0,0,0,0,-0.06785926122,0,0,0,0.0306532934,0,0,0,0.2626927888,0.04356822424,0,0,0.5868239594,0.00349976725,0
1,1,1,1,0,1500,500,v1,0,0,5.049399548e-05,0,0,0.001637381264,0,0,0.0009654759936,2.550047847e-05,0.001307292515,0.0003393342465,0.1732851344,0.0001937544912,0.01242573421,0.1543497843,0,0.07307847941,0.001559764762,0,0.04309046344,0.006196440353,0.05834618435,0.01514493373,0.01043208623,0.0006191094465,0.03970431539,0.01358629572,0,0.007201037536,0.004983962397,0,0.1376882301,0.01979966881,0.0036366681,0.04839305392,0.0005142603811,0.02729536205,0.001957264916,0.0006697503706,0,0.0003549825249,0.02431272169,0,0.01151110602,0.0009760449646,0.0001792732808,0.009190518459,0.0009205829873,0.04886171841,5.463352309e-05,0.001198927274,0,0,0.04352246213,0,0,0.0004398114521,0,0,-0.2480179796,0,0,7.57245322e-05,0,0.002932831681,0.001303504163,0.01349161353,0.1455290896,0.0005622545952,0.03789394679,0.01756956023,0.1296158879,0.004484390619,0.01891251848,-0.07828210434,-0.3264889896,0.001712069573,0.01823520798,0,-0.130884359,0.05754091581,0.01756956023,0,0,0.0101664982,0.01349161353,0,0,0.005139582305,0.08605561683,-0.02400011233,-0.005552811044,-0.05901485699,0,-0.01079032697,-0.1849807824,0.1296158879,0,0,0.08957274525,0.1455290896,0,0,0.07147550997,-0.4362187647,0.001179869159,0.05145569585,0.002908672102,0,0.0005105487748,0.02058602394,0.004484390619,0,0,0.1399520588,0.0005622545952,0,0,0.04925248484,-0.301694275,0.002112793904,0.09160330871,0.0004763113258,0,0,0,0.01891251848,0.005139582305,0.07147550997,0.04925248484,0.03789394679,0.0101664982,0.08957274525,0.1399520588
1,1,1,1,4,1500,500,v1,0,0,0,0,0,0,0,0,0.0007729171755,0,0,0.0001505310129,0,0.02493903838,0.0123806664,0,0,0,0.002855972287,0,0.04748059442,0.6967831854,0,0.009247177054,0,0.003767816037,0.001870484046,0,0,0,0.0004314832842,0,0.007173417931,0.1052707334,0,0.001397073194,0,0,0.001473019867,0,0,0,0,0,0,0.08290147246,0,0,0,0,0.000990937325,0,0,0,0,0,0,0.0001134802992,0,0,-0.04818969406,0,0,0,0,0,0.0009177584768,0,0,0.03015995528,0.01357624148,0,0,0.003458867269,0.763230135,0.2059330362,0,-0.02770412787,-0.7090857947,0,0,-0.05669851619,0,0,0,0,0,0,0,0,-0.7073134153,0,0.004196545745,0.107052646,0,0,0.008508822153,0,0,0,0,0,0,0,0,-0.6020331491,0,0,0.08416222945,0,0,0,0.003458867269,0,0,0.05935272081,0.03015995528,0,0,0.01155518258,-0.02350758212,0,0,0.001095033511,0,0,0,0.763230135,0,0,0.01155518258,0.01357624148,0,0,0.05935272081
1,1,1,1,0,1500,500,v1,0.006480008802,0.1232041555,0.01083641165,0.005181378313,0,0.001889348453,0.0444614626,0,0.008800296594,0.1314460245,0.001754916975,0.01238699346,0.004323980107,0.0001881554878,0.0004428647925,0.001376689979,0,0.000300790296,4.008109388e-05,0,0.001401035269,0.001443111963,0.0002793883762,0.001972048842,0.08391759648,0.00083946854,0.001975871473,0.01527937834,0.08751140382,0.007697058526,0.0001788245337,0.03158079361,0.006250814395,0.006438542436,0.09336556934,0.00879843039,0.0832334204,0.01913444757,0.001959762289,0.01515480631,0.00456519776,0.007634304783,0.006092119196,0.003650306256,0.001331055187,0.006386049314,0.09260436441,0.001236347556,0.01823287779,0.004191537996,0.0001823923461,0.003319769032,0.001000039316,0.01901370866,0.00133452241,0.0007996257698,0,3.885342295e-05,0.006861597265,0,0.240488967,-0.009592441682,-0.153826572,-0.101262314,0,-0.002502365733,-0.01599251886,0.06533940604,0.02193824991,0.00101765008,0.001648206207,0.01357245686,0.006666017641,0.0002083208566,0.005609415358,-0.04026394812,0.0002562903522,-6.175358917e-07,0.001178759235,0,-4.939017072e-05,0.0004735071224,0.01357245686,0.00546605191,0.04456412438,-0.001528257586,0.06533940604,0.004475075465,0.01982606961,-0.02929243408,-0.2355337967,-0.02957184458,-0.000936760342,-0.003577806836,0.08560698649,0.08785090543,0.004892731155,0.006666017641,0.004475075465,0,0.002122056485,0.02193824991,0.00546605191,0,0.002458761105,-0.0315915532,-0.04355902304,-0.02272791169,-0.002439366778,0.00121143749,0.0339585365,-0.0005021224891,0.0002083208566,0.01982606961,0,0.005803581792,0.00101765008,0.04456412438,0,0.01013583909,-0.1731404552,0.02052295906,0.003402109635,0.0001200639199,0.00175358595,0.02529278952,0,0.005609415358,-0.02929243408,0.002458761105,0.01013583909,0.001648206207,-0.001528257586,0.002122056485,0.005803581792
1,1,1,1,1,1500,500,v1,0.004938045751,0,0.0001155675965,0.00175515929,0.03948265009,0.001169770974,0,0.009703852374,0.004426023206,5.888209046e-05,0.006921592879,0.04956631285,0.0152663979,0,2.180555901e-05,0.001678793815,0.00586709898,0.0001738272905,0,0.001441986853,0.0006577044899,7.09662475e-05,0.001028544701,0.007365525437,0,0,4.273760283e-05,0,0,3.365860677e-05,0,0,0.001289061805,0.0001390896376,1.714917666e-05,0.01443599316,0,0.5077564233,0.0007252472208,0,0.02440568928,0.0005711787607,0.05583624562,0.008674660875,0.005781450468,0.002360318933,0.0002910175557,0.03420912921,0,0.1159211843,0,0,0.005571837746,0,0.01274745808,0.001980431789,0.04455019884,0,0,0.01094932969,-0.06467778509,0.003919696072,0,8.870023875e-05,-0.0002881444955,0.003975876694,-0.05060423615,0,0.5652283645,0,0.0009706624649,0,0.06215430829,0,0.003197155128,-0.538764206,0.01683917397,0,7.636794541e-05,0.007217454083,0.001191288288,0.006227309058,0,0.02279489723,0,0.0006792626195,0,0.008276084045,0,0.0003601635444,-0.04786671791,0,0,-1.935499509e-05,0,3.764996032e-05,0.01262224172,0.06215430829,0.008276084045,0.02535313276,0.007107718016,0.5652283645,0.02279489723,0.007081318053,0.04209423507,0.160062612,0,-0.5626628459,-0.002835558011,-0.03101834059,-0.0008193009755,-0.03796846699,0,0,0.007081318053,0.004063912769,0,0,0.02535313276,0.04356811533,-0.5659930066,0,0.127568557,0,0.006384656985,0,-0.02855227679,0.003197155128,0.0003601635444,0.04209423507,0.04356811533,0.0009706624649,0.0006792626195,0.007107718016,0.004063912769
1,1,1,1,3,1500,500,v1,0.0007147653668,0.002367232791,0.007935977963,0.0008219714025,0,0.005703056523,0.006640184574,0,0.004473182471,0.003822192629,0.003847927878,0.003653281948,0,0,0.0001299842425,0,0,0.003914822542,0,0,0.003070584256,0.00051551322,0.002641382693,0.00250776938,0.01807352841,0,0.003891135191,0.007548676286,0.04864419094,0.1630761575,0,0.1364489405,0.09191928359,0.01543211387,0.07854211415,0.07507117396,0.008338985224,0,0.001795339467,0.003482900438,0.006776786067,0.07524206877,0,0.007793220834,0.05407144187,0.00712025713,0.03623871967,0.03648271901,0.005314816229,0,0,0.002219811557,0.00431915534,0.01430461887,0,0.004966975651,0,0,0.04012503962,0,-0.5137886981,0.001239922987,0.00844838745,0.0114764385,0,0.009471446634,0.008038724606,0.006821225042,0,0,0.002950013696,0.003140123367,0,0,0.0117290765,-0.2497334485,0,0,0.0006306545356,0,0.006456629014,0.005561126577,0.003140123367,0.004783198321,0.04812150355,0.1206615063,0.006821225042,0.005047605957,0.1350404345,0.05806795653,0.2216461696,-0.02399987822,0,-0.0188645511,-0.1843347433,-0.2385350395,-0.1668303728,0,0.005047605957,0,0.06634075955,0,0.004783198321,0,0.04476192472,-0.2439219901,0.01068076868,0,0.008447836431,-0.009317968785,0.1079056259,-0.0899965319,0,0.1350404345,0,0.1265295846,0,0.04812150355,0,0.1033161963,-0.1972835113,0.006678210607,0,0,0.001524176284,0.05377839706,0,0.0117290765,0.05806795653,0.04476192472,0.1033161963,0.002950013696,0.1206615063,0.06634075955,0.1265295846
1,1,1,1,3,1500,500,v1,0.03653314423,0.003749713998,0.001960410518,0.00698972174,0.01752201283,0.002764493792,0.00904752282,0.003562882999,0.2046741151,0.0001116926312,0.0003739176994,0.009094963689,0.0005738973067,0,0.005745468454,0.003711993089,0.007201534615,0.001136204951,0,0.001464342338,0.08412091345,0.03469701379,0.0001536799043,0.003738023506,0.1850811591,0,0.01225918557,0.03160332224,0.003288329868,0.001719191508,0,0.007934268998,0.1794899575,0.07403349862,9.794939443e-05,0.007975872498,0.01159231878,7.669701574e-05,0.0007678382165,0.001979433172,0.002006653511,0.0001076793343,0.0004960796801,0.0003839239672,0.0001518451612,0.004636992336,6.134933506e-06,2.053815186e-05,0.02228426238,0.0001474369758,0,0.003805123808,0.003857450283,0.0003959236367,0.0009536288613,0.0007380285675,0.001850108847,0,0.0009553070287,0.0003761965832,0.1489332582,-0.04282020409,-0.007737115639,-0.001090487932,-0.01943797084,-0.002616606097,-0.1050729021,0.2268100817,0.0005377590685,0,0.01084614118,0.0388284116,0.003989197242,0,0.05834355913,-0.1528100878,-0.003085917932,0,0.02910484017,0.005337581626,0.0008072799086,0.08628006395,0.0388284116,0.04581229784,0.002574355219,0.002505698959,0.2268100817,0.008862952093,0.007044747829,0.0001302882219,0.0459439097,-0.2154704483,0,-0.0802758979,0.0003725681971,-0.0007518252113,0.04765708511,0.003989197242,0.008862952093,0.01535045995,0.002234121544,0.0005377590685,0.04581229784,0.003203542873,0.0003409495948,-0.2870022796,0.01330665709,0.0002327271703,0.005044590968,0.00207973175,8.498835764e-05,9.261209942e-05,0,0.007044747829,0.003203542873,-0.04265226806,0,0.002574355219,0.01535045995,-0.0006441022561,-0.2672223915,0.02507146256,-0.0001647801135,0,0.004290305684,0.0009518120858,0.001731054027,0.05834355913,0.0001302882219,0.0003409495948,-0.0006441022561,0.01084614118,0.002505698959,0.002234121544,-0.04265226806
1,1,1,1,1,1500,500,v1,0,0.664787977,0,0,0,0,0.0591783398,0,0,0,0,0,0,0,0,0,0,0,0,0,0,0,0,0,0,0,0,0,0.05627696037,0,0,0.005009683085,0,0,0,0,0,0,0,0,0,0,0,0,0,0,0,0,0,0,0,0,0,0.1971932213,0,0,0,0,0.01755381845,0,0.2757504358,0,-0.7236185941,0,0,0,0,0,0,0,0,0,0,0,0,0,0,0,0,0,0,0,0,0,0.6169120106,0,0,0,0.05489022723,0,-0.5091456614,0,0,0,0.06127750309,0,0,0,0,0,0,0,0,0,0,0,0,0,0,0,0,0,0,0.05489022723,0,0,0,0.6169120106,0,0,-0.6623410904,0,0,0,0,0.2144729325,0,0,0,0,0,0,0,0,0
1,1,1,1,4,1500,500,v1,0.0002935154444,0.001578142363,0.0001393392763,0.0001091203098,0.02931068231,0.005031347837,0.00154681828,0.0802408846,0.005334740562,0.0008996721689,0.01551752601,0.002663188197,0,0.01436549911,0.001607712297,0,0.02049552426,0.003518175065,0.0568978968,0.05610851973,0.003730322734,0.01355664504,0.01085064576,0.001862237041,0.0003200535887,0.01480572727,0.001656980354,0.0001190481166,0.001137334745,0.0001004189508,0.05864152273,0.001114760123,0.003844637812,0.01397208602,0.00064837523,0.001919304964,0.0002231391079,0,0.001155235033,8.299950846e-05,0.0001474776058,7.001138525e-05,0,5.482778622e-05,0.002528013933,0.009741239965,0.0004520426438,0.007796821694,0.001140742728,0,0.05277093063,0.0004243141717,0.000753942274,0.00405371596,0,0.0002802933069,0.07528926636,0.2090115312,0.003973254947,0.2061117947,-0.202567207,0.0001324771768,0.002260819502,-0.000600077753,0.1071547109,-0.01091659319,-0.005391682878,0.001057470105,0,0.03543413384,0.001647451777,0.0003719329919,0,0.1403915786,0.01046008454,-0.3769349613,0,0.07088895397,-0.005753166565,0.075918709,0.002666883721,0.002780563461,0.0003719329919,0.0009045399992,0.002343130063,0.0001741058615,0.001057470105,0.000330093879,0.002440030344,0.0009831527576,-0.2033390898,0.0002495843713,0.07168442413,-0.003047618521,0.0018798698,-0.0002403366734,0.0003583696464,0,0.000330093879,0.03846057265,0.001668327624,0,0.0009045399992,0.1050164361,0.009191817799,-0.01962452305,5.134067317e-06,0,0.0007290942049,-4.754470101e-05,6.890868147e-05,0.001009612509,0.1403915786,0.002440030344,0.1050164361,0.002110316133,0.03543413384,0.002343130063,0.03846057265,0.001268808519,0.3301271398,-0.001207653838,0,-0.2597905198,-0.000908021729,-0.00732946291,-0.278724759,0.01046008454,0.0009831527576,0.009191817799,0.001268808519,0.001647451777,0.0001741058615,0.001668327624,0.002110316133
1,1,1,1,1,1500,500,v1,9.467795875e-05,0.0002380092778,0.0001061344748,0.00065270825,0.01446868874,0.01504418764,0.0005038710522,0.0002751829815,0.000524212277,0.0001438878895,0.00310009259,0.00150220325,0,0.003257850849,0.02149613414,0,0.01752724444,0.01822439883,0.01042942263,0.0003333542845,0.0006350262199,0.01977021476,0.00375542536,0.001819756028,0.0002377251667,0.01778254414,0.1173337798,0.003739276808,0.001573769245,0.0007017842913,0.05692761173,0.003331705271,0.003466205885,0.1079130792,0.0009514181014,0.009932895455,0.0001644122782,0,0.08114880854,0.002586108266,0.0004329673424,0.0004853586,0,0.002984869552,0.06879787043,0.07463339044,0.0006580069737,0.01417688835,0.0003784409597,0,0.02830850079,0.005952653323,0.0009965957432,0.002505324748,0,0.006870514237,0.152299794,0.0906245658,0.005303829448,0.002896621258,-0.2219392757,0.0005481089172,0.0004669429534,0.0001507061066,0.01439366679,0.01593542177,0.00148775134,0.0001082060152,0,0.01418679335,0.04460449922,0.001256539329,0,0.03921399794,0.02703936873,-0.351599548,0,0.01286681681,0.03968083294,0.0174781951,0.02010066786,0.0009867790079,0.001256539329,0.001242873002,0.002374767672,0.0006010621395,0.0001082060152,0.007660922269,0.004880815343,0.0009898533248,0.03981006179,0.00195942594,0.04630546979,-0.1759213871,0.001390256612,-0.001239899183,-0.01288267534,0,0.007660922269,0.1799928181,0.05461245107,0,0.001242873002,0.003423187297,0.01204405123,-0.110861302,0.002234195567,0,0.08847797553,0.0004877572499,2.858276593e-05,-0.08047375791,0.03921399794,0.004880815343,0.003423187297,0.004029343462,0.01418679335,0.002374767672,0.1799928181,0.01158287401,0.09813083489,-0.005103451729,0,-0.09477281428,-0.006971729686,-0.00669425491,-0.1541491988,0.02703936873,0.0009898533248,0.01204405123,0.01158287401,0.04460449922,0.0006010621395,0.05461245107,0.004029343462
1,1,1,1,2,1500,500,v1,0.001345806562,3.030660749e-06,0.0007605985651,0.0005562953623,0,8.724040809e-05,5.264029444e-06,0,0.00850898712,0.0003536167005,1.667295758e-05,0.006920795281,0,0,0.03252064864,0,0,0.003922982124,0,0,0.3826277879,0.02005228122,0.0007497410429,0.3112107883,0.0006046403986,0,0.001378816191,2.39213196e-06,5.778074544e-06,0.001450111237,0,1.003608026e-05,0.01622272037,0.0008501801523,0.0006741842208,0.01319476984,0.000129107499,0,0.0002944155079,5.107865359e-07,0.0005478766166,0.000309638978,0,0.0002264673316,3.551549009e-05,0.0001815370482,0.0001439570343,6.787545733e-06,0.02761726222,0,0,0.0001092618617,0.1171957656,0.0002639165365,0,0.04844341133,0,0,0.000458403145,0,-0.8349358475,0.001894044406,5.81613702e-06,1.770246e-05,0,7.742290163e-05,0.01541203331,0.0401260018,0,0,0.04571466227,0.0001586705648,0,0,0.02846818777,0.0476117541,0,0,-0.05213944643,0,-0.004640894929,-0.6935973924,0.0001586705648,0.1729299345,0.0003137756467,0.0006890379045,0.0401260018,0.071470066,0.0005624648007,0.0003618490682,-0.7576651038,0.0006038291469,0,0.002223853439,1.544851675e-05,-0.0009598154426,0.02940767988,0,0.071470066,0,0.005712098067,0,0.1729299345,0,0.001087502599,-0.2461098286,0.0001277192238,0,0.000460359651,0.0007711501718,0.0002415216675,3.040491098e-05,0,0.0005624648007,0,0.5366502422,0,0.0003137756467,0,0.4365162762,0.003418007595,-0.02758799667,0,0,-0.1655985275,-0.0006054249522,0,0.02846818777,0.0003618490682,0.001087502599,0.4365162762,0.04571466227,0.0006890379045,0.005712098067,0.5366502422
1,1,1,1,2,1500,500,v1,0,0.008900071867,0,0,0,0,0.0164482856,0,0,0,0,0,0,0,0,0,0,0,0,0,0,0,0,0,0,0,0,0,0.331580045,0,0,0.6127954201,0,0,0,0,0,0,0,0,0,0,0,0,0,0,0,0,0,0,0,0,0,0.01063028069,0,0,0,0,0.01964589673,0,-0.9140979999,0,0.02534780485,0,0,0,0,0,0,0,0,0,0,0,0,0,0,0,0,0,0,0,0,0,0.4680735637,0,0,0,0.8650517252,0,0.05562267587,0,0,0,-0.94437287,0,0,0,0,0,0,0,0,0,0,0,0,0,0,0,0,0,0,0.8650517252,0,0,0,0.4680735637,0,0,-0.9190250659,0,0,0,0,0.03027487106,0,0,0,0,0,0,0,0,0
1,1,1,1,3,1500,500,v1,0.00304946674,0,0,0.01881448017,0,0,0,0,0,0,0,0,0.1531708106,0,0,0.1027578284,0,0,0,0,0,0,0,0,0.0364453293,0,0,0.131743868,0,0,0,0,0,0,0,0,0.04688318046,0.04079548825,0,0.1694749823,0.009151166812,0,0.02736850293,0.05646050972,0,0,0,0,0.02730027107,0.02375538256,0,0.09868598737,0.005328762513,0,0.01593679314,0.03287718975,0,0,0,0,-0.02387373153,0.01155554031,0,0,0,0,0,-0.02136450357,0.1329469999,0,0,-0.09268916932,0.08911894017,0,0,0.1054446473,-0.2534886074,0,0,0,0,0,-0.09268916932,0.003803071912,0,0,-0.02136450357,0.01467421487,0,0,-0.02527954616,0.101315328,0,0,0,0,0,0.08911894017,0.01467421487,0,0,0.1329469999,0.003803071912,0,0,0.04646568893,-0.1442841627,0.06593488136,0,-0.05244277706,0,0,0,0,0,0,0,0,0,0,-0.2714097973,0.1190046165,0.03950976596,0,0.02856904554,0,0,0,0,0,0,0,0,0,0
1,1,1,1,0,1500,500,v1,0.04350014477,0,0.02248525357,0.01511784933,0,0.02495098118,0,0,0,0.006932117062,0.01266037972,0,0,0,0,0,0,0.03873903106,0,0,0,0,0.01965657542,0,0,0,0,0,0,0.0233008158,0,0,0,0,0.007183551758,0,0,0,0,0,0.02562433886,0.01324523769,0,0.008905370227,0.01469770733,0,0.004083455758,0.007457765068,0,0,0,0,0.5279707789,0,0,0.1834886465,0,0,0,0,-0.6980763656,0.05844806711,0,0.0005176001025,0,0.03072321482,0,0,0,0,0,0,0,0,0,0.05214706288,0,0,0,0,-0.05067207729,0,0,0.6878200563,0,-0.009792469347,0,0.2390613651,0,-0.002295246351,0.01475719541,0,0,0,0,-0.00669871826,0,0,0.2390613651,0,-0.001994210429,0,0.6878200563,0,-0.0002182679945,-0.6785545472,0,0,0,0.03450362103,0.01423959531,0.02142384804,0,0,0,0,0,0,0,0,0.09295168829,0,0,0,-0.7108726341,0,0,0,-0.002295246351,-0.0002182679945,0,0,-0.009792469347,-0.001994210429,0
1,1,1,1,4,1500,500,v1,0,0,0,0,0,0.2160688311,0,0,0,0,0.02460290564,0,0,0,0,0,0,0.1456296357,0,0,0,0,0.01658227226,0,0,0,0,0,0,0,0,0,0,0,0,0,0,0,0,0,0,0,0,0,0.536075547,0,0,0.06104080829,0,0,0,0,0,0,0,0,0,0,0,0,-0.4343100805,0,0,0,0,0.2404133626,0,0,0,0,0,0,0,0,0,-0.3559292673,0,0,0,0,0.162032558,0,0,0,0,0,0,0,0,0,0,0,0,0,0,0,0,0,0,0,0.2610396758,0,0,0,0.02980541552,0.4024459204,0,0,0,0,0,-0.5963426331,0,0,0,0,0,0,0,0,0,0,0,0,0,0,0,0,0,0.02980541552,0,0,0,0.2610396758,0
1,1,1,1,4,1500,500,v1,0,0.007596288533,0.01798582975,0,0.1667829596,0.09308817315,0.09197456411,0.1023123421,0.04519817724,0.002754662374,0.01278209979,0.01751608689,0,0.01063610738,0.005214891096,0,0.03971501632,0.02216652303,0.0006578509539,0.02436301854,0.01076276828,0.01485168721,0.00304372403,0.004170999714,0,0.006580544053,0.003226445482,0,0.001119137915,0.00264979719,0.0004070114215,0.01355033072,0.006658908968,0.009188717125,0.0004058359675,0.002580591414,0,0,0.002413782662,0,0,0.001982377991,0,0,0.01026007408,0.006874303688,0.0003036157986,0.001408828709,0,0,0.02542131371,0,0,0.004323344056,0,0,0.09492268678,0.001572326687,0.05234631141,0.05822994404,0.3231951179,0,-0.09257748739,-0.01993279351,-0.2606002574,-0.1055355127,-0.06171090689,0,0,0.01646993847,0.005968645295,0,0,0.001180050385,0.01494849226,-0.2806367925,0,0.003088104951,-0.01294362758,0.06368074435,0.02458278993,0.01364531661,0,0,0.00397066227,0.02117689134,0,0,0.05306454223,0.003222594241,-0.1478184766,0,0.003981579929,0.0001458634427,0.01326530628,0.002358925845,0.008680604936,0,0,0.05031088528,0.09136321101,0,0,0.03066969352,0.01288680175,-0.1113243542,0,0,-0.001146994235,0,0.001307543963,0.0114527145,0.001180050385,0.05306454223,0.03066969352,0.0424046998,0.01646993847,0.00397066227,0.05031088528,0.01667277817,-0.2691620093,0,0,-0.01883634411,0,0.04128871147,0.1429324606,0.01494849226,0.003222594241,0.01288680175,0.01667277817,0.005968645295,0.02117689134,0.09136321101,0.0424046998
1,1,1,1,2,1500,500,v1,0.002258167139,0,0.009571864924,3.926793138e-05,0.02047850518,0.01010716184,0,0.02703483162,0.0346590177,0.003257474485,0.03286773739,0.02206218166,0.001362690799,0,0.002361102702,0.0003018038356,0.006419703197,0.003168443136,0,0.008475012872,0.01086508048,0.007210441626,0.01030354105,0.006916161942,0,0,0.05121711823,0,0,0.06508988728,0,0,0.2356856865,0.1564091392,0.02215123686,0.1500256145,0,0.0023534123,0.00407770284,0,0.001222569272,0.005182197426,0.0005212252549,2.125961603e-05,0.005472006601,0.01245267233,0.0017635932,0.01779455785,0,0.003851617383,0,0,0.002000868722,0,0.0008530423045,3.479369366e-05,0.01814515842,0,0,0.02395444874,-0.403737841,-0.000804071476,0,0.01252315999,-0.01344877477,-0.03688377546,0.05640545473,0,0.003153172666,0,0.06709664885,0,0.0007848780874,0,0.2049942396,-0.5562302419,0.0008816292119,0,0.009530646464,0.01381432882,0.01238021311,0.01775525579,0,0.001009976113,0,0.07542738723,0,2.75741872e-05,0,0.02568051838,0.1193711442,0,0,-0.2073585454,0,-0.08665108509,-0.3851791404,0.0007848780874,2.75741872e-05,-0.001781135926,0.003039007101,0.003153172666,0.001009976113,0.00113553825,0.007852259661,-0.3001324918,0,-0.0002680711363,0.0164339731,0.0006241105226,0.006722654766,0.0172427178,0,0,0.00113553825,0.2851036047,0,0,-0.001781135926,0.1814240397,0.0007991511587,0,-0.003238925248,0,-0.0005117392462,0,6.484441375e-05,0.2049942396,0.02568051838,0.007852259661,0.1814240397,0.06709664885,0.07542738723,0.003039007101,0.2851036047
1,1,1,1,0,1500,500,v1,0,0,0,0,0,0.02041545696,0,0,0,0,0.01644958733,0,0.02036778662,0,0.001012267276,0.04920370559,0,0.006657458941,0,0,0,0.008077484371,0.005364193046,0,0,0,0.003094538433,0,0,0,0,0,0,0.02469316792,0,0,0,0.1492185536,0.007416076257,0,0,0,0.3604763697,0,0.04877390028,0.05917729583,0,0.03929917091,0,0.05278559723,0,0,0,0,0.1275173898,0,0,0,0,0,-0.07540962239,0,0,0,0,0.03638755886,0,0,0.1138886631,0,0.004985856767,0,0.2755537305,0,0.03975914932,-0.418932527,0.06946143225,0,0.00900918081,0,0.01198158739,0,0,0,0,0,0,0,0,0,-0.05642467722,0,0,0.02659467329,0,0,0,0.2755537305,0,0,0.03233525732,0.1138886631,0,0,0.02619783797,0.3330348361,0,-0.5086900992,-0.06543385807,0,0,-0.08739120981,0,0,0,0,0,0,0,0,-0.4392286671,0,0.1796004043,0,0,0,0,0.03975914932,0,0.02619783797,0,0.004985856767,0,0.03233525732,0
1,1,1,1,4,1500,500,v1,0.1298228907,0,0.0001025105189,0.02718146511,0.001652090294,0.007948743117,0,0.005765016476,0.000375139971,0.03958999695,0.0117327111,0.0006722195195,0.002242926028,0,0.001956637969,0.02350460419,0.0007615263341,0.00366395059,0,0.00265736799,0.0001729197054,0.002172041732,0.005408159897,0.0003098576805,0,0,0.0007629559708,0,0,1.842504586e-05,0,0,6.74269455e-05,0.0008469488144,0.007115830817,0.000120823459,0,0.007376463023,0.006434928059,0,0.1968047793,0.000155400638,0.07730118672,0.04120569346,0.01204988293,0.00714334103,0.06001638513,0.01778618243,0,0.006562865785,0,0,0.1750979227,0,0.06877514493,0.03666085425,0.00222824786,0,0,0.007775534834,-0.09196304158,0.1405340654,0,0.03077120507,-0.001607437111,0.005123780366,-0.0007816648235,0,0.00227218188,0,0.006177346558,0,0.01134481226,0,0.006854799347,-0.067827867,0.02339155402,0,0.002639996968,9.636106562e-05,0.004954912115,-0.0001450329502,0,-0.1497253185,0,0.0001427934674,0,-0.02918439858,0,0.02696558897,-0.03549839209,0,0,0.001359208263,0,0.006452134043,-4.373985418e-05,0.01134481226,-0.02918439858,0.002075240711,0.007263309562,0.00227218188,-0.1497253185,0.006844020408,0.01104774671,0.246328672,0,-0.03675223938,-0.0126873025,-0.04808004699,-0.05529559409,-0.02228606332,0,0,0.006844020408,0.0005202709365,0,0,0.002075240711,0.0009353855061,0.07758225699,0,0.004282689278,0,0.02681912629,0,-0.00443509803,0.006854799347,0.02696558897,0.01104774671,0.0009353855061,0.006177346558,0.0001427934674,0.007263309562,0.0005202709365
1,1,1,1,0,1500,500,v1,0,0.003976859184,0,0,0.01517412871,0,0.004175339844,0.001014500287,0.007590657278,0,0,0.00116358835,0.09239685647,0.0002548625615,9.352226096e-06,0.02158694436,0.01247329764,0,0.04616513,0.0008339301897,0.006239602243,8.255558361e-05,0,0.0009564821876,0.02029211401,0.0001789459566,6.566453052e-06,0.01399401972,0.002295268949,0,0.03241379707,0.002409823294,0.004380994938,5.79645272e-05,0,0.0006715722348,0.0376905144,0.1204974379,1.219651108e-05,0.02599245212,0,0,0.02815216434,0,0,0.0001076631467,0,0,0.06262582225,0.2002161883,0.0005522656567,0.04318855055,0,0.007083692963,0.04677708617,0,0.02702858307,0.1000359397,0.007437232276,0.001807056325,-0.02590712952,0,0.000742263186,0,-0.004453652163,0,-0.004936070436,0.01161253224,-0.02575183253,0.0002029466986,1.574634431e-05,0.006051759096,-0.004142785619,0.03269289765,0.0001307968452,-0.1865759988,0.1072292027,0.0426890813,-2.795903917e-05,0.01065335987,0,-0.003386680268,0.006051759096,0,0.005564913505,0,0.01161253224,0,0.005286245949,0,-0.114492324,0.03153123396,0.03042630895,1.20656468e-05,0.003161405949,0,-0.00179845509,-0.004142785619,0,0.02454910049,0,-0.02575183253,0,0.001249814708,0,-0.1800577682,0.05106788382,0.1371275428,-8.180206726e-05,0,0,0,0.03269289765,0.005286245949,0.001249814708,0.01324633061,0.0002029466986,0.005564913505,0.02454910049,0.001935478083,0.41017463,-0.09437531202,-0.2244269995,-0.09504595313,0,-0.01113777544,-0.02339898455,0.0001307968452,0,0,0.001935478083,1.574634431e-05,0,0,0.01324633061
1,1,1,1,0,1500,500,v1,0,0,0,0,0,0.0006119778963,0,0,0,0,7.428641149e-05,0,0.1122867469,0,0.2924609422,0.01333267584,0,0.1001750653,0,0,0,0.3585395375,0.01215999167,0,0,0,0.01131782696,0,0,0,0,0,0,0.01387497563,0,0,0,0.0009566512893,0.002491684417,0,0,0,0.000113590623,0,0.0008534631915,0.003054655339,0,0.0001035996859,0,0.06935703123,0,0,0,0,0.008235297936,0,0,0,0,0,-0.1112320541,0,0,0,0,0.0006820510176,0,0,0.06374312708,0,0.4181256551,0,0.007698717685,0,0.5126563711,0.1038079878,-0.119451925,0,-0.6509002286,0,-0.112155092,0,0,0,0,0,0,0,0,0,-0.6455399512,0,0,0.02501859309,0,0,0,0.007698717685,0,0,0.1479218069,0.06374312708,0,0,0.01790319808,-0.7859825608,0,0.0009999871103,0.005360277212,0,0,0.0009230378462,0,0,0,0,0,0,0,0,-0.1184519379,0,0.07082404152,0,0,0,0,0.5126563711,0,0.01790319808,0,0.4181256551,0,0.1479218069,0
1,1,1,1,1,1500,500,v1,0,0.009275112068,0.02398034768,0,0,0,0.002387167661,0,0.005405998654,0.0007786477659,0,0.003385184541,0,0,0,0,0,0,0,0,0.002070458478,0,0,0.001296501254,0,0,0,0,0.1891197153,0.4889597551,0,0.04867439499,0.1102284176,0,0.01587664307,0.06902397856,0,0,0,0,0,0.02665004259,0,0,0,0,0.0008653334139,0,0,0,0,0,0,0.001608353785,0,0,0,0,0.0004139475744,0,-0.8889108728,0,0.01157348422,0.02474987665,0,0,0.008783305587,0,0,0,0,0,0,0,0,-0.1704423589,0,0,0,0,0,0.00336552068,0,0,0.267454916,0.6574456195,0,0,0.06884264799,0.0213478813,0.07799393066,0,0,0,-0.2377872884,-0.5047851874,-0.1792256643,0,0,0,0,0,0,0,0,-0.4800353107,0,0,0,0,0.02750631311,0,0,0.06884264799,0,0.1541012942,0,0.267454916,0,0.09651396421,-0.2262138043,0,0,0,0,0.002015429889,0,0,0.0213478813,0,0.09651396421,0,0.6574456195,0,0.1541012942
1,1,1,1,4,1500,500,v1,0.01936991798,0.00324839835,0,0.06465622696,0.009674364387,0.0002459676088,0.004180168652,0.0102692413,0.001437841368,0,0.001439393217,0.1312518643,0.05386818304,0.01006685462,0,0.00552879407,0.00354126859,9.003561705e-05,0.04742971782,0.003759021287,0.0005263170035,0,0.0005268850527,0.04804430408,0,0.0002522844471,0,0,2.979904791e-05,0,0.001188631463,3.834660424e-05,1.318997832e-05,0,0,0.001204033548,0,0.0860790332,0,0,0.01132998308,0,0.008834774471,0.0378191564,0.0001438730329,0,0,0.00084193959,0,0.1479585584,0.02765040908,0,0.01947475363,0.003265979629,0.01518581757,0.06500616531,0.009726724868,0.130274167,0.004202792943,0.01032482143,0.02830296278,-0.01724642727,-0.00390682407,0,-0.009518757326,-0.001377139552,-0.1280063147,0,0.01882739077,0.02649349192,0,0,0.002736330528,0.1245244072,0,-0.3753720816,0.05662402257,0.05398546985,0,0.002292678211,-0.0002694708949,0.03172654368,0,-0.0005153782926,0.00586899226,0,0,0.01092185085,0.007415648841,0,-0.2072308792,0,0.001395039063,0,2.104197559e-05,0,0.001053691982,0.002736330528,0.01092185085,0.01346926769,0.0004846334156,0.01882739077,-0.0005153782926,0.01465805303,0.00248656352,-0.1439388481,0,0.07705224504,0,0.04392653031,0,-0.0003341875086,0.1245244072,0.007415648841,0.01465805303,0.001689787264,0.02649349192,0.00586899226,0.01346926769,0.1411493313,0.2046250181,0,-0.1480520816,-0.1560591085,-0.03361775142,-0.004970645312,-0.01152546802,0,0,0.00248656352,0.1411493313,0,0,0.0004846334156,0.001689787264
1,1,1,1,3,1500,500,v1,9.065351392e-05,0,0.01413178631,0.05648341682,0,0.02116440461,0,0,0,0.04550462142,0.2013791847,0,0,0,0,0,0,0.01390614628,0,0,0,0,0.1323168997,0,0,0,0,0,0,0.00197906695,0,0,0,0,0.00637263332,0,0,0,0,0,0.0001292119374,0.02014257814,0,0.08050798476,0.03016643928,0,0.06485948575,0.2870334913,0,0,0,0,3.818806212e-05,0,0,0.02379380718,0,0,0,0,-0.2655264407,0.04886150961,0,0.04527101822,0,0.2004494915,0,0,0,0,0,0,0,0,0,-0.08620098304,0,0,0,0,0.1376273612,0,0,3.80186182e-06,0,0.006703004373,0,0.001291003395,0,0.02555839085,-0.02966960065,0,0,0,0,0.00816200382,0,0,0.001291003395,0,-0.006319934295,0,3.80186182e-06,0,-0.07081963322,0.4639308856,0,0,0,-0.07328421575,-0.07494061887,-0.2866504745,0,0,0,0,0,0,0,0,-0.02442270616,0,0,0,0.02355950269,0,0,0,0.02555839085,-0.07081963322,0,0,0.006703004373,-0.006319934295,0
1,1,1,1,4,1500,500,v1,0,0,0,0,0.362741746,0,0,0.04898402754,0,0,0,0,0,0,0,0,0.4230184006,0,0,0.05712368432,0,0,0,0,0,0,0,0,0,0,0,0,0,0,0,0,0,0,0,0,0,0,0,0,0,0,0,0,0,0,0,0,0,0,0,0,0.09526739479,0,0,0.01286474673,-0.2490560752,0,0,0,0.2840855445,0,0,0,0,0,0,0,0,0,0,0.3918046192,0,0,0,-0.3567751496,0,0,0,0,0,0,0,0,0,0,0,0,0,0,0,0,0,0,0,-0.04800435578,0,0,0,-0.00453984799,0,0,0,0,0,0,0,0,0,0,-0.00453984799,0,0,0,-0.04800435578,0,-0.07268960516,0,0,0,0,0,0.1077190746,0,0,0,0,0,0,0,0
1,1,1,1,1,1500,500,v1,0,0,0,0,0,0,0,0,0,0,0,0,0.01107738884,0,0,0.1076797132,0,0,0,0,0,0,0,0,0,0,0,0,0,0,0,0,0,0,0,0,0,0.01075763371,0,0,0,0,0.104571477,0,0,0,0,0,0,0.07144267328,0,0,0,0,0.694471114,0,0,0,0,0,0,0,0,0,0,0,0,0,0.07440875712,0,0,0,0.7233092653,0,0,-0.6505578748,0.1187458578,0,0,0,0,0,0,0,0,0,0,0,0,0,0,0,0,0,0,0,0,0.7233092653,0,0,0,0.07440875712,0,0,0,-0.6471231615,0,0.1153111445,0,0,0,0,0,0,0,0,0,0,0,0,0.2340570021,0,-0.7658690195,0,0,0,0,0,0,0,0,0,0,0,0
1,1,1,1,4,1500,500,v1,0.003249858435,5.393883783e-05,0,0.000921430491,9.971837029e-05,0.01091361649,0.0001280326723,1.908782159e-05,0.003317818798,0,0.007512203672,0.02346148853,0.02327064135,0.007319704019,0,0.05533660083,0.0007364338016,0.08059855029,0.04080959107,0.0001409661728,0.02450254555,0,0.05547865145,0.1732663013,0,0.008614667309,0,0,0.0004688189054,0,0.04802940791,0.001112818513,0.02883740621,0,0,0.2039196582,0,0.01523904853,0,0,0.01571710246,0,0.03623781282,0.004456261012,0.05278089248,0,0,0.03633083631,0,0.005406507112,0.001700599104,0,0.005576111008,9.254832274e-05,0.01285644523,0.001580991543,0.0001710968995,0.009481360699,0.000219678613,3.275090722e-05,-0.1690084204,-0.0003504518517,7.615778345e-05,0,3.5547205e-05,0.01769693636,0.02669329695,0,0.01709187101,0.004412958265,0,0,0.04347671811,0.01614196785,0,-0.01352312939,-0.06325090056,0.005164746911,0,-0.0008229746253,-0.1130993128,0.02877329189,0,0.02420331665,0.0005805261372,0,0,0.007135513864,0.001352140982,0,0.07046358613,0,-0.02851350241,0,-0.001475223866,0,-0.1166070072,0.04347671811,0.007135513864,0.0008872951693,0.03517016717,0.01709187101,0.02420331665,0.0001625391203,0.02608327342,-0.1469326908,0,0.007597670615,0,-0.01733896936,0,0.05456674948,0.01614196785,0.001352140982,0.0001625391203,0.01495936088,0.004412958265,0.0005805261372,0.0008872951693,0.07675126649,-0.09887790029,0,0.01527417049,0.009645471408,-0.003203132485,0.0001106213361,8.753789379e-05,0,0,0.02608327342,0.07675126649,0,0,0.03517016717,0.01495936088
1,1,1,1,2,1500,500,v1,0,0.007641282628,0.03419918998,0,0.137653167,0.02662479559,0.00370700396,0.04465253554,0.00327697438,0.04167785976,0.06237294077,0.04616740918,0.003516564419,0.01598539174,0.00719764958,0.01355526226,0.01446589858,0.0027979857,0.01690549556,0.004692511366,0.000344375506,0.01999449937,0.006554739388,0.004851708636,0.002948824548,0.01467428237,0.006607303974,0.03539881246,0.0007371554145,0.003299199793,0.01551892,0.0003576150987,0.0003161300956,0.01835456613,0.004020667927,0.004453775277,0.007803734371,0.008542907631,0.01748549101,0.09367899817,0,0.008730963271,0.03293025227,0,0.0067972403,0.04857330648,0.010640248,0.01592364776,0.003535654565,0.00387055337,0.01759453389,0.04244334338,0,0.0008838528247,0.01491977959,0,0.01592208355,0.0186072584,0.0004287821929,0.005164875007,0.09792804833,0,-0.01075819854,-0.07406602584,-0.1806510243,-0.08631211903,-0.04911745057,0.003191036703,0.003744728625,0.01396313318,0.009150382347,0.03554316545,0.01121440221,0.004587942839,0.02890212593,-0.3528047603,0.01367632346,0.002560898317,0.01377176922,0.01831169088,0.008540863625,0.00433627701,0.03554316545,0,0.009260813736,0.03401307965,0.003191036703,0,0.004514673149,0.04082889651,-0.2225778786,0.03117633072,0.0009737296652,0.01505568354,0.0007034901868,0.007250638655,0.004642610082,0.01121440221,0,0.1617311745,0.02693173674,0.003744728625,0,0.05233628978,0.06464064532,-0.02839177513,-0.08550007318,-0.03766289698,-0.05419579161,0,0.01692073642,0.01672300075,0.004587942839,0.004514673149,0.05233628978,0.003988651051,0.01396313318,0.009260813736,0.1617311745,0.05621919428,-0.2471697273,0.02850094107,0.01401381966,-0.015902012,0,0.0008710504351,0.01962769054,0.02890212593,0.04082889651,0.06464064532,0.05621919428,0.009150382347,0.03401307965,0.02693173674,0.003988651051
1,1,1,1,0,1500,500,v1,0.03593127288,0.00400637153,0.001887602871,0.009135862829,0,0,0.003782337928,0,0,0.0124168929,0,0,0.0002206045798,0.003421650826,0.08186712855,0.0004218398665,0,0,0.002118834011,0,0,0.04214499671,0,0,8.138886344e-05,0.007786397546,0.1862989654,0.0001284712446,0.02080846473,0.00980391296,0.004821673742,0.01964486938,0,0.09590624982,0.06449139228,0,3.554242503e-05,0.0002192287368,0.08135654843,5.610324785e-05,0.08149735098,0.004281357751,0.0004192089808,0.02072146517,0,0.04188215131,0.0281633184,0,3.783068393e-05,0.0002333429147,0.003619226662,5.971523428e-05,0.08674423661,0.009672065921,0.0004461980983,0.02205553501,0,0.002241181504,0.009131210498,0,-0.1216859052,0.0408224054,0.006346252851,0.01117146686,0,0,0,4.257273046e-05,0.000137315384,0.008116742816,0.03528347162,8.473267152e-05,0.000254515651,0.004120966877,0.01904279787,-0.1646915179,-0.0001620405823,0.004208871956,0.1160074798,0,0,0,8.473267152e-05,-0.006066003077,0.02537935431,0.0066468263,4.257273046e-05,0.002171788278,0.01947877059,0.04740793364,0.2706831612,-0.0001683324504,-0.0106295161,-0.2691945496,-0.03489692108,-0.06619662241,0,0.000254515651,0.002171788278,0,0,0.000137315384,-0.006066003077,0,0,-0.2026750279,6.835908601e-05,0.0001554745471,0.1169695567,-0.003510978401,0.01898864884,0,0.004120966877,0.01947877059,0,0,0.008116742816,0.02537935431,0,0,0.002233575273,1.510309664e-05,-0.000254654655,-0.001737828981,-0.03471528388,-0.001354748401,0,0.01904279787,0.04740793364,0,0,0.03528347162,0.0066468263,0,0
1,1,1,1,1,1500,500,v1,0,0,0.4883708973,0,0,0,0,0,0,0.02683552204,0,0,0,0,0,0,0,0,0,0,0,0,0,0,0,0,0,0,0,0.05563660359,0,0,0,0,0.003057179103,0,0,0,0,0,0,0.4039055665,0,0,0,0,0.02219423146,0,0,0,0,0,0,0,0,0,0,0,0,0,0.3563592265,0,0,-0.3958201005,0,0,0,0,0,0,0,0,0,0,0,0,0,0,0,0,0,0,0,0,0,0.05572727275,0,0,0,0.003464038997,-0.09802935017,0,0,0,0,0.05856847661,0,0,0,0,0,0,0,0,0,-0.3372516239,0,0,0,0,0.2977907498,0,0,0,0,0,0,0,0,0,0,0,0,0,0,0,0,0,0.003464038997,0,0,0,0.05572727275,0,0
1,1,1,1,0,1500,500,v1,0,0,0,0,0.02854093277,0.03265641487,0,0.02809023168,0.03263220694,0,0.0131411724,0.009594410301,0,0,0,0,0.07226469661,0.082684961,0,0.07112353638,0.08262366732,0,0.03327301333,0.02429272915,0,0,0,0,0,0,0,0,0.01612102062,0,0,0.004739847557,0,0,0,0,0,0,0,0,0.02805957268,0,0,0.01129137058,0,0,0,0,0,0,0,0,0.2161416971,0,0,0.2127285186,-0.4445647273,0,0,0,0.05658188009,0.0451580813,0.04147715838,0,0,0,0,0,0,0,0,-0.2214740061,0,0,0,0.1400591486,-0.1142601517,-0.1056726006,0,0,0,0,0,0,0,0,-0.06419544217,0,0,0,0,0,0.0206495792,0,0,0.1726983494,0.03185307514,0,0,0.1689882531,0.01316294221,-0.06910207045,0,0,0,0,0,0.0390913921,0,0,0.1689882531,0.05054686283,0,0,0.1726983494,0.01477193175,0.1966410287,0,0,0,0,0,-0.424432097,0,0,0.01316294221,0.01477193175,0,0,0.03185307514,0.05054686283
1,1,1,1,3,1500,500,v1,0.7349453895,0,0,0.09863645969,0,0,0,0,0,0,0,0,0,0,0,0,0,0,0,0,0,0,0,0,0,0,0,0,0,0,0,0,0,0,0,0,0,0,0,0,0.09580483256,0,0,0.01285789344,0,0,0,0,0,0,0,0,0.05092131408,0,0,0.006834110691,0,0,0,0,0.1662233917,-0.8335240402,0,0,0,0,0,0,0,0,0,0,0,0,0,0,0,0,0,0,0,0,0,0.8825103647,0,0,0,0.1184406033,0,0,0,0,0,0,0,0,0,0,0.1184406033,0,0,0,0.8825103647,0,0,-0.7758598077,0,0,0,0.1085591592,0,0,0,0,0,0,0,0,0,0,-0.724964881,0,0,0,0.05766423253,0,0,0,0,0,0,0,0,0,0
1,1,1,1,2,1500,500,v1,0.01722570317,0.005480799312,0.001725280717,0.01168407037,0,0.004404027176,0.006332441453,0,3.555675986e-06,0.02170421518,0.0009695263521,0.001855936087,0.008148506851,0.01860315753,0.003687253545,0.0009534712047,0,0.02087245489,0.02698794358,0,1.685177762e-05,0.000224987386,0.004594975062,0.008796027068,0.007389028652,0.01631712539,0.003234148737,0.05404595299,0.02278370916,0.007172000255,0.0236715546,0.02632398964,1.478096221e-05,0.0001973400152,0.09022452711,0.007715135259,0.01100775257,0.01064746768,0.004818049943,0.08051457179,0.1066765092,0.01068443607,0.001245879033,0.0723579077,0.0272735598,0.0002939858757,0.1344113437,0.006004148904,0.002935109985,0.00283904353,0.006481576931,0.0214684262,0.02844425194,0.009050268364,0.0003322015069,0.01929353118,0,0.009402943141,0.01045655775,0,-0.2758261968,0.02816190121,0.006716982577,0.02229834379,0,0.004993842056,0.001314667752,0.005261136314,0.01217494716,0.01417287761,0.006862384773,0.02892524988,0.001553083066,0.0229007011,0.0004726845541,-0.04878012335,-0.002058423391,-0.01067723503,-0.001715464761,0,-0.006099168464,-0.003040118481,0.02892524988,0.09217426693,0.01777750417,0.004617807743,0.005261136314,0.06290400807,0.0176335947,0.0729843856,-0.1516108452,0.03807835008,-0.02651575798,0.0007256285917,-0.0435428112,0.05340110049,-0.005209636146,0.001553083066,0.06290400807,0,0.03306309169,0.01217494716,0.09217426693,0,0.006953400026,0.2076212781,-0.08296197421,-0.009751179654,-0.003900210046,-0.1766323036,-0.1274342398,-0.02557233474,0.0229007011,0.0176335947,0,1.623905012e-05,0.01417287761,0.01777750417,0,0.01038639127,-0.2791824512,0.02209269999,0.002657582891,0.01247727387,0.04508488565,0.01321842934,0,0.0004726845541,0.0729843856,0.006953400026,0.01038639127,0.006862384773,0.004617807743,0.03306309169,1.623905012e-05
1,1,1,1,2,1500,500,v1,0,0,0.008312118946,0,0,0,0,0,0,0.1038366438,0,0,0,0,0.1450622166,0,0,0,0,0,0,0.02271185026,0,0,0.1178335656,0,0.1653899613,0.04470384063,0,0.001141014209,0,0,0,0.02589448944,0.01425377653,0,0.103143609,0,0.1447712916,0.03913074711,0,0.0009987673951,0,0,0,0.02266630124,0.01247680103,0,0.02006189821,0,0,0.007611107207,0,0,0,0,0,0,0,0,0.02670355616,0,0,-0.1109847105,0,0,0,0.03714680654,0,0,-0.2466986803,0.0127532333,0,0,-0.03022954489,0.1389665034,0,0,0.04565231334,0,0,0,0.0127532333,0,0,0.009405444616,0.03714680654,0,0,0.117016287,0.1071694953,-0.07886131462,0,0.02464440579,0,0.01411838279,0,0,0,0,0,0,0,0,0,-0.07812535258,0.01828905101,0,0.1143220976,0,0.01258517335,0,0,0,0,0,0,0,0,0,-0.06057226363,0.0273055704,0,0,0,0,0,-0.03022954489,0.117016287,0,0,-0.2466986803,0.009405444616,0,0
1,1,1,1,2,1500,500,v1,0,0.1336101893,0,0,0,0,0.09354251365,0,0,0,0,0,0,0.04572149001,0,0,0,0,0.06945019425,0,0,0,0,0,0.0004182534472,0.001763667903,0,0.001425748362,0.001147922993,0,0.00267898265,0.000803678244,0,0,0,0,0.01009401404,0,0,0.03440862011,0,0,0,0,0,0,0,0,0.03071233861,0,0.1295060834,0.1046926612,0,0.08429195243,0,0,0,0.196717619,0.05901407037,0,0.1309702943,0,-0.2149565947,0,0,0,0,0.0304909276,0,0.1230729603,0,0.102940385,0,0.1868735314,0,-0.3194390846,0,0.1128080902,0,0,0,0,0.102940385,0,0.07387051983,0,0.0304909276,0,0.05210893088,0,-0.3877914574,0.001842608632,0.004427168878,0,0.001950177517,0,0,0,0,0,0,0,0,0,0,-0.1323152871,0.04336107883,0,0,0,0,0,0.1868735314,0.05210893088,0,0,0.1230729603,0.07387051983,0,0,-0.05056747312,-0.1341578958,0,-0.3238662537,0,0.1290201168,0,0,0,0,0,0,0,0,0
1,1,1,1,2,1500,500,v1,0.0002302654436,0.0001008394054,2.294983212e-05,0.0002400423584,0.001293586394,0.0002418649541,0.001234980073,0.001289071915,1.200133737e-05,2.88064209e-05,0.0003274287636,5.608083191e-06,0.009712172141,0.02004153964,0.007987980223,0.00210910608,0.07129890964,0.01333092833,0.002379433838,0.07105008405,0.0006614805726,0.04214912423,0.01804696922,0.0003091020581,0,0.06200437116,0.02471315575,0,0.01719526807,0.003913435567,0.00736147529,0.2105904268,0.002046483837,0.1304006573,0.00491210879,0.0009562977237,0,0.01276786519,0.01050119923,0,0.01668468969,0.001662910515,0.002772683774,0.01739311032,0.01752517288,0.05541029629,0.00208727018,0.02372499856,0,0.003913563299,0.008075828234,0,0.005114135235,0.002239616801,0.0008498737492,0.005331277955,0.02873021524,0.0009588035308,0.02742858419,0.02862994985,-0.3469320994,0.0003827093789,0.001303816143,3.968069373e-05,0.002422304172,0.0005531425095,1.541427204e-05,0,0.005144307463,0.05239453723,0.01085213683,0,0.00123693173,0.006275747417,0.05342661181,-0.1251238928,-0.004064969174,0.01965120698,0.04766397606,-0.1347803327,-0.003692684438,0.0002804758366,0,0.01875231996,0.02253432421,0.00438297784,0,0.01810793157,0.2729130338,0.005862904777,0.166115721,0,-0.06753299062,-0.1493244774,-0.2270015832,-0.007722295787,-0.002701103781,0.00123693173,0.01810793157,0.06822874908,0.01339646246,0.005144307463,0.01875231996,0.06501465953,0.02052136636,-0.1073754498,0,-0.003312953379,0.05880800233,-0.03062191572,0.0008520266836,-0.01947234396,0.006275747417,0.2729130338,0.06501465953,0.00247614304,0.05239453723,0.02253432421,0.06822874908,0.00113167747,-0.4435547073,0,0.003123763089,0.008768260513,0.005665705315,0.02873286178,0.04352908944,0.05342661181,0.005862904777,0.02052136636,0.00113167747,0.01085213683,0.00438297784,0.01339646246,0.00247614304
1,1,1,1,1,1500,500,v1,0,0,0,0,0,0.01889580264,0,0,0,0,0.07824350635,0,0.1080400777,0,0.0002860865411,0.2107446975,0,0.00407265599,0,0,0,0.007077552043,0.01686400366,0,0,0,5.06395929e-05,0,0,0,0,0,0,0.001252782996,0,0,0,0.09757981911,0.0002583881233,0,0,0,0.1903407503,0,0.003678348286,0.006392315356,0,0.01523125919,0,0.08167491797,0,0,0,0,0.1593163966,0,0,0,0,0,0.02440901117,0,0,0,0,-0.08885361376,0,0,-0.09711703037,0,0.0001182653447,0,-0.2116891305,0,0.00427651619,0.1463207703,-0.02074338651,0,-0.002489076288,0,0.01540800966,0,0,0,0,0,0,0,0,0,-0.003286696802,0,0,0.0003568424475,0,0,0,-0.2116891305,0,0,0.01735413254,-0.09711703037,0,0,0.07931277141,0.07110471032,0,0.05918822614,-0.000797620514,0,0,0.009001001499,0,0,0,0,0,0,0,0,0.03844483968,0,0.1674259343,0,0,0,0,0.00427651619,0,0.07931277141,0,0.0001182653447,0,0.01735413254,0
1,1,1,1,2,1500,500,v1,0,0,0.04885881986,0,0,0,0,0,0,0.004276078166,0,0,0,0,0,0,0,0,0,0,0,0,0,0,0,0,0,0,0,0.7708323856,0,0,0,0,0.06746252863,0,0,0,0,0,0,0.09983290537,0,0,0,0,0.008737282402,0,0,0,0,0,0,0,0,0,0,0,0,0,-0.7297203387,0,0,0.05309899277,0,0,0,0,0,0,0,0,0,0,0,0,0,0,0,0,0,0,0,0,0,0.93325732,0,0,0,0.08167469808,0.1616650967,0,0,0,0,-0.838286443,0,0,0,0,0,0,0,0,0,-0.78518745,0,0,0,0,0.1085661039,0,0,0,0,0,0,0,0,0,0,0,0,0,0,0,0,0,0.08167469808,0,0,0,0.93325732,0,0
1,1,1,1,1,1500,500,v1,0.4869643726,0,0,0.292049222,0,0,0,0,0,0,0,0,0,0,0,0,0,0,0,0,0,0,0,0,0,0,0,0,0,0,0,0,0,0,0,0,0,0,0,0,0.05149301675,0,0,0.03088212675,0,0,0,0,0,0,0,0,0.08664642909,0,0,0.0519648328,0,0,0,0,0.2197746673,-0.7788167242,0,0,0,0,0,0,0,0,0,0,0,0,0,0,0,0,0,0,0,0,0,0.5242081966,0,0,0,0.3143548918,0,0,0,0,0,0,0,0,0,0,0.3143548918,0,0,0,0.5242081966,0,0,-0.6412842041,0,0,0,0.08224214707,0,0,0,0,0,0,0,0,0,0,-0.6965745769,0,0,0,0.1375325204,0,0,0,0,0,0,0,0,0,0
1,1,1,1,0,1500,500,v1,0.01044169401,0,0,0.001811376926,0,0,0,0,0,0,0,0,0.1686199618,0,0,0.080970812,0,0,0,0,0,0,0,0,0.09969875937,0,0,0.02964539933,0,0,0,0,0,0,0,0,0.1295111136,0.05337295358,0,0.03851009486,0.07963589809,0,0.02562953606,0.01381486836,0,0,0,0,0.1020713628,0.04206473064,0,0.03035089232,0.06276329822,0,0.02019936051,0.01088788754,0,0,0,0,-0.02890226219,0.01187975202,0,0,0,0,0,-0.102952366,0.1098976417,0,0,-0.01784308944,0.05265835178,0,0,0.1381428249,-0.2465134872,0,0,0,0,0,-0.01784308944,0.01854926988,0,0,-0.102952366,0.006984495329,0,0,0.01504092747,0.06548937617,0,0,0,0,0,0.05265835178,0.006984495329,0,0,0.1098976417,0.01854926988,0,0,0.02844475366,-0.07822676366,0.07681762859,0,-0.07189848687,0,0,0,0,0,0,0,0,0,0,-0.2424519806,0.09326769111,0.06132519636,0,0.04299622471,0,0,0,0,0,0,0,0,0,0
1,1,1,1,1,1500,500,v1,0,0.001541482229,0,0,0.005269836036,0,0.0004466925774,0.00142927806,0.0003210494484,0,0,0.001317366496,0.0007165479123,0.0002568437698,0.004449855463,0.008672315467,0.01642552209,0,2.840280564e-05,0.004454908689,0.001000677207,0.02353342156,0,0.004106092168,0.0006366671281,0.0001533049276,0.002656030047,0.0003229181136,0.002867792211,0,1.695306866e-05,0.000831032282,0.0005972842829,0.01404663034,0,0.002450844586,0.009851355651,0.006617834237,0.04109760887,0.004996616038,0,0,0.08009505747,0,0,0.2173480381,0,0,0.01505600757,0.01011415748,0.00362537981,0.007636419958,0,0.06781801565,0.1224107457,0,0.2318481628,0.0004009089191,0.01965238628,0.06288155648,-0.3591824272,0,0.001981500008,0,0.006683895936,0,0.0007131101509,0.007481754794,0.004310699751,0.00478472859,0.05087889995,0.003471875999,0.05108696191,0.0005288017032,0.2692019415,-0.577408425,0.009379070689,0.0002835400276,0.02792101696,0.02080677181,0,-0.002876153225,0.003471875999,0,0.09509931899,0,0.007481754794,0,0.02755732502,0,-0.3295724325,0.0009372878213,0.0001545361564,0.01662657545,0.003687892927,0,0.00103096074,0.05108696191,0,0.3149634223,0,0.004310699751,0,0.08538769323,0,-0.09534987733,0.01240870079,0.08325457383,-0.2579348198,0,0,0,0.0005288017032,0.02755732502,0.08538769323,0.0005080494945,0.00478472859,0.09509931899,0.3149634223,0.001190073999,0.1395777701,-0.02064840914,-0.129565419,-0.003980429715,0,-0.08744048922,-0.2943914111,0.2692019415,0,0,0.001190073999,0.05087889995,0,0,0.0005080494945
1,1,1,1,3,1500,500,v1,0,0,0,0,0,0,0,0,0,0,0,0,0,0,0.2458358895,0,0,0,0,0,0,0.09770306531,0,0,0,0,0.07323937146,0,0,0,0,0,0,0.02910767467,0,0,0,0,0.3965230316,0,0,0,0,0,0,0.1575909675,0,0,0,0,0,0,0,0,0,0,0,0,0,0,0,0,0,0,0,0,0,0,0,0,0.1159100758,0,0,0,0.04629697964,-0.448432315,0,0,0.3402942787,0,0,0,0,0,0,0,0,0,0,0,-0.2104666146,0,0,0.1023285782,0,0,0,0,0,0,0,0,0,0,0,0.4426228572,0,0,-0.5507608934,0,0,0,0,0,0,0,0,0,0,0,0,0,0,0,0,0,0,0.04629697964,0,0,0,0.1159100758,0,0,0
1,1,1,1,0,1500,500,v1,0.001375560328,0.002643437564,0,0.002616672989,0.006392042907,7.683364724e-05,0.001423036143,0.00493280372,0.009193149351,0,0.0002585317729,0.002512149362,0.004598236323,0.0594704959,0,0.01081759031,0.05790820682,0.0006960683463,0.01728909969,0.0446883449,0.08328460896,0,0.002342148135,0.02275861832,0,0.04679498091,0,0,0.0188437445,0,0.01360410869,0.01014411305,0.06553336453,0,0,0.01790785656,0,0.0001785749321,0,0,0.0004839597939,0,0.0004201068232,0.0009206172168,2.703218124e-05,0,0,9.095855775e-05,0,0.008410256724,0.1087726039,0,0.02279281904,0.04380134612,0.01978556673,0.04335786131,0.1059151491,0.0316220735,0.02357948586,0.0817357845,-0.2486705833,0.003789890855,0.003764554692,0,0.01084196845,0.0002942496547,0.01090664029,0,0.00606884646,0.004968901067,0,0,0.01543540831,0.001391872749,0,-0.2192363507,0.01166232234,0.06818477596,0,0.08447111008,-0.002975771687,-0.08192425673,0,0.03139825163,0.03551670708,0,0,0.05975672175,0.0200760105,0,-0.1900692138,0,0.05357391101,0,0.02417535873,0,0.03319524459,0.01543540831,0.05975672175,0.06828269941,0.0008789714912,0.00606884646,0.03139825163,0.05299264206,0.002974357581,-0.07969795634,0,0.0005412577922,0,0.001369024343,0,0.0001126359844,0.001391872749,0.0200760105,0.05299264206,0.0456701448,0.004968901067,0.03551670708,0.06828269941,0.01106341301,0.2623741749,0,-0.02653974999,-0.1259992028,-0.06592889746,-0.06500172516,-0.1761633061,0,0,0.002974357581,0.01106341301,0,0,0.0008789714912,0.0456701448
1,1,1,1,0,1500,500,v1,0.002305921748,0.001176034232,0.0002353126934,0.0009225614291,0.0009036582278,0,0.0002339534628,0.0008915046838,0.01466258048,2.228531601e-05,0,0.01054848848,0,0.002121913328,0,0,0.003947229386,0,0.1661477468,0.00389414203,0.06404696684,0,0,0.0460763842,0.0004080103194,0.003254460527,0,0.001657741198,0.007878789354,0.001576466988,0.2548272244,0.001567360883,0.0982313098,0,0.0001492994895,0.07066913227,0.001393988601,0,0,0.005663759525,0.05278033789,0.005386081933,0,0.02111654656,0,0,0.0005100895164,0,0.0002082676858,0,0.00166122995,0.0008461891931,0.007885601664,0.004021705206,0,0.003154899748,0.003090256134,0.1300758186,0.0008000548229,0.003048694443,-0.1399601705,0.003157025536,0.001327664455,0.0002477682703,0.001604084396,0,0.0248349254,0.001237557425,0,-0.0005115647072,0,0.005053171993,0,-0.05643602093,0,-0.2349583885,0,0.1392795584,0,-0.005281230531,0,0.09808087878,0.005053171993,0.06372404285,0.005816553693,0.005332549857,0.001237557425,0.02553940483,0.001007651865,0.000496492183,0.3757465571,0.001219632355,-0.2223829956,0,-0.0079055258,0.001573874562,-0.1583993543,0,0.02553940483,0.004524635555,0,0,0.06372404285,0.003516398575,0,0.01789656248,-0.006261543567,0,0,-0.07351616084,-0.005707670859,0,-0.05643602093,0.001007651865,0.003516398575,0.03114500661,-0.0005115647072,0.005816553693,0.004524635555,0.02208031834,-0.1687594894,0.0008480916022,0,0.1210684942,0.01085017015,0.002028390973,-0.001683543286,0,0.000496492183,0,0.02208031834,0,0.005332549857,0,0.03114500661
1,1,1,1,4,1500,500,v1,0.006301598491,0.01519941861,0.01492516068,0.004756639168,0,0.002152077933,0.07259785141,0,0.003427942916,0.0009537237427,0.002916299183,0.004965196823,0,0,5.060182505e-05,0,0,0.002759369698,0,0,0.004395269177,1.203571238e-05,0.003739245438,0.006366318545,0.01292512509,0,4.625862077e-05,0.001665188525,0.01781580176,0.01749433387,0,0.08509463171,0.004018018912,1.100267538e-05,0.001117894939,0.00581989118,0.03065554445,0,0.0001097152403,0.003949459712,0.0175187616,0.04149269936,0,0.01322369677,0.005982885185,2.609591796e-05,0.002651400101,0.008107458798,0.05793262829,0,0,0.007463660672,0.03310683017,0.07985348024,0,0.02499004742,0,0,0.3814087394,0,-0.4328447673,0.009957487808,0.08606249094,0.008349928301,0,0.001649167189,0.001478828747,0.03472326975,0,0,9.824847593e-05,0.00386453887,0,0,2.443727703e-05,-0.008301472734,0,0,-1.399989559e-05,0,-1.432218916e-05,-0.004523002321,0.00386453887,0.02006820916,0.07046190889,0.02405244992,0.03472326975,0.01532482033,0.3367626793,0.002193719387,-0.4446145589,0.01392344553,0,1.470796504e-05,0.1023580627,0.01048666858,-0.0008624923973,0,0.01532482033,0,0.005303960134,0,0.02006820916,0,0.007992550878,-0.06222024292,0.0146179592,0,-8.249857156e-05,0.01875387488,-0.0363340431,-0.01049918567,0,0.3367626793,0,0.002707510871,0,0.07046190889,0,0.003152488086,0.245673321,-0.05426661049,0,0,-0.05230671565,-0.4599036124,0,2.443727703e-05,0.002193719387,0.007992550878,0.003152488086,9.824847593e-05,0.02405244992,0.005303960134,0.002707510871
1,1,1,1,1,1500,500,v1,0,0.5921448104,0,0,0,0,0.1767449672,0,0,0,0,0,0,0,0,0,0,0,0,0,0,0,0,0,0,0,0,0,0.02314157213,0,0,0.00690735836,0,0,0,0,0,0,0,0,0,0,0,0,0,0,0,0,0,0,0,0,0,0.1548432611,0,0,0,0,0.04621803082,0,0.2303823451,0,-0.7683942471,0,0,0,0,0,0,0,0,0,0,0,0,0,0,0,0,0,0,0,0,0,0.6215735546,0,0,0,0.185444298,0,-0.5680445892,0,0,0,0.03003268651,0,0,0,0,0,0,0,0,0,0,0,0,0,0,0,0,0,0,0.185444298,0,0,0,0.6215735546,0,0,-0.7383615612,0,0,0,0,0.2003496587,0,0,0,0,0,0,0,0,0
1,1,1,1,1,1500,500,v1,0,0,0,0,0,0,0,0,0,0,0,0,0,0.08302984063,0,0,0,0,0.4254245221,0,0,0,0,0,0,0.01304785936,0,0,0,0,0.06685402849,0,0,0,0,0,0,0,0,0,0,0,0,0,0,0,0,0,0,0,0.06722081158,0,0,0,0,0,0,0.3444229379,0,0,0,0,0,0,0,0,0,0,0,0.005310717293,0,0,0,0.02047906671,0,0.3240882803,0,-0.34128147,0,0,0,0,0,0,0,0,0,0,0,0,-0.09703453449,0,0.0798413452,0,0,0,0,0,0,0,0,0,0,0,0,0,0,0,0,0,0,0,0.02047906671,0,0,0,0.005310717293,0,0,0,-0.2614401245,0,0,0.2442469354,0,0,0,0,0,0,0,0,0,0,0
1,1,1,1,1,1500,500,v1,0,0,0,0,0.001015547753,0,0,0.001633167878,0,0,0,0,0.2646334334,0.07013170591,0,0.09090690972,0.0722638451,0,0.2575005255,0.1162121527,0,0,0,0,0,0.0006741392406,0,0,0,0,0.002475217256,0,0,0,0,0,0,0.01939036485,0,0,0,0,0.00666098053,0,0,0,0,0,0,0.02929811291,0.007764425728,0,0,0,0.01006449137,0,0.008000479252,0.02850841397,0,0.01286608698,-0.1672168705,0,0,0,0.00263243307,0,0,0,0.3235170308,0.09245317627,0,0,0.1112141422,0.3394965022,0,0.1282261416,-0.3551641075,-0.3273572731,0,-0.1880764333,0,0,0,0,0,0,0,0,0,0,-0.2911074164,0,0.003140963725,0,0,0,0,0.1112141422,0,0.09463873856,0,0.3235170308,0,0.1522379181,0,-0.3158038766,0,0.02598309473,0,0,0,0,0.3394965022,0,0.1522379181,0,0.09245317627,0,0.09463873856,0,-0.83884132,0,0.03936023066,0.03624985638,0,0,0.02085956307,0,0,0,0,0,0,0,0
1,1,1,1,4,1500,500,v1,0,0.04716537022,0,0,0,0,0.04584213918,0,0,0,0,0,0,0,0,0,0,0,0,0,0,0,0,0,0,0,0,0,0.1435441546,0,0,0.1395170034,0,0,0,0,0,0,0,0,0,0,0,0,0,0,0,0,0,0,0,0,0,0.3164040461,0,0,0,0,0.3075272865,0,-0.340658835,0,0.09298840535,0,0,0,0,0,0,0,0,0,0,0,0,0,0,0,0,0,0,0,0,0,0.1885040164,0,0,0,0.1830016271,0,-0.5305345843,0,0,0,0.2828641545,0,0,0,0,0,0,0,0,0,0,0,0,0,0,0,0,0,0,0.1830016271,0,0,0,0.1885040164,0,0,0.3758525598,0,0,0,0,-0.6235229897,0,0,0,0,0,0,0,0,0
1,1,1,1,1,1500,500,v1,0,0,0,0,0,0,0,0,0.2048217539,0,0,0.1378074092,0,0.01014725812,0.0193112934,0,0,0,0.01334218166,0,0.06504285622,0.02177338054,0,0.04376189215,0,0.004919233477,0.009361815755,0,0,0,0.006468082893,0,0.03153176867,0.01055539745,0,0.0212150871,0,0,0.1363136652,0,0,0,0,0,0,0.1536929322,0,0,0,0,0.04749064279,0,0,0,0,0,0,0.06244334929,0,0,0.1605361748,0,0,0,0,0,-0.3407916799,0,0,0.04784871122,0.1611637242,0,0,0.06114593921,0.1814559038,-0.6529144347,0,0.02267923853,0.0409983591,0,0,0.1079051449,0,0,0,0,0,0,0,0,-0.5650528378,0,0.01124513271,0.01984498473,0,0,0.05263102983,0,0,0,0,0,0,0,0,0.06084334391,0,0,-0.2892564291,0,0,0,0.06114593921,0,0,0.1615240721,0.04784871122,0,0,0.1088591854,0.03392437124,0,0,-0.1065874715,0,0,0,0.1814559038,0,0,0.1088591854,0.1611637242,0,0,0.1615240721
1,1,1,1,2,1500,500,v1,0,0.1269838303,0,0,0,0,0.2603699987,0,0,0,0,0,0,0.001716081357,0,0,0,0,0.0002195361576,0,0,0,0,0,0.002900018903,0.09702964244,0,0.06862983632,0.1350006093,0,0.0124128817,0.2768077508,0,0,0,0,0.0003919916889,0,0,0.009276603482,0,0,0,0,0,0,0,0,4.041577145e-05,0,0.00135224217,0.0009564516207,0,0.001881420071,0,0,0,0.000172990662,0.003857698577,0,-0.1274651114,0,0.05246999449,0,0,0,0,0.003665018519,0,0.1408006088,0,0.08740862428,0,0.01801355783,0,-0.1078009881,0,0.001924876196,0,0,0,0,0.08740862428,0,0.05790338222,0,0.003665018519,0,0.05458929295,0,0.07193696734,-0.07100855464,-0.1093145971,0,-0.1332008068,0,0,0,0,0,0,0,0,0,0,-0.07004034429,0.009324582397,0,0,0,0,0,0.01801355783,0.05458929295,0,0,0.1408006088,0.05790338222,0,0,-0.2498045059,0.0009682103776,0,0.001513609091,0,0.005735695554,0,0,0,0,0,0,0,0,0
1,1,1,1,2,1500,500,v1,0,0,0.0008898403628,0,0,0,0,0,0,4.329664959e-05,0,0,0,0,9.061815855e-05,0,0,0,0,0,0,1.024072117e-05,0,0,0.02883646738,0,0.007427011406,0.3539713651,0,0.3750419572,0,0,0,0.0008393235326,0.01824828462,0,0.005090484779,0,0.001311085994,0.06248635876,0,0.06620593811,0,0,0,0.000148165294,0.003221359047,0,0.005735401987,0,0,0.07040280086,0,0,0,0,0,0,0,0,-0.3236936111,0,0,0.000930322152,0,0,0,0.02693286021,0,0,0.008719497055,0.3312829288,0,0,0.0009898893144,-0.006554681618,0,0,8.175736354e-05,0,0,0,0.3312829288,0,0,0.461676975,0.02693286021,0,0,0.02246795919,0.215279076,-0.3823501452,0,-0.007943386398,0,-0.393032284,0,0,0,0,0,0,0,0,0,-0.7063174027,0.06754328676,0,0.001388704782,0,0.06933867283,0,0,0,0,0,0,0,0,0,-0.3148068585,0.07599633201,0,0,0,0,0,0.0009898893144,0.02246795919,0,0,0.008719497055,0.461676975,0,0
1,1,1,1,4,1500,500,v1,8.12921265e-06,5.236045752e-05,0.0007966747036,1.354824235e-05,0.03574656713,0.003558078645,0.0002268931201,0.004250616883,0.02393887879,0.001352189695,0.01720249653,0.0170317156,0.01337645316,0,0.002174049429,0.005592169133,0.09192629879,0.009149997523,0,0.01093093712,0.0615615065,0.002124642686,0.04423814544,0.04379896318,0.001337829665,0,0.009344668317,0.01360619107,0.0005787664435,0.008806045758,0,0.00250796365,0.2646084545,0.009132304411,0.01494643206,0.1882601095,0.0002118539973,0.009104818461,0.001479788786,0.00215462853,1.422932293e-05,0.001394494413,0.003806366618,2.371475858e-05,0.006228038584,0.001446159585,0.002366864376,0.03011114222,9.745978702e-05,0.004188515107,0,0.0009911997902,6.545955231e-06,4.216265776e-05,0.001751053483,1.090956673e-05,0.02878451311,0,0.0001827030821,0.003422760484,-0.4559950633,-8.830842697e-06,0.0001583659111,0.00191822742,0.03928432799,0.02034013238,0.04093526919,0.00153835632,0.001389628211,0,0.008577129329,0.01567512304,0.0007753393153,0,0.008382061853,-0.2887604432,-0.01555583435,0,0.0041202607,-0.1017847274,-0.04887474689,0.1052332941,0.01567512304,1.543832868e-05,0.0007250405583,0.009934219516,0.00153835632,2.644313315e-05,0.003163761507,0.01687730552,0.1625621116,-0.01488217046,0,-0.01831092529,-0.002936233501,-0.02351288889,-0.4526473231,0.0007753393153,2.644313315e-05,0.04107374854,-0.001467371452,0.001389628211,1.543832868e-05,0.004894139629,-0.004909505706,-0.08791769794,0.002321599557,0.008351737502,0.00288453713,-2.246504402e-05,0.003720311529,0.03278586605,0,0.003163761507,0.004894139629,0.2686035092,0,0.0007250405583,0.04107374854,0.1911146315,-0.08507422977,0.001084917973,0.005760785164,0,3.374912167e-06,0.0001853328783,0.03185514065,0.008382061853,0.01687730552,-0.004909505706,0.1911146315,0.008577129329,0.009934219516,-0.001467371452,0.2686035092
1,1,1,1,0,1500,500,v1,0,0.03401498657,0,0,0,0,0.2946474949,0,0,0,0,0,0,0,0,0,0,0,0,0,0,0,0,0,0,0,0,0,0.01315317894,0,0,0.1139365796,0,0,0,0,0,0,0,0,0,0,0,0,0,0,0,0,0,0,0,0,0,0.05632702633,0,0,0,0,0.4879207336,0,-0.4134355096,0,0.326972266,0,0,0,0,0,0,0,0,0,0,0,0,0,0,0,0,0,0,0,0,0,0.01369810828,0,0,0,0.1159967579,0,-0.2135292366,0,0,0,0.1270659938,0,0,0,0,0,0,0,0,0,0,0,0,0,0,0,0,0,0,0.1159967579,0,0,0,0.01369810828,0,0,0.4540382601,0,0,0,0,-0.5405015026,0,0,0,0,0,0,0,0,0
1,1,1,1,4,1500,500,v1,0.001727927032,0,0.001180544082,0.000321607417,0,0.3521056434,0,0,0,0.01491013905,0.1260353759,0,0,0,0,0,0,0.07006064657,0,0,0,0,0.02507804147,0,0,0,0,0,0,0.002330916458,0,0,0,0,0.02943921284,0,0,0,0,0,0.001292589132,0.0008831150987,0,0.0002405809067,0.26339534,0,0.01115364442,0.09428173423,0,0,0,0,0.004690020114,0,0,0.0008729218461,0,0,0,0,0.344255635,0.0007707183969,0,0.01254333596,0,-0.4090033253,0,0,0,0,0,0,0,0,0,-0.1388555154,0,0,0,0,0.09444549048,0,0,0.002685076561,0,0.001326650481,0,0.0006640586731,0,0.005859630445,0.02256133076,0,0,0,0,-0.02735218472,0,0,0.0006640586731,0,0.04904490516,0,0.002685076561,0,0.01757013238,-0.3329515918,0,0,0,0.00135215082,0.01001799479,0.2701478102,0,0,0,0,0,0,0,0,0.002122869218,0,0,0,-0.004355626042,0,0,0,0.005859630445,0.01757013238,0,0,0.001326650481,0.04904490516,0
1,1,1,1,3,1500,500,v1,0.008411683424,0.0009014923092,0.01470372902,0.04930182228,0.003101643362,0.01767106068,0.006388429893,0.006072606817,0.0003563629394,0.04340496659,0.004149927967,0.01292391586,0.000604579383,0.0008765990591,0,0.001603437778,0.0006337043997,0.003610417961,0.000729561875,0.001240709265,7.280939046e-05,0,0.0008478820111,0.002640517102,0.0004490089786,0.0299110229,0,0.003210352121,0.006284737662,0.1025067864,0.02489386879,0.04453682581,0.002484377918,0,0.3025969555,0.09009885045,6.229975043e-05,0.002862298215,0,0.0004454346026,0.008136531852,0.01422276059,0.007591256367,0.04768912798,0.01709302893,0,0.04198516223,0.004014181156,4.73730347e-05,0.002176505551,0.003155785281,0.0003387106487,0.006187058586,0.0006630760396,0.005772428442,0.03626304598,0.002281356564,0.00262644661,0.00469889177,0.004466593932,-0.4452912535,-0.00159549705,0.006529841287,0.05726745528,-0.006315160247,-0.0077164559,0.01290300599,0.0005147693859,0.002640640861,0.03885426803,0,0.003653693878,0.005328773532,0.03234076491,0,-0.1501921544,0.0007088106552,0.001573090624,0,0.0006395323841,0.003134971097,0.002674236904,0.003653693878,-0.005365844504,0.007256463894,0.1104901382,0.0005147693859,-0.04622189613,0.05100657934,0.3261338337,0.1476237735,-0.00354940451,-0.05460203043,0,-0.05007383349,-0.4039882711,-0.09227190922,0.005328773532,-0.04622189613,0.002308691754,0.009248207675,0.002640640861,-0.005365844504,0.004466954858,0.001961968991,-0.3262938029,0.0004555956807,-0.00675335422,0,0.007589168926,0.05563816746,-0.002891966308,0.03234076491,0.05100657934,0.004466954858,0.003156938767,0.03885426803,0.007256463894,0.002308691754,0.1118850606,-0.1053932405,0.0003148333226,0.0007316006336,0.005565584501,0.02839815519,0.004701963384,0.00115853012,0,0.3261338337,0.001961968991,0.1118850606,0,0.1104901382,0.009248207675,0.003156938767
1,1,1,1,3,1500,500,v1,0.01161785266,0.0007670897041,0,0.0004440973968,0.03128588415,0,0.0005458854457,0.01171686327,0,0,0,0,0,0,0,0,0.4402236111,0,0,0.1648679589,0,0,0,0,0,0,0,0,0.00206788143,0,0,0.001471570235,0,0,0,0,0,0,0,0,0.1227452643,0,0,0.004691990329,0,0,0,0,0,0,0,0,0.04277105232,0.002824035975,0,0.001634941804,0.1151787879,0,0.002009673873,0.04313555927,-0.5316851031,0.01205949695,0.001199775213,0,0.04297776467,0,0,0,0,0,0,0,0,0,0,0.2009118551,0,0,0,-0.6046842722,0,0,0,0.1023105718,0.000824552954,0,0,0.003894999619,0.0004833679357,0,-0.0009395154799,0,0,0,6.756822137e-05,0,0,0,0.003894999619,0.4406121347,0,0,0.1023105718,0.1650464916,0,0.05628601378,0,0,0,-0.127089728,0,0,0,0.0004833679357,0.1650464916,0,0,0.000824552954,0.4406121347,0,-0.675469384,0,0,0,0.04422651682,-0.002139290691,0.1579340904,0,0,0,0,0,0,0,0
1,1,1,1,3,1500,500,v1,0,0,0,0,0,0,0,0,0.07374025655,0,0,0.02067567382,0,0.03757693148,0.006355194059,0,0,0,0.002137021946,0,0.04961526606,0.005256715394,0,0.01391138444,0,0.1965560682,0.03324252162,0,0,0,0.01117825791,0,0.2595257579,0.02749663873,0,0.07276717182,0,0,0.03049683636,0,0,0,0,0,0,0.02522553799,0,0,0,0,0.1270191147,0,0,0,0,0,0,0.007223650923,0,0,-0.2677235676,0,0,0,0,0,0.09310762269,0,0,0.05008607883,0.001986879243,0,0,0.003595762761,0.003418218041,-0.328253006,0,0.03938651774,0.01157122606,0,0,0.0632880243,0,0,0,0,0,0,0,0,0.3336011509,0,-0.1947717858,-0.02182501143,0,0,-0.331011592,0,0,0,0,0,0,0,0,-0.0102537854,0,0,0.00665038718,0,0,0,0.003595762761,0,0,0.2045769494,0.05008607883,0,0,0.05734696828,-0.155385268,0,0,0.1195973732,0,0,0,0.003418218041,0,0,0.05734696828,0.001986879243,0,0,0.2045769494
1,1,1,1,0,1500,500,v1,0,0,0.003185874814,0,0,0.02222926788,0,0,0.001286154225,0.03346693897,0.003157968362,0.01032150053,0.0008725307839,0.001707231215,0.01003523421,0.003360225057,0,0.004888877873,0.001651233301,0,0.0002828636089,0.002733154282,0.0006945312701,0.002270005284,0.004681452796,0.03196038934,0.187865586,0.0006266451978,0,0.01311693764,0.0309120749,0,0.005295375921,0.05116628269,0.1377906469,0.04249585647,0.003131686561,0.01092692889,0.125673836,0.0004191981486,0,0.00877465589,0.04208096829,0,0.06122468324,0.03422799863,0.0921758984,0.008697794896,0.0001464423559,0.000510959567,0.0009997654394,1.960233353e-05,0,0,0.001967769128,0,0,0.0009669727054,0,0,-0.1607994351,0,0,0.03577087231,0,0.01581962058,0.007328051853,0.002647859262,0.01489851357,0.04386308498,0.08162391489,0.0003583216575,0.05612479096,0.04241874273,0.02269788957,-0.2800269212,0.002380255948,0.003339132072,0.01266050458,0,0.003284615684,0.001837896018,0.0003583216575,0,0,0.002172690738,0.002647859262,0,0,0.02748880437,0.2912091017,-0.004749799352,-0.06281858476,-0.2256867495,0,-0.1376355587,-0.04549858688,0.05612479096,0,0,0.05979212245,0.01489851357,0,0,0.008868759674,-0.29571815,0.002588260405,-0.05200979436,0.1434783753,0,0.08209035646,-0.06487815772,0.04241874273,0,0,0.006188489533,0.04386308498,0,0,0.04831046892,-0.1112705301,0.0001574183323,0.002280668699,0.001958234125,0,0,0,0.02269788957,0.02748880437,0.008868759674,0.04831046892,0.08162391489,0.002172690738,0.05979212245,0.006188489533
1,1,1,1,0,1500,500,v1,0.001099524767,0.0008640919704,0.01444229971,0.004773044343,0.01233357055,0.01158770227,0.0002656630688,0.1495519325,0,0.0135418958,0.003155632275,0,2.38321072e-05,8.150157588e-05,0.0001314005628,0.0001685407135,0.0002074634673,0.0001949171882,6.53934119e-06,0.002515618841,0,0.0002010781775,5.308101256e-05,0,0.3682145946,0.01248047525,0.02012159219,0.09317549325,0.002225757761,0.03720097139,0.001001380464,0.0006843040525,0,0.03079144412,0.03488168009,0,0.04946191465,0.000490227293,0.002702914252,0.01251617497,0.0003804458653,0.004997170939,0.003466888473,0.001651518038,0.004009453495,0.004136185265,0.004685622755,0.001091878317,0.03701621508,0.0003668753837,0.001254648683,0.009366831593,0.0002847173643,0.0002237530211,0.002594543504,0.001235959977,0.003193726787,0.0001006676954,6.879234651e-05,0.03872585079,-0.01188626291,-0.005309399409,0.000752807648,0.02739412916,-0.1612939968,-0.01435806829,0,0.4224320655,0.000397254763,0.01668401207,0.0258691679,0.1069148111,0.00229017135,0.001337619734,0.03961716908,-0.1875135754,0.0001566323846,8.637544579e-05,0.0003283581072,0.002711337716,0.0002364122814,0,0.1069148111,0.0006204861801,0.001729486743,0.02666774754,0.4224320655,0.002686964332,0.0005480091435,0.02500219674,0.1547147019,-0.4610996438,-0.01339861417,-0.05074273039,-0.002545088818,-0.07146348396,0,0.00229017135,0.002686964332,0.01342089244,0.01109164156,0.000397254763,0.0006204861801,0.1622412847,0.003042476469,-0.5267846439,0.06188201183,-0.002288075149,0.00675681428,0.001690821058,0.009622725263,0.004698910659,0.001337619734,0.0005480091435,0.1622412847,0,0.01668401207,0.001729486743,0.01342089244,0,-0.5786548299,0.04631971421,0.0003398253576,0.001297817549,0.001413611339,0.0002739505794,0.041474541,0.03961716908,0.02500219674,0.003042476469,0,0.0258691679,0.02666774754,0.01109164156,0
1,1,1,1,4,1500,500,v1,0,0,0.5400550397,0,0,0,0,0,0,0.3999324187,0,0,0,0,0,0,0,0,0,0,0,0,0,0,0,0,0,0,0,0.02305102708,0,0,0,0,0.01707021014,0,0,0,0,0,0,0.01142823672,0,0,0,0,0.008463067683,0,0,0,0,0,0,0,0,0,0,0,0,0,0.059826183,0,0,-0.9399533896,0,0,0,0,0,0,0,0,0,0,0,0,0,0,0,0,0,0,0,0,0,0.7584990859,0,0,0,0.561691723,-0.9201534627,0,0,0,0,0.0400262562,0,0,0,0,0,0,0,0,0,-0.8999271332,0,0,0,0,0.01979992678,0,0,0,0,0,0,0,0,0,0,0,0,0,0,0,0,0,0.561691723,0,0,0,0.7584990859,0,0
1,1,1,1,2,1500,500,v1,0.008560828567,0.03051670596,0.02343739875,0.04000557079,0.01398525597,0.02969722617,0.004760268191,0.02415158611,0.0006799418681,0.01590949874,0.01412993073,0.001003171888,0.2970787891,0,0.01403158988,0.1064084319,0.01955655104,0.04152768603,0,0.03377283386,0.0009508097579,0.09371585741,0.01975885976,0.001402804659,0.001629234035,0,0.0003659292984,0.003151660367,0.001112883746,0.0008547154521,0,0.0001735975405,2.479613149e-05,0.002444012279,0.0005801878677,3.65836893e-05,0.003739478818,0.01778236618,0.0008398945951,0.007233808606,0.0007165649319,0.001961774834,0.006369332883,0.003348576471,0.002485739631,0.005609588279,0.001331668867,0.001182714123,0.008412127699,0.04000224158,0,0.0162727815,0.001611945409,0.005746086803,0.01432810404,0.007532775088,0.002633327951,0,0.0008963259099,0.004547578315,-0.06945663568,-0.04763331364,-0.03510091565,-0.03862246317,0.03024122977,0.03691580415,-0.0004615759015,0.004792502176,0.3589325983,0,0.01917901068,0.008683456157,0.1286491581,0,0.1280901937,0.1645209687,-0.4030558424,0,-0.107264969,-0.04730057045,-0.05599148166,-0.0004236468115,0.008683456157,0.009430518436,0.0356608832,0.03054588268,0.004792502176,0.04488734536,0.005564966793,0.02066485499,-0.1798598314,0.004709087102,0,0.002775912639,0.001276098061,0.001425677982,6.07216645e-05,0.1286491581,0.04488734536,0.007216132517,0.01612350017,0.3589325983,0.009430518436,0.007829128809,0.007016841543,-0.5671417934,0.008260305083,0.02397356042,0.00630958755,0.003896026898,0.003056293958,0.003648783053,0,0.005564966793,0.007829128809,0.0004740386394,0,0.0356608832,0.007216132517,0.000762712932,-0.46073433,-0.02195336436,0.05402777865,0,0.007525377563,0.006340917612,0.007029166497,0.1280901937,0.02066485499,0.007016841543,0.000762712932,0.01917901068,0.03054588268,0.01612350017,0.0004740386394
1,1,1,1,1,1500,500,v1,0,0,0,0,0.1564743313,0.0002961962024,0,0.190806667,0.01414166973,0,1.811540301e-05,0.001462911095,0,0,0,0,0.2194399602,0.0004153862318,0,0.2675877063,0.01983230999,0,2.540508263e-05,0.002051589866,0,0,0,0,0,0,0,0,0.0001827115732,0,0,1.89009355e-05,0,0,0,0,0,0,0,0,0.0002799894395,0,0,1.712419503e-05,0,0,0,0,0,0,0,0,0.05719939751,0,0,0.06974962796,-0.3550435381,0,0,0,0.3262709979,0.0002279773029,0.01115870836,0,0,0,0,0,0,0,0,0.4645162274,0,0,0,-0.4642676637,-0.0001282177811,-0.01750619791,0,0,0,0,0,0,0,0,-0.006347489551,0,0,0,0,0,0.0001873780946,0,0,0.006071149811,3.899559557e-05,0,0,0.01072329691,5.179361614e-06,9.975952175e-05,0,0,0,0,0,-0.0001292094932,0,0,0.01072329691,0.008134309888,0,0,0.006071149811,0.001105857282,-0.137996666,0,0,0,0,0,0.1268003683,0,0,5.179361614e-06,0.001105857282,0,0,3.899559557e-05,0.008134309888
1,1,1,1,4,1500,500,v1,0.001024174141,0.0008053590373,0.0002388194109,0.0326245539,0.001193883444,0.007930448411,0.04035242702,0.03524698016,0,0.001819186308,0.002593241107,0,0.02331697908,0,0,0.06910466521,0.0138994472,0.09232798183,0,0.4103529051,0,0,0.03019106933,0,0.01041986311,0,0,0.009348286454,0.0005831653538,0.000172930581,0,0.02921943666,0,0,0.001317283818,0,0.003076209123,0.0004281468027,0,0.002759852388,0.000218942376,5.105351439e-05,0.001268901145,0.006974299642,0.001695328116,0,0.0003888957519,0.0005543689755,0.01655259693,0.002303790532,0,0.01485033115,0.001178094452,0.0009263942285,0.00682775727,0.03752760824,0.001373308898,0,0.04641688212,0.04054415172,-0.5070596033,0.007095423547,0.009646635781,-0.001179126572,0.03630912665,0.01019102858,0,0.01071823627,0.03080480895,0,0,0.008737330707,0.09130689947,0,0,0.1009061612,-0.09193403308,0,0,-0.4233944343,-0.1222197486,0,0.008737330707,0.0004033849599,-0.0003573676052,0.0003460888524,0.01071823627,0.01188044096,-0.02989963859,0.002270498381,-0.02325789027,0.00781640147,0,0,0.0216524081,-0.0007543513279,0,0.09130689947,0.01188044096,0.01698609994,0.1241562961,0.03080480895,0.0004033849599,0.5011463822,0.04056259222,-0.229718521,0.004689903407,0.001485207307,0,0.007013811325,0.0001890864099,0.002216127725,0,-0.02989963859,0.5011463822,0,0,-0.0003573676052,0.01698609994,0,-0.4196195482,-0.02547668285,0.00904102007,0,-0.02229845213,-0.01112770644,0.04166365094,0,0.002270498381,0.04056259222,0,0,0.0003460888524,0.1241562961,0
1,1,1,1,3,1500,500,v1,0,0.06648133698,0,0,0,0,0.08518491674,0,0,0,0,0,0,0,0,0,0,0,0,0,0,0,0,0,0,0,0,0,0.36521995,0,0,0.4679693948,0,0,0,0,0,0,0,0,0,0,0,0,0,0,0,0,0,0,0,0,0,0.006638392089,0,0,0,0,0.008506009402,0,-0.8180159399,0,0.1515493523,0,0,0,0,0,0,0,0,0,0,0,0,0,0,0,0,0,0,0,0,0,0.4382006997,0,0,0,0.5614991831,0,0.1666881282,0,0,0,-0.8331547159,0,0,0,0,0,0,0,0,0,0,0,0,0,0,0,0,0,0,0.5614991831,0,0,0,0.4382006997,0,0,-0.6816053631,0,0,0,0,0.01513877591,0,0,0,0,0,0,0,0,0
1,1,1,1,1,1500,500,v1,0,0.0009749409634,0,0,0.01392419326,0,0.001540897818,0.04089069434,0.02036991456,0,0,0.02064481802,0.02082417962,0.01777919813,0.0003016269863,0.03876858724,0.005641400873,0,0.00493109452,0.01656690585,0.008252891326,0.01416427873,0,0.008364268737,0.001026815541,0.0114792003,0.0001947464991,0.0007765541995,0.0002550320145,0,0.003183778103,0.0004030790472,0.005328507613,0.009145215183,0,0.005400418821,0.01146828762,0.1501666556,0.002175082841,0.008673171136,0,0,0.2795667917,0,0,0.1021409921,0,0,0.002564495624,0.0335797064,0.02866956894,0.001939462121,0,0.00063694837,0.06251568132,0,0.009096953083,0.00795155964,0.001006699267,0.0267147059,0.05517050964,0,-0.001584511417,0,-0.04128644705,0,-0.03485463525,0.01261856574,0.1435447372,0.002953357015,0.002523437174,0.009360585646,0.2673538149,0.0009357321338,0.118210243,-0.4902742859,0.05931138459,0.01008948921,0.01417783988,0.02067197033,0,0.007909839739,0.009360585646,0,0.0007446559869,0,0.01261856574,0,0.001438647795,0,-0.1436699185,0.001593609262,0.006552577864,0.009017751536,0.0003710345313,0,0.008033942511,0.2673538149,0,0.0006163976911,0,0.1435447372,0,0.002666645223,0,0.1824727552,-0.01955639268,-0.4283059069,-0.1036847115,0,0,0,0.0009357321338,0.001438647795,0.002666645223,0.01310501216,0.002953357015,0.0007446559869,0.0006163976911,0.01526126729,-0.3921431916,0.003310015817,0.09506215359,-0.0192347932,0,-0.0002420589672,0.01842578145,0.118210243,0,0,0.01526126729,0.002523437174,0,0,0.01310501216
1,1,1,1,4,1500,500,v1,7.421920287e-05,0.0004902158684,0.02355389875,2.665624363e-05,0.0001376051836,0.001554072825,8.936362528e-05,3.851632257e-05,0,0.001961901385,0.0010651084,0,0.003230387997,4.565462649e-07,5.411138804e-05,0.00632357156,0.0001457990897,0.001646612412,6.11245492e-05,4.080983451e-05,0,0.0001299889714,0.00112853187,0,0.01707868736,2.551705567e-06,0.0003024366658,0.1803984911,0.002903040875,0.1394853477,0.0003416342756,0.0005292081992,0,0.0007265278623,0.01161830998,0,0.006811164379,0.007200577484,0.0001206149982,0.0719448603,0.0001752866916,0.05562825828,0.01409532447,6.295519995e-05,0.003670320799,0.0002897471329,0.004633507095,0.002515512434,0.02916807271,0.0308356921,4.357965689e-06,0.3080960611,0.0007506462453,0.004957998561,0.06036169827,0.0002695988157,0.00139172627,0.0005834648286,0.0009038155516,0.0003895505718,-0.1000870744,3.214131203e-05,0.0004953267369,0.0251408497,0.0001299454707,0.0005674001838,0,0.008827780638,0.03050429048,2.330758555e-06,0.0002156178359,0.08206891165,0.05979903065,0.0002724210245,0.0004792026835,-0.07467362439,0.009435689932,4.056022811e-05,0.0001020828211,0.0001043808159,-0.001384504972,0,0.08206891165,0.0006011149826,0.002534876723,0.09072468642,0.008827780638,0.0002178775448,0.0006226679296,0.007590661732,-0.1670558906,0.1857306048,0.0001399652301,-0.0008732778322,0.002282573263,-0.1491167463,0,0.05979903065,0.0002178775448,0.001565197971,0.003343577814,0.03050429048,0.0006011149826,0.0004469803125,0.002934474939,-0.3467801716,0.07854580703,0.02115673911,0.0003079813297,0.0001674279188,0.05843233113,-0.003368263713,0.0002724210245,0.0006226679296,0.0004469803125,0,2.330758555e-06,0.002534876723,0.001565197971,0,0.2982611602,-0.324874207,-0.09079464293,-0.0003636933127,-0.0007455642486,-0.004882929768,-0.001575778478,0.0004792026835,0.007590661732,0.002934474939,0,0.0002156178359,0.09072468642,0.003343577814,0
1,1,1,1,2,1500,500,v1,0.002843298805,0,0.001922010589,0.001593873364,0.005378663479,0.1087218547,0,0.1044510489,0.02031147448,7.435397468e-05,0.09390413696,0.1544932891,0.001942052608,0,0.03594406232,0.02808224983,0.002054602167,0.04153079276,0,0.03989938249,0.007758804699,0.000638170737,0.03587055483,0.05901507835,0,0,0.01487748087,0,0,0.0003038864856,0,0,0.003211419662,0.0002641430133,1.175600602e-05,0.02442672426,0,0.001436582063,0.02658866964,0,0.0008034249615,0.0005430984886,0.02077310174,0.000450377443,0.03072130576,0.0004720699277,2.101004619e-05,0.02653429442,0,0.002692206281,0,0,0.001505647177,0,0.03892953726,0.000844023472,0.002848230185,0,0,0.05531125558,0.2951375476,-0.003741571966,0,-0.001838071174,-0.09704470608,-0.1972309902,-0.1715197953,0,0.0008697890865,0,0.03303854178,0,0.01863002408,0,0.0006451591896,-0.3680819758,0.005657121849,0,-0.02200951501,0.04039201803,0.07401099091,0.06294455121,0,0.002891924855,0,0.002023751212,0,0.001917082739,0,7.692106973e-05,-0.1371443901,0,0,0.004549367858,0,0.0001635292157,0.02688323265,0.01863002408,0.001917082739,0.001591433201,0.0558601163,0.0008697890865,0.002891924855,0.02856464787,0.04889248588,-0.1638918809,0,0.004500434193,-0.004995653478,0.0008308782218,0.0002740937708,0.05338493106,0,0,0.02856464787,0.01429824887,0,0,0.001591433201,0.1082397682,-0.04940582584,0,-0.02315743149,0,-0.0002953113202,0,0.03654863401,0.0006451591896,7.692106973e-05,0.04889248588,0.1082397682,0.03303854178,0.002023751212,0.0558601163,0.01429824887
1,1,1,1,1,1500,500,v1,0,0.0008761588996,0.007536817078,0,0.00692490417,0.008226118822,0.003811613634,0.008384303336,0.01433924512,0.0008453349748,0.008071934342,0.020700847,0,0.01770492714,0.03722422531,0,0.04910125283,0.05832755662,0.0624073011,0.05944916894,0.1016728727,0.008336439274,0.05723430667,0.1467800127,0,0.004701802471,0.009885437719,0,0.001649802351,0.01419178478,0.01657317199,0.007177247345,0.02700071908,0.002213863433,0.001591761072,0.03897958015,0,0,0.0285354068,0,0,0.04096615279,0,0,0.04471283262,0.006390561093,0.00459479398,0.04387476731,0,0,0.002314229839,0,0,0.0008120336516,0,0,0.00641807693,0.008157324637,0.003532645208,0.00777066404,-0.3660443094,0,-1.536076986e-05,0.006860605233,0.01487536976,0.01613987227,0.03401890737,0,0,0.01626115906,0.0244659157,0,0,0.05902063407,0.004717555561,0.2161240349,0,-0.07837635955,-0.02890704087,-0.1074917888,-0.08876913059,-0.2470088304,0,0,0.001855997067,0.03150960455,0,0,0.007137020639,0.003566343606,-0.3457305346,0,0.01827660715,0.01166889209,-0.004411073542,0.008183366457,0.06472875371,0,0,0.05370656665,0.0309124392,0,0,0.06504825965,0.02511938937,-0.07482343543,0,0,-0.002217498691,0,-0.03842793712,0.03527470597,0.05902063407,0.007137020639,0.06504825965,0.09094351328,0.01626115906,0.001855997067,0.05370656665,0.1314482408,-0.1571426057,0,0,0.009911890375,0,-0.001568910826,0.01344653486,0.004717555561,0.003566343606,0.02511938937,0.1314482408,0.0244659157,0.03150960455,0.0309124392,0.09094351328
1,1,1,1,1,1500,500,v1,0,0,0,0,0,0.0005745374617,0,0,0,0,0.000513441606,0,0.05205828725,0,0.004653211381,0.0004740751125,0,0.00351843034,0,0,0,0.003127807809,0.003144283262,0,0,0,0.01937806407,0,0,0,0,0,0,0.01302559784,0,0,0,0.426570002,0.03812880702,0,0,0,0.003884611507,0,0.02883031534,0.02562952133,0,0.02576452259,0,0.3475593923,0,0,0,0,0.003165091798,0,0,0,0,0,-0.04797623564,0,0,0,0,0.00101698697,0,0,0.04934024684,0,0.02975803643,0,0.0009337101887,0,0.01701167933,-0.1774949732,0.05203695959,0,0.007718292849,0,0.006084691162,0,0,0,0,0,0,0,0,0,-0.04693412524,0,0,0.01575431467,0,0,0,0.0009337101887,0,0,0.03717956807,0.04934024684,0,0,0.03325930498,0.3658135751,0,-0.368755261,-0.05465241807,0,0,-0.05406092678,0,0,0,0,0,0,0,0,-0.3167183016,0,0.2832023302,0,0,0,0,0.01701167933,0,0.03325930498,0,0.02975803643,0,0.03717956807,0
1,1,1,1,4,1500,500,v1,0.1418804006,0.004363895553,0,0.04748704945,0.3777826503,0,0.008265565858,0.1921325191,0,0,0,0,0,0,0,0,0.005900868794,0,0,0.003001061021,0,0,0,0,0,0,0,0,0.0008396728081,0,0,0.001590407197,0,0,0,0,0,0,0,0,0.09067014711,0,0,0.03034709334,0,0,0,0,0,0,0,0,0.01759713448,0.0005412449965,0,0.005889721146,0.04685560568,0,0.001025161146,0.02382980146,0.224959024,-0.1872070135,-0.01204485516,0,-0.5694868472,0,0,0,0,0,0,0,0,0,0,-0.4990272309,0,0,0,0.00886672753,0,0,0,0.05072173778,0.004399547086,0,0,0.01695984219,0.008347654651,0,-0.01051900768,0,0,0,0.002020873176,0,0,0,0.01695984219,0.4873275694,0,0,0.05072173778,0.2479131859,0,-0.163728058,0,0,0,0.1186070046,0,0,0,0.008347654651,0.2479131859,0,0,0.004399547086,0.4873275694,0,-0.6392441076,0,0,0,0.02347895558,0.001525847501,0.07045961605,0,0,0,0,0,0,0,0
1,1,1,1,3,1500,500,v1,0,0,1.156162646e-05,0,0,0,0,0,0,1.379110294e-05,0,0,0,0,0.5864322649,0,0,0,0,0,0,0.07131763542,0,0,3.876667529e-05,0,0.279221605,0.0008859876248,0,0.000804101543,0,0,0,0.03395690486,0.0009591597857,0,3.147589023e-06,0,0.02267088556,7.19361385e-05,0,6.528754843e-05,0,0,0,0.002757068544,7.787721775e-05,0,2.984858221e-05,0,0,0.0006821702986,0,0,0,0,0,0,0,0,-0.00146239058,0,0,1.39372417e-05,0,0,0,3.559968198e-05,0,0,0.4269171768,0.0008796628929,0,0,0.0521203843,0.3371347081,0,0,-0.6564930842,0,0,0,0.0008796628929,0,0,0.000984786464,3.559968198e-05,0,0,0.001187893545,-0.6308923685,-0.0006303635075,0,0.3117093734,0,-0.001603657563,0,0,0,0,0,0,0,0,0,-0.3470575338,7.392481926e-05,0,0.02542533539,0,0.0001412669811,0,0,0,0,0,0,0,0,0,-0.0005564386886,-5.373636174e-05,0,0,0,0,0,0.0521203843,0.001187893545,0,0,0.4269171768,0.000984786464,0,0
1,1,1,1,4,1500,500,v1,0,0,0,0,0.04433255386,0,0,0.04542511131,0,0,0,0,0.03362253786,0.0108500432,0,0.1392205556,0.09194681868,0,0.1787264976,0.09421280999,0,0,0,0,0,7.445488895e-06,0,0,0,0,0.00012264524,0,0,0,0,0,0,0.06846486525,0,0,0,0,0.2834918833,0,0,0,0,0,0,0.0005869293024,0.0001894029628,0,0,0,0.002430293154,0,0.001605062722,0.003119925657,0,0.001644618829,-0.1803580938,0,0,0,0.08719109496,0,0,0,0.05030932704,0.01592585842,0,0,0.2090559243,0.2621125568,0,-0.2481773997,0.1691380302,-0.1887929358,0,-0.1836038136,0,0,0,0,0,0,0,0,0,0,-0.1854880365,0,0.0001290935809,0,0,0,0,0.2090559243,0,0.06897505817,0,0.05030932704,0,0.07077544069,0,0.1721446076,0,-0.3450547758,0,0,0,0,0.2621125568,0,0.07077544069,0,0.01592585842,0,0.06897505817,0,-0.4609933067,0,0.0030065776,0.003304899315,0,0,0.003245719698,0,0,0,0,0,0,0,0
1,1,1,1,2,1500,500,v1,0,0,0,0,0.2791243029,0,0,0.337333233,0,0,0,0,0,0,0,0,0.1585334815,0,0,0.1915942514,0,0,0,0,0,0,0,0,0,0,0,0,0,0,0,0,0,0,0,0,0,0,0,0,0,0,0,0,0,0,0,0,0,0,0,0,0.01512977458,0,0,0.01828495663,0.3781749882,0,0,0,-0.6101061483,0,0,0,0,0,0,0,0,0,0,-0.5767170671,0,0,0,0.3447859077,0,0,0,0,0,0,0,0,0,0,0,0,0,0,0,0,0,0,0,0.1581808336,0,0,0,0.1897159074,0,0,0,0,0,0,0,0,0,0,0.1897159074,0,0,0,0.1581808336,0,-0.2653202406,0,0,0,0,0,0.03338908091,0,0,0,0,0,0,0,0
1,1,1,1,1,1500,500,v1,0,0,0,0,9.523275469e-06,3.549860048e-05,0,9.329881773e-06,0.0001007259775,0,1.877807972e-07,0.0001384692652,0,0,0,0,0.02799395456,0.1043492034,0,0.02742546797,0.2960870392,0,0.0005519872991,0.4070345681,0,0,0,0,0,0,0,0,0.004239264278,0,0,0.005827769798,0,0,0,0,0,0,0,0,0.0004465637392,0,0,2.362236647e-06,0,0,0,0,0,0,0,0,0.06351899763,0,0,0.06222908706,-0.8661979469,0,0,0,1.885244949e-05,3.557290458e-05,0.0002384809073,0,0,0,0,0,0,0,0,-0.1131587011,0,0,0,0.05455556944,-0.1045703719,-0.7027315342,0,0,0,0,0,0,0,0,-0.7024930528,0,0,0,0,0,0.01004384832,0,0,0.05274068653,0.1553127516,0,0,0.0513075739,0.0008227355415,-0.1045347991,0,0,0,0,0,0.0004444732134,0,0,0.0513075739,0.4372655751,0,0,0.05274068653,0.6014082486,0.05457442202,0,0,0,0,0,-0.1239399288,0,0,0.0008227355415,0.6014082486,0,0,0.1553127516,0.4372655751
1,1,1,1,4,1500,500,v1,0,0,0.002370476235,0,0,0,0,0,0,0.0007788760817,0,0,0,0,0.00796223872,0,0,0,0,0,0,0.00089271493,0,0,0.0005880878695,0,0.004589274534,0.0004638126366,0,0.007357684612,0,0,0,0.0005145429619,0.002417541453,0,0.0003983730541,0,0.003108792762,0.0003141885186,0,0.004984124723,0,0,0,0.0003485534421,0.001637652164,0,0.5374206265,0,0,0.4238524388,0,0,0,0,0,0,0,0,-0.003155500616,0,0,0.002564773492,0,0,0,0.8046102634,0,0,0.0004733138396,0.6345924063,0,0,8.248965166e-05,0.007816684393,0,0,-0.008187220045,0,0,0,0.6345924063,0,0,0.0002889388516,0.8046102634,0,0,0.0005971518369,-0.9584430633,0.001051275506,0,0.004467106269,0,-0.007505023935,0,0,0,0,0,0,0,0,0,-0.9688412629,0.000712455682,0,0.003349578117,0,0.004349523319,0,0,0,0,0,0,0,0,0,0.001763731188,-0.9612321743,0,0,0,0,0,8.248965166e-05,0.0005971518369,0,0,0.0004733138396,0.0002889388516,0,0
1,1,1,1,2,1500,500,v1,0,0,0,0,0,0,0,0,0,0,0,0,0,0,0,0,0,0,0,0,0,0,0,0,0.1506265976,0,0,0.04690455437,0,0,0,0,0,0,0,0,0.4437511153,0,0,0.1381824236,0,0,0,0,0,0,0,0,0.1681683266,0,0,0.05236698259,0,0,0,0,0,0,0,0,0,0,0,0,0,0,0,0.1870720176,0,0,0,0.05818147814,0,0,0,0,0,0,0,0,0,0,0.05818147814,0,0,0,0.1870720176,0,0,0,-0.3609230177,0.1974206872,0,0,0,0,0,0,0,0,0,0,0,0,0,0.4178077962,-0.5813101265,0,0,0,0,0,0,0,0,0,0,0,0,0,-0.3838894392,0.2203871088,0,0,0,0,0,0,0,0,0,0,0,0,0
1,1,1,1,2,1500,500,v1,0.003644255643,0.01560122236,0.01440390019,0.01454131525,0.01279391008,0.004732911309,0.004899507428,0.005636315308,0,0.01766594794,0.002212771294,0,0.007732014485,0.002964693922,0.05013837522,0.03748345986,0.0164857851,0.006098663992,0.006054280133,0.00726275879,0,0.06771855053,0.002851299704,0,0.004036540905,0.008170816859,0.1381833984,0.003623848438,0.05540520682,0.0511531116,0.01668584194,0.01739980471,0,0.1866350756,0.06273774429,0,0.0009446229498,0.004986862652,0.03233739297,0.0008480455128,0.003028655826,0.01197074533,0.02417544178,0.01208494778,0.003933412146,0.0436759542,0.0146817571,0.001838982588,6.053598435e-06,3.195821566e-05,1.225377008e-05,5.434683743e-06,1.940908398e-05,8.309116176e-05,0.0001549278647,7.744616092e-05,6.813958724e-05,2.502374905e-05,2.609447868e-05,3.001867264e-05,-0.1781248332,-0.01305870499,0.01415739138,0.02901924051,-0.004753941609,-0.0007037992823,0,0.004699404005,0.01030927185,0.008292922133,0.08347461321,0.004194842457,0.04021660571,0.01638520771,0.1135933636,-0.2716954137,-0.03638188927,0.006876101017,0.1154206899,-0.0182780381,-0.003650204978,0,0.004194842457,0.005191186448,0.06298480329,0.03811270429,0.004699404005,0.01799622122,0.02015841007,0.04646249564,0.2669712728,-0.007492189857,-0.02336241067,-0.3219083142,-0.06968715376,-0.1100937157,0,0.04021660571,0.01799622122,0.02539421421,0.003144796682,0.01030927185,0.005191186448,0.009017732908,0.001734406181,-0.3485847634,0.001552109423,0.002528944157,0.07510897314,-0.00248408213,0.02469100861,0.001101202346,0.01638520771,0.02015841007,0.009017732908,0,0.008292922133,0.06298480329,0.02539421421,0,-0.1503838646,1.058279418e-05,0.0001690267744,3.422310952e-05,8.451536224e-05,0.0001009534831,9.068163776e-05,0.1135933636,0.04646249564,0.001734406181,0,0.08347461321,0.03811270429,0.003144796682,0
1,1,1,1,3,1500,500,v1,0,0,0,0,0,0,0,0,0,0,0,0,0.01283118459,0,0,0.02117810216,0,0,0,0,0,0,0,0,0,0,0,0,0,0,0,0,0,0,0,0,0,0.04146556065,0,0,0,0,0.06843965757,0,0,0,0,0,0,0.3229879854,0,0,0,0,0.5330975096,0,0,0,0,0,0,0,0,0,0,0,0,0,0.4030467607,0,0,0,0.6652352074,0,0,-0.7461656715,0.03397769215,0,0,0,0,0,0,0,0,0,0,0,0,0,0,0,0,0,0,0,0,0.6652352074,0,0,0,0.4030467607,0,0,0,-0.8220647609,0,0.1098767819,0,0,0,0,0,0,0,0,0,0,0,0,0.143854474,0,-0.8560424529,0,0,0,0,0,0,0,0,0,0,0,0
1,1,1,1,1,1500,500,v1,0.04234101911,3.937658139e-06,0,0.02667675466,0.001623563238,0.02624779712,1.097553668e-05,0.0003992209461,0.2314263065,0,0.05525913545,0.02072359882,0.0007476971172,0.0004109157822,8.373382895e-05,1.220310582e-05,0.0003307054418,0.005346443638,0.004335285886,8.131776841e-05,0.04713948748,0.0001936506122,0.01125579613,0.004221213406,0.02442022385,0.001552388878,0.0003163360241,0.01597837968,3.030106143e-06,0,0.01637817257,8.445893459e-06,0.1780871392,0.0007315880033,0,0.01594722088,0.009976285865,0.001153965039,0.0001292313545,0.006527576664,0.01331068434,0,1.883377261e-05,0.008386332404,0.00825148165,0.0002988724059,0,0.01737173371,0.04262871967,0.004930898417,0.002709899414,0.02789236791,0.05687662115,5.289449685e-06,8.047680508e-05,0.03583484054,0.00218092982,0.0285902591,1.474342032e-05,0.0005362728386,0.1640868413,-0.01338590568,-2.512717865e-06,0,-0.001163196526,-0.07586623013,-0.193768087,0.03039647293,0.004842890589,0.002676095023,0.0003902567629,0.01784764591,8.561992549e-05,0.02647854001,0.0008729117903,-0.1728477067,0.0004900851344,0.003971250847,8.658351688e-05,0.0003480800398,0.01436791247,0.05015439704,0.01784764591,0.03737105581,5.296769001e-06,0,0.03039647293,0.02295839211,1.610957349e-05,0,-0.2039336484,0.01204663116,-0.003306939854,-0.0008780321826,2.747454312e-06,0,0.1099470662,8.561992549e-05,0.02295839211,0.002487159877,0.02184913845,0.004842890589,0.03737105581,0.0006383738839,0.04432317463,-0.1718203154,0.01216792955,0.0008132585439,-5.06637032e-05,0.0208813093,0,0.01738344224,0.02647854001,1.610957349e-05,0.0006383738839,0.04578394866,0.002676095023,5.296769001e-06,0.002487159877,0.004715987245,0.03286273723,-0.05637730657,-0.00458901736,-0.02010073435,-0.04771503561,-1.450563147e-05,-0.001268572688,0.0008729117903,0,0.04432317463,0.004715987245,0.0003902567629,0,0.02184913845,0.04578394866
1,1,1,1,4,1500,500,v1,0,0,0,0,0.06922326876,0,0,0.003870461993,0,0,0,0,0.02082443801,0.1001295071,0,0.1709717506,0.284273109,0,0.06601632967,0.01589448582,0,0,0,0,0,0.006145519298,0,0,0,0,0.004051798912,0,0,0,0,0,0,0.02697992716,0,0,0,0,0.2215092371,0,0,0,0,0,0,0.0003199140852,0.001538233092,0,0,0,0.002626542486,0,0.004367127293,0.001014171605,0,0.0002441780128,-0.2950749637,0,0,0,0.07274683344,0,0,0,0.008423911893,0.1385637408,0,0,0.07002999817,0.0913548462,0,-0.1393100339,0.1770618328,-0.165976117,0,-0.2996854778,0,0,0,0,0,0,0,0,0,0,-0.1634251264,0,0.01014606874,0,0,0,0,0.07002999817,0,0.3158242836,0,0.008423911893,0,0.01766791158,0,0.1800081484,0,-0.2323107552,0,0,0,0,0.0913548462,0,0.01766791158,0,0.1385637408,0,0.3158242836,0,-0.4380176198,0,0.002946315725,0.002550990661,0,0,0.004610513902,0,0,0,0,0,0,0,0
1,1,1,1,2,1500,500,v1,0,0,0,0,0,0,0,0,0.0007118545931,0,0,0.005930800826,0,0.01702413462,0.1102109881,0,0,0,0.02803970383,0,0.004372004274,0.04724901575,0,0.03642525708,0,0.04933941092,0.3194138998,0,0,0,0.08126477503,0,0.01267095922,0.136937275,0,0.105567817,0,0,0.02430033967,0,0,0,0,0,0,0.01041790072,0,0,0,0,0.003824574702,0,0,0,0,0,0,0.006299288883,0,0,-0.07732111315,0,0,0,0,0,0.0066101742,0,0,0.04262336896,0.2767855801,0,0,0.0701795975,0.1186714853,-0.6523201741,0,0.04486861397,0.1572830649,0,0,0.04061753478,0,0,0,0,0,0,0,0,0.2940961653,0,-0.1301552032,-0.4555532729,0,0,-0.1179386479,0,0,0,0,0,0,0,0,-0.2982702082,0,0,0.0346321651,0,0,0,0.0701795975,0,0,0.01136646441,0.04262336896,0,0,0.09469994404,-0.08528658912,0,0,0.01008461194,0,0,0,0.1186714853,0,0,0.09469994404,0.2767855801,0,0,0.01136646441
1,1,1,1,4,1500,500,v1,0,0,0,0,0.1525118778,0,0,0.3601095648,0,0,0,0,0,0,0,0,0.1323078624,0,0,0.3124040398,0,0,0,0,0,0,0,0,0,0,0,0,0,0,0,0,0,0,0,0,0,0,0,0,0,0,0,0,0,0,0,0,0,0,0,0,0.01269391243,0,0,0.02997274274,0.2882236739,0,0,0,-0.347177024,0,0,0,0,0,0,0,0,0,0,-0.3045676726,0,0,0,0.2456143227,0,0,0,0,0,0,0,0,0,0,0,0,0,0,0,0,0,0,0,0.02165014369,0,0,0,0.06677988163,0,0,0,0,0,0,0,0,0,0,0.06677988163,0,0,0,0.02165014369,0,-0.1015627014,0,0,0,0,0,0.04260935129,0,0,0,0,0,0,0,0
1,1,1,1,4,1500,500,v1,0.001957307206,0,0,0.001810648999,0.0004864939527,0.002559671844,0,0.000112139943,0,0,0.004919589683,0,0.004232581516,0.01198408522,0.0456169638,0.007037889944,0.003061969621,0.01611045191,0.05702630127,0.0007058034268,0,0.327765516,0.03096366168,0,0.0009247694896,0.002417600707,0.009202504984,0.00312960101,0,0,0.01150415937,0,0,0.06612153776,0,0,0.003299518085,0.003046505992,0.03283394615,0.0111662152,0.008867049483,0,0.005065696621,0.008202654251,0.01159589912,0.2359173957,0,0.02228686689,0.001723300058,0.001591154774,0.004505178302,0.005831984795,0.004631157186,0,0.00264575464,0.004284151256,0.001151086533,0.02143790289,0,0.0002653327498,-0.03538199479,0.0001822670081,0,0,0.0001563363417,0.00437043855,0,0.002670558284,0.001021752623,0.008866980179,0.009105773052,0.009110715541,0.001982125362,0.04101814693,0.05251047033,0.3501708512,-0.006950255044,-0.06485347738,-0.3376966874,-0.003050586723,-0.03063727332,0,0.009110715541,0.01034433671,0,0,0.002670558284,0.01064419842,0,0,-0.1730426696,0.002779878702,0.01293939552,0.07513496589,0,0,0,0.001982125362,0.01064419842,0.004016217946,0.004290847956,0.001021752623,0.01034433671,0.0009439193444,0.01576990902,-0.2955588108,-0.01074340398,0.004648606447,0.2214842257,-0.01102407289,0,0.01289299677,0.04101814693,0,0.0009439193444,0,0.008866980179,0,0.004016217946,0,-0.07591531193,0.0001093427388,0.000299063277,0.01865733049,-0.00315055088,0,-0.0004125078106,0.05251047033,0,0.01576990902,0,0.009105773052,0,0.004290847956,0
1,1,1,1,4,1500,500,v1,0.008053595769,0.01973496823,0.0103634668,0.005586363364,0.01646888753,0.005024220399,0.03282749717,0.00678324455,0,0.002355112337,0.002462117579,0,0.0122255149,0.000467211081,0.0007628358721,0.007939061226,0.009195281657,0.002805236333,0.0002293044804,0.00378737447,0,9.296674792e-05,0.001374705156,0,0.001582001869,3.742633032e-05,6.110759889e-05,0.0008206908637,0.0008826759957,0.0004635215658,1.836862518e-05,0.001468258951,0,7.447178285e-06,0.0001053359247,0,0.03972106688,0.02458924441,0.001534295925,0.02060599126,0.009044168074,0.01163814751,0.01596787689,0.006273472202,0.005642187046,0.0001869845241,0.002644785313,0.002764951934,0.1382014371,0.08555331418,0.003269511077,0.0716943886,0.03146735784,0.07710932172,0.05555700556,0.02182728064,0.06434794991,0.001604657015,0.1282650173,0.02650378659,-0.3237913791,0.01301079159,0.05161348902,-0.000532620285,0.02288600877,-0.0005317504294,0,0.1454546835,0.07290501159,0.004106070168,0.001558739165,0.07539378766,0.0472213188,0.002057783296,0.0002021876931,-0.176033513,0.01997784045,0.0004923900799,0.0001442525757,0.01285307421,0.002054626238,0,0.07539378766,0.02163414247,0.08452991893,0.00963467113,0.1454546835,0.01490537904,0.1406272311,0.001970964419,-0.3156672804,0.002341336964,4.629945184e-05,5.994484787e-05,0.002335802786,0.0005265390917,0,0.0472213188,0.01490537904,0.05784795567,0.0004143163409,0.07290501159,0.02163414247,0.02384534072,0.0006082711177,-0.3642829505,0.05926730806,0.04031910143,-0.001378148662,0.01474131764,-0.007731009179,-0.002204600779,0.002057783296,0.1406272311,0.02384534072,0,0.004106070168,0.08452991893,0.05784795567,0,0.2398847592,-0.2088409593,-0.1403811622,-0.004647925173,-0.05211179028,-0.2040540584,-0.09020128071,0.0002021876931,0.001970964419,0.0006082711177,0,0.001558739165,0.00963467113,0.0004143163409,0
1,1,1,1,0,1500,500,v1,7.636995021e-05,0.003136251953,0.008749277016,7.666437962e-05,0.005285950718,0.002027343073,0.007346595155,0.006593631628,0,0.0007818898702,0.005130404779,0,0.0002401167486,0,0,0.01402415324,0.07343085015,0.02816324505,0,0.09159676318,0,0,0.07127005238,0,0.004242825908,0,0,0.0008474976528,0.04133080878,0.1153015449,0,0.0968164306,0,0,0.01030406396,0,0.001759978654,9.448919628e-05,0,0.0003515529062,0.0004174819036,0.04782856102,0.00551869445,0.0004190914234,0.01108261879,0,0.00427425801,0.02804573196,0.004217190092,0.0002264112132,0,0.0008423769397,0.001000353353,0.04108108159,0.01322367376,0.001004210019,0.06923951773,0,0.09623145062,0.0863685453,-0.2568451682,9.362475031e-05,0.01020627855,0.008879669851,0.01165845349,0.00678952101,0,0.0009021507395,0.0001485148483,0,0,0.0003371098575,0.006641145265,0,0,0.05156132869,-0.00668882365,0,0,-0.0572086182,-0.09040875754,0,0.0003371098575,0.001207347014,0.01886847048,0.1029027382,0.0009021507395,0.00126073472,0.04762289453,0.00963660259,0.02073860191,-0.0008912258043,0,0,-0.02977065792,-0.1102566958,0,0.006641145265,0.00126073472,0.03009033903,0.02485872918,0.0001485148483,0.001207347014,0.0326539172,0.05972466069,-0.1966066523,0.001141853266,0.003553558433,0,-8.302350365e-05,0.0263507987,0.02723031004,0,0.04762289453,0.0326539172,0,0,0.01886847048,0.03009033903,0,-0.06798858052,-0.001076801192,-0.001391174863,0,-0.001655989068,-0.02476319731,0.003720660624,0,0.00963660259,0.05972466069,0,0,0.1029027382,0.02485872918,0
1,1,1,1,3,1500,500,v1,0.00164826842,0.002033696936,0.000405874343,0.00944401537,0.05164974158,0.0007252829624,0.002846065087,0.0164604788,3.654168351e-05,0.005279819718,0.002084030752,0.0001284818715,0,0.0001414303346,0.001312720459,0,0.295960874,0.004155981673,5.584104925e-05,0.09432104679,0.0002093894036,0.0005376852568,0.01194181314,0.0007362206628,0.0004453411658,2.432230732e-06,2.257534814e-05,0.0002794817603,0.0002004077836,3.999631217e-05,9.603195554e-07,0.0002804614523,3.600948437e-06,9.24677587e-06,0.0005202923547,1.266106402e-05,0.002017374451,0,0.000102265261,0.001266039177,0.0007357833626,0.0001811814054,0,0.00421578749,0.0003237647038,4.188745804e-05,0.002356899798,0.0009303066999,0.0239071652,0,0.0001305689803,0.01500336624,0.008719498946,0.01075845297,0,0.04995975234,0.2732321154,5.155265225e-05,0.01505595886,0.08707752075,-0.1708613836,0.01099027232,0.003394278188,-0.00446287254,0.06772118437,0.002471075207,0.0001403891705,0.0321006848,0,0.0001338830954,0.00170197905,0.02013253607,0,6.683306267e-05,0.0007033608523,0.1429660406,0,-0.0001047833207,-0.001749933694,-0.1501102671,-0.01584757499,-0.000927639498,0.02013253607,0.009488929092,0.01327801554,0.0002801793131,0.0321006848,0.05441004385,0.01897847852,0.003419763734,-0.06279641008,0.0007189868959,1.383598888e-06,2.880694456e-05,0.0003957672239,0.0003337393625,1.485273194e-05,0,0.05441004385,0.00285435036,0.004725359126,0,0.009488929092,0.01384920659,0.01346766668,-0.1048428548,0.003270684023,0,0.0001175668142,0.004923948806,0.001662504485,0.001247815917,6.683306267e-05,0.01897847852,0.01384920659,0.0002558431949,0.0001338830954,0.01327801554,0.00285435036,0.0009027531984,-0.05879854575,-0.03881181817,0,-3.041105017e-05,-0.05851353642,-0.02529437483,0.07125337833,0.0007033608523,0.003419763734,0.01346766668,0.0009027531984,0.00170197905,0.0002801793131,0.004725359126,0.0002558431949
1,1,1,1,2,1500,500,v1,9.086109448e-06,0,0.08707025401,0.005342085933,0,0.2420008698,0,0,0,0.1361078354,0.2795667703,0,0,0,0,0,0,0.06335093669,0,0,0,0,0.07318493018,0,0,0,0,0,0,0.003019907962,0,0,0,0,0.00472070675,0,0,0,0,0,9.707520326e-07,0.009302510226,0,0.0005707438158,0.0258551625,0,0.01454164278,0.02986867064,0,0,0,0,4.327592305e-05,0,0,0.02544364022,0,0,0,0,0.1990408415,0.005209984267,0,-0.2231123684,0,-0.5212639035,0,0,0,0,0,0,0,0,0,-0.4656006151,0,0,0,0,0.1363442541,0,0,4.916279522e-05,0,0.112124902,0,0.02890260388,0,0.1752269642,-0.1993068416,0,0,0,0,0.007738933726,0,0,0.02890260388,0,0.2291807344,0,4.916279522e-05,0,0.2647038064,-0.620164758,0,0,0,0.0005704946092,0.0238055268,0.05566328827,0,0,0,0,0,0,0,0,0.005780478867,0,0,0,-0.02508165686,0,0,0,0.1752269642,0.2647038064,0,0,0.112124902,0.2291807344,0
1,1,1,1,2,1500,500,v1,0.001937084569,0,0.005403696418,0.003867777827,0,9.462263851e-05,0,0,0,6.198394379e-05,0.003219380644,0,0,0,0,0,0,0.0005116098243,0,0,0,0,0.01740668821,0,0,0,0,0,0,0.4956837837,0,0,0,0,0.005685818264,0,0,0,0,0,0.009009959626,0.02513420804,0,0.01799019135,0.0004401181891,0,0.0002883058592,0.01497430215,0,0,0,0,0.1329096658,0,0,0.265380803,0,0,0,0,-0.8510091231,0.005800336696,0,0.005463648445,0,0.003038638427,0,0,0,0,0,0,0,0,0,0.008645281411,0,0,0,0,-0.009687487486,0,0,0.1828720088,0,0.6976262313,0,0.364996744,0,0.00800146267,0.03088323948,0,0,0,0,-0.5013017017,0,0,0.364996744,0,0.0001314338137,0,0.1828720088,0,0.00143187532,-0.8946834587,0,0,0,0.02695072521,0.02541959104,0.005606642965,0,0,0,0,0,0,0,0,0.03275106188,0,0,0,-0.3979968943,0,0,0,0.00800146267,0.00143187532,0,0,0.6976262313,0.0001314338137,0
1,1,1,1,3,1500,500,v1,0.02376580837,0.001967355794,0.009095997555,0.04934703296,0,0.01874429664,0.001597100687,0,0.1447728616,0.1165568211,0.03509062504,0.04000724177,0,0,0.02924953203,0,0,0.008851103768,0,0,0.0683621074,0.05877863202,0.01656988093,0.01889151965,0.002941529802,0,0.0286915335,0.0072792877,0.0009112678139,0.004213213406,0,0.0007397677919,0.06705795131,0.05765730159,0.05398844473,0.01853112277,0.001596992322,0,0.01557698265,0.003952013865,0.005976477499,0.002287404824,0,0.01240948456,0.004713698998,0.0313028506,0.02931098356,0.008824371874,2.504381183e-05,0,0,6.197493266e-05,9.372229024e-05,7.758418644e-06,0,0.0001946038137,0,0,6.298289198e-06,0,0.2761314498,-0.07205146184,-0.003322992065,-0.1194826393,0,-0.04962460935,-0.1719322887,0.003415443211,0,0,-0.004105760059,0.007317781686,0,0,0.004431010554,-0.1028820788,0,0,-0.02809416178,0,0.01839679946,0.07634126554,0.007317781686,0.02875268581,0.001745216502,0.004818561056,0.003415443211,0.05629575596,0.001614823555,0.06316475744,-0.1880842581,-0.007854420498,0,-0.0005215359535,0.001077140309,0.04485749565,0.08051603918,0,0.05629575596,0,0.009598304744,0,0.02875268581,0,0.02182123198,-0.2141261976,0.0007026396236,0,0.02839886406,0.01510046179,0.02930293137,0.01028145208,0,0.001614823555,0,0.01764483152,0,0.001745216502,0,0.004967644164,-0.06634863262,-3.70239628e-06,0,0,0.0002520387728,5.825051803e-06,0,0.004431010554,0.06316475744,0.02182123198,0.004967644164,-0.004105760059,0.004818561056,0.009598304744,0.01764483152
1,1,1,1,1,1500,500,v1,0,0.003752324056,0.001832528899,0,0,0,0.01549000874,0,0.09952008315,0.00516911457,0,0.05855421894,0,0,0,0,0,0,0,0,0.2522080898,0,0,0.1483906287,0,0,0,0,0.006133170514,0.002995266944,0,0.02531840625,0.1626654922,0,0.008448913418,0.09570682162,0,0,0,0,0,0.003814836098,0,0,0,0,0.01076071699,0,0,0,0,0,0,0.01935203561,0,0,0,0,0.07988734346,0,-0.2220670963,0,0.01673960434,0.002373471077,0,0,0.1560539356,0,0,0,0,0,0,0,0,0.3968916231,0,0,0,0,0,-0.3817785806,0,0,0.01668589474,0.003659951227,0,0,0.06398829862,0.008685548083,-0.3073419196,0,0,0,0.02234056687,-0.002736420837,0.2408376873,0,0,0,0,0,0,0,0,-0.0003629497564,0,0,0,0,-0.007867383122,0,0,0.06398829862,0,-0.01476132362,0,0.01668589474,0,-0.007908239561,0.0390801712,0,0,0,0,-0.09286296672,0,0,0.008685548083,0,-0.007908239561,0,0.003659951227,0,-0.01476132362
1,1,1,1,0,1500,500,v1,0.03944355233,0,0.08147669918,0.05984999347,0,0.008824675646,0,0,0,0.04718473458,0.02125479573,0,0,0,0,0,0,0.01127152247,0,0,0,0,0.02714818281,0,0,0,0,0,0,0.4113667801,0,0,0,0,0.2382304699,0,0,0,0,0,0.00155620338,0.003214576455,0,0.002361317798,0.000348168186,0,0.001861623487,0.0008385853454,0,0,0,0,0.01738652885,0,0,0.02638159032,0,0,0,0,-0.6178787686,-0.09810885096,0,0.1272108975,0,0.01249480632,0,0,0,0,0,0,0,0,0,0.01365584852,0,0,0,0,-0.02366934553,0,0,0.03083686138,0,0.4887043401,0,0.04671820719,0,0.2831432164,0.1322832996,0,0,0,0,-0.6468483375,0,0,0.04671820719,0,0.004608043872,0,0.03083686138,0,0.01041220164,-0.5864144814,0,0,0,0.003899123365,0.00507240208,0.0011610422,0,0,0,0,0,0,0,0,-0.09420972756,0,0,0,0.04250634852,0,0,0,0.2831432164,0.01041220164,0,0,0.4887043401,0.004608043872,0
1,1,1,1,0,1500,500,v1,0,0.0005799002761,0.004045179127,0,0.006105805848,0.0007073075657,0.0001362022647,0.007076396095,0.0005943248856,0.01080095887,0.001466912562,0.0006344299504,0,0.0003470364024,0.1172448247,0,0.01249960252,0.001447976508,0.000706398925,0.01448656257,0.001216682125,0.04251491899,0.003003014574,0.001298783879,0,0.000617718474,0.208693652,0,0.002113109903,0.01474030695,0.001257377218,0.0004963100833,0.002165672018,0.07567578128,0.03935782427,0.002311811644,0,0,0.2227504101,0,0,0.01573315426,0,0,0.002750973118,0.08077299502,0.0420088077,0.005705349722,0,0,0.0006578980351,0,0,0.002250557352,0,0,0.02369625745,0.001339163447,0.0005285926233,0.02746305859,-0.06534526755,0,0.000543714334,0.01385596295,0.01120791417,0.001330204274,0.0007236954452,0,0,0.0009373785305,-0.1303339333,0,0,0.001703271639,-0.05091627965,-0.06611666287,0,0.0002890937441,0.1447011386,0.01140080459,0.001028741981,1.86173897e-05,0,0,0.002818333711,0.001518324448,0,0,0.0007729604152,0.009789082675,0.02105682681,0,-0.001072687663,0.08745939776,-0.000811426775,0.003250777168,-0.003773525715,0,0,0.01269745094,0.00210563094,0,0,0.01746635129,0.004810710911,0.2516262223,0,0,-0.1113270612,0,-0.02464501154,-0.006969840825,0.001703271639,0.0007729604152,0.01746635129,0.001990038551,0.0009373785305,0.002818333711,0.01269745094,0.002556780775,0.02155741244,0,0,-0.0009768395296,0,-0.002126483642,-0.04271792021,-0.05091627965,0.009789082675,0.004810710911,0.002556780775,-0.1303339333,0.001518324448,0.00210563094,0.001990038551
1,1,1,1,0,1500,500,v1,0,0.001535217085,0.07685110286,0,0.009228592842,0.0241839598,0.0252765781,0.02347246413,0.02534832945,0.05588072302,0.05566856884,0.005396433318,0,0.006192183512,0.01737590619,0,0.008026996786,0.02103512105,0.007747908464,0.02041626469,0.02204788558,0.01680768083,0.0484203205,0.004693798246,0,0.01204645712,0.0338036023,0,0.002597783288,0.1300418766,0.01507301049,0.04277119687,0.04289260931,0.03269815985,0.09455731688,0.009131454063,0,0,0.0002345542141,0,0,0.0009023260268,0,0,0.0002839492934,0.0002268838426,0.000656108096,0.0006536171463,0,0,0.009973125604,0,0,0.002150675404,0,0,0.01292827433,0.01247877492,0.03540979016,0.03288241889,-0.2768949667,0,0.01383339296,0.09354890055,-0.007140996852,-0.04880281694,0.01209898136,0,0,0.007455746902,0.02971749692,0,0,0.007382109082,0.02784356254,-0.1786969243,0,0.007344271293,0.02273062433,0.0127613394,-0.01626733761,0.01096820854,0,0,0.0008052519123,0.09900125848,0,0,0.01787040123,0.06301853584,0.1595564915,0,-0.02276216743,-0.0615560203,-0.01779463,-0.2031060593,-0.03351874112,0,0,0.009844882489,0.03021078253,0,0,0.01747105907,0.06613676066,-0.2134527093,0,0,0.0004513562911,0,0.001543962669,0.0008384590456,0.007382109082,0.01787040123,0.01747105907,0.01403495002,0.007455746902,0.0008052519123,0.009844882489,0.001642376796,-0.01375879064,0,0,0.005525992102,0,-0.008489198389,-0.02383097026,0.02784356254,0.06301853584,0.06613676066,0.001642376796,0.02971749692,0.09900125848,0.03021078253,0.01403495002
1,1,1,1,3,1500,500,v1,0,0.0887767712,0,0,0,0,0.121358002,0,0,0,0,0,0,0.002677694094,0,0,0,0,0.006176009081,0,0,0,0,0,0.08568503812,0.05654500047,0,0.0005536454048,0.04260532407,0,0.1304190935,0.05824155276,0,0,0,0,0.03434894781,0,0,0.0002219423313,0,0,0,0,0,0,0,0,0.08530507882,0,0.05629425893,0.0005511903354,0,0.04241639623,0,0,0,0.1298407668,0.05798328807,0,0.1749071149,0,-0.1917358718,0,0,0,0,-0.01452228623,0,0.03518656172,0,-0.000100816505,0,0.07738128167,0,-0.08375731758,0,0.00871208872,0,0,0,0,-0.000100816505,0,0.01202494569,0,-0.01452228623,0,0.0132181898,0,-0.08379973436,-0.01909963284,-0.06566392821,0,0.08643804572,0,0,0,0,0,0,0,0,0,0,-0.02386256127,0.03361129644,0,0,0,0,0,0.07738128167,0.0132181898,0,0,0.03518656172,0.01202494569,0,0,-0.1477380014,-0.004762928437,0,-0.01809338939,0,0.08846906923,0,0,0,0,0,0,0,0,0
1,1,1,1,0,1500,500,v1,0.0007879288092,0,0.01422870709,5.592628739e-05,0.02472814256,0.002822054593,0,0.009392888163,0.0006727796595,0.003281219277,0.002008295022,0.001445188225,0.001916732812,0,0.0009907595424,0.007490980312,0.05804785737,0.006624606846,0,0.02204925142,0.001579310602,0.01466674125,0.00471435421,0.00339249419,0,0,0.002726875057,0,0,0.09192996885,0,0,0.004346748635,0.040367384,0.02119956394,0.009337187675,0,0.004009568486,0.002072546686,0,0.003869169329,0.06987087721,0.0156702063,0.000274629222,0.01385785993,0.03068101258,0.01611261428,0.009861847176,0,0.01011764886,0,0,0.009763368993,0,0.03954182236,0.0006929927854,0.3064109061,0,0,0.1163889833,-0.4134528202,0.0007393881985,0,0.0171498893,0.03375536748,0.003903695587,0.001600137603,0,0.007522982137,0,-7.008184281e-05,0,0.02955334797,0,-0.006525295451,-0.4548023575,0.008499707775,0,0.01219969838,0.07810659601,0.005502189589,0.001506864403,0,0.009310226316,0,0.02251870996,0,0.0007082310008,0,0.008919347233,0.08180012888,0,0,-0.02745628366,0,-0.06779862987,-0.01203565829,0.02955334797,0.0007082310008,0.3358918822,0.008949450304,0.007522982137,0.009310226316,0.1278250898,0.006940591311,-0.1003814367,0,0.01132251776,0.01965350346,0.001162953109,0.02969003577,-0.01999924624,0,0,0.1278250898,0.004030821698,0,0,0.3358918822,0.009362162731,0.1335865305,0,-0.04453977895,0,-0.008581312851,0,-0.4210066119,-0.006525295451,0.008919347233,0.006940591311,0.009362162731,-7.008184281e-05,0.02251870996,0.008949450304,0.004030821698
1,1,1,1,4,1500,500,v1,0,0,0.02754443535,0,0,0,0,0,0,0.08587000729,0,0,0,0,0.06872958932,0,0,0,0,0,0,0.3341692915,0,0,0.001500516395,0,0.01524627374,0.01516737824,0,0.004830533588,0,0,0,0.07412872017,0.01505922881,0,0.003999624451,0,0.04063892235,0.04042862649,0,0.01287578084,0,0,0,0.1975900049,0.04014035433,0,0.001987801794,0,0,0.02009291053,0,0,0,0,0,0,0,0,0.04463370355,0,0,-0.09138267424,0,0,0,0.0009080671484,0,0,0.02105534529,0.007189428644,0,0,0.09472248662,0.3112040721,0,0,-0.3883892942,0,0,0,0.007189428644,0,0,0.01533725591,0.0009080671484,0,0,0.05478620035,-0.2532903185,0.01519274028,0,0.08922279311,0,0.01954226308,0,0,0,0,0,0,0,0,0,-0.3386362499,-0.03776899371,0,0.2219812791,0,0.02509144047,0,0,0,0,0,0,0,0,0,-0.02257625345,0.01717792288,0,0,0,0,0,0.09472248662,0.05478620035,0,0,0.02105534529,0.01533725591,0,0
1,1,1,1,3,1500,500,v1,0.01158216789,0.00301967964,0.0001750488946,0.08014178902,7.29934072e-05,0,0.0008430707335,0.0002307824833,0.0008043832219,0.0001490554819,0,0.006261460411,0.001267428425,0.001968660695,0.002412719294,0.002656056429,2.061146697e-05,0,0.0003301756613,6.516705706e-05,0.0002271372011,0.003475958902,0,0.001768075904,0.0001351889707,0.002131477405,0.00261226156,0.0001022662184,0.0009232004339,5.351733783e-05,0.000357482609,0.0002577502781,0.0002459224249,0.003763435658,4.557042532e-05,0.001914303389,0.002317460746,0.02352363492,0.04478038108,0.001753086405,0.06070103697,0.0009174145571,0.04929674965,0.4200154708,0,0.06451424523,0.0007811855607,0,0.0007501894779,0.007614879099,0.01182797615,0.0005674948228,0.01964964426,0.005123015938,0.01595794145,0.1359639801,0.0001238364439,0.001983739431,0.001430305635,0.0003915323747,-0.3289183256,0.09155124571,0.001474291087,0.0001909389913,5.068537595e-05,0,-0.005106097949,0.002132610333,0.02193301731,0.01176397896,0.05934989934,0.001700800969,0.04597422539,0.002035375994,0.08523941757,-0.1673203041,0.003880948537,0.002065090958,0.005752204654,5.180261179e-05,0,1.980912314e-05,0.001700800969,0.04417521512,0.002259364595,0.001090362772,0.002132610333,0.30506254,0.0006918213338,0.0008268297134,-0.1258079133,0.0001664015326,0.001907010026,0.00625940166,0.0009171500684,7.802050171e-05,0.0006446080482,0.04597422539,0.30506254,9.366822912e-05,0,0.02193301731,0.04417521512,0.0002735689708,0,0.2876693756,-0.003761104049,-0.07258526703,-0.1084044841,-0.4796947103,-0.001547087818,0,0.002035375994,0.0006918213338,0.0002735689708,0.000726823355,0.01176397896,0.002259364595,9.366822912e-05,0.005935697815,-0.4539764547,0.001039094982,0.02343282332,-0.01317167096,0.1553182944,-0.00435889844,-0.0003473127877,0.08523941757,0.0008268297134,0,0.005935697815,0.05934989934,0.001090362772,0,0.000726823355
1,1,1,1,1,1500,500,v1,0.003360376303,0.07808445392,0,0.01135727997,0.1645573721,0,0.007954076711,0.09198872228,0,0,0,0,0,0,0,0,0.0008002034449,0,0,0.0004473193241,0,0,0,0,0,0,0,0,0.07258831527,0,0,0.007394212279,0,0,0,0,0,0,0,0,9.197348707e-05,0,0,0.0003108487111,0,0,0,0,0,0,0,0,0.005276733769,0.1226145044,0,0.01783411658,0.2584012516,0,0.01249013247,0.1444481075,-0.4591166543,0.005678943003,0.07931604397,0,0.2434851081,0,0,0,0,0,0,0,0,0,0,-0.1500376242,0,0,0,0.001236743092,0,0,0,0.004146143347,-0.04406319316,0,0,0.01611800019,-0.00344743419,0,-0.0418763995,0,0,0,0.07355015087,0,0,0,0.01611800019,0.1434474811,0,0,0.004146143347,0.07975384089,0,-0.01374899206,0,0,0,0.0002395630225,0,0,0,-0.00344743419,0.07975384089,0,0,-0.04406319316,0.1434474811,0,0.4035065534,0,0,0,-0.01942793506,-0.1211924434,-0.393522732,0,0,0,0,0,0,0,0
1,1,1,1,0,1500,500,v1,0.0787549289,0.02336083047,0.05913975818,0.1295036974,0.02556438916,0,0.1154654335,0.008855677713,0.08545145638,0.03857322022,0,0.003320030109,0,0.001187648959,0,0,0.003793992797,0,0.0009587726321,0.001314264826,0.01268178982,0,0,0.0004927233053,0.003655248744,0.001509140194,0,0.009396394573,0.004405455854,0.01115275393,0.001218308075,0.02177481963,0.01611469332,0,0.007274254186,0.0006261012895,0.006238347352,0,0,0.01603665778,0.02534737184,0.01903420474,0,0.04168092611,0,0,0.01241483891,0,0.00890439914,0,0.003676353537,0.02289016524,0.03617995332,0.01073194742,0,0.05949389825,0.01174426057,0.00296786953,0.05304473067,0.00406829148,0.3231360882,-0.2037069828,-0.1317119755,-0.09600735404,-0.03186922707,0,-0.08681369213,0.007202982789,0,0.004114180464,0,0.01579213102,0,0.003328789679,0,-0.09782902155,0,-0.0001096715793,0,0.003771492198,0,0.01102120141,0.01579213102,0.02662663325,0.01289966042,0.0458758293,0.007202982789,0.04386023425,0.0632821943,0.03063913317,-0.2408431939,0.000525986295,7.842910592e-05,0,0.02518592907,0.01717042504,0.01584399676,0,0.04386023425,0.02110114127,0,0,0.02662663325,0.006252147889,0,-0.2038467898,-0.002173698456,0,0,0.0648622383,0.02782695401,0,0.003328789679,0.0632821943,0.006252147889,0.08652614874,0.004114180464,0.01289966042,0.02110114127,0.003396592102,-0.2751474788,-0.01368236372,0,-0.004930737624,0.09185349936,0.05573814325,0.009862208782,0,0.03063913317,0,0.003396592102,0,0.0458758293,0,0.08652614874
1,1,1,1,3,1500,500,v1,0,0.01500705581,0.02452714137,0,6.463915255e-06,0.0005848667247,0.01008183933,0.0001235467452,0.0133227808,0.02609207654,0.0004867221108,0.01455644241,0,0.001939138376,0.002406125572,0,1.228934995e-06,0.0001111962575,9.263797109e-05,2.348900205e-05,0.002532958883,0.0005444999524,9.253676931e-05,0.002767505572,0,0.005562540707,0.006902122927,0,0.008184518902,0.01337656464,0.0002657378616,0.00549841392,0.007265952276,0.001561932448,0.01423004594,0.007938764244,0,0,0.1396100614,0,0,0.2705693641,0,0,0.00645191445,0.03159339342,0.2878328319,0.005369239327,0,0,0.02059063773,0,0,0.03029631109,0,0,1.30493809e-05,0.0009836713703,0.02035326213,0.0002494167193,-0.559663434,0,0.0235853831,0.05057542761,5.991332602e-05,0.001060398435,-0.02592261147,0,0,0.01947415852,0.1949807314,0,0,0.0009335101433,0.04412271199,-0.2017116585,0,0.002010323061,0.002937787619,1.935138932e-05,0.0001999711238,0.005069697235,0,0,0.01044035644,0.3489555802,0,0,0.007304260332,0.3710565127,-0.7409794313,0,0.005635428887,0.008444133886,0.01360181623,0.02759992205,0.01302228623,0,0,1.11885676e-05,0.008604405779,0,0,0.0001744768507,0.007164666571,0.09081764059,0,0,-0.1707842182,0,-0.558183411,-0.0117730846,0.0009335101433,0.007304260332,0.0001744768507,0.005647880632,0.01947415852,0.01044035644,1.11885676e-05,0.006098061342,0.04491221611,0,0,-0.02125086437,0,-0.04901694379,-0.0002030416605,0.04412271199,0.3710565127,0.007164666571,0.006098061342,0.1949807314,0.3489555802,0.008604405779,0.005647880632
1,1,1,1,3,1500,500,v1,0.0278213896,0,0.1983450335,0.007710193552,0.0003401115154,0.0002358954644,0,0.001442503711,0.0008076003012,0.2331119192,0.001832483566,3.202954918e-05,0.003931736304,0,0.002387228569,0.01636629643,1.6668085e-05,1.156069546e-05,0,7.069379714e-05,3.957863776e-05,0.0002404219742,8.9805815e-05,1.569694715e-06,0,0,0.02129925123,0,0,0.08672734137,0,0,0.0003531272036,0.002145084931,0.1019293332,1.40050779e-05,0,0.01085685737,0.006591947698,0,0.003764982291,0.02684141767,0.04519289501,0.001043396559,3.192300091e-05,0.0006638866089,0.03154631239,0.0002479843125,0,0.02948183225,0,0,0.01022382192,0,0.1227214566,0.002833346823,0.0001249843957,0,0,0.0005300921799,0.2584363707,-0.03222759869,0,-0.4285080484,-0.001607241735,-0.001917892632,-0.0007455691447,0,0.02168902516,0,0.01847882564,0,0.09152912768,0,0.001900227566,-0.1139530888,0.01909108738,0,0.00215796069,5.491618583e-05,6.58969938e-05,2.986012844e-05,0,0.02129602377,0,0.1274450206,0,0.005915876286,0,0.1499652011,-0.3647000949,0,0,-0.01990749344,0,0.1853656998,0.0001473393143,0.09152912768,0.005915876286,0.000395930336,0.0002763764298,0.02168902516,0.02129602377,0.001598069665,0.002109914301,-0.4138483561,0,0.0527869353,0.004163497286,0.004697512381,0.05820220077,0.0002611351529,0,0,0.001598069665,0.000818944412,0,0,0.000395930336,3.361013963e-05,0.04279561076,0,-0.1473567914,0,0.009388819598,0,0.0002229922139,0.001900227566,0.1499652011,0.002109914301,3.361013963e-05,0.01847882564,0.1274450206,0.0002763764298,0.000818944412
1,1,1,1,0,1500,500,v1,0,0,0.272411248,0,0,0,0,0,0,0.5559665896,0,0,0,0,0,0,0,0,0,0,0,0,0,0,0,0,0,0,0,0.04557208399,0,0,0,0,0.09300848003,0,0,0,0,0,0,0.01086569757,0,0,0,0,0.02217590085,0,0,0,0,0,0,0,0,0,0,0,0,0,0.1715522698,0,0,-0.8282846148,0,0,0,0,0,0,0,0,0,0,0,0,0,0,0,0,0,0,0,0,0,0.3239637126,0,0,0,0.6611348016,-0.7952532666,0,0,0,0,0.1385209216,0,0,0,0,0,0,0,0,0,-0.6897636932,0,0,0,0,0.03303134816,0,0,0,0,0,0,0,0,0,0,0,0,0,0,0,0,0,0.6611348016,0,0,0,0.3239637126,0,0
1,1,1,1,2,1500,500,v1,0,0.07872071337,0,0,0,0,0.09823656241,0,0,0,0,0,0,0,0,0,0,0,0,0,0,0,0,0,0,0,0,0,0.3053448208,0,0,0.3810436194,0,0,0,0,0,0,0,0,0,0,0,0,0,0,0,0,0,0,0,0,0,0.06079163841,0,0,0,0,0.07586264561,0,-0.549566109,0,0.1768609738,0,0,0,0,0,0,0,0,0,0,0,0,0,0,0,0,0,0,0,0,0,0.2486787952,0,0,0,0.3103789069,0,0.3134961838,0,0,0,-0.6862013187,0,0,0,0,0,0,0,0,0,0,0,0,0,0,0,0,0,0,0.3103789069,0,0,0,0.2486787952,0,0,-0.5093403446,0,0,0,0,0.1366352099,0,0,0,0,0,0,0,0,0
1,1,1,1,4,1500,500,v1,0.002225062372,0.002743589224,0.04281551867,0.003027646651,0.02520526777,0.004441990494,0.03937207755,0.006854730879,0.005531428159,0.01878551788,0.02306040099,0.1013652724,0.108043786,0.002274202189,0,0.02794911542,0.007679951974,0.001353458094,0.002456799011,0.002088611176,0.001685405726,0,0.007026418991,0.03088562405,8.66428756e-05,0.0001762587715,0,0.0003371232333,6.478999444e-05,0.001011090579,0.0001904106757,0.0009297735475,0.000130624948,0,0.0004436209284,0.002393745893,0.002374285328,0.2294676724,0,0.009238229235,0.001439895899,0.02770703891,0.05935943843,0.00195926912,0.002874527912,0,0.01215659861,0.01492298698,0.001088206961,0.1051719924,0.002213754111,0.004234160589,0.0006599479523,0.0008137417239,0.02720623059,0.0008979924485,0.007475819581,0.002391497527,0.01167766004,0.002033096089,0.04717851233,-0.004355190074,-0.03838329501,-0.04718473764,-0.02840764707,-0.01877271975,-0.1050926451,0.002345905116,0.01946050611,0.002592329564,0,0.007472199391,0.005903739086,0.003095765314,0,-0.2955835552,0.1297027147,-0.002598155584,0,0.007455112365,0.006633096597,0.02653107529,0.007472199391,0.002796385538,0.003037322345,0.05579706211,0.002345905116,0.003928542016,0.04604536168,0.02018468166,-0.1748888914,0.0002879598151,0.0002072101794,0,0.0007442793686,0.001374120819,0.002452282948,0.005903739086,0.003928542016,0.01923895989,0.003265926024,0.01946050611,0.002796385538,0.005194379055,0.01887403289,0.2001679731,-0.01078411906,-0.2738875926,0,-0.001384686089,-0.004843878972,-0.002620349449,0.003095765314,0.04604536168,0.005194379055,0.005741230566,0.002592329564,0.003037322345,0.01923895989,0.1084226999,-0.2214034087,0.003950756249,0.127275381,-0.001401117848,0.001256591131,0.004917226257,0.004663642074,0,0.02018468166,0.01887403289,0.1084226999,0,0.05579706211,0.003265926024,0.005741230566
1,1,1,1,1,1500,500,v1,0,0,0,0,0.008279555104,0.02234210191,0,0.001144706103,0.01362566853,0,0.07108982651,0.0001126079648,0,0,0,0,0.0009960947518,0.002687928298,0,0.0001377170304,0.001639273698,0,0.008552657987,1.354761232e-05,0,0,0,0,0,0,0,0,0.0003749265838,0,0,3.098542978e-06,0,0,0,0,0,0,0,0,0.2071729181,0,0,0.6591988018,0,0,0,0,0,0,0,0,0.002309293564,0,0,0.0003192759035,-0.8493610797,0,0,0,-0.009325566645,0.09340871375,-0.01367408926,0,0,0,0,0,0,0,0,-0.7929603251,0,0,0,0.00113063676,0.01124045542,0.001637211469,0,0,0,0,0,0,0,0,-0.01203687779,0,0,0,0,0,0.0003752592067,0,0,0.00742961489,0.2731912936,0,0,0.001029877718,0.8692848143,0.1046491691,0,0,0,0,0,-0.8662999099,0,0,0.001029877718,0.01734897026,0,0,0.00742961489,0.0001434576153,-0.008194929867,0,0,0,0,0,0.00255526812,0,0,0.8692848143,0.0001434576153,0,0,0.2731912936,0.01734897026
1,1,1,1,1,1500,500,v1,0,0,0,0,0.01289487939,0.004467048426,0,0.02565574091,0.03518484667,0,0.09196137162,0.07082657893,0,0,0,0,0.01275661951,0.00441915239,0,0.02538065808,0.03480759204,0,0.09097535473,0.07006717091,0,0,0,0,0,0,0,0,0.01197515364,0,0,0.02410580819,0,0,0,0,0,0,0,0,0.01910867271,0,0,0.3933827406,0,0,0,0,0,0,0,0,0.02409367313,0,0,0.0479369381,-0.3370104787,0,0,0,0.03383306057,0.09576830822,-0.004586996043,0,0,0,0,0,0,0,0,-0.3116451616,0,0,0,0.02954195105,0.09421218528,-0.02410508141,0,0,0,0,0,0,0,0,-0.02869207746,0,0,0,0,0,0.0340593637,0,0,-0.001002673137,0.01549821219,0,0,-0.004750742102,0.3163002906,0.1899804935,0,0,0,0,0,-0.4111794955,0,0,-0.004750742102,0.001737424683,0,0,-0.001002673137,-0.009788354075,0.06337501161,0,0,0,0,0,-0.05953940145,0,0,0.3163002906,-0.009788354075,0,0,0.01549821219,0.001737424683
1,1,1,1,1,1500,500,v1,0.0017424618,0,8.923340884e-06,0.0004875297683,0.0001767069511,1.450444833e-05,0,0.0001147729347,0.0003006563132,2.59708121e-05,3.254180297e-05,0.0004136353158,0.08039788874,0.1645825704,0.007653563883,0.1862637443,0.03033661466,0.002490088008,0.04159666165,0.01970393508,0.0516159362,0.0004785257914,0.005586696679,0.07101189344,0.004598306178,0.04940496251,0.002297473152,0.01224330848,0,0.0004598621853,0.01248662908,0,0.01549424941,0.0001436455193,0.001338399436,0.02131659462,0.004221112152,0.02215441994,0.002109013943,0.01123900328,0.08243136406,0.0004221401933,0.05132678578,0.02306377323,0.0006861679615,0.0001318624345,0.001228611994,0.001539468589,0.000232954401,0.001222656362,0.002502900634,0.0006202572172,0.004549215549,0,0.002832618562,0.001272841679,0.000461346131,0.0006325840616,0,0.000299648933,-0.2411908339,0.002226645082,0,2.977765904e-05,0.000285779613,4.582932767e-05,0.0007068305986,0.003858049036,0.08550851581,0.1688231215,0.003612551368,0.008666024706,0.1979881068,0.04255639806,0.0003572998442,0.1845578909,-0.265644075,-0.2050105399,-0.006623013452,-0.04975288726,-0.007718691099,-0.121630748,0.008666024706,0.1141113789,0,0.0006491598076,0.003858049036,0.03193337612,0,0.001262943688,-0.3306063522,-0.00592165993,0.06096156686,0.002234234512,0,-0.0007820711713,0.03622614197,0.1979881068,0.03193337612,0.04434637855,0.002698951103,0.08550851581,0.1141113789,0.02877751567,0.006017592941,-0.2715548513,-0.003200835186,0.07261659431,0.001742211466,-0.1053851408,-0.0005224421508,0.00186183241,0.04255639806,0,0.02877751567,0.05345712436,0.1688231215,0,0.04434637855,0.07358953876,-0.4988245494,0.0007731126177,0.004029732258,0.00312929326,0.005795325968,0,0.0007178448631,0.0003572998442,0.001262943688,0.006017592941,0.07358953876,0.003612551368,0.0006491598076,0.002698951103,0.05345712436
1,1,1,1,1,1500,500,v1,0.0009667656657,0.1124404419,0,5.411281274e-07,0.00918530843,0.03951346648,0.1435656306,0.002742957803,0.1571864136,0,0.01229698128,0.09548897779,0.002569995748,0.001407142584,0.00299741299,0.001645686278,0.001114619544,0.004794883298,0.01028645688,0.0003328526634,0.01907426952,0.009690808206,0.00149221507,0.01158740413,0.003492684787,0.003532868744,0.007525510768,0.007194812914,0.0342566468,0,0.02582588461,0.04373939677,0.04788917013,0.02433040817,0,0.02909213207,0.006177680012,0.01141268466,0.0133107338,0.01272581256,0.0005209661923,0,0.007308066003,2.916006123e-07,0.02129283332,0.04303436622,0,0.006626540167,0.0002721649895,0.0005027993027,0.0002752962959,0.000560650703,2.295178093e-05,0.002669424951,0.0003219654795,1.284680939e-08,0.0002180664812,0.002012463776,0.003408361529,6.511998598e-05,0.2067576552,-0.0006995998954,-0.2552878416,0,-0.01173540728,-0.04232051163,-0.2500469769,0.005107530771,0.0125554056,0.002943080722,0.005679748008,0.009064663508,0.00806554542,0.02147471059,0.01493128128,-0.2852931119,0.003889732162,0.008837504691,0.01154184551,0.001277174887,0.005914171195,0.0293388586,0.009064663508,0.001000048814,0.1133151999,0,0.005107530771,7.107249363e-07,0.1445920959,0,-0.5078498656,0.005330907323,-0.02709400658,0.02013829559,0.07736101385,0,0.07490633993,0.00806554542,7.107249363e-07,0.01177243525,0.02791473862,0.0125554056,0.001000048814,0.003546931638,0.009154195503,0.005375320242,-0.01555457349,-0.01842796085,-0.04542082734,1.841162408e-05,0,0.01169371773,0.02147471059,0.1445920959,0.003546931638,0.1361450379,0.002943080722,0.1133151999,0.01177243525,0.08255762935,-0.2320846434,0.0007755366424,0.0007909280086,0.00197797434,1.401524824e-05,0.005988630558,0.00024532114,0.01493128128,0,0.009154195503,0.08255762935,0.005679748008,0,0.02791473862,0.1361450379
1,1,1,1,3,1500,500,v1,0,0,0,0,0,0,0,0,0.2523278084,0,0,0.5079683972,0,0,0,0,0,0,0,0,0.04714387281,0,0,0.09490669164,0,0,0,0,0,0,0,0,0.03240924435,0,0,0.06524398562,0,0,0,0,0,0,0,0,0,0,0,0,0,0,0,0,0,0,0,0,0,0,0,0,0.2389647874,0,0,0,0,0,-0.76013003,0,0,0,0,0,0,0,0,-0.6625435194,0,0,0,0,0,0.1413782764,0,0,0,0,0,0,0,0,-0.6187517539,0,0,0,0,0,0.09758651084,0,0,0,0,0,0,0,0,0,0,0,0,0,0,0,0,0,0,0.2595648059,0,0,0,0.5221830582,0,0,0,0,0,0,0,0,0,0,0.5221830582,0,0,0,0.2595648059
1,1,1,1,1,1500,500,v1,0,0.07697125853,0,0,0.05244790832,0,0.003500353741,0.06261894693,0.002302148693,0,0,0.0598828718,0.03389531732,0.008823940669,0.06274712482,0.005813625115,0.04882760279,0,0.000112152548,0.05829656827,0.002143238987,0.004723813224,0,0.05574935535,0.01335454881,0.002444022729,0.01737946854,0.02946125486,0.01984762195,0,3.106360148e-05,0.0009025927217,0.0005936264755,0.001308384465,0,0.01544125201,0.03535811671,0.0248566313,0.04601467903,0.07800297134,0,0,0.004263336279,0,0,0.003464138794,0,0,0.02107736372,0.01481731233,0.00385737899,0.04649843235,0,0.03132532238,0.002541421822,0,0.02134494963,4.902740153e-05,0.001424553937,0.02548430073,0.06235757325,0,-0.0749263253,0,-0.04596133163,0,-0.0376205738,0.02396822131,0.01557470273,0.006791484251,0.06120653082,0.0527378784,0.002932087853,8.754130171e-05,0.004852070301,-0.003976555117,-0.03006010747,-0.0080766116,-0.04528805842,-0.01653619888,0,-0.008484976486,0.0527378784,0,0.06387436161,0,0.02396822131,0,0.003162280458,0,-0.253835368,0.02947832498,0.001490074085,0.01576212119,0.01654571871,0,0.01337420741,0.002932087853,0,0.01085336934,0,0.01557470273,0,0.01723896042,0,-0.002461442347,-0.09500086148,0.004461106387,-0.0145131302,0,0,0,8.754130171e-05,0.003162280458,0.01723896042,0.002163937732,0.006791484251,0.06387436161,0.01085336934,0.04693307657,-0.2185862116,0.01438513671,0.01326114067,0.002000520488,0,0.01368951187,0.04376931067,0.004852070301,0,0,0.04693307657,0.06120653082,0,0,0.002163937732
1,1,1,1,4,1500,500,v1,0.2662858221,0,0,0.3332122664,0,0,0,0,0,0,0,0,0.002703797931,0,0,0.0008291080714,0,0,0,0,0,0,0,0,0.0698176567,0,0,0.1572488454,0,0,0,0,0,0,0,0,0.01919397205,0.002732622263,0,0.04323018111,0.02102324232,0,0.0008379469296,0.02630707923,0,0,0,0,0.009582578916,0.00136426001,0,0.02158264173,0.01049584099,0,0.000418344497,0.01313379337,0,0,0,0,0.0707357106,-0.5990693454,0,0,0,0,0,0.0615439109,-0.001615646433,0,0,0.1385597628,-0.0003360075986,0,0,0.002254758382,-0.0009536556935,0,0,0,0,0,0.1385597628,0.3520541346,0,0,0.0615439109,0.4404463175,0,0,0.0931706216,-0.2265730708,0,0,0,0,0,-0.0003360075986,0.4404463175,0,0,-0.001615646433,0.3520541346,0,0,-0.7703720328,0.06209881784,0.0007231888244,0,0.04711504345,0,0,0,0,0,0,0,0,0,0,-0.7166590186,0.03107180376,0.001531569556,0,0.02362066712,0,0,0,0,0,0,0,0,0,0
1,1,1,1,3,1500,500,v1,0.002082896726,0.000456430671,2.777896456e-06,0.002488726922,0,0.0002687034246,0.0002689754381,0,0.0001680751972,0.000216627371,0.0001661258517,0.0004431055649,0,0,0.02542547217,0,0,0.0406036241,0,0,0.02539774898,0.1891710872,0.02510318447,0.0669574339,0.009620787485,0,0.01570313537,0.01896133907,0.04259746601,0.0002592537211,0,0.02510276545,0.01568601314,0.1168347699,0.02021725896,0.04135386914,0.003343462584,0,0.00545722953,0.006589536234,0.06755578239,9.009710665e-05,0,0.08071830553,0.008715012056,0.04060298415,0.007025999584,0.005388054888,0.001636565985,0,0,0.003225461805,0.03306736439,0.007246139055,0,0.03951018739,0,0,0.004270163138,0,-0.2707380188,0.004028596162,0.0006769025696,0.000198782137,0,0.0004238875717,0.0005852801639,0.008868885716,0,0,0.006744832159,0.01757255834,0,0,0.0573468975,0.1992872118,0,0,-0.2051234601,0,-0.06374427808,-0.08253647101,0.01757255834,0.05564324695,0.05286932814,0.0002874834945,0.008868885716,0.0729927934,0.03085741861,0.02050281848,-0.2178045179,-0.02655916416,0,0.1172657423,-0.0662285781,-0.01865815469,0.02438904718,0,0.0729927934,0,0.04829808902,0,0.05564324695,0,0.02944246193,-0.1419990318,0.004540358956,0,0.04512989829,-0.1355637972,0.004599171249,0.01149335648,0,0.03085741861,0,0.02586359566,0,0.05286932814,0,0.06047961977,-0.2191056817,0.004391175819,0,0,0.04577784072,0.009733844345,0,0.0573468975,0.02050281848,0.02944246193,0.06047961977,0.006744832159,0.0002874834945,0.04829808902,0.02586359566
1,1,1,1,3,1500,500,v1,0,0,0,0,0.06804597142,0.3979500385,0,0.117709165,0.0146039083,0,0.1150299124,0.04328497697,0,0,0,0,0.0068994813,0.04034991039,0,0.01193505164,0.001480754703,0,0.0116633904,0.004388854812,0,0,0,0,0,0,0,0,0.01697074218,0,0,0.05030010936,0,0,0,0,0,0,0,0,0.04643622847,0,0,0.01342267817,0,0,0,0,0,0,0,0,0.01448023139,0,0,0.0250485945,0.1390238966,0,0,0,-0.1855123253,-0.5125545677,0.02287814595,0,0,0,0,0,0,0,0,-0.612731611,0,0,0,0.01873521169,0.05198223604,0.005849314615,0,0,0,0,0,0,0,0,0.02872746058,0,0,0,0,0,-0.03641045956,0,0,0.07007985973,0.4664722579,0,0,0.1213465371,0.1348241193,-0.4605723312,0,0,0,0,0,0.05970807877,0,0,0.1213465371,0.004634579237,0,0,0.07007985973,0.006889919193,-0.1667771136,0,0,0,0,0,0.0391595156,0,0,0.1348241193,0.006889919193,0,0,0.4664722579,0.004634579237
1,1,1,1,3,1500,500,v1,0.001152537936,9.100719904e-06,3.126669204e-05,0.0003182749068,0.0005133347509,0,0.0001806173341,0.0003651737232,1.463049757e-05,1.159581994e-05,0,2.012226953e-05,0,0.009290540861,0,0,0.006483573019,0,1.142047459e-05,0.004612254469,0.0001847876052,0,0,0.0002541503446,0.002286217844,0.002876067572,0,0.0001492119793,3.558341097e-05,0.0001222513784,3.535429973e-06,0.0007062057611,5.720459625e-05,0,4.533914137e-05,7.867718093e-05,0.002993962133,0,0,0.0001954035207,0.00590140949,0.0001600967285,0,0.001629682196,0,0,5.937477602e-05,0,0.1438764641,0,0.1809969395,0.009390221513,0.2835954141,0.002239338375,0,0.07831525638,0.1263120082,0.0002224919926,0.0444430036,0.08985525768,-0.6054137404,0.001469101264,0.000189110719,1.099990441e-05,0.0008739340866,0,9.709932126e-06,0.2077953736,0,0.2531893546,0,0.01355294406,0,0.0003112419202,0,-0.3931137541,0,0.009238574257,0,0.0109504964,0,-0.0003433837345,0.01355294406,0.4147635544,0.003287144786,4.007571e-06,0.2077953736,0.1145305332,0.06529120176,1.338427765e-05,-0.3686139838,0.002428068129,0.002873183746,0,0.0007409652711,-5.834179801e-05,4.780439934e-05,0,0.1145305332,0.178767255,0,0,0.4147635544,0.1272054468,0,-0.5111929293,0.003188665896,0,0,0.007528652324,3.574732771e-05,0,0.0003112419202,0.06529120176,0.1272054468,0.00020340741,0.2531893546,0.003287144786,0.178767255,0.0002253966953,0.03948075157,-0.1531822795,0,-0.1811121557,-0.3618604773,-0.04664897404,-0.2158062307,0,1.338427765e-05,0,0.0002253966953,0,4.007571e-06,0,0.00020340741
1,1,1,1,0,1500,500,v1,0,0.009754959567,0.002797664642,0,0,0,0.00754548022,0,0.01450832203,0.004961535758,0,0.04217784453,0,0,0,0,0,0,0,0,0.2202775811,0,0,0.6403796075,0,0,0,0,0.003113790185,0.0008930165873,0,0.002408522771,0.00463106694,0,0.001583725821,0.01346319863,0,0,0,0,0,0.001710782686,0,0,0,0,0.003033998195,0,0,0,0,0,0,0.01508817225,0,0,0,0,0.01167073061,0,-0.8578904457,0,0.01514743004,-0.003713303774,0,0,0.05644049441,0,0,0,0,0,0,0,0,0.07452548569,0,0,0,0,0,-0.8597479541,0,0,0.003299924605,0.0006674558429,0,0,0.00254829725,0.000674357756,-0.8157475381,0,0,0,0.005437558054,0.00220916303,0.01808499127,0,0,0,0,0,0,0,0,-0.001504140743,0,0,0,0,0.0006095983454,0,0,0.00254829725,0,0.3015062044,0,0.003299924605,0,0.8763274915,0.02058498808,0,0,0,0,-0.02448380267,0,0,0.000674357756,0,0.8763274915,0,0.0006674558429,0,0.3015062044
1,1,1,1,4,1500,500,v1,0,0,0,0,0,0,0,0,0.003841417328,0,0,0.1174507964,0,0,0,0,0,0,0,0,0.01958050594,0,0,0.5986712247,0,0,0,0,0,0,0,0,0.008248842813,0,0,0.2522072128,0,0,0,0,0,0,0,0,0,0,0,0,0,0,0,0,0,0,0,0,0,0,0,0,-0.3571883426,0,0,0,0,0,0.1210702602,0,0,0,0,0,0,0,0,0.3810084792,0,0,0,0,0,-0.6171265603,0,0,0,0,0,0,0,0,-0.4960563002,0,0,0,0,0,0.2599382178,0,0,0,0,0,0,0,0,0,0,0,0,0,0,0,0,0,0,0.01123500815,0,0,0,0.3429420601,0,0,0,0,0,0,0,0,0,0,0.3429420601,0,0,0,0.01123500815
1,1,1,1,2,1500,500,v1,0,0.004518753898,0.08494752033,0,0,0,0.05979722046,0,0.06287366215,0.07873953582,0,0.1768233469,0,0,0,0,0,0,0,0,0.008765521726,0,0,0.02465179911,0,0,0,0,0.00321694033,0.06047488096,0,0.04257016302,0.0447603087,0,0.05605536261,0.1258820835,0,0,0,0,0,0.0730040345,0,0,0,0,0.0676688827,0,0,0,0,0,0,0.001774029881,0,0,0,0,0.02347595339,0,0.3695697753,0,-0.05119018863,-0.06194666267,0,0,-0.2213656283,0,0,0,0,0,0,0,0,-0.0732792344,0,0,0,0,0,0.03305384876,0,0,0.0006529917811,-0.06305472687,0,0,0.01140355237,-0.06194083924,-0.2497745959,0,0,0,0.0329734046,0.103782093,0.1480863939,0,0,0,0,0,0,0,0,0.04183543031,0,0,0,0,0.04149494707,0,0,0.01140355237,0,0.01612937934,0,0.0006529917811,0,0.04420869898,-0.01821678402,0,0,0,0,0.01017908794,0,0,-0.06194083924,0,0.04420869898,0,-0.06305472687,0,0.01612937934
1,1,1,1,1,1500,500,v1,0.08558258076,0,0.03884561236,0.1368329679,0.0002602169382,0.004329261926,0,0.0002375068818,0.0005710359063,0.153606859,0.0007085706983,0.0004961322324,0.01835764374,0,0.0005252243311,0.0008523814016,0.0002401462047,0.003995342609,0,0.0002191877925,0.0005269914656,0.0003738581873,0.0006539180929,0.0004578651699,0,0,0.0001054272455,0,0,0.007195983523,0,0,0.000105781959,7.504381761e-05,0.02845501357,9.190637379e-05,0,0.02217403475,0.0006344138026,0,0.0954010885,0.04330219619,0.001029583921,0.1525312039,0.004825938836,0.0004515799824,0.1712294888,0.000789861854,0,0.001952895492,0,0,0.008402095414,0,9.067676771e-05,0.01343361747,2.554687559e-05,0,0,2.331730902e-05,-0.1777516342,0.04477080717,0,0.0834200638,-0.0003072462524,0.002459599395,-0.0005278702733,0,0.007113610177,0,0.0005015848731,0,0.0003214937951,0,0.0004023234335,-0.01073487308,0.007311192236,0,8.395398666e-05,-0.0001637553053,-0.002221893454,-0.0002822036021,0,0.01726892605,0,0.002116576227,0,0.0353948167,0,0.01645174512,-0.04941021206,0,0,0.000134023403,0,0.0354846285,0.0001004271728,0.0003214937951,0.0353948167,0.0003458036012,-0.000880463672,0.007113610177,0.01726892605,0.0003256882694,-0.0001831416945,0.1952189025,0,-0.01428644265,-0.0008205829271,-0.1016379817,-0.131283573,0.0004713643062,0,0,0.0003256882694,0.0004733829159,0,0,0.0003458036012,0.0005910871375,-0.06431342645,0,0.002018514434,0,0.02175801246,0,2.334031064e-05,0.0004023234335,0.01645174512,-0.0001831416945,0.0005910871375,0.0005015848731,0.002116576227,-0.000880463672,0.0004733829159
1,1,1,1,1,1500,500,v1,0.1904615395,0,0,0.2387149138,0,0,0,0,0,0,0,0,0,0,0,0,0,0,0,0,0,0,0,0,0,0,0,0,0,0,0,0,0,0,0,0,0,0,0,0,0.2402268611,0,0,0.3010882647,0,0,0,0,0,0,0,0,0.0130953579,0,0,0.01641306293,0,0,0,0,-0.3470923526,0.2327947823,0,0,0,0,0,0,0,0,0,0,0,0,0,0,0,0,0,0,0,0,0,0.06477109041,0,0,0,0.1066752666,0,0,0,0,0,0,0,0,0,0,0.1066752666,0,0,0,0.06477109041,0,0,0.2622738113,0,0,0,-0.3765713813,0,0,0,0,0,0,0,0,0,0,-0.1437765994,0,0,0,0.02947902853,0,0,0,0,0,0,0,0,0,0
1,1,1,1,0,1500,500,v1,0,0,0,0,0,0,0,0,0,0,0,0,0,0,0.03297225607,0,0,0,0,0,0,0.3688436459,0,0,0,0,0.001277192451,0,0,0,0,0,0,0.01428729411,0,0,0,0,0.04780866793,0,0,0,0,0,0,0.5348109436,0,0,0,0,0,0,0,0,0,0,0,0,0,0,0,0,0,0,0,0,0,0,0,0,0.02127066296,0,0,0,0.2301456637,-0.5420304735,0,0,0.3744195889,0,0,0,0,0,0,0,0,0,0,0,-0.1831705689,0,0,0.01555968387,0,0,0,0,0,0,0,0,0,0,0,0.3899792726,0,0,-0.5575901575,0,0,0,0,0,0,0,0,0,0,0,0,0,0,0,0,0,0,0.2301456637,0,0,0,0.02127066296,0,0,0
1,1,1,1,3,1500,500,v1,0.02140224579,0.0967887054,0,0.009048714263,0.000876882444,0.02906832599,0.2221419463,0.0009262465761,0.3156684311,0,0.02000500176,0.001581810963,0.001663340077,0.002271612735,0,0.0009613093444,0.0004081051861,0.01352853472,0.000337313615,0.0004310794838,0.1469135626,0,0.00931042128,0.0007361822122,0,0.0005127289892,0,0,0.01016737864,0,7.61355429e-05,0.02333538063,0.03316007225,0,0,0.0001661647497,0,0.0006407497937,0,0,0.003837050448,0,0.0003703143889,0.001622277095,0.005211445302,0,0,0.003586548894,0,0.0002292116815,0.000313032904,0,0.001372605647,0.006207419768,0.0001324704036,0.0005803277103,5.623773347e-05,4.648250947e-05,0.01424678947,5.940363892e-05,0.2734089815,-0.03038499804,-0.318828448,0,-0.00175192932,-0.04881670865,-0.3162155373,0,0.00122438777,0.002154236635,0,0,0.0006528687042,0.0003209020081,0,-0.3226557104,-0.002388864421,-0.002539633114,0,0.0007716484068,0.02269028484,0.1466084929,0,0.02425412859,0.1206166279,0,0,0.01026062885,0.2768332982,0,-0.4702229855,0,0.0005499572204,0,0.03344927527,0,0.03321627763,0.0006528687042,0.01026062885,0.0006344994773,0.01543282545,0.00122438777,0.02425412859,0.000670632134,0.01059416748,-0.0566346435,0,0.0007967912062,0,0.005450085388,0,0.008775095422,0.0003209020081,0.2768332982,0.000670632134,0.2035612243,0.002154236635,0.1206166279,0.0006344994773,0.001024924693,-0.3148761078,0,0.0003405688908,0.0003395834678,0.001925074398,0.02041255524,0.0001101931715,0,0,0.01059416748,0.001024924693,0,0,0.01543282545,0.2035612243
1,1,1,1,3,1500,500,v1,0,0,0.002183111528,0,0,0.0001779268999,0,0,0.0005973997681,0.004478155958,1.713644081e-05,0.001060067618,1.293763049e-05,0.00623716991,0.009528492733,8.860197367e-06,0,0.003769930818,0.01371041186,0,0.01265775888,0.0320186896,0.0003630884165,0.02246080601,3.212006739e-06,4.924455674e-05,7.523065874e-05,2.085309697e-05,0,0.0003652063745,0.0001082483185,0,9.993726871e-05,0.0002527983363,0.0007491376782,0.0001773356268,0.001822360879,5.795398935e-05,0.04268279009,0.0118311919,0,0.2072031175,3.968916752e-05,0,0.01688736826,0.1434274072,0.4250299917,0.001626451014,0.0006753205425,2.147627288e-05,0.01035360866,0.004384338485,0,0,1.470779496e-05,0,0,0.02275907839,0,0,-0.679884951,0,0,0.006636651722,0,0.0001929337386,0.00163517299,0.001764232762,4.345644928e-05,0.006535239914,0.04947879306,0.0108276821,3.529747289e-05,0.01391126266,0.1661656184,-0.2310819226,4.283674009e-06,0.01681623357,0.04057589152,0,0.003955513751,-0.03491905418,0.0108276821,0,0,0.306929523,0.001764232762,0,0,0.629396856,-0.8249089154,2.300486403e-05,0.0001550427852,0.0003276054665,0,0.001113242629,0.0002754877848,3.529747289e-05,0,0,0.01940206314,4.345644928e-05,0,0,0.001889260037,0.05716638467,-0.01275437304,-5.728562973e-05,-0.184666438,0,-0.6319674799,-0.01834266296,0.01391126266,0,0,0.01785448916,0.006535239914,0,0,0.03165810088,0.004186906256,0.004336758277,4.993409427e-07,-0.03060227806,0,0,0,0.1661656184,0.629396856,0.001889260037,0.03165810088,0.04947879306,0.306929523,0.01940206314,0.01785448916
1,1,1,1,1,1500,500,v1,0.002504854305,0.0001175402188,0.0002339363417,2.986679966e-05,0,0.0003660320949,0.0005554554329,0,2.647821944e-05,0.0001378522066,0.002501598865,0.0001213333208,0.1025257347,0.1699693337,0.002562374075,0.4383272526,0,0.01748577312,0.00437701534,0,0.001264894921,0.01067406732,0.1195042479,0.00579623194,0.000491354735,0.002970572948,4.47828967e-05,0.001105654924,9.813452314e-05,0.0001953138387,7.649758391e-05,0.0004637506599,2.210670922e-05,0.0001865518616,0.0001150930353,0.0001013013903,0.0002384583965,0.0008696009664,2.17334992e-05,0.0005365832088,0.001014928074,9.47873735e-05,0.003717796353,1.210156351e-05,0.0001483105218,9.053511572e-05,5.585557378e-05,0.00101360902,0.003140987604,0.01145443354,0.01898940245,0.007067904641,0.01336869049,0.0006273254306,0.04897102568,0.000159402485,0,0.0004890111882,0.002964528416,0,-0.1571796046,0.002413912735,0.0005538719338,-0.0001033253442,0,0.002795257937,0.0001302646171,0.003636029053,0.1351477773,0.2216756632,0.003728163669,0.008169641267,0.5778268684,0.005712457134,0.01549804349,0.09183643556,-0.5401944558,-0.1740321003,-0.01313969699,0,-0.1363369622,-0.006826155615,0.008169641267,0.0146379668,0.0006384819883,0.0001462032934,0.003636029053,0.0001745174158,0.002944360972,9.247364349e-05,-0.186648091,0.001452754681,0.003043711434,0.0002140573943,0.0004696239076,-5.56262801e-05,0.0001160938708,0.5778268684,0.0001745174158,0,0.0253202083,0.1351477773,0.0146379668,0,0.173260526,-0.6460125177,0.0007358040127,0.00458511506,0.0001081681607,0.001003440784,-1.663338058e-07,0.001154548222,0.005712457134,0.002944360972,0,0.001778863714,0.2216756632,0.0006384819883,0,0.008090831959,-0.6999683248,-0.01005900557,0.0602929105,0.01939630852,-0.01329234298,-0.003412057818,0,0.01549804349,9.247364349e-05,0.173260526,0.008090831959,0.003728163669,0.0001462032934,0.0253202083,0.001778863714
1,1,1,1,1,1500,500,v1,0,0,0.2277477801,0,0,0,0,0,0,0.00896056245,0,0,0,0,0,0,0,0,0,0,0,0,0,0,0,0,0,0,0,0.1283447604,0,0,0,0,0.005049626565,0,0,0,0,0,0,0.6060525941,0,0,0,0,0.0238446764,0,0,0,0,0,0,0,0,0,0,0,0,0,-0.4952150922,0,0,0.2353683853,0,0,0,0,0,0,0,0,0,0,0,0,0,0,0,0,0,0,0,0,0,0.3750829388,0,0,0,0.01468712144,-0.3931045805,0,0,0,0,0.1332578735,0,0,0,0,0,0,0,0,0,0.3686262588,0,0,0,0,-0.6284729659,0,0,0,0,0,0,0,0,0,0,0,0,0,0,0,0,0,0.01468712144,0,0,0,0.3750829388,0,0
1,1,1,1,1,1500,500,v1,0,0.007598085697,0.0008230592167,0,0.001229631158,0.0004668673419,0.00718872599,0.001716407967,0.001440088273,0.005782282166,0.002034094373,6.39461468e-05,5.47731031e-05,4.385491333e-05,0.005132208923,0.0002032285299,0.002961985959,0.001124609199,8.152395958e-05,0.004134553896,0.003468943686,0.003198298821,0.00489980994,0.0001540361007,0.1084765218,0.000110913489,0.01297987282,0.04633944949,0.04628906766,0.005014242441,0.0002061822976,0.04379516591,0.008773307664,0.008088819565,0.035226827,0.0003895727995,0.1737564706,0.0002218904908,0.02079101406,0.07422600815,0,0.008031757054,0.0008232960284,0,0.004555887341,0.01295658006,0.05642593465,0.01984954606,0.1064424071,0.0001359290845,0.0001088336771,0.04547050797,0,0.04542107089,0.0005043473245,0,0.007350688874,0.0002023160376,0.04297393394,0.01026062235,-0.118378284,0,0.0141771818,0.006010638617,0.0008526371232,0.001182912633,0.0004628067262,-0.06536774116,0.00020632088,0.0001535439237,0.0157788659,-0.0217564504,0.0006790798374,0.0002279539791,0.01058697155,-0.06393727691,0.0001367956733,1.201987081e-05,0.003836376262,-0.001732461992,0.00340081713,-9.974872766e-05,-0.0217564504,0,0.02558444038,0.004419049043,-0.06536774116,0,0.02072879928,0.0328633898,-0.171664415,0.140687374,-0.0001753482098,0.007389598009,-0.01700798272,0.02565461738,-0.008083663699,0.0006790798374,0,0.00942723686,0.005080628225,0.00020632088,0,0.0118162255,0.02203748314,0.3212784488,-0.2154252678,-0.000885696334,-0.02880319924,0,-0.05652021522,-0.02266247068,0.0002279539791,0.02072879928,0.0118162255,0.01106652112,0.0001535439237,0.02558444038,0.00942723686,0.0005143874441,-0.07936074913,0.132820688,0.0001586335155,-9.100359632e-05,0,-0.02804469215,-0.01328248336,0.01058697155,0.0328633898,0.02203748314,0.0005143874441,0.0157788659,0.004419049043,0.005080628225,0.01106652112
1,1,1,1,3,1500,500,v1,0.004921698734,0.06298919875,0.01515681655,0.0972387215,0.1504993245,0,0.02430367205,0.06622416388,0.1612316388,0.04907811495,0,0.07504635344,0.0002079431469,0.0003675879051,0.005679502822,0.0002162153664,0.005016592305,0,0.0006971613096,0.002207449316,0.005374332417,0.002266161782,0,0.002501519262,0.02062055515,0.001993558932,0.03080194811,0.0540374932,0.01138697078,0.002739997184,0.003780951811,0.004393534273,0.02914690131,0.01229019508,0.00887217288,0.01356662175,0.008493456945,0.0004645116534,0.01268709878,0.0222576511,0.0003664724106,0.001128584946,0.0004829904655,0.007240448999,0,0.005062242117,0.003654383591,0,0.001757167609,9.610042609e-05,0.0001698798678,0.004604770921,7.581759155e-05,0.0009703335375,9.992341245e-05,0.001497939242,0.002318406089,0.0003221914253,0.0003743922536,0.001020167401,0.1025045943,-0.1018494008,-0.08709469197,-0.06381363032,-0.216481617,0,-0.2355382227,0.01539580853,0.0003011240282,0.002174940424,0.01843450795,0.04055045713,0.0002719202533,0.004127554339,0.007444623052,-0.4371490213,0.0001113791552,0.001041109605,0.007745952704,0.007181318217,0,0.007542594831,0.04055045713,0.006703270691,0.07585889258,0.01693175965,0.01539580853,0.1323777685,0.02932932781,0.05467309725,-0.309599956,-0.07393532213,-0.005728418014,-0.0422843091,0.01563216924,0.01130622699,0.04227610702,0.0002719202533,0.1323777685,0.2145439313,0,0.0003011240282,0.006703270691,0.09441212371,0,-0.2547296445,0.03031266274,-0.0005966817885,0.01728560244,0.007567670163,0.004770832022,0,0.004127554339,0.02932932781,0.09441212371,0.1900891868,0.002174940424,0.07585889258,0.2145439313,0.088490094,-0.4238398197,0.006325148927,0.0001032731117,0.0004856452295,0.001561037741,0.001337042431,0.003329595671,0.007444623052,0.05467309725,0,0.088490094,0.01843450795,0.01693175965,0,0.1900891868
1,1,1,1,0,1500,500,v1,0,0.404592854,0.0211735723,0,0,0,0.2558308482,0,0.009194491437,0.0989566807,0,0.1428192171,0,0,0,0,0,0,0,0,0.0008889641605,0,0,0.01380839455,0,0,0,0,0.01536160309,0.0008039193241,0,0.009713399311,0.000349096942,0,0.003757192539,0.005422567665,0,0,0,0,0,0.002250182475,0,0,0,0,0.01051643934,0,0,0,0,0,0,0.00279392875,0,0,0,0,0.001766648014,0,0.067258792,0,-0.6601936702,-0.1200075428,0,0,-0.1518109176,0,0,0,0,0,0,0,0,-0.1460509619,0,0,0,0,0,0.01461984806,0,0,0.5795161624,0.02717003972,0,0,0.3663766765,0.1269204612,-0.9001134851,0,0,0,0.02504766945,0.004552516701,0.005759955722,0,0,0,0,0,0,0,0,-0.1154550261,0,0,0,0,0.01272802545,0,0,0.3663766765,0,0.01192765954,0,0.5795161624,0,0.1852190113,-0.6351460005,0,0,0,0,0.004550776894,0,0,0.1269204612,0,0.1852190113,0,0.02717003972,0,0.01192765954
1,1,1,1,3,1500,500,v1,0.0112071166,5.906336405e-07,2.693283532e-06,0.02559308041,0.002426270071,0.01112500154,7.485195758e-07,0.001101986312,0,5.931930435e-07,0.06442246364,0,0.0008638037589,0.000583436671,2.022945098e-06,0.0002078738497,0.002842124238,0.01303178773,0.003619728343,0.001290862895,0,3.084976414e-06,0.0754642476,0,0.01402901167,0.0003271615917,1.134364655e-06,0.01138355406,3.879633373e-07,1.769108963e-06,0.002029759433,4.91672219e-07,0,1.729897766e-06,3.896445056e-07,0,0.08096750496,0.002795550614,6.546909934e-06,0.06569942284,0.04248641409,1.021029436e-05,0.0006727475565,0.09702390465,0.0421751142,9.983989555e-06,2.248807271e-06,0.2442269109,0.04663220837,0.001610061948,0.001087479851,0.03783874997,0.02446951176,1.289583872e-06,0.0003874604294,0.05587968829,0.005297494991,0.006746887596,1.634310521e-06,0.00240606643,-0.2664383158,0.03576550588,-5.741062351e-07,1.878389583e-06,0.0003230770982,0.07438526346,0,0.0344559922,0.001999135556,0.001008620401,7.855598072e-06,0.03657483419,0.0003733696386,0.007760967903,1.289073964e-05,-0.2224595259,0.000226055356,-3.274940454e-05,1.067728755e-06,0.000488786435,0.08630219783,0,0.03657483419,0.01177321214,1.933995038e-06,1.178718171e-05,0.0344559922,0.03010424511,2.482553069e-06,2.676908627e-06,-0.07628341516,0.02326286073,-0.0002066895483,6.09049573e-07,-1.912292606e-07,1.325765472e-07,0,0.0003733696386,0.03010424511,0.004436000477,0.02767577353,0.001999135556,0.01177321214,0.002156977472,0.1577796614,0.3592942821,-0.1395430228,-0.002975327039,-1.550767014e-05,-0.1329386437,-1.165369303e-05,-0.284324418,0.007760967903,2.482553069e-06,0.002156977472,0,0.001008620401,1.933995038e-06,0.004436000477,0,-0.2156309121,0.06892627789,0.001167601553,-0.005606953252,0.06925483286,-2.179029909e-06,-0.005207182169,1.289073964e-05,2.676908627e-06,0.1577796614,0,7.855598072e-06,1.178718171e-05,0.02767577353,0
1,1,1,1,3,1500,500,v1,0.001741165716,0.001903050458,0.1845456162,0.003498478006,0.01895042846,0.004292268538,0.007571751653,0.001634079572,0.001931480293,0.004343973155,0.01829932182,0.01793095303,0.001289400733,0,0.04767393557,0.002088537698,0.019532917,0.004424202084,0,0.001684307071,0.001990849142,0.07039475274,0.01886179698,0.01848210545,0.008704146781,0,0.05630335051,0.02049314508,0.002316602971,0.224649284,0,0.009217171464,0.002351210903,0.08313684178,0.005287963372,0.02182753425,0.001739100629,0.0003042563517,0.01124948772,0.004094558881,0.0004234868398,0.0448852393,0.0004928265078,0.0008509008542,0.001043966822,0.01661085658,0.001056542434,0.00445076646,0.002908228997,0.000508795828,0,0.006847168399,0.0007081802438,0.0007740232449,0.0008241342202,0.001422927746,0.007707663279,0,0.003079640773,0.0006646253481,-0.1226473728,-0.004629587867,-0.001409084242,0.05987202205,-0.01242509569,-0.008749558567,0.008745846663,0.007231484238,0.001569710964,0,0.005660653925,0.01881767017,0.002381651951,0,0.03254518156,-0.06362266479,-0.002892476724,0,0.03021588738,-0.009468931544,-0.01033991875,-0.006114468043,0.01881767017,0.001941133314,0.001343125883,0.05534140672,0.007231484238,0.003458179844,0.007347327694,0.001256412549,0.1717300842,-0.02642998122,0,-0.08200249974,-0.005495653253,-0.1415327463,-0.003660467476,0.002381651951,0.003458179844,0.02581427145,0.004824118835,0.001569710964,0.001941133314,0.002046132779,0.0169485037,-0.1827436493,0.005265656237,0.0005346053453,0.02631605538,0.0008066866847,0.04392884481,0.004574395627,0,0.007347327694,0.002046132779,0.0006785077308,0,0.001343125883,0.02581427145,0.0008651255489,-0.05614386223,0.003798222014,-0.0002763705633,0,0.0002233590794,0.001111101782,0.003320424423,0.03254518156,0.001256412549,0.0169485037,0.0008651255489,0.005660653925,0.05534140672,0.004824118835,0.0006785077308
1,1,1,1,0,1500,500,v1,9.569645036e-05,1.783689207e-05,0,0.001369267883,6.322821573e-06,2.719641012e-07,3.696675021e-06,3.92591265e-05,4.597153979e-06,0,2.545879297e-06,9.661591879e-06,2.045959552e-05,0.0006663765517,0.0005479852758,1.32447891e-05,3.012528731e-05,1.295781732e-06,0.003056174854,0.0001870513744,2.19032884e-05,0.0005393097622,1.212992402e-05,4.603296613e-05,5.144213688e-05,0.000201791722,0.0001659405514,3.167586981e-05,2.573493616e-05,0,0.0009254689184,5.333535422e-06,6.632739813e-06,0.0001633134379,0,1.393967342e-05,0.003786174442,0.0004559973324,0.01221333157,0.002331364441,0.01016205073,0,0.0002951958896,0.1454031956,2.887999484e-05,0.01201997433,0,0.0002703481108,0.01206569626,0.001453162128,0.04733002503,0.0074295402,0.0323841966,0.006036100791,0.0009407236768,0.4633676604,0.002139677032,0.2170677104,0.001250974829,0.01328550083,-0.3628510896,0.001464614157,2.148282645e-05,0,4.552866708e-05,2.66846412e-06,7.110120021e-06,0.01237295088,0.001466616524,0.06968846515,0.01722980639,0.007604015422,0.0009484876151,0.3196062559,0.01694805749,-0.3043650161,3.315227035e-05,0.003720966551,0.001079490505,0.0002160045954,9.841030473e-06,-4.55630065e-05,0.007604015422,0.0331761849,0.008972629064,0,0.01237295088,0.4748237837,0.0018529351,0,-0.3044556808,8.211703897e-05,0.001126823903,0.0003277126225,3.049853384e-05,0,3.559324375e-06,0.0009484876151,0.4748237837,0.003150191481,3.635856882e-05,0.001466616524,0.0331761849,0.01955063596,0.0003494735003,-0.5142984891,0.006019051918,0.0007357136665,-0.02419244572,0.1553687473,0,-0.000269730874,0.3196062559,0.0018529351,0.01955063596,1.583488053e-05,0.06968846515,0.008972629064,0.003150191481,3.650546265e-05,0.1688647013,-0.01941914649,-0.002378935365,-0.2643776039,-0.4955000032,-0.007269024157,-0.01539541827,0.01694805749,0,0.0003494735003,3.650546265e-05,0.01722980639,0,3.635856882e-05,1.583488053e-05
1,1,1,1,2,1500,500,v1,0,0,0,0,0,0,0,0,0,0,0,0,0,0,0,0,0,0,0,0,0,0,0,0,0.01905664441,0,0,0.0170775725,0,0,0,0,0,0,0,0,0.448210866,0,0,0.4016632411,0,0,0,0,0,0,0,0,0.06011750139,0,0,0.0538741746,0,0,0,0,0,0,0,0,0,0,0,0,0,0,0,0.5535611723,0,0,0,0.4960676466,0,0,0,0,0,0,0,0,0,0,0.4960676466,0,0,0,0.5535611723,0,0,0,-0.7358757014,0.036123156,0,0,0,0,0,0,0,0,0,0,0,0,0,0.1500874236,-0.8498399686,0,0,0,0,0,0,0,0,0,0,0,0,0,-0.8137168125,0.1139642676,0,0,0,0,0,0,0,0,0,0,0,0,0
1,1,1,1,3,1500,500,v1,0.005562682023,0.1557333191,0,0.002585277139,0.002628303992,0,0.0439911376,0.00934601565,0,0,0,0,0,0,0,0,0.06610201341,0,0,0.235052891,0,0,0,0,0,0,0,0,0.1668372893,0,0,0.04712775785,0,0,0,0,0,0,0,0,0.1002859393,0,0,0.0466082629,0,0,0,0,0,0,0,0,0.002989220225,0.08368646367,0,0.001389251206,0.00141237256,0,0.02363953174,0.005022271431,-0.3971557087,0.008062385504,0.03561342634,0,0.01192900073,0,0,0,0,0,0,0,0,0,0,0.01833688974,0,0,0,-0.3007495358,0,0,0,0.1370557142,-0.08997345662,0,0,0.06371391559,-0.02208879746,0,0.1388604098,0,0,0,-0.06415224043,0,0,0,0.06371391559,0.09294716448,0,0,0.1370557142,0.3306718036,0,0.0124191042,0,0,0,-0.1462655238,0,0,0,-0.02208879746,0.3306718036,0,0,-0.08997345662,0.09294716448,0,-0.4555624871,0,0,0,0.004356718698,0.1032469834,0.006407889,0,0,0,0,0,0,0,0
1,1,1,1,1,1500,500,v1,0.007914518179,0,0,0.005600515503,0.001948845673,0.002793269139,0,0.0004237192088,0,0,0.0002813349724,0,0.005893017542,0.004435267521,0.002814659239,0.008515473934,0.002850742213,0.004085952191,0.002859481912,0.0006198101019,0,0.0005640956242,0.000411532577,0,0.005998932656,0.0829714673,0.05265441282,0.02958477586,0,0,0.05349291985,0,0,0.01055265357,0,0,0.003428612334,0.06300733064,0.03009394831,0.01690879582,0.1237822365,0,0.09104627263,0.08759147671,0.04368643718,0.006031232599,0,0.004400049544,0.001661756223,0.03053795925,0.02298381396,0.008195238754,0.05999392226,0,0.04412768063,0.04245323393,0.01477271176,0.01481800139,0,0.003211891956,-0.1665033388,0.01346747465,0,0,0.002020063783,0.003040066128,0,0.002079097884,0.04023771182,0.08311384939,0.02972364523,0.009352638398,0.05758273697,0.05360348461,0.006001917603,-0.2642302969,0.01427896439,0.007280082909,0.003360010931,0.003357050175,0.004420310453,0,0.009352638398,0.08508216734,0,0,0.002079097884,0.05984395976,0,0,0.1021933898,-0.02921344873,-0.1352428947,-0.0603201351,0,0,0,0.05758273697,0.05984395976,0.01417369182,0.05428535999,0.04023771182,0.08508216734,0.003087591362,0.005490832078,0.1299351685,0.01192739219,-0.151761749,0.03314308231,-0.2090527676,0,-0.04731117131,0.05360348461,0,0.003087591362,0,0.08311384939,0,0.01417369182,0,-0.4729398317,0.009664899041,0.07226915192,0.03681792252,0.09896787476,0,-0.01688463609,0.006001917603,0,0.005490832078,0,0.02972364523,0,0.05428535999,0
1,1,1,1,0,1500,500,v1,0.003197619638,0.01511630818,0,0.01163463152,0.00875171693,0.005788468217,0.005008091118,0.002529793555,0.02110645514,0,0.04792688516,0.0003986607693,0.03218669595,0.01091191757,0,0.01804853873,0.008395506237,0.005552867101,0.03931179636,0.002426826387,0.02024738428,0,0.04597617433,0.0003824345556,0,0.01904852006,0,0,0.02531392721,0,0.06862510983,0.008386601576,0.03534508973,0,0,0.0006676014788,0,0.1393851189,0,0,0.01328374229,0,0.07815955142,0.04833328042,0.02404680004,0,0,0.1991007259,0,0.007869171396,0.002667802553,0,0.0007499512548,0.003545291678,0.004412600937,0.002728719326,0.002052577178,0.009611153129,0.001174568787,0.0005933231798,-0.2687674402,0.01326232563,0.001993244652,0,-0.005679188189,0.05230548216,0.008240628847,0,0.1497150638,0.0103300711,0,0,0.08370393082,0.04262609797,0,-0.4582118285,0.04824216476,0.03037875319,0,-0.003316611581,0.05037152341,0.009037633883,0,0.01414673415,0.02494996703,0,0,0.05167403034,0.00832430857,0,0.06517879243,0,-0.07747275875,0,-0.02791473401,0,-0.02382359494,0.08370393082,0.05167403034,0.008517119156,0.01924978862,0.1497150638,0.01414673415,0.00312201027,0.1581654638,0.1792532035,0,-0.2157347084,0,-0.06033466193,0,-0.2209538404,0.04262609797,0.00832430857,0.00312201027,0.009763247725,0.0103300711,0.02494996703,0.008517119156,5.475060289e-05,-0.2965761741,0,0.0118798803,0.01178989291,0.003191826681,0.003738638948,0.00123638015,0,0,0.1581654638,5.475060289e-05,0,0,0.01924978862,0.009763247725
1,1,1,1,4,1500,500,v1,0.01598377843,0.009589718592,0,0.004208310893,0.05957485343,0.03923033761,0.06108280686,0.01260618201,0.001125431129,0,0.1337817954,0.0002768644845,0.004255635744,0.003426400386,0,0.01868463566,0.04413142977,0.02906076623,0.01398199091,0.009338316487,0.0008336887453,0,0.09910191242,0.0002050936737,0,0.002298049564,0,0,0.00476444326,0,0.009377569603,0.03034766502,0.0005591459963,0,0,0.0001375541018,0,0.001749965655,0,0,0.004868885296,0,0.007683333972,0.001281911103,0.01195011648,0,0,0.0407518297,0,0.00855069578,0.006884543012,0,0.02379038516,0.01427341476,0.03754236615,0.006263683989,0.08867169395,0.02809351125,0.09091614403,0.01876314332,-0.003621113834,0.002397908942,0.02248270734,0,0.04039175583,-0.1410934435,-0.001112569902,0,0.006757763763,0.005132353804,0,0,0.03521474259,0.02192966756,0,-0.2046755428,0.007076711982,0.008886201924,0,0.05031115785,0.05871855894,0.0003506112473,0,0.02317337778,0.005947275443,0,0,0.006933216903,0.03481433865,0,-0.07941373601,0,0.005472081978,0,0.02796393837,0,0.0001235578428,0.03521474259,0.006933216903,-0.0009951651012,0.006164144042,0.006757763763,0.02317337778,-0.001568890703,0.04540623415,-0.1412568234,0,0.007340760388,0,0.003488444418,0,0.04799463242,0.02192966756,0.03481433865,-0.001568890703,0.000785027037,0.005132353804,0.005947275443,-0.0009951651012,0.0001725741814,0.175811669,0,-0.04239914327,-0.03239963148,-0.02595741646,-0.07762105516,-0.08899354311,0,0,0.04540623415,0.0001725741814,0,0,0.006164144042,0.000785027037
1,1,1,1,0,1500,500,v1,0.07521705656,0.1238094511,0.000350196818,0.08222249751,0.0001268218609,0,0.06310705261,0.001190359759,0.07255419342,0.0003773097657,0,0.008795158193,0.003783869931,0.04035603686,0.006783475124,0.03932226869,1.354440072e-05,0,0.1174672324,0.0001271287889,0.007748688301,0.00819338023,0,0.0009393108266,0.01926018504,0.05077748517,0.008535223829,0.02674592072,0.01663727323,4.705876727e-05,0.147801695,0.008480202986,0.009749691393,0.01030921952,5.070215245e-05,0.001181876251,0.006400474212,0.001582160632,0.00283639435,0.008888106501,0.003358894646,1.563839734e-05,0.01644193554,0.003671729781,0,0.003425922107,1.684915377e-05,0,7.253529161e-05,1.793030939e-05,0.0001912317918,0.0001007271298,3.806567991e-05,6.265721037e-05,0.0001863331606,4.161097781e-05,6.418172398e-08,0.0005566321937,3.193707617e-05,6.024146068e-07,0.05168790424,-0.1565078855,-0.1858803349,-0.000706950079,-0.001246898704,0,-0.08105298582,0.02034929595,0.003675541629,0.01849702813,0.002393751782,0.03023172746,0.03786332326,0.07571438828,-0.0008231437328,-0.2049622461,-0.04104947004,0.08090816213,0.002143973174,0.0001004641807,0,0.008657046062,0.03023172746,0.1070178233,0.1598554494,0.0004303689028,0.02034929595,0.1173209305,0.08149857264,0.0004553656004,-0.1607814444,-0.04347742155,-0.1444583064,-0.007717727813,0.02488324259,8.718220914e-05,0.01088694564,0.03786332326,0.1173209305,0.0001633656987,0,0.003675541629,0.1070178233,0.001555358328,0,-0.2467828698,0.009589307873,0.01315746192,0.004526682596,0.006870151179,2.927820168e-05,0,0.07571438828,0.08149857264,0.001555358328,0.08228681942,0.01849702813,0.1598554494,0.0001633656987,0.009976671633,-0.4371115245,0.0001674313872,0.0001994315436,0.0007425332794,7.856446341e-05,9.441136592e-05,6.185064972e-07,-0.0008231437328,0.0004553656004,0,0.009976671633,0.002393751782,0.0004303689028,0,0.08228681942
1,1,1,1,0,1500,500,v1,0.0007494038633,0.004061564323,0,0.001683134793,0.0009459496644,0.02239197603,0.004139409939,0.006047478595,0.0179195901,0,0.008746465054,0.005781938153,0.01467035832,0.06795727944,0.0362231988,0.01304188789,0.005119427447,0.1211841401,0.07583022331,0.03272862085,0.09697983396,0.1005373994,0.0473353868,0.03129153061,0.007895532359,0.01843547052,0.009826639899,0.001195119929,0.005963001831,0,0.02057124502,0.006077291182,0.02630871755,0.02727381495,0,0.008488775519,0.002060811029,0.001038761191,0.00256484895,0.0003119379692,0.0002871734508,0,0.0009234544041,0.0006449814983,0.008580661697,0.007118731971,0,0.003351667472,0.01217985977,0.006139313827,0.02843905079,0.001843624025,0.001697260114,0.009198686398,0.00545782461,0.003811986687,0.002142399731,0.03173375376,0.009374992215,0.01369641219,-0.2833856139,-0.0005498113999,0.003568017434,0,0.005987377733,0.02982623142,0.02273676337,0.010237126,0.01225255572,0.03249186976,0.03585068425,0.001726282748,0.01101302177,0.03647717899,0.09950991176,0.2655654708,-0.02567044499,-0.1393622538,-0.1363184458,-0.03545317467,-0.1672982955,-0.1265691046,0.001726282748,0.001896933371,0.002989265149,0,0.010237126,0.004333463781,0.00344174128,0,-0.3276532859,-0.001164091964,0.03738937289,0.03652829497,0.002584662299,0,0.03319702694,0.01101302177,0.004333463781,0.003973806985,0.1356028253,0.01225255572,0.001896933371,0.0215647545,0.05296979228,-0.2683705886,0.001168367589,0.001882511411,0.009549753588,0.0004179058836,0,0.01175698565,0.03647717899,0.00344174128,0.0215647545,0.07988953839,0.03249186976,0.002989265149,0.003973806985,0.02606343284,-0.1492015617,-0.007979881458,0.008277548596,0.05599351511,-0.004021692583,-0.01044001735,0.01244008932,0.09950991176,0,0.05296979228,0.02606343284,0.03585068425,0,0.1356028253,0.07988953839
1,1,1,1,0,1500,500,v1,0,0,0,0,0,0,0,0,0,0,0,0,0,0,0,0,0,0,0,0,0,0,0,0,0.01075485313,0,0,0.2280251814,0,0,0,0,0,0,0,0,0.02965640689,0,0,0.6287773044,0,0,0,0,0,0,0,0,0.004629579144,0,0,0.09815667506,0,0,0,0,0,0,0,0,0,0,0,0,0,0,0,0.02147436627,0,0,0,0.4534853003,0,0,0,0,0,0,0,0,0,0,0.4534853003,0,0,0,0.02147436627,0,0,0,-0.5533580296,0.2367182518,0,0,0,0,0,0,0,0,0,0,0,0,0,0.3391873743,-0.6558271521,0,0,0,0,0,0,0,0,0,0,0,0,0,-0.4191089003,0.1024691226,0,0,0,0,0,0,0,0,0,0,0,0,0
1,1,1,1,1,1500,500,v1,0.003504347693,0,3.515133188e-05,0.001596531964,0.001534651076,9.166662494e-06,0,0.002910661491,0.01654369246,0.001504573907,1.023956633e-05,0.01285674683,0.004468083048,0.002048908502,0.0003585098071,0.00190966627,0.001628098271,9.724834258e-06,0.002253446135,0.003087896014,0.01755106259,0.0006642606003,1.086306881e-05,0.01363961334,0.004393610747,0.0001979158894,3.463052999e-05,0.002882319239,0,3.602225114e-06,0.000217673359,0,0.001695358362,6.416476254e-05,0.0001541851652,0.001317528919,0.00420559884,0.000413128923,3.314861629e-05,0.002758978697,0.0003437498524,3.448078274e-06,0.0001765720022,0.0001566076414,8.991798632e-07,6.14190165e-05,0.0001475872556,1.004423569e-06,0.4223350101,0.0414872684,0.0190246278,0.2770623971,0.03452007738,0,0.01773172886,0.01572686609,0.01511729957,0.02092381087,0,0.02867188666,-0.09316044989,0.005013288837,0,-0.00149037079,0.004417741294,-6.333275572e-06,0.001266562323,0.6205899835,0.05472293876,0.02500865023,0.0004387031934,0.407119974,0.0233935639,0.02748045478,0.0007460932253,-0.1324455212,0.006304076185,0.004262538992,-0.000889195934,0.004695196788,-3.288335422e-06,-0.00785957767,0.407119974,0.04599632518,0,4.383297943e-05,0.6205899835,0.02096706908,0,0.001818862084,-0.736639734,0.007267088815,0.0004108618422,6.636554302e-05,0,0.0001380302227,0.00298530615,0.0233935639,0.02096706908,0.01786188486,6.299296795e-06,0.05472293876,0.04599632518,0.03382555448,7.949848178e-06,-0.7920896117,0.006960885461,0.0005873450272,3.2966111e-05,0.0004966863296,0.0001105438586,1.221810106e-07,0.02748045478,0,0.03382555448,0.002732517254,0.02500865023,0,0.01786188486,0.002679046534,0.04041570917,-0.6993679481,-0.05896908982,-0.03966613755,-0.05015223819,0,-0.04357123105,0.0007460932253,0.001818862084,7.949848178e-06,0.002679046534,0.0004387031934,4.383297943e-05,6.299296795e-06,0.002732517254
1,1,1,1,0,1500,500,v1,0.001215180203,0.0004808274603,0.0007670461565,0.002378867006,0.03291601195,0.000223751554,0.000517143936,0.005416181036,2.259016839e-05,0.003817321587,0.0007883367551,4.97079146e-05,0.0001299406735,7.917402279e-05,0,0.000544349019,0.001679134769,1.141417176e-05,8.566122837e-05,0.0002762940391,1.15238557e-06,0,4.021518942e-05,2.535735126e-06,0.04985622075,0.03069935736,0,0.03923656274,0.009510737129,0.01517212506,0.03321474101,0.01022907475,0.0004468321196,0,0.07550638255,0.0009832194458,0.05966581765,0.06029730864,0,0.04695665982,0.02876549442,0.01815735797,0.2525982044,0.05631204774,0.005296600508,0,0.09036284709,0.01866134462,0.001839898117,0.001859371228,0.001132931637,0.001447989374,0.0008870334993,0.000350985034,0.007789300121,0.001736478853,0.02402738722,0.001225759564,0.0003774946253,0.003953597999,-0.1376199542,0.003562142457,0.0009210543226,0.004557709648,-0.02809441314,0.001001685585,6.272862651e-05,0.02410593006,0.08738445714,0.04419760309,0,0.01324369442,0.3662167081,0.04782282843,0,-0.4041711916,0.0006725019095,0.0001637891787,0,0.001847411668,5.040987253e-05,1.949524858e-06,0.01324369442,0.03985447415,0.0129560002,0.004351125633,0.02410593006,0.07720399077,0.01394764421,0.02856923569,-0.1335458228,0.04173357596,-0.06385152018,0,-0.01955935426,0.04915842424,-0.001263576162,0.3662167081,0.07720399077,0.01720337126,0.007497323191,0.08738445714,0.03985447415,0.00362092132,0.02641113605,0.1162034242,-0.06987186838,-0.3127005329,0,-0.0842022974,-0.07566304146,-0.02365773499,0.04782282843,0.01394764421,0.00362092132,0.000553149294,0.04419760309,0.0129560002,0.01720337126,0.001245197724,-0.5293795092,0.003238542705,0.009627254097,0.002340776744,0.002601178257,0.0007025369822,0.01236413973,0,0.02856923569,0.02641113605,0.001245197724,0,0.004351125633,0.007497323191,0.000553149294
1,1,1,1,4,1500,500,v1,0.003470343344,0,0,0.002485613946,0.000902422428,0.0002308799137,0,0.001341802762,0,0,0.0001011128957,0,0.02645192202,0.0006273405435,0.01248754439,0.006485887879,0.006032603927,0.001543409196,0.001633693158,0.008969817641,0,0.02954636101,0.0006759296233,0,0.004314983609,0.0013219006,0.02631312865,0.02003174752,0,0,0.00344243647,0,0,0.06225861338,0,0,0.0001931754465,0.002495315429,0.001177999926,0.0008967917658,0.002188444791,0,0.0006118397023,0.001567461301,0.0001455959524,0.002787226216,0,6.376314042e-05,0.01546770828,0.1998018476,0.004738551685,0.07180681433,0.1752304769,0,0.04899048094,0.1255078457,0.04556664766,0.01233993171,0,0.0677525866,-0.3964040564,0.005885489585,0,0,0.002232685159,0.0002844794083,0,0.01642838911,0.255790673,0.004135793402,0.018996142,0.07583267654,0.0627104749,0.01082171459,0.04489203147,-0.4504535399,0.03277835895,0.002251749771,0.04029400043,0.01487965842,-0.002158353464,0,0.07583267654,0.2539733799,0,0,0.01642838911,0.1817633635,0,0,-0.05517389538,0.02394007049,0.003987628857,-0.08682496892,0,0,0,0.0627104749,0.1817633635,0.05778738594,0.001746081841,0.255790673,0.2539733799,0.08593876759,0.0007931254782,-0.6206162937,0.001069379448,0.003098998092,0.003938852765,0.003710437201,0,0.0001810691772,0.01082171459,0,0.08593876759,0,0.004135793402,0,0.05778738594,0,0.0938344555,-0.08651682714,-0.2482114552,-0.01621105062,-0.3000870877,0,-0.1129297794,0.04489203147,0,0.0007931254782,0,0.018996142,0,0.001746081841,0
1,1,1,1,3,1500,500,v1,0,0.01268737312,0.005928720113,0,0.0533579776,0.02906285108,0.03020121983,0.01284263323,0.006192918593,0.01513890095,0.00522924853,0.008977861849,0.0048347671,0.00123123011,0.002432160333,0.0009106633286,0.03754350057,0.02044907275,0.0003073579777,0.009036275915,0.004357433568,0.01346608515,0.003679380366,0.006316962834,0.03771805924,0.001283309025,0.002535036529,0.04064911645,0.009304630608,0.004347988359,0.0003203586913,0.02214888706,0.004541745509,0.01403567738,0.01110252531,0.006584159492,0.06988136836,0.009336404107,0.004696737453,0.07531182509,0,0.008055647141,0.001758579196,0,0.03948914247,0.02600431625,0.02056997832,0.007105240283,0.06796104416,0.009079841832,0.002312288146,0.07324227316,0,0.01676524255,0.001710253837,0,0.07050785279,0.0005772277683,0.03990824348,0.01697040506,-0.09905627232,0,-0.004937272684,-0.009861549129,-0.002931858158,-0.007030994931,-0.01101811297,0.02031324106,0.01354079408,0.001743718329,0.005082861781,0.00852989375,0.002486988852,0.0004986882559,0.02966809454,-0.1577010935,-0.0005445239638,0.0003744362775,-0.00439625856,0.02461335608,0.0136399797,-0.001515046675,0.00852989375,0,0.009574231276,0.008985285136,0.02031324106,0,0.02584103168,0.02258096237,-0.2031357061,0.06652114392,0.0004772033357,0.004749273624,0.01965241654,0.01065717038,-0.002081365485,0.002486988852,0,0.05831439769,0.03670433889,0.01354079408,0,0.01039796203,0.007934093544,0.02006633162,-0.03737840077,-0.004844254949,-0.02352031928,0,-0.02183978625,-0.03636793972,0.0004986882559,0.02584103168,0.01039796203,0.00865454709,0.001743718329,0.009574231276,0.05831439769,0.01326724059,0.0610022456,-0.04837149967,-0.005296409706,-0.002346577338,0,-0.03832531914,-0.06748973775,0.02966809454,0.02258096237,0.007934093544,0.01326724059,0.005082861781,0.008985285136,0.03670433889,0.00865454709
1,1,1,1,1,1500,500,v1,0,0,0,0,0,0.2553654247,0,0,0,0,0.3315255073,0,0,0,0,0,0,0.05710746759,0,0,0,0,0.07413917599,0,0,0,0,0,0,0,0,0,0,0,0,0,0,0,0,0,0,0,0,0,0.1226427498,0,0,0.1592196746,0,0,0,0,0,0,0,0,0,0,0,0,0.4118943796,0,0,0,0,-0.58402756,0,0,0,0,0,0,0,0,0,-0.3032505615,0,0,0,0,0.1311173806,0,0,0,0,0,0,0,0,0,0,0,0,0,0,0,0,0,0,0,0.1133252591,0,0,0,0.1448745115,-0.4529101791,0,0,0,0,0,0.2807769988,0,0,0,0,0,0,0,0,0,0,0,0,0,0,0,0,0,0.1448745115,0,0,0,0.1133252591,0
1,1,1,1,3,1500,500,v1,0.004997194545,0.0009013697351,0.004587514503,0.0001428775696,0.0247668768,0.01914752098,0.02788115153,0.03243773482,0,0.01601633449,0.002552125773,0,0.002632538752,0,0,0.0004952111347,0.02694943446,0.0208348782,0,0.0352962796,0,0,0.002777029449,0,0.06920279706,0,0,0.09433068209,0.004243780367,0.02159868833,0,0.1312685337,0,0,0.07540724213,0,0.05113727038,0.008417055339,0,0.06970547146,0.01738561583,0.01596030814,0.001583345933,0.0004970818152,0.06661566623,0,0.05572203283,0.008879037596,0.009776802919,0.001609235116,0,0.01332680942,0.00332391108,0.0005995509726,0.0003027158278,9.503579103e-05,0.01647382256,0,0.0185452993,0.02157613541,-0.2551820254,0.00192029494,0.02565839439,0.01856445643,-0.02181168051,0.01639689656,0,0.03973684719,0.009034638661,0,0,0.04652950763,0.00162468731,0,0,-0.05519450942,-0.000152422005,0,0,-0.04259931467,0.008487491138,0,0.04652950763,0.01752760176,0.00432263671,0.01571034555,0.03973684719,0.0005256498391,0.1313926024,0.02867284966,0.1646681059,-0.1324359468,0,0,-0.1341357245,-0.07567296077,0,0.00162468731,0.0005256498391,0.03006893315,0.05317480945,0.009034638661,0.01752760176,0.03290457208,0.007380491751,-0.1366827853,0.05274940401,-0.008106623718,0,-0.01683673408,0.02751970754,-0.06525458848,0,0.1313926024,0.03290457208,0,0,0.00432263671,0.03006893315,0,-0.2757503522,0.02217563954,0.001152828409,0,0.002880938069,0.01800050397,0.02242865831,0,0.02867284966,0.007380491751,0,0,0.01571034555,0.05317480945,0
1,1,1,1,3,1500,500,v1,0.06747967556,0.07971743611,0.07591715445,0.04152089055,0.00449498985,0,0.0005115023262,0.0009986201513,0.0040353636,0.03018373009,0,0.002597610968,0,0.002057757575,0,0,0.002200699751,0,0.04139663863,0.0004889139223,0.001975671573,0,0,0.001271763007,0.08145790319,0.002892196502,0,0.06014738721,0.05485534978,0.05224029102,0.05818334233,0.0003519761847,0.002776823899,0,0.0207700994,0.001787474173,0.0207568391,0,0,0.01532656243,0.01183223112,0.01331170178,0,0.007280485111,0,0,0.005292569467,0,0.05658900186,0,0.002009215887,0.041784535,0.0322580016,0.03810814383,0,0.01984865728,0.002148786113,0.04042010828,0.0002445187047,0.000477380636,0.1452209591,-0.1036149402,-0.06469352521,-0.08322270086,-0.004629341643,0,-0.004631061012,0.03800850791,0,-8.82644886e-05,0,0.02117886736,0,0.007486650241,0,-0.01882291149,0,0.005954357461,0,3.010452107e-05,0,-0.0006454928372,0.02117886736,0.04469750704,0.009028361199,0.05431807208,0.03800850791,0.02738134606,9.286801242e-05,0.02501023285,0.001787991159,-0.1175837332,-0.03332792961,0,0.02701466871,0.01347558568,0.0001935394264,0,0.02738134606,0.004464602268,0,0,0.04469750704,0.000738403843,0,-0.2082781949,0.0332398893,0,0,0.01778037161,0.01686157853,0,0.007486650241,9.286801242e-05,0.000738403843,0.004421247879,-8.82644886e-05,0.009028361199,0.004464602268,0.003203273766,-0.2398300786,0.0448855937,0,0.02244131498,0.03778199993,0.03159803692,0.001130566381,0,0.02501023285,0,0.003203273766,0,0.05431807208,0,0.004421247879
1,1,1,1,0,1500,500,v1,6.235926642e-05,0.009239077706,0,0.0001064190464,0.0002407075996,0.0104570924,0.05299678178,0.0002845077107,0.0003420598148,0,0.003569821859,0.0001663771302,3.668614814e-05,0.007388378212,0,0.0005713791922,0.0006129365553,0.02662788463,0.001861633052,0.0007244689259,0.0008710192985,0,0.009090175453,0.0004236618422,0,0.01204164249,0,0,0.03834342923,0,0.003034105594,0.2199438533,0.00141959476,0,0,0.000690487722,0,0.0001279746168,0,0,0.0005539217792,0,0.001993178267,0.0009452937937,0.09288773842,0,0,0.03170983543,0,0.0001015024616,0.02044200915,0,0.0004393404376,0.06509217756,0.001580879909,0.0007497552986,0.001695859945,0.005150727101,0.3733788198,0.002004445358,-0.2839448476,0.0001461973865,0.06188024205,0,0.0004460715147,0.01115946288,0.0002364499074,0,0.0001442043183,0.003795636413,0,0,0.00187950452,0.0007882357269,0,-0.119545522,0.0002665106828,0.005403494304,0,-4.48889572e-06,0.02269485844,-0.0001307077694,0,0.0008075570031,0.02671785445,0,0,0.001458597687,0.1557644232,0,-0.37821399,0,0.01194706042,0,0.2416619053,0,-0.001549858675,0.00187950452,0.001458597687,0.001999870841,0.09256614746,0.0001442043183,0.0008075570031,0.00201882351,0.03161518547,0.03290671133,0,-0.0009533292828,0,-0.0009589697628,0,-0.1166418766,0.0007882357269,0.1557644232,0.00201882351,0.001504547942,0.003795636413,0.02671785445,0.001999870841,0.0006616268639,0.3198346936,0,-0.0006623206231,-0.02040646948,-0.0006979974172,-0.4251969991,-0.003120712188,0,0,0.03161518547,0.0006616268639,0,0,0.09256614746,0.001504547942
1,1,1,1,2,1500,500,v1,0.005816529544,0.03198813066,0.0009808513807,0.02539669947,0.001781271552,0,0.03312682642,0.002130654941,0.001980196352,0.005567467188,0,0.1123083533,0.09480634284,0.04478563742,0.001613428396,0.01907248065,0.00225874392,0,0.1510232231,0.002701780022,0.002510990795,0.006900206499,0,0.1424127668,9.108731238e-05,0.0007907356709,2.848670821e-05,0.0005811774372,0.0007161735818,2.196001554e-05,0.002666467567,0.0007416675323,4.433407907e-05,0.0001218301163,0.0001246485129,0.002514441262,0.006073085589,0.1116044415,0.00189930093,0.0387489786,0.008682501909,0.00146414523,0.02245180532,0.03791038796,0,0.008122807714,0.008310719326,0,0.0006206166895,0.01140500624,0.005387619214,0.003959809634,0.0008872764121,0.004879595915,0.002294379831,0.003874112942,0.0002717222048,0.01816778024,0.005053297068,0.0003250185282,-0.1274841461,0.01839008638,-0.06460721241,-0.001370601486,-0.001145322654,0,0.05402814262,0.007983278769,0.02268111697,0.05774710038,0.002428314565,0.05089728159,0.005457432652,0.1944727573,0.009908113643,0.01961139626,0.04042641634,-0.194854875,-0.004405670121,-0.003079810679,0,-0.09771107965,0.05089728159,0.004138978875,0.03935741784,0.001682034694,0.007983278769,0.02106036637,0.04084786802,0.008871313542,-0.3256522244,0.0006622638959,0.003443882137,0.0001463091903,0.001446683557,0.0001398284826,0.002533374763,0.005457432652,0.02106036637,0.002734811506,0,0.02268111697,0.004138978875,0.002866443821,0,0.07668913949,-0.04439742168,-0.07277639635,-0.003964924552,-0.03981775895,-0.005804792488,0,0.1944727573,0.04084786802,0.002866443821,0.0009165764723,0.05774710038,0.03935741784,0.002734811506,0.06080776681,-0.3563094641,0.004481450886,0.01359094693,0.02326442135,0.004628109068,0.009690338135,0.000490963113,0.009908113643,0.008871313542,0,0.06080776681,0.002428314565,0.001682034694,0,0.0009165764723
1,1,1,1,4,1500,500,v1,0,0.1458325276,0.07858905477,0,0,0,0.05261433166,0,0.1163940953,0.1503781778,0,0.1434337271,0,0,0,0,0,0,0,0,0.01287238405,0,0,0.0158627808,0,0,0,0,0.03819604663,0.02058382482,0,0.01378059819,0.03048561502,0,0.0393866306,0.03756775953,0,0,0,0,0,0.03097920441,0,0,0,0,0.05927792773,0,0,0,0,0,0,0.01011570829,0,0,0,0,0.00364960575,0,0.3114556756,0,-0.1982109017,-0.2285385271,0,0,-0.2597035189,0,0,0,0,0,0,0,0,-0.1917117089,0,0,0,0,0,0.02870492525,0,0,0.146095588,0.04097380126,0,0,0.05267429247,0.07824204733,-0.5544514312,0,0,0,0.05193909315,0.05952325227,0.06799181007,0,0,0,0,0,0,0,0,-0.1690152746,0,0,0,0,0.08953804197,0,0,0.05267429247,0,0.1095360645,0,0.146095588,0,0.1349741107,-0.1462718085,0,0,0,0,0.01375855331,0,0,0.07824204733,0,0.1349741107,0,0.04097380126,0,0.1095360645
1,1,1,1,0,1500,500,v1,0,0,0,0,0,0,0,0,0.1443342964,0,0,0.5713302169,0,0,0,0,0,0,0,0,0.01451570618,0,0,0.05745870362,0,0,0,0,0,0,0,0,0.04282870821,0,0,0.1695323687,0,0,0,0,0,0,0,0,0,0,0,0,0,0,0,0,0,0,0,0,0,0,0,0,0.2839623972,0,0,0,0,0,-0.7151943746,0,0,0,0,0,0,0,0,-0.503121268,0,0,0,0,0,0.0718892907,0,0,0,0,0,0,0,0,-0.6433050838,0,0,0,0,0,0.2120731066,0,0,0,0,0,0,0,0,0,0,0,0,0,0,0,0,0,0,0.1305409282,0,0,0,0.5163070368,0,0,0,0,0,0,0,0,0,0,0.5163070368,0,0,0,0.1305409282
1,1,1,1,0,1500,500,v1,0.008490086317,0.0006951971055,0.001537331714,0.003623197024,9.77037553e-05,0.01327937472,0.003292119373,0.0002889882463,0.001783391604,0.002607211559,0.005164198577,0.00146538217,4.043285908e-05,0.002988244401,4.220717545e-05,5.324119536e-05,1.241016047e-05,0.001686723,0.005673265334,3.670678265e-05,0.0002265232889,2.786272441e-06,0.0006559474897,0.0001861302855,0,0.01029950303,0.0001454743566,0,0.0003043506624,0.0006730291622,0.01955389375,0.001441258463,0.0007807518355,9.603371614e-06,0.001141412354,0.0006415303379,0,0.0006385553162,0.0006665770584,0,0.0170310851,0.003083882339,0.0008408371091,0.00726812126,0.02663838183,4.400354365e-05,0.005230057774,0.01035936529,0,0.003127782371,0.2311629296,0,0.08342194701,0.006830872376,0.004118602445,0.03560083359,0.0009600182133,0.4388692688,0.03234772859,0.002839542646,-0.1733756908,0.01210011215,0.003959734452,0.003501369723,0.0003794737381,0.01744648787,-0.002611089474,0,0.003691729234,0.3268055638,0.0007597718926,0,0.00488246376,0.6206409961,5.715293811e-05,-0.6700681765,9.168428032e-05,0.008648837063,2.44130137e-05,4.679339604e-05,0.002256538768,0.000312647094,0,0.08633390451,0.008724463291,0.001272620994,0,0.03693327443,0.04132359508,0.002118320756,-0.703194549,0,0.02963437552,9.805933634e-05,0.001740885672,0.001621133179,0.0008076646696,0.00488246376,0.03693327443,0.001266193847,0.01721736134,0.003691729234,0.08633390451,0.003743338346,0.006730163881,-0.08826158362,0,0.001314773345,-0.0006670889038,0.0240005641,-0.007383130734,-0.03566804349,0.6206409961,0.04132359508,0.003743338346,0.001201902804,0.3268055638,0.008724463291,0.001266193847,0.001034263763,0.08191723354,0,-0.007122586279,-0.6699142502,-0.1182787958,-0.03906599242,-0.003765955254,5.715293811e-05,0.002118320756,0.006730163881,0.001034263763,0.0007597718926,0.001272620994,0.01721736134,0.001201902804
1,1,1,1,0,1500,500,v1,0.06626175985,0,0,0.007825862835,0,0,0,0,0,0,0,0,0,0,0,0,0,0,0,0,0,0,0,0,0,0,0,0,0,0,0,0,0,0,0,0,0,0,0,0,0.1562263566,0,0,0.01845115556,0,0,0,0,0,0,0,0,0.6718820556,0,0,0.07935280953,0,0,0,0,-0.5764799719,0.07408283231,0,0,0,0,0,0,0,0,0,0,0,0,0,0,0,0,0,0,0,0,0,0.6739868794,0,0,0,0.07960882959,0,0,0,0,0,0,0,0,0,0,0.07960882959,0,0,0,0.6739868794,0,0,-0.6770349832,0,0,0,0.1746378439,0,0,0,0,0,0,0,0,0,0,0.2487206763,0,0,0,-0.7511178156,0,0,0,0,0,0,0,0,0,0
1,1,1,1,2,1500,500,v1,0,0,0.04539505411,0,0,0,0,0,0,0.04913683095,0,0,0,0,0,0,0,0,0,0,0,0,0,0,0,0,0,0,0,0.3936904639,0,0,0,0,0.4261411767,0,0,0,0,0,0,0.04112339855,0,0,0,0,0.04451307576,0,0,0,0,0,0,0,0,0,0,0,0,0,-0.7341473761,0,0,0.09444823485,0,0,0,0,0,0,0,0,0,0,0,0,0,0,0,0,0,0,0,0,0,0.4608099931,0,0,0,0.4987387188,0.1800524995,0,0,0,0,-0.8197516405,0,0,0,0,0,0,0,0,0,-0.7253034057,0,0,0,0,0.08560426468,0,0,0,0,0,0,0,0,0,0,0,0,0,0,0,0,0,0.4987387188,0,0,0,0.4608099931,0,0
1,1,1,1,2,1500,500,v1,0,0,0,0,0.002544198817,0.03491024414,0,0.0400998752,4.179876097e-05,0,0.002464293094,0.001737125096,0,0,0,0,0.01027845525,0.1410359048,0,0.162001794,0.0001688652204,0,0.00995563952,0.007017911666,0,0,0,0,0,0,0,0,0.007592426415,0,0,0.3155355364,0,0,0,0,0,0,0,0,0.1329785967,0,0,0.009386879002,0,0,0,0,0,0,0,0,0.007293615172,0,0,0.1149568407,-0.388228429,0,0,0,0.04207492457,0.03685578267,0.001775910455,0,0,0,0,0,0,0,0,-0.138506177,0,0,0,-0.1411220803,-0.03501954494,0.007125990091,0,0,0,0,0,0,0,0,0.00890190054,0,0,0,0,0,-0.3212420604,0,0,0.001221067462,-0.01779244114,0,0,0.009692237754,-0.0003483847133,0.001836237796,0,0,0,0,0,0.01025764607,0,0,0.009692237754,0.01101807873,0,0,0.001221067462,0.4574921604,-0.09904715593,0,0,0,0,0,0.09177161909,0,0,-0.0003483847133,0.4574921604,0,0,-0.01779244114,0.01101807873
1,1,1,1,0,1500,500,v1,0.0002041443114,6.443540928e-07,1.424076248e-06,0.000177421703,1.001722773e-05,0.0001395648652,1.655773066e-07,1.463212369e-05,0,9.131568013e-06,2.099683201e-05,0,0.04588618822,0,0,0.1200722554,9.971140664e-05,0.001389227578,0,0.0001456480449,0,0,0.0002090023018,0,0.1042331652,0,0,0.1270174827,1.17619457e-05,2.599488029e-05,0,3.022424023e-06,0,0,0.0001666863117,0,0.1093064535,0.0882427722,0,0.1331997407,0.003907794698,2.726011601e-05,0.2309084517,0.003396262112,0.002671594601,0,0.0001747993506,0.0004019279705,0.005360174183,0.004327252546,0,0.006531854141,0.0001916305906,6.048562143e-07,0.01132329777,0.0001665460355,9.403187646e-06,0,1.554276817e-07,1.373519784e-05,-0.008717237089,0.0003716902998,-1.880774478e-07,1.015468272e-05,1.094443166e-05,0.0001480537825,0,0.05574107198,0.05915406913,0,0,0.02766011319,0.1520340583,0,0,-0.3019759857,0.1584930885,0,0,-0.000216148485,0.001342837083,0,0.02766011319,0.005270342722,1.353561217e-05,8.120482981e-06,0.05574107198,0.004566482217,3.835500541e-06,5.636977561e-05,-0.0633500215,0.007675868861,0,0,-1.194234814e-05,3.073039386e-05,0,0.1520340583,0.004566482217,0.0001141945016,0.001773346738,0.05915406913,0.005270342722,0.0001689263071,0.000289719091,0.1957852195,-0.07508199876,-0.314849455,0,-0.007272749254,-8.387858231e-05,-0.002866268082,0,3.835500541e-06,0.0001689263071,0,0,1.353561217e-05,0.0001141945016,0,-0.230880887,0.01180533975,0.01556428164,0,0.0003431756492,5.496837785e-07,1.645684762e-05,0,5.636977561e-05,0.000289719091,0,0,8.120482981e-06,0.001773346738,0
1,1,1,1,3,1500,500,v1,0.0170385151,0.004558945932,0.00115123495,0.01819217853,0.03641333818,0.0008891656111,0.01551582982,0.04646513335,0.001713352215,0.02544282058,0.004265783089,0.0009522835596,0.05289826539,0,0.03016373729,0.02472766644,0.06715362795,0.001639802875,0,0.08569118992,0.003159771198,0.03142387183,0.007866974707,0.001756205255,0.01098236533,0,0.008291337481,0.01297713464,0.002311068777,0.0005835961179,0,0.007865447489,0.0008685505087,0.008637720314,0.01289774196,0.0004827415885,0.04833614049,0.0639966083,0.03649225293,0.05711561987,0.03801511038,0.002568552684,0.02991566495,0.04058908131,0.00198384241,0.03801677053,0.05676619277,0.009517508658,0.003019092623,0.003997251044,0,0.003567462045,0.002374437391,0.0006353213071,0.001868543132,0.002535208535,0.005074455796,0,0.002162240445,0.006475244431,-0.2488019574,0.02157559684,-0.01726299016,0.01527464827,0.05864405339,0.003961691327,0.0004871158893,0.05277349508,0.04817373997,0,0.02003399218,0.06185974083,0.02073604096,0,0.0268572217,-0.01179665047,0.003502219172,0,-0.001372236881,-0.1378537413,-0.0004235998961,-0.003053993509,0.06185974083,0.03331731612,0.005369644708,0.001942949289,0.05277349508,0.03671546215,0.02076684547,0.04037453558,-0.2020338992,0.02094448097,0,0.01536924411,-0.0009232469627,0.01075759354,0.0006073926695,0.02073604096,0.03671546215,0.04328164975,0.0007885519044,0.04817373997,0.03331731612,0.05859789444,0.005088686026,0.1065156894,-0.1036429922,-0.05525522078,-0.04525781649,-0.0731006659,-0.05424389832,-0.007456250053,0,0.02076684547,0.05859789444,0.001758557472,0,0.005369644708,0.04328164975,0.001180669951,-0.283372507,0.006276353947,0.005813147709,0,0.004836550249,0.0007619103452,0.0112899918,0.0268572217,0.04037453558,0.005088686026,0.001180669951,0.02003399218,0.001942949289,0.0007885519044,0.001758557472
1,1,1,1,1,1500,500,v1,0.006243994234,0,0.001382792057,0.02820120321,0,0.004745334461,0,0,0,0.00331379566,0.002758951929,0,0,0,0,0,0,0.06369696244,0,0,0,0,0.03703360824,0,0,0,0,0,0,0.009212682067,0,0,0,0,0.02207775616,0,0,0,0,0,0.04031303361,0.00892770566,0,0.1820751286,0.03063725245,0,0.0213948237,0.01781259202,0,0,0,0,0.09429335884,0,0,0.4258790247,0,0,0,0,-0.3583330002,0.03441462834,0,0.004658993076,0,0.007499145365,0,0,0,0,0,0,0,0,0,0.05528304551,0,0,0,0,-0.09978254187,0,0,0.07132747708,0,0.001995714439,0,0.3230111462,0,0.004556770284,-0.0009416498792,0,0,0,0,-0.003426673278,0,0,0.3230111462,0,0.04216792296,0,0.07132747708,0,0.02458132188,-0.5747688768,0,0,0,0.220825384,-0.005600642955,0.0477839001,0,0,0,0,0,0,0,0,0.2552400127,0,0,0,-0.5181324278,0,0,0,0.004556770284,0.02458132188,0,0,0.001995714439,0.04216792296,0
1,1,1,1,4,1500,500,v1,0,0.003552293055,0.1713349933,0,0,0,0.0001000651524,0,0.006099013067,0.0044122338,0,0.1036835652,0,0,0,0,0,0,0,0,0.01218327487,0,0,0.207116358,0,0,0,0,0.00191213873,0.092226703,0,5.386336388e-05,0.003282994651,0,0.002375030158,0.05581109372,0,0,0,0,0,0.3060086989,0,0,0,0,0.007880362896,0,0,0,0,0,0,0.02136547054,0,0,0,0,0.0006018476045,0,-0.3908463185,0,0.00362928458,0.1710038554,0,0,0.1070437516,0,0,0,0,0,0,0,0,0.1658649616,0,0,0,0,0,-0.2162608725,0,0,0.02371225243,0.06146903261,0,0,0.0006670007162,0.002311989459,-0.2633743682,0,0,0,0.001965209828,0.09341852613,0.05882121012,0,0,0,0,0,0,0,0,0.2644223813,0,0,0,0,-0.3069430624,0,0,0.0006670007162,0,0.004297448039,0,0.02371225243,0,0.07129641849,0.005594494406,0,0,0,0,-0.02184732989,0,0,0.002311989459,0,0.07129641849,0,0.06146903261,0,0.004297448039
1,1,1,1,1,1500,500,v1,0.00230588898,0,0,0.02805020826,0,0,0,0,0,0,0,0,0.00558882319,0,0,0.03562784124,0,0,0,0,0,0,0,0,0.00208755528,0,0,0.1018065859,0,0,0,0,0,0,0,0,0.002764301859,0.003853654953,0,0.1348103868,0.007149263471,0,0.0245664252,0.08696790307,0,0,0,0,0.005998304016,0.008362109191,0,0.292527273,0.01551330426,0,0.05330708963,0.1887130816,0,0,0,0,-0.1102481424,0.03023751953,0,0,0,0,0,0.001772596225,-0.001393112951,0,0,0.08224312713,-0.01052522298,0,0,-0.02686432867,0.03480988598,0,0,0,0,0,0.08224312713,0.009083836526,0,0,0.001772596225,0.110932098,0,0,-0.1593415992,0.1033311176,0,0,0,0,0,-0.01052522298,0.110932098,0,0,-0.001393112951,0.009083836526,0,0,-0.3859066209,0.1367090092,0.02798987408,0,0.09313219068,0,0,0,0,0,0,0,0,0,0,0.426209597,-0.2960506087,-0.05485420273,0,-0.2033803332,0,0,0,0,0,0,0,0,0,0
1,1,1,1,0,1500,500,v1,0.005208532967,1.49668714e-05,0,0.004572375782,0.002788404212,0.04440945715,2.967268611e-05,1.839867384e-05,0.0002296098266,0,0.008222082021,2.289121315e-05,0.001358600056,0.01423044647,0.0004026963624,0.03067467572,0.001918626946,0.03055696903,0.01426763867,1.265963925e-05,0.0001579884288,0.0002367482114,0.00565739646,1.575083633e-05,0.009107728729,0.00609365555,0.00017243963,0.01700683754,4.409864163e-06,0,0.006109581715,8.742810145e-06,6.765262552e-05,0.0001013785516,0,6.744705545e-06,0.0852212089,0.005443630108,0.001613521237,0.1591333359,0.01435976082,0,0.1229070966,0.01260589556,0.1224354702,0.0009486012357,0,0.02266802034,0.04066980992,0.002597843948,0.02721071525,0.0759426275,0.006852856825,1.969188396e-05,0.0586545101,0.006015866038,0.003668698068,0.02728183222,3.904029615e-05,2.420709984e-05,-0.1219243711,0.005750130556,-2.194207296e-05,0,-0.0009474418149,0.04860403498,-0.0001359200183,0.05339807419,0.002899391551,0.01583560638,0.001745499211,0.09850378908,0.05061658768,0.01757209748,0.001076868613,-0.2023307941,0.03045624684,0.01508018509,0.0003332166202,0.0006406622967,0.03513014226,-3.7414886e-05,0.09850378908,0.005760155477,3.015145132e-05,0,0.05339807419,0.005823541046,5.383292072e-05,0,-0.1575458261,0.02552992228,0.00618141102,0.0001808331598,3.044860735e-06,0,-2.546009362e-05,0.05061658768,0.005823541046,0.004616401831,0.07247329089,0.002899391551,0.005760155477,3.238747848e-05,0.01392531097,0.3264453742,-0.237266263,-0.1249787415,-0.00239562833,-0.02461983593,0,-0.1413332452,0.01757209748,5.383292072e-05,3.238747848e-05,0.0002707136284,0.01583560638,3.015145132e-05,0.004616401831,2.747886838e-05,-0.3041926215,0.1104684317,0.05884517527,-0.04353339869,0.01114724103,-3.709236915e-05,-0.002792413352,0.001076868613,0,0.01392531097,2.747886838e-05,0.001745499211,0,0.07247329089,0.0002707136284
1,1,1,1,3,1500,500,v1,0.001540641498,4.47784098e-06,0.000417511651,0.001765834429,0.0007370425491,0.002667611468,0.0002753154301,0.003960877004,0.001208519583,0.0005642797088,0.007729792992,0.001409616844,0,0.01347788464,1.297916312e-05,0,0.002850680234,0.01031759604,0.007694822619,0.01531959559,0.00467422524,0.001845374553,0.02989673815,0.005452014785,0.0003247434415,0.03581427132,3.448903757e-05,1.44061914e-05,4.6021312e-05,0.004291004088,0.02044716011,0.002829572859,0.01242064133,0.004903643762,0.005799422679,0.01448743197,6.59621731e-06,0,7.005443608e-07,2.926198253e-07,0.0003216225469,8.715925198e-05,0,0.0003686335642,0.0005568875014,9.960324286e-05,0.0001177983829,0.001613662693,0.001790694975,0,0.1974864693,7.943838507e-05,0.08731184122,0.0002537699661,0,0.1000740636,0.04176996537,0.1127493959,0.01560278439,0.2244723802,-0.5109497652,0.003211801007,0.0002437650662,0.0009351238595,0.004676679605,0.009948883551,0.002596632128,0.002308239524,0,0.2222761837,3.155902559e-05,0.0001027366808,0,0.1268699942,0.004601590344,-0.5314446097,0,0.02095289677,0.001198953961,0.01790141768,-0.03933071103,0.009959010831,0.0001027366808,0.1277745572,0.0003034012048,0.005522686961,0.002308239524,0.1468043451,0.01873327783,0.007501816417,-0.2905735157,0.0001385545627,0.055536599,-0.004387544105,0.002828533175,-0.009821306834,-0.02673297148,0,0.1468043451,0.05735660907,0.01037350461,0,0.1277745572,0.3078911106,0.03047802055,-0.2268120115,6.873068039e-06,0,9.982389604e-05,0.0006886193619,0.0002031807185,0.002147477369,0.1268699942,0.01873327783,0.3078911106,0.009803121011,0.2222761837,0.0003034012048,0.05735660907,0.01146287181,0.1061857385,-0.001752745102,0,-0.3092536142,-0.186953022,-0.01576341758,-0.2660765766,0.004601590344,0.007501816417,0.03047802055,0.01146287181,3.155902559e-05,0.005522686961,0.01037350461,0.009803121011
1,1,1,1,3,1500,500,v1,0,0,0,0,0,0,0,0,0,0,0,0,0,0,0,0,0,0,0,0,0,0,0,0,0.04557389791,0,0,0.05921973018,0,0,0,0,0,0,0,0,0.3449815029,0,0,0.4482765894,0,0,0,0,0,0,0,0,0.04433647898,0,0,0.05761180068,0,0,0,0,0,0,0,0,0,0,0,0,0,0,0,0.3825966909,0,0,0,0.4971473256,0,0,0,0,0,0,0,0,0,0,0.4971473256,0,0,0,0.3825966909,0,0,0,-0.6911971667,0.1047011558,0,0,0,0,0,0,0,0,0,0,0,0,0,0.2066098996,-0.7931059107,0,0,0,0,0,0,0,0,0,0,0,0,0,-0.6884047548,0.1019087438,0,0,0,0,0,0,0,0,0,0,0,0,0
1,1,1,1,2,1500,500,v1,0.005982256977,0.001786436039,0,0.002006678678,0.0001879156972,0,0.002145280448,0.0002584039518,0,0,0,0,0,0,0,0,0.003017598696,0,0,0.004149517254,0,0,0,0,0,0,0,0,0.0003721152759,0,0,0.0004468626967,0,0,0,0,0,0,0,0,0.5158408166,0,0,0.1730328155,0,0,0,0,0,0,0,0,0.1406553395,0.04200283747,0,0.04718120131,0.004418290001,0,0.05044001802,0.006075615892,-0.5972584348,0.007988652955,0.003924751055,0,0.0003694900765,0,0,0,0,0,0,0,0,0,0,-0.005213119344,0,0,0,0.0004198710904,0,0,0,0.5537700525,0.05951009098,0,0,0.1855181981,0.07147509655,0,-0.08813675931,0,0,0,0.0008133016562,0,0,0,0.1855181981,0.003587504782,0,0,0.5537700525,0.003602367595,0,0.1955646822,0,0,0,-0.6884235143,0,0,0,0.07147509655,0.003602367595,0,0,0.05951009098,0.003587504782,0,-0.6749074474,0,0,0,0.1875760293,-0.09206151018,-0.005582609419,0,0,0,0,0,0,0,0
1,1,1,1,2,1500,500,v1,0.000382801362,0,0,2.161442587e-05,0.06512402315,0.0001708422512,0,0.08236065471,0,0,0.0002950006028,0,6.8807878e-06,0.002007893647,1.047541784e-05,3.393034292e-06,0.002060493489,5.405368545e-06,0.0002384604436,0.002605852411,0,1.781195694e-05,9.333680443e-06,0,4.633275132e-06,0.01757804053,9.170670949e-05,6.54241796e-06,0,0,0.002087594305,0,0,0.0001559342057,0,0,4.828433439e-06,6.277490718e-05,9.556949026e-05,6.817991322e-06,0.0001104972357,0,3.09553817e-05,6.239095643e-06,4.931433995e-05,0.0001625023145,0,8.515317438e-05,6.287597574e-05,0.0008174563428,0.2385432374,8.878404609e-05,0.001438897646,0,0.000403101721,8.124565271e-05,0.2447922419,0.02832975058,0,0.3095823682,-0.5507244329,0.0002914978133,0,0,0.1469936235,-0.0003597733746,0,7.734186124e-05,0.001119631174,0.3283470488,7.701608803e-05,0.0001103349155,0.0005517274508,0.03901698304,0.0001040260505,-0.6557188588,1.020545573e-05,0.002219499641,1.849881092e-05,0.004651322988,1.271635596e-05,0,0.0001103349155,0.001618106159,0,0,7.734186124e-05,8.703213377e-05,0,0,-0.2647217785,1.104180109e-05,0.01961957055,-6.400009535e-05,0,0,0,0.0005517274508,8.703213377e-05,0.266470572,0.0001704168889,0.001119631174,0.001618106159,0.337021357,0.0003311439598,-0.002916748927,7.909787897e-06,9.215883689e-05,-7.519347459e-05,4.800620976e-05,0,1.268311972e-05,0.03901698304,0,0.337021357,0,0.3283470488,0,0.266470572,0,0.1739448355,-0.0001440694403,-0.001216603373,-0.2667484245,-0.001476262885,0,-0.5539728988,0.0001040260505,0,0.0003311439598,0,7.701608803e-05,0,0.0001704168889,0
1,1,1,1,2,1500,500,v1,0.01983253824,0,0.003876878955,0.004113010017,0.01801147571,0.006950100017,0,0.06919943453,0.03265552558,0.0006829989445,0.01657409832,0.01013695897,0.00594300877,0.0003223705723,0.002997922416,0.002686421279,0.004703300263,0.001814865576,0.00422603615,0.01806990854,0.008527271423,0.00252438889,0.00432796081,0.002647043615,0.008095722774,0.001148215346,0.01067796139,0.03294670825,0,0.003605816378,0.01505224104,0,0.03037232536,0.008991335784,0.0006352452085,0.009428205803,0.01206707938,0.03155156237,0.01591603509,0.04910871517,0.02749452414,0.005374649514,0.0142622688,0.005702006058,0.009635160682,0.01340203533,0.00094686473,0.02297723775,0.01818221602,0.04754069353,0.002578781418,0.07399514325,0.04142770271,0,0.0214898439,0.008591565746,0.03762372984,0.0338058881,0,0.1445490016,-0.2216054065,0.01447934079,0,-0.000785246242,0.08147852423,-0.008928611434,-0.02369341683,0.01276596942,0.0294579391,0.002558830094,0.02394442224,0.02525593265,0.01452189292,0.0326834603,0.01838632004,-0.2686790724,0.008069182116,0.004419287487,0.003477312018,0.02246824747,0.005188217803,0.007629957915,0.02525593265,0.02422002248,0,0.004249894265,0.01276596942,0.004748297986,0,0.0007765727463,-0.1127008194,0.02136201295,0.005708115742,-0.01126126939,0,0.0004142333366,-0.01820672706,0.01452189292,0.004748297986,0.02341459705,0.01110610522,0.0294579391,0.02422002248,0.08806996222,0.03059149314,-0.1527665703,0.0297612086,0.02556381284,-0.02043653748,0.01156614842,-0.002979965102,-0.02405800528,0.0326834603,0,0.08806996222,0.03786291593,0.002558830094,0,0.02341459705,0.01354236299,0.2248758807,-0.07647115629,-0.062952883,-0.03362226349,-0.04535770285,0,-0.1782698112,0.01838632004,0.0007765727463,0.03059149314,0.01354236299,0.02394442224,0.004249894265,0.01110610522,0.03786291593
1,1,1,1,1,1500,500,v1,0,0,0.0003837484362,0,0,2.056138065e-05,0,0,1.652001865e-05,3.583135333e-07,2.603653676e-06,3.296796231e-06,0.4549824274,0.002552054416,0.005687515669,0.2196759443,0,0.007984613414,0.0006312661623,0,0.006415228859,0.002140367126,0.001011078411,0.00128024688,4.095763264e-05,0.002181952317,0.004862705088,0.0009621673795,0,0.1274100144,0.0005397191599,0,0.005484884407,0.001829968429,0.0001189652599,0.001094583888,8.686929515e-06,0.08250521492,0.00103135786,0.0002040713701,0,0.02702309053,0.03983540881,0,0.001447907009,0.0003881280663,2.523199611e-05,0.0001833460735,2.385119329e-09,2.265297335e-05,1.270634143e-07,5.603068015e-08,0,0,1.093737475e-05,0,0,3.142990738e-08,0,0,-0.1102994701,0,0,0.0003837618826,0,2.298017638e-05,1.965604773e-05,5.749144161e-05,0.5583273972,0.001396735202,-0.0001224284218,0.001268748577,0.2695308983,0.0002213466041,0.0002164240142,0.1297301583,-0.6738938012,-0.001749470793,-0.003782311808,0,-0.008932584501,-0.004294094934,0.001268748577,0,0,0.1498564259,5.749144161e-05,0,0,0.0001403967749,0.01904887859,-0.000990537947,0.0006705931506,0.002318375661,0,-0.1273451753,0.001711692706,0.2695308983,0,0,0.009736182751,0.5583273972,0,0,0.001232484817,-0.8121856757,0.0001063452537,0.1219546973,0.001401272409,0,0.02696353156,0.001597159279,0.0002213466041,0,0,0.002939283434,0.001396735202,0,0,0.000904835843,-0.5539021682,3.268123498e-08,3.357623341e-05,1.564380208e-07,0,0,0,0.0002164240142,0.0001403967749,0.001232484817,0.000904835843,-0.0001224284218,0.1498564259,0.009736182751,0.002939283434
1,1,1,1,1,1500,500,v1,0.03299668397,0,0.2052281579,0.005931909239,0,0.07682960348,0,0,0,0.03401412109,0.03664870086,0,0,0,0,0,0,0.08080729377,0,0,0,0,0.03854610987,0,0,0,0,0,0,0.001467430547,0,0,0,0,0.0002432091231,0,0,0,0,0,0.02362048491,0.146911387,0,0.004246322837,0.05499802621,0,0.02434881137,0.02623476003,0,0,0,0,0.1753956118,0,0,0.03153137603,0,0,0,0,0.03807974158,0.03770490152,0,-0.2211485708,0,0.01020061771,0,0,0,0,0,0,0,0,0,0.08396989478,0,0,0,0,-0.007870448298,0,0,0.1779589193,0,0.09100135683,0,0.03222572342,0,0.01570813355,-0.0728400303,0,0,0,0,0.00170036985,0,0,0.03222572342,0,-0.08500703312,0,0.1779589193,0,-0.02914213658,-0.3847421941,0,0,0,0.02750106734,0.1483085407,0.07376927705,0,0,0,0,0,0,0,0,0.0652059689,0,0,0,-0.2053290639,0,0,0,0.01570813355,-0.02914213658,0,0,0.09100135683,-0.08500703312,0
1,1,1,1,1,1500,500,v1,0.06651631245,0.00140913522,0.0007195046272,0.08758478761,0.0003878597041,0.006001638766,0.0002624083572,0.001858519719,0.06504720102,0.0005019157063,0.001345799714,0.0004623873548,0.1666483959,0.05787455356,0,0.01565439252,0.0004909604629,0.007596992715,0.02287225937,0.002352550914,0.08233802992,0,0.00170353982,0.000585299033,0.0001589580781,0.005495480986,0,0.002169178304,0.0001693723773,8.648155797e-05,0.002171836477,3.154042754e-05,0.007818411547,0,6.032824615e-05,5.557709752e-05,0.0008852475819,0.0881254483,0,0.01208029105,0.04452462027,0.0004816212614,0.008278209647,0.05862741433,0.004017370736,0,0.0003359718152,0.0009008500173,0.0005950252798,0.05923412908,0.02057114776,0.008119851114,0.02992753121,0.0006340089628,0.005564255822,0.0394068217,0.0001745088231,0.008129801411,0.0001180647876,0.0008361994953,0.06711428843,-0.1147470646,-0.001364870081,-0.0008337520188,-0.00103309116,-0.0009097551824,-0.007561701527,0.0007409171284,0.03338776291,0.04902663212,0,0.008550644915,0.003629997608,0.01916457526,0,0.177703947,-0.168247444,-0.07829056925,0,-0.00174860449,-0.006442627563,-0.06307101619,0.008550644915,-0.008784848337,0.001760642585,0.0008315666184,0.0007409171284,-0.01053826326,0.000294383716,0.0005049340668,-0.1322072432,0.0005096986389,0.006992131877,0,0.0001007532123,5.57452546e-05,0.007064861922,0.003629997608,-0.01053826326,0.0003819989555,0.005053376644,0.03338776291,-0.008784848337,0.002428854294,0.001719490376,-0.1627811911,-0.009573813532,0.08095756592,0,0.06527624442,-0.0001129936945,0.002837138063,0.01916457526,0.000294383716,0.002428854294,0.09457560816,0.04902663212,0.001760642585,0.0003819989555,0.0007761754123,-0.2211690602,0.002869740194,0.06261137127,0.02583763248,0.06235289449,-0.0001059006648,0.0009077934834,0,0.0005049340668,0.001719490376,0.0007761754123,0,0.0008315666184,0.005053376644,0.09457560816
1,1,1,1,3,1500,500,v1,0.001823356274,0,0.005703551884,0.002560714748,0,0.0004875233508,0,0,0,0.003659008822,0.000396852025,0,0,0,0,0,0,0.009171873286,0,0,0,0,0.007466055688,0,0,0,0,0,0,0.05703579289,0,0,0,0,0.03659026404,0,0,0,0,0,0.1079098669,0.3375475948,0,0.1515482145,0.02885260586,0,0.2165474519,0.02348649565,0,0,0,0,0.003831638523,0,0,0.005381138846,0,0,0,0,-0.7456431447,0.004380832304,0,0.009333665207,0,0.0008707740518,0,0,0,0,0,0,0,0,0,-0.05014977295,0,0,0,0,0.01560362809,0,0,0.1531926445,0,0.4121418767,0,0.2150284355,0,0.2644046368,-0.5445343142,0,0,0,0,0.09350330541,0,0,0.2150284355,0,0.02837346757,0,0.1531926445,0,0.02344574968,0.1328553491,0,0,0,-0.2590246968,-0.5538679795,-0.05102054702,0,0,0,0,0,0,0,0,-0.2546438645,0,0,0,0.00916314455,0,0,0,0.2644046368,0.02344574968,0,0,0.4121418767,0.02837346757,0
1,1,1,1,3,1500,500,v1,0,0,0,0,0,0,0,0,0,0,0,0,0,0,0.01444878103,0,0,0,0,0,0,0.1081834884,0,0,0,0,0.1014288683,0,0,0,0,0,0,0.7594362999,0,0,0,0,0.001944365133,0,0,0,0,0,0,0.01455819716,0,0,0,0,0,0,0,0,0,0,0,0,0,0,0,0,0,0,0,0,0,0,0,0,0.1275464613,0,0,0,0.9550484469,-0.8443312761,0,0,0.122601342,0,0,0,0,0,0,0,0,0,0,0,0.1391032057,0,0,-0.8608331401,0,0,0,0,0,0,0,0,0,0,0,-0.7382317984,0,0,0.01650186372,0,0,0,0,0,0,0,0,0,0,0,0,0,0,0,0,0,0,0.9550484469,0,0,0,0.1275464613,0,0,0
1,1,1,1,3,1500,500,v1,0,0,0,0,0,0,0,0,0,0,0,0,0,0,0.06392544157,0,0,0,0,0,0,0.07645194236,0,0,0,0,0.01662473944,0,0,0,0,0,0,0.01988243789,0,0,0,0,0.3748325864,0,0,0,0,0,0,0.4482828524,0,0,0,0,0,0,0,0,0,0,0,0,0,0,0,0,0,0,0,0,0,0,0,0,0.441419534,0,0,0,0.5279442752,-0.7865165022,0,0,0.1402739628,0,0,0,0,0,0,0,0,0,0,0,-0.6827477122,0,0,0.03650517289,0,0,0,0,0,0,0,0,0,0,0,0.1767791356,0,0,-0.8230216752,0,0,0,0,0,0,0,0,0,0,0,0,0,0,0,0,0,0,0.5279442752,0,0,0,0.441419534,0,0,0
1,1,1,1,0,1500,500,v1,0,0,0,0,0.1496726604,0.02325421325,0,0.02151314051,0.03059936831,0,0.07695998721,0.05161154421,0,0,0,0,0.128003015,0.01988746241,0,0.01839846262,0.02616918407,0,0.06581770092,0.04413921187,0,0,0,0,0,0,0,0,0.08789546643,0,0,0.1482521046,0,0,0,0,0,0,0,0,0.002573037945,0,0,0.008515487717,0,0,0,0,0,0,0,0,0.08458076915,0,0,0.01215718332,0.02210346218,0,0,0,-0.05658387512,-0.0649941627,0.07730611333,0,0,0,0,0,0,0,0,-0.1873720337,0,0,0,0.06796874413,0.02932822911,0.0679065982,0,0,0,0,0,0,0,0,0.1452127115,0,0,0,0,0,-0.2330633123,0,0,-0.1195355783,0.007694310116,0,0,-0.01638791929,0.02970597962,-0.03566593359,0,0,0,0,0,0.01073240707,0,0,-0.01638791929,0.04991013617,0,0,-0.1195355783,0.08186576506,0.01138486899,0,0,0,0,0,0.07923079599,0,0,0.02970597962,0.08186576506,0,0,0.007694310116,0.04991013617
1,1,1,1,4,1500,500,v1,0,0,0,0,0,0,0,0,0,0,0,0,0,0,0,0,0,0,0,0,0,0,0,0,0.3435238972,0,0,0.5327666236,0,0,0,0,0,0,0,0,0.01640518372,0,0,0.02544258031,0,0,0,0,0,0,0,0,0.0320914751,0,0,0.04977024009,0,0,0,0,0,0,0,0,0,0,0,0,0,0,0,0.4426423215,0,0,0,0.6864377747,0,0,0,0,0,0,0,0,0,0,0.6864377747,0,0,0,0.4426423215,0,0,0,0.1235382496,-0.876258315,0,0,0,0,0,0,0,0,0,0,0,0,0,-0.7944723099,0.04175224437,0,0,0,0,0,0,0,0,0,0,0,0,0,-0.8345060708,0.08178600525,0,0,0,0,0,0,0,0,0,0,0,0,0
1,1,1,1,0,1500,500,v1,0.03086365779,0.009505209055,0.04723563437,0.04208510817,0.01146948358,0.0006488902029,0.001627840065,0.01885560556,0.00927597569,0.03454634852,0.001306877107,0.03133947757,0.0007306340894,0,7.238429132e-05,0.002246276476,0.000331430671,1.875081069e-05,0,0.0005448655084,0.0002680454465,6.074415535e-05,3.776448638e-05,0.0009056086971,0.01934183469,0,0.004971387198,0.004674690745,0.01886443351,0.09374580595,0,0.003230679145,0.01840948743,0.004171937181,0.06856212112,0.06219763157,0.01439812547,0.03735437555,0.003700717009,0.003479855192,0.0455971582,0.06978468681,0.1148430607,0.06217543454,0.0009586533597,0.003105603783,0.05103786886,0.001930745947,0.002101230669,0.005451415165,0,0.0005078423902,0.006654348681,0.002049367439,0.01675994294,0.009073745759,0.002472874196,0,0.0003509699162,0.00406535657,-0.1970687318,0.02903993934,0.004064831236,0.07816513932,-0.02945980621,0.0001384300587,0.03296247579,0.01394344693,0.04677612558,0,0.005170980899,0.003546369376,0.1437409009,0,0.00360504588,-0.2044579662,0.002941783489,0,0.0001096105942,0.000727575735,1.512369771e-05,0.001062477294,0.003546369376,0.01899357317,0.01736020462,-0.03272824518,0.01394344693,0.03911990441,0.002785627311,-0.02240352102,0.2033730694,-0.01630626,0,-0.007266029914,-0.01960837851,-0.1203540529,-0.07625927881,0.1437409009,0.03911990441,0.01308068765,0.0006583519906,0.04677612558,0.01899357317,0.021478185,0.001540326787,0.006269654655,0.002302053838,-0.1520632011,0.001305734799,-0.08311383286,0.0789434243,-0.001619339607,0,0.002785627311,0.021478185,0.01604365113,0,0.01736020462,0.01308068765,0.04730783737,-0.2614752947,0.002344328622,0.0221100663,0,0.01533157503,0.002112992652,0.005692982043,0.00360504588,-0.02240352102,0.001540326787,0.04730783737,0.005170980899,-0.03272824518,0.0006583519906,0.01604365113
1,1,1,1,1,1500,500,v1,0.07794822385,0,0,0.03776815688,0.01134289549,0.02088239808,0,0.04626873851,0,0,0.01576098512,0,0.05908259294,0.06248463908,0.0002207466309,0.005184135971,0.009642682693,0.01775228721,0.07791334302,0.03933341046,0,0.01172343731,0.01339853466,0,0.001415075071,0.004239270204,1.49765547e-05,0.0008839154909,0,0,0.00528603059,0,0,0.000795376579,0,0,0.002916721174,0.008262145027,3.086934049e-05,0.001821906894,0.009266451054,0,0.0007249526654,0.004489862114,0.002482490429,0.001639412463,0,0.001873659077,0.02416806674,0.06846045973,0.07240249461,0.01509639242,0.07678217909,0,0.006006986393,0.03720317465,0.0111732146,0.09028011494,0,0.04557659419,0.03082818917,-0.02436853504,0,0,-0.03148404406,-0.02454040148,0,0.03003772984,0.04058980305,0.04050460547,0.000283218512,0.01868357311,0.003746455302,0.04389417144,0.01480667551,-0.1503535349,-0.0001562200047,0.04226734183,-0.01141266597,0.03184723219,-0.009081219519,0,0.01868357311,0.04656168415,0,0,0.03003772984,0.02627683304,0,0,-0.1100029232,0.002015431086,0.008865765331,0.0003150773425,0,0,0,0.003746455302,0.02627683304,-0.007741359289,0.02722543765,0.04058980305,0.04656168415,-0.03561283033,0.01763742197,-0.1813484193,0.004241757785,0.008475187474,0.001037659286,0.01331487876,0,0.003713047923,0.04389417144,0,-0.03561283033,0,0.04050460547,0,-0.007741359289,0,0.05501879533,-0.03873805754,-0.03787647303,-0.1073989584,-0.03750535516,0,0.02853960495,0.01480667551,0,0.01763742197,0,0.000283218512,0,0.02722543765,0
1,1,1,1,3,1500,500,v1,0,0,0,0,0.005368352016,0.12706999,0,0.06134822091,0.2409061895,0,0.07013145277,0.3141562021,0,0,0,0,0.0003042655276,0.00720202726,0,0.003477072433,0.01365399449,0,0.003974885294,0.0178056324,0,0,0,0,0,0,0,0,0.0006485689815,0,0,0.0008457730723,0,0,0,0,0,0,0,0,0.08539768069,0,0,0.04713200505,0,0,0,0,0,0,0,0,4.648364657e-05,0,0,0.0005312038053,0.1767222416,0,0,0,-0.06666971918,-0.1928463189,-0.5549834134,0,0,0,0,0,0,0,0,-0.6840603767,0,0,0,0.003718733115,0.01115488082,0.03140955339,0,0,0,0,0,0,0,0,-0.5235738602,0,0,0,0,0,0.001493845626,0,0,0.007526523592,0.05197985839,0,0,0.08604138704,0.02799802475,-0.181691438,0,0,0,0,0,0.1283728492,0,0,0.08604138704,0.339877136,0,0,0.007526523592,0.4432428855,-0.06295098612,0,0,0,0,0,0.0005723790636,0,0,0.02799802475,0.4432428855,0,0,0.05197985839,0.339877136
1,1,1,1,0,1500,500,v1,0,0.004900359328,0.05150233415,0,0.02909318244,0.0073342297,0.01133051395,0.01225339253,0.1752775755,0.006331052409,0.04505076864,0.08976631744,0,0.01889294281,0.007767779989,0,0.01492301727,0.003762009767,0.004288644382,0.006285238431,0.08990664023,0.006663287476,0.02310827974,0.04604461229,0,0.01152561654,0.004738724633,0,0.001533408599,0.01611598594,0.002616282234,0.003545517043,0.05484743535,0.004064930333,0.00198109762,0.02808945912,0,0,0.02214307985,0,0,0.07530666817,0,0,0.01072410428,0.01899457848,0.009257259322,0.06587319469,0,0,0.005075057968,0,0,0.0006752035783,0,0,0.004008649074,0.001152023751,0.001561192363,0.001688352614,0.148961241,0,-0.01409375412,0.01573796429,-0.03819297475,0.01841171296,-0.2523808544,0,0,0.01895154402,0.0203901612,0,0,0.005165407307,0.01499056677,-0.2809068641,0,-0.01549829204,0.003904541927,0.01404352072,0.02509538591,0.1252905439,0,0,0.004240188667,0.0293772337,0,0,0.01033726224,0.005771247065,-0.2292840463,0,0.0002222628236,0.007725205646,0.003945552629,0.01748497457,0.08152299292,0,0,0.022293875,0.004576071831,0,0,0.01059429561,0.02679384758,0.08835978525,0,0,-0.03521689957,0,-0.05665525935,-0.06442037846,0.005165407307,0.01033726224,0.01059429561,0.04427034641,0.01895154402,0.004240188667,0.022293875,0.02408062998,-0.04957368479,0,0,-0.0008019383366,0,0.0004299008813,0.002224006977,0.01499056677,0.005771247065,0.02679384758,0.02408062998,0.0203901612,0.0293772337,0.004576071831,0.04427034641
1,1,1,1,2,1500,500,v1,0,0,0,0,0,0.0001350646076,0,0,0,0,0.02877891404,0,0.03173411873,0,0.07848222406,0.1417606277,0,0.0003800526817,0,0,0,0.09623833702,0.08097978928,0,0,0,0.1676599841,0,0,0,0,0,0,0.2055920082,0,0,0,0.003816333813,0.009438244305,0,0,0,0.01704808258,0,4.570500011e-05,0.01157358812,0,0.009738600609,0,0.0213271305,0,0,0,0,0.09527119477,0,0,0,0,0,-0.07041831703,0,0,0,0,0.02769534016,0,0,0.01130764043,0,0.1198344857,0,0.04974614649,0,0.1467208079,-0.202320717,-0.149597225,0,0.1709352796,0,-0.08014636924,0,0,0,0,0,0,0,0,0,0.1918983487,0,0,-0.3696018777,0,0,0,0.04974614649,0,0,0.0003337443614,0.01130764043,0,0,0.0637507208,-0.3125432855,0,0.02072313341,0.02096306909,0,0,0.009728052405,0,0,0,0,0,0,0,0,-0.1288740917,0,0.08817156703,0,0,0,0,0.1467208079,0,0.0637507208,0,0.1198344857,0,0.0003337443614,0
1,1,1,1,0,1500,500,v1,0,0,0,0,0,0,0,0,0.002925231998,0,0,0.0491225082,0,0,0,0,0,0,0,0,0.02718120483,0,0,0.4564454916,0,0,0,0,0,0,0,0,0.02609642591,0,0,0.4382291375,0,0,0,0,0,0,0,0,0,0,0,0,0,0,0,0,0,0,0,0,0,0,0,0,-0.03472304658,0,0,0,0,0,0.05200048863,0,0,0,0,0,0,0,0,0.1164802489,0,0,0,0,0,-0.09920280683,0,0,0,0,0,0,0,0,-0.04720231817,0,0,0,0,0,0.06447976016,0,0,0,0,0,0,0,0,0,0,0,0,0,0,0,0,0,0,0.0003303720902,0,0,0,-0.02624653494,0,0,0,0,0,0,0,0,0,0,-0.02624653494,0,0,0,0.0003303720902
1,1,1,1,3,1500,500,v1,0,0.0004586232778,0,0,0.003314609983,0,0.0003976151149,0.0003006814686,0.0002431707895,0,0,6.900713367e-05,0.005076412316,0.001587756385,0.0002639320008,0.00499644557,0.002833544174,0,0.0006380638814,0.0002570420737,0.0002078782051,0.0002683414624,0,5.899178564e-05,0.2692478362,0.09301581136,0.01546197479,0.02058125581,0.02296817869,0,0.0373798085,0.01991284666,0.01217816542,0.01572029505,0,0.003455926146,0.03180648178,0.03513121832,0.001826536571,0.002431281703,0,0,0.03457780992,0,0,0.001857052169,0,0,0.07885397344,0.08709659169,0.02724131945,0.00602758344,0,0.006726635866,0.08572459299,0,0.04861544425,0.01094733562,0.005831828043,0.00441010051,-0.095473528,0,0.0008488355191,0,0.00357945458,0,0.0003106494411,0.2365567859,0.06984729907,0.09607418839,0.01998027315,0.01812230705,0.06873700449,0.03866757595,0.02031672501,-0.2863805513,0.009984235397,0.002213027876,0.0005208104485,0.003057375409,0,0.0002660074895,0.01812230705,0,0.02367650382,0,0.2365567859,0,0.02053980123,0,0.1762183751,-0.2880323596,-0.1297642728,-0.03104433639,-0.04275685765,0,-0.01560011127,0.06873700449,0,0.06358811873,0,0.06984729907,0,0.00576227834,0,-0.3961649488,0.03417097022,0.06929485558,0.003658860443,0,0,0,0.03866757595,0.02053980123,0.00576227834,0.01755095887,0.09607418839,0.02367650382,0.06358811873,0.004984222423,-0.3374047344,0.08407532763,-0.1716686265,0.03772340195,0,0.01243048541,-0.05287042801,0.02031672501,0,0,0.004984222423,0.01998027315,0,0,0.01755095887
1,1,1,1,4,1500,500,v1,0.0001836261851,0.000123334746,0.01494462199,0.001651843261,0,0.05445238399,0.02389098875,0,0.008652205053,0.002524296479,0.003370978465,0.01634995117,0,0,0.3459232079,0,0,0.04648505946,0,0,0.007386237974,0.1095851366,0.002877746077,0.01395767085,0.0006923638402,0,0.1150426467,0.0008537533279,3.501556199e-05,0.004242878465,0,0.006782812022,0.002456419073,0.03644440115,0.0007166647092,0.004641860851,0.0005658995624,0,0.09402943895,0.0006978103226,4.261036449e-05,0.003467892064,0,0.0003833094032,0.01263564849,0.02978761955,0.0005857617365,0.0007822338683,0.002552317148,0,0,0.003147260346,0.0001921810356,0.0001290807147,0,0.001728799999,0,0,0.02500403174,0,0.02922317865,-0.001326444725,-0.01064065166,-0.01520333511,0,-0.01705931509,-0.01312775828,0.003386695853,0,0,0.207754487,0.003604534703,0,0,0.0657558359,0.2588263893,0,0,-0.4517398564,0,0.005671489008,-0.0009749265062,0.003604534703,0.0003157659295,8.908741761e-05,0.01228260813,0.003386695853,0.002707492944,0.01561510725,0.002376393542,-0.3789225164,2.688559356e-05,0,0.1493839578,0.00590606553,0.002259755488,0.00658733378,0,0.002707492944,0,-0.00416046035,0,0.0003157659295,0,0.001702468401,-0.3338218047,0.0001827250351,0,0.1200156838,0.0002754456746,0.003170911849,0.01302648741,0,0.01561510725,0,0.003865556448,0,8.908741761e-05,0,0.007407470058,-0.005575974577,-0.004870431003,0,0,-0.0009645068646,-0.005734876971,0,0.0657558359,0.002376393542,0.001702468401,0.007407470058,0.207754487,0.01228260813,-0.00416046035,0.003865556448
1,1,1,1,2,1500,500,v1,0.0002618094964,0.0003746263075,7.631081017e-05,0.0009006748352,0,0.003876450805,2.229026189e-05,0,0.0002770460679,3.511682355e-05,0.0001120775221,0.0002968336115,0.08521708442,3.028243196e-05,0.03290772214,0.01397334314,0,0.1312004305,0.0001019554311,0,0.009376763743,0.01904019434,0.0037933202,0.01004648313,1.511342571e-05,5.077035532e-07,0.0005517181541,1.401254818e-05,0.0002125781913,4.330185488e-05,1.709345363e-06,1.264840045e-05,0.0001572071978,0.0003192205413,1.99267128e-05,0.0001684354542,0.001862887059,0.1761042084,0.06800500623,0.001727192442,0.01831173275,0.005337404414,0.02887642248,0.06299586953,0.2711304675,0.03934725501,0.002456174802,0.007839034338,1.50545394e-05,0.001423150014,5.057253923e-07,1.395795121e-05,0.0001479825096,0.0002117499248,0.0002333588812,0.0005090881894,0,1.702685256e-06,1.25991186e-05,0,-0.2512711,0.001156344653,-0.0002587275216,0.0001054702772,0,0.003982533873,0.0005529502603,0.002721461315,0.1344464811,4.00355369e-05,0.05180273634,0.002531112354,0.02210254339,0.0001299679845,0.03000342991,-0.5825875651,0.09845600154,-0.0001163892417,0.05161339444,0,0.1344657307,-0.0192848289,0.002531112354,0.02685060503,0.0003638244468,0.00779360125,0.002721461315,0.09236037157,2.927189352e-05,0.003545824761,-0.08569528139,2.904379113e-05,1.871412836e-06,0.0008703053068,2.489123065e-05,6.311363087e-05,0.0003242165497,0.02210254339,0.09236037157,0,0.2040936699,0.1344464811,0.02685060503,0,0.005950132645,0.2930757324,-0.003559383499,-0.2044749261,-0.1070211438,-0.08128259349,-0.007728201237,-0.2784774657,0.0001299679845,2.927189352e-05,0,0.01334282347,4.00355369e-05,0.0003638244468,0,0.01426866963,-0.1900238644,2.862392847e-05,0.001652908101,1.182147856e-06,0.0006522630712,-2.822793549e-05,0,0.03000342991,0.003545824761,0.005950132645,0.01426866963,0.05180273634,0.00779360125,0.2040936699,0.01334282347
1,1,1,1,3,1500,500,v1,0,0,0,0,0.03216687876,0,0,0.04031933447,0,0,0,0,0.0107129949,0.02745483084,0,0.01247923597,0.03175566842,0,0.1382708342,0.03980390594,0,0,0,0,0,0.04442183885,0,0,0,0,0.2237218197,0,0,0,0,0,0,0.1431591869,0,0,0,0,0.166761703,0,0,0,0,0,0,0.003659257353,0.009377797014,0,0,0,0.004262555559,0,0.01084684201,0.04722942288,0,0.01359589329,0.001429687485,0,0,0,-0.004507332332,0,0,0,0.1929366148,0.0119230759,0,0,0.2247572336,0.06154907853,0,-0.4814646131,0.02310701423,0.1495391334,0,-0.02170318203,0,0,0,0,0,0,0,0,0,0,0.2058134894,0,-0.2547949253,0,0,0,0,0.2247572336,0,-0.001825672328,0,0.1929366148,0,0.006442139569,0,0.03102556817,0,-0.3094881343,0,0,0,0,0.06154907853,0,0.006442139569,0,0.0119230759,0,-0.001825672328,0,-0.4178474262,0,0.00791855393,0.05627435583,0,0,0.02313286951,0,0,0,0,0,0,0,0
1,1,1,1,4,1500,500,v1,0.0001385402822,0.01781810074,0.001954825884,0.0001979947825,0,0,0.02741899316,0,0,0.0001951191814,0,0,0.0004774511208,0.0003376018515,0.001023801375,0.001799513162,0,0,0.01155220605,0,0,0.001039945014,0,0,0.02508198647,0.0005443237199,0.00165069999,0.1280665005,0.01682159563,0.001845499194,0.01862590428,0.02588554315,0,0.001676728773,0.0001842068365,0,0.1018856559,0.003127033068,0.006705316243,0.520219538,0.0005312916167,0.00749661101,0.0117857869,0.0007592951774,0,0.006811047886,0.0007482674622,0,0.006366624267,0.0001954018397,0.000138167071,0.03250744479,3.319931612e-05,0.004269868301,0.000736469488,4.744678785e-05,0,0.004727860545,0.006570593098,0,0.004854436885,9.387175194e-05,-0.01211766495,0.001795489724,0,0,0,0.1056697165,0.003745725608,0.0004537204338,0.006815977654,0.5391623419,0.01427616623,0.01190508538,0.006605928031,-0.0330587721,0.00125772085,0.0009472679775,0.001652047681,0,0,0,0.5391623419,0.0005785771141,6.103148328e-05,0.005605021484,0.1056697165,0.0008527198166,0.0003823530545,0.0005810968844,-0.5959468526,0.1525176481,-0.01327569607,0.00221728298,0.001114357857,0.001878414832,0,0.01427616623,0.0008527198166,0,0,0.003745725608,0.0005785771141,0,0,0.2010863339,-0.6211441103,-0.01412970915,-0.01281726779,-0.001126112423,-0.007797983463,0,0.01190508538,0.0003823530545,0,0,0.0004537204338,6.103148328e-05,0,0,-0.5058624216,0.03873842322,0.0008573937232,0.004089224223,7.804271678e-05,0.0107077174,0,0.006605928031,0.0005810968844,0,0,0.006815977654,0.005605021484,0,0
1,1,1,1,2,1500,500,v1,0,0,0,0,0.02017944335,0,0,0.04899419708,0,0,0,0,0,0,0,0,0.1690282961,0,0,0.4103882109,0,0,0,0,0,0,0,0,0,0,0,0,0,0,0,0,0,0,0,0,0,0,0,0,0,0,0,0,0,0,0,0,0,0,0,0,0.1025138357,0,0,0.2488960168,-0.2283149394,0,0,0,0.06915956394,0,0,0,0,0,0,0,0,0,0,0.406861289,0,0,0,-0.5660166622,0,0,0,0,0,0,0,0,0,0,0,0,0,0,0,0,0,0,0,0.06997616742,0,0,0,0.1687568922,0,0,0,0,0,0,0,0,0,0,0.1687568922,0,0,0,0.06997616742,0,-0.4968570978,0,0,0,0,0,0.3377017231,0,0,0,0,0,0,0,0
1,1,1,1,4,1500,500,v1,0.001501787902,0.0425906818,0.007555395809,0.005139133977,0.04587336653,0.257452144,0.04772504764,0.004613041614,0,0.003231097398,0.002056073471,0,0.02748613897,0,0,0.04022832552,0.01291128917,0.07246119762,0,0.001298363707,0,0,0.0005786921943,0,0.0004409254527,0,0,4.776300504e-05,0.0009598172788,0.0001702672777,0,0.001075524585,0,0,7.281553103e-05,0,0.01020769117,0.05094963386,0,0.001105742483,0.0007835106887,0.003941790561,0.07456916586,0.002681181809,0.1343175734,0,0.001685723626,0.001072691783,0.0068391469,0.03413622382,0,0.0007408467937,0.0005249516868,0.01488762177,0.04996129595,0.001796390187,0.01603508799,0,0.01668234525,0.001612493997,0.2415269586,-0.005943684542,-0.08378485283,-0.00971621797,-0.04638398861,-0.2517583836,0,0.0133408549,-0.01051449058,0,0,0.001476992548,-0.0149106438,0,0,-0.1991878709,0.05330187014,0,0,0.01201248499,0.07154680734,0,0.001476992548,0.00161302204,0.04546872637,0.009464195124,0.0133408549,0.005310470702,0.04969707693,0.003621564494,-0.08374512319,4.932192017e-05,0,0,0.00158117092,6.835663892e-05,0,-0.0149106438,0.005310470702,0.03439572914,0.08040746421,-0.01051449058,0.00161302204,0.003352003888,0.000760000108,-0.09583957854,-0.008348036456,-0.08359508141,0,0.0003791229874,0.0009240215734,0.1260999335,0,0.04969707693,0.003352003888,0,0,0.04546872637,0.03439572914,0,-0.1607316731,-0.001579850422,0.0472433008,0,0.0009488997319,0.01875981305,0.009206348284,0,0.003621564494,0.000760000108,0,0,0.009464195124,0.08040746421,0
1,1,1,1,1,1500,500,v1,0.004548355277,0.004392988491,0.01911448282,0.03073847682,0.0006140083581,0.00241705659,0.0008935699975,0.00350717589,0,0.002104599714,0.003617003699,0,0.00702725075,0,0,0.0009847664805,0.0001256610129,0.000494667174,0,0.0007177675499,0,0,0.0007402445626,0,0.0235434576,0,0,0.06470905608,0.005339366168,0.02323229916,0,0.001086071002,0,0,0.002557991793,0,0.02927813682,0.05189936083,0,0.08047078851,0.006874754793,0.02889118689,0.007272936846,0.04646063862,0.003653336285,0,0.003181063502,0.005467034125,0.06612007192,0.1172065522,0,0.1817306325,0.01552555356,0.01499521782,0.01642478516,0.1049240526,0.002095882812,0,0.003050150661,0.01197154659,-0.1089056711,0.03323357128,0.002308973294,0.011167706,0.001796047691,-0.0003338618042,0,0.02124983607,0.08721868111,0,0,0.05459921696,0.0122569591,0,0,-0.09228072627,0.007936435237,0,0,0.0005639832689,0.0006390698379,0,0.05459921696,0.006869080096,0.01145957638,0.0004664590268,0.02124983607,0.04416038493,0.002540907783,0.0003672281782,-0.1553866329,0.0850134638,0,0,0.00477190044,0.005145785837,0,0.0122569591,0.04416038493,0.002452010031,0.00386807709,0.08721868111,0.006869080096,0.01295087023,0.005965259773,-0.3488176896,0.1059608818,0.05875697977,0,0.04981575638,-0.01686928332,-0.006860765949,0,0.002540907783,0.01295087023,0,0,0.01145957638,0.002452010031,0,0.3501579928,-0.2415403809,-0.1330105082,0,-0.1170689709,-0.01641452983,-0.0126286178,0,0.0003672281782,0.005965259773,0,0,0.0004664590268,0.00386807709,0
1,1,1,1,1,1500,500,v1,0.01866177127,4.045752077e-05,0.005288420666,0.006716655918,0.0001694360612,0.00531788826,0.0004765071205,0.001987422504,0.0009263961625,0.002957179437,0.001163769826,0.0003260580915,0.001039705522,0,0.0007929996174,0.01668860861,0.0002138012148,0.006710324602,0,0.002507809392,0.001168963817,0.0004015402455,0.001468491423,0.0004114331716,0.023167589,0,0.00407782318,0.009354621722,0.0002625179472,0.03431513624,0,0.003091926265,0.006011134994,0.002064830909,0.01918834028,0.002115703069,0.02843563635,0.006562176007,0.005005073986,0.01148175675,0.1486259719,0.04211800957,0.1053313507,0.05349275258,0.04235269521,0.002534350071,0.02355155153,0.009268488983,0.02592952529,0.005983833336,0,0.01046983786,0.135527155,0.0002938141621,0.09604820826,0.04877828875,0.001230493451,0,0.003460531877,0.01443323433,-0.1677724263,0.02511641421,0.0003162603589,0.007791547134,0.001654165302,0.006002364415,0.0001739675104,-0.01522388341,0.001147806198,0,0.005197189407,-0.005561907474,-0.001067346603,0,0.00262870076,-0.08659420272,0.01730896267,0,0.0008726028129,0.001545696007,0.006937361256,-0.0001276832723,-0.005561907474,0.03323800471,0.0004363678075,0.03352527393,-0.01522388341,0.01578298221,0.004358526508,0.02055586145,-0.04306175462,0.006462711543,0,-0.0005411948415,-0.001323894444,0.007899663915,-0.007021181099,-0.001067346603,0.01578298221,0.001337476395,0.04575607132,0.001147806198,0.03323800471,0.01452177302,0.01010187913,0.1272658238,0.007499282285,-0.03583206062,-0.005548668083,-0.08884780436,-0.05174530132,-0.05017835936,0,0.004358526508,0.01452177302,0.007831307235,0,0.0004363678075,0.001337476395,0.002631038063,-0.06610026699,-0.0001047998822,0.01846945821,0,0.03105073218,-0.002188962127,-0.01377269425,0.00262870076,0.02055586145,0.01010187913,0.002631038063,0.005197189407,0.03352527393,0.04575607132,0.007831307235
1,1,1,1,4,1500,500,v1,0.03265565364,0,0.001213986642,0.00810194013,0.0005129868305,0.004726912464,0,0.004664384072,0.004533493743,0.0002289798164,0.003025270863,0.003103863768,0.0186674081,0,0.0448030666,0.002200256118,0.0005300926759,0.00488453412,0,0.004819920683,0.004684665739,0.0009608874411,0.003126150287,0.003207363918,0,0,0.00823175723,0,0,0.0002304858715,0,0,0.0008607230263,0.0001765457756,4.347380005e-05,0.0005892954015,0,0.1114845185,0.2675705316,0,0.2015275891,0.007491866615,0.01314025453,0.04999944205,0.02917115926,0.00573856173,0.001413101415,0.01866983127,0,0.03633507698,0,0,0.06568194907,0,0.004282676792,0.01629583731,0.001031796063,0,0,0.009381708921,-0.224634858,0.04021071662,0,0.001404770546,0.002053019258,0.007602209679,-0.003168342937,0,0.08489779966,0,0.3219850412,0,0.01005391787,0,0.006909122278,-0.394905017,0.0206511709,0,0.04544387473,0.002692069296,0.007711668385,-0.003920352329,0,0.1557755792,0,0.009087849302,0,0.0385793312,0,0.001711967294,-0.242170572,0,0,0.008348200588,0,0.0002710237266,0.0007844056827,0.01005391787,0.0385793312,0.000286779077,0.02946041679,0.08489779966,0.1557755792,0.001596035882,0.01884433476,0.2513281224,0,-0.123552386,-0.2730548506,-0.2498650749,-0.008875671989,-0.04751704576,0,0,0.001596035882,0.004656491961,0,0,0.000286779077,0.00479994242,-0.3078104845,0,0.03960007013,0,0.0800844179,0,-0.006000298531,0.006909122278,0.001711967294,0.01884433476,0.00479994242,0.3219850412,0.009087849302,0.02946041679,0.004656491961
1,1,1,1,4,1500,500,v1,0,0,0,0,0,0,0,0,0,0,0,0,0,0.1711469014,0,0,0,0,0.2725527129,0,0,0,0,0,0,0.1846419438,0,0,0,0,0.2940436683,0,0,0,0,0,0,0,0,0,0,0,0,0,0,0,0,0,0,0,0.02993811032,0,0,0,0,0,0,0.04767666328,0,0,0,0,0,0,0,0,0,0,0,-0.01277336423,0,0,0,-0.01428631951,0,-0.1577654894,0,0.1758052785,0,0,0,0,0,0,0,0,0,0,0,0,0.253387845,0,-0.235348056,0,0,0,0,0,0,0,0,0,0,0,0,0,0,0,0,0,0,0,-0.01428631951,0,0,0,-0.01277336423,0,0,0,-0.0595427774,0,0,0.07758256651,0,0,0,0,0,0,0,0,0,0,0
1,1,1,1,3,1500,500,v1,0.008863307194,0,0.09493802053,0.0002120672702,0.001735537942,0.06277837458,0,0.001143994207,0.0116466344,0.1379482657,0.01045991622,0.009906274861,0.005394830054,0,0.005228811621,0.00879046443,0.002720619514,0.09841102679,0,0.001793318882,0.01825719856,0.002139341121,0.01639690582,0.01552902074,0,0,0.003641851274,0,0,0.1036556738,0,0,0.01271608286,0.001490044536,0.1506153208,0.01081591537,0,0.001401728473,0.001358592218,0,0.003610070015,0.03866873771,0.00228400972,8.637607572e-05,0.02556995066,0.0005558609507,0.0561870289,0.004260376976,0,0.01127087824,0,0,0.02902749025,0,0.01836503713,0.0006945241188,0.005683917931,0,0,0.003746601573,-0.1389422354,0.002135848282,0,0.03912600848,0.001917229563,0.03206289819,0.0142551768,0,0.01246785449,0,0.004039420223,0,0.0203806033,0,0.002273486067,0.05327632726,-0.003872658542,0,-0.003421970436,-0.001842071916,-0.09513304271,-0.02265706076,0,0.02911590411,0,-0.005102036602,0,0.0006935931537,0,-0.02185420156,0.1215249575,0,0,-0.002169274814,0,-0.1139953454,0.003841811294,0.0203806033,0.0006935931537,0.006697999697,0.0478695223,0.01246785449,0.02911590411,0.003900206402,0.006006514098,-0.1914302594,0,0.003145998094,0.001382641054,0.002981564713,0.09284016246,0.02715278696,0,0,0.003900206402,0.00316233369,0,0,0.006697999697,0.003677775317,0.004465910199,0,-0.02117231141,0,-0.02499041115,0,-0.007140628373,0.002273486067,-0.02185420156,0.006006514098,0.003677775317,0.004039420223,-0.005102036602,0.0478695223,0.00316233369
1,1,1,1,2,1500,500,v1,0,0,0.1807344519,0,0,0,0,0,0,0.02643804304,0,0,0,0,0,0,0,0,0,0,0,0,0,0,0,0,0,0,0,0.06738349657,0,0,0,0,0.009856935212,0,0,0,0,0,0,0.6242683785,0,0,0,0,0.09131869485,0,0,0,0,0,0,0,0,0,0,0,0,0,-0.6376733922,0,0,0.2067928935,0,0,0,0,0,0,0,0,0,0,0,0,0,0,0,0,0,0,0,0,0,0.5642754035,0,0,0,0.0820453436,-0.5081107233,0,0,0,0,0.07723022456,0,0,0,0,0,0,0,0,0,0.284023118,0,0,0,0,-0.7149036168,0,0,0,0,0,0,0,0,0,0,0,0,0,0,0,0,0,0.0820453436,0,0,0,0.5642754035,0,0
1,1,1,1,4,1500,500,v1,0.000305600105,3.846835242e-05,3.601102306e-05,9.728352578e-05,0.001568457268,0,9.048406879e-05,0.001205623957,0.0004828662221,8.490079305e-05,0,0.0003436427273,0,0.02247093807,0,0,0.06679323809,0,0.1009358334,0.05134186926,0.02056300749,0,0,0.01463413188,0.1193183411,0.04218080905,0,0.008884575187,0.003075084797,0.002878650697,0.1894693984,0.007233119351,0.03859938066,0,0.006786803217,0.02747012699,0.002869743907,0,0,0.0002136842943,0.0005875474491,6.923487391e-05,0,0.0001870375254,0,0,0.0001632304556,0,0.05143087582,0,0.0181815799,0.003829599699,0.01052988729,0.001325481924,0,0.003352042571,0.05404343119,0.08166872763,0.003117757586,0.04154149219,-0.138475427,0.0001532677393,0.0001009279414,0.0001204025984,0.002636523641,0,0.0007844389647,0.09899515771,0,0.003288097374,0,0.008172300062,0,0.01528503973,0,-0.1742280372,0,0.1144021796,0,-0.07269061284,0,0.01419764528,0.008172300062,0.01435240929,0.003295660741,0.004155576712,0.09899515771,0.004635195304,0.006877235343,0.009798621141,0.2778838023,-0.1218344527,-0.2219900122,0,-0.009334283038,-0.009654762598,-0.05697297629,0,0.004635195304,0.0587144893,0,0,0.01435240929,0.03720427334,0,-0.09674720376,0.002852994329,0,0,0.0002564752941,0.0002315613438,0,0.01528503973,0.006877235343,0.03720427334,0.03758906592,0.003288097374,0.003295660741,0.0587144893,0.02539727212,-0.305446992,0.04753648655,0,0.09520574127,-0.0130681461,0.002451424374,0.006108247439,0,0.009798621141,0,0.02539727212,0,0.004155576712,0,0.03758906592
1,1,1,1,4,1500,500,v1,0.001158370558,0.05793824432,0.03140173261,0.006309461882,0.01543474864,0.02605337152,0.01655289277,0.005608682711,0.03008014126,0.01670154047,0.01150960505,0.001698210504,0.0001019867159,0.001185913114,0,0.0002917500054,0.001245227005,0.002101904121,0.001356139805,0.0004524908914,0.002426771246,0,0.0009285587577,0.0001370062855,0.001386478069,0.002320831644,0,0.0004957024326,0.009147555765,0.004957849578,0.002653965232,0.002613446636,0.004749190673,0,0.002636915815,0.0002681212638,0.01729967227,0.002490343441,0,0.006185088549,0.002281981489,0.0618611825,0.007124042636,0.01242959355,0.05132495045,0,0.032901912,0.02267383738,0.03026702729,0.004357035887,0.05066410807,0.01082125956,0.003992491587,0.1996925348,0.01246402761,0.02174647249,0.05319809249,0.05793646499,0.05705193787,0.01933113577,-0.4708441165,0.006558394679,0.07200438383,0.03821825775,0.01940984816,0.03093075913,-0.03147927622,0.02264695663,0.003665476611,0.07060058195,0,0.007124452257,0.01036334599,0.08080609396,0,-0.2293911945,0.00036256119,0.002471587356,0,0.001653311786,0.002857838028,0.002484809037,0.007124452257,0.002909404298,0.1988432582,0.04127621217,0.02264695663,0.0163906466,0.0573931504,0.0220838207,-0.3887926549,0.001836877478,0.004922682188,0,0.01172875845,0.007460184617,0.00493439538,0.01036334599,0.0163906466,0.05453572988,0.03647560283,0.003665476611,0.002909404298,0.01996346987,0.01684122145,0.02084605863,0.01039273237,0.003419930254,0,0.002741463165,-0.08791846429,-0.06933314662,0.08080609396,0.0573931504,0.01996346987,0.03415433837,0.07060058195,0.1988432582,0.05453572988,0.001935769348,0.1375025301,-0.03207721575,-0.01313503987,-0.1083320541,-0.02216655845,-0.2545574147,-0.0707292932,0,0.0220838207,0.01684122145,0.001935769348,0,0.04127621217,0.03647560283,0.03415433837
1,1,1,1,0,1500,500,v1,0.1474853126,0,0,0.5769925484,0,0,0,0,0,0,0,0,0,0,0,0,0,0,0,0,0,0,0,0,0,0,0,0,0,0,0,0,0,0,0,0,0,0,0,0,0.01804965114,0,0,0.07061390739,0,0,0,0,0,0,0,0,0.03803966642,0,0,0.1488189141,0,0,0,0,0.2752839324,-0.7242119244,0,0,0,0,0,0,0,0,0,0,0,0,0,0,0,0,0,0,0,0,0,0.137091329,0,0,0,0.5363006583,0,0,0,0,0,0,0,0,0,0,0.5363006583,0,0,0,0.137091329,0,0,-0.5375789585,0,0,0,0.08865096632,0,0,0,0,0,0,0,0,0,0,-0.6355609582,0,0,0,0.186632966,0,0,0,0,0,0,0,0,0,0
1,1,1,1,2,1500,500,v1,0,0,0,0,0.1557730884,0,0,0.7335033989,0,0,0,0,0,0,0,0,5.428628692e-05,0,0,0.0002556229473,0,0,0,0,0,0,0,0,0,0,0,0,0,0,0,0,0,0,0,0,0,0,0,0,0,0,0,0,0,0,0,0,0,0,0,0,0.01934096791,0,0,0.09107263549,0.1106565553,0,0,0,-0.8892635033,0,0,0,0,0,0,0,0,0,0,-0.7789163347,0,0,0,0.0003093856091,0,0,0,0,0,0,0,0,0,0,0,0,0,0,0,0,0,0,0,0.2045795564,0,0,0,0.9633308653,0,0,0,0,0,0,0,0,0,0,0.9633308653,0,0,0,0.2045795564,0,-0.8889541178,0,0,0,0,0,0.1103471698,0,0,0,0,0,0,0,0
1,1,1,1,2,1500,500,v1,0,0,0,0,0.03939050865,0,0,0.01131153726,0,0,0,0,0.0008477015611,0.0113964871,0,0.01337600053,0.01039759856,0,0.003671305141,0.002985816319,0,0,0,0,0,0.4278611244,0,0,0,0,0.1378327139,0,0,0,0,0,0,0.01834881201,0,0,0,0,0.28952845,0,0,0,0,0,0,0.0006565493757,0.008826639981,0,0,0,0.01035978367,0,0.008052995483,0.002843445392,0,0.002312530648,0.02354418382,0,0,0,-0.05032121752,0,0,0,0.02522305333,0.611251959,0,0,0.3974870496,0.1969261412,0,-0.8898567945,0.01417945451,0.01506385787,0,0.0132443247,0,0,0,0,0,0,0,0,0,0,0.02672640751,0,-0.5655117943,0,0,0,0,0.3974870496,0,0.03121864702,0,0.02522305333,0,0.008946903458,0,0.02517738929,0,-0.3069841249,0,0,0,0,0.1969261412,0,0.008946903458,0,0.611251959,0,0.03121864702,0,-0.8803294984,0,0.01099793476,0.01166254962,0,0,0.01029985914,0,0,0,0,0,0,0,0
1,1,1,1,2,1500,500,v1,0.04124519175,0,0,0.1363316469,0,0,0,0,0,0,0,0,0.0001146549024,0,0,8.723459437e-05,0,0,0,0,0,0,0,0,0.0008281336719,0,0,0.006654917539,0,0,0,0,0,0,0,0,0.001032701133,0.0001329747468,0,0.008298830392,0.01101859951,0,0.000101173154,0.03642082276,0,0,0,0,0.01372704946,0.001767550037,0,0.1103111555,0.1464633432,0,0.001344831379,0.4841191894,0,0,0,0,-0.5827573682,0.1772918617,0,0,0,0,0,0.0178006965,0.002276685751,0,0,0.1429983953,0.001739947776,0,0,-0.002849963317,0.0001722076271,0,0,0,0,0,0.1429983953,0.1412864264,0,0,0.0178006965,0.4669118336,0,0,-0.1146730378,0.007473643166,0,0,0,0,0,0.001739947776,0.4669118336,0,0,0.002276685751,0.1412864264,0,0,-0.5722790755,0.009309246391,0.0002317711786,0,0.04739540182,0,0,0,0,0,0,0,0,0,0,0.241874128,-0.1239822843,-0.003081734493,0,-0.6301527711,0,0,0,0,0,0,0,0,0,0
1,1,1,1,3,1500,500,v1,0.0004657467168,0.0001604156913,0.0006461568265,0.0002426428943,0.0005989127649,0.00233326719,2.139910894e-05,0.0005383534516,0,0.0006833762961,0.004548679658,0,0.0004816768629,0,0,0.003467900453,0.000671921547,0.002617697588,0,0.0006039799203,0,0,0.005103173704,0,0.05365407699,0,0,0.0224403383,0.0001191953174,0.0004801205379,0,1.590039952e-05,0,0,0.0005077761024,0,0.5102427256,0.003033801961,0,0.2134044609,0.003291063355,0.004565878785,0.02184228475,0.001714565254,0.01648735218,0,0.004828879313,0.03214191834,0.05888969843,0.0003501464571,0,0.02463009019,0.0003798382981,0.0001308265222,0.002520928761,0.0001978866639,0.0004884414578,0,1.745197728e-05,0.0004390524967,-0.05315097578,0.000698871536,-5.826361967e-05,0.001214649089,-7.63709869e-05,0.006792012216,0,0.5964330922,0.003304986675,0,0,0.2492326697,0.02374874747,0,0,-0.06310842529,0.003901937415,0,0,-0.000125759779,0.007621881059,0,0.2492326697,0.003653705386,0.0001563942542,0.005167759681,0.5964330922,0.001897948422,2.905902783e-05,0.005453433947,-0.6478905013,0.07601689877,0,0,-5.035855812e-05,0.0009423574007,0,0.02374874747,0.001897948422,-0.0001998378787,0.01723035611,0.003304986675,0.003653705386,-0.0001268940274,0.03360819148,0.1840920636,-0.7232754863,-0.02479029363,0,-0.004969480565,-0.009237802239,-0.04830625836,0,2.905902783e-05,-0.0001268940274,0,0,0.0001563942542,-0.0001998378787,0,-0.6727283014,0.083481416,0.002852533445,0,0.0005695064858,-1.501334329e-05,0.0004199520361,0,0.005453433947,0.03360819148,0,0,0.005167759681,0.01723035611,0
1,1,1,1,3,1500,500,v1,0,0,0.00745083213,0,0,0,0,0,0,0.01672383119,0,0,0,0,0.0009649464627,0,0,0,0,0,0,0.002001300231,0,0,0.1338427559,0,0.009266377934,0.0490283915,0,0.03761641293,0,0,0,0.01921848001,0.0844322525,0,0.09680168902,0,0.006701902014,0.03545975332,0,0.027206047,0,0,0,0.01389975358,0.06106557353,0,0.2915288018,0,0,0.106790899,0,0,0,0,0,0,0,0,-0.04792226259,0,0,0.0224279694,0,0,0,0.09170671089,0,0,0.004897671551,0.03329182869,0,0,0.007981680911,-0.01104166278,0,0,0.002455427798,0,0,0,0.03329182869,0,0,0.01613030035,0.09170671089,0,0,0.02211113951,-0.1792964985,0.1801938875,0,-0.02290467611,0,-0.09540560064,0,0,0,0,0,0,0,0,0,-0.3082261418,0.131466903,0,0.01186301333,0,0.04748333802,0,0,0,0,0,0,0,0,0,0.3116607906,-0.39499315,0,0,0,0,0,0.007981680911,0.02211113951,0,0,0.004897671551,0.01613030035,0,0
1,1,1,1,3,1500,500,v1,0,0.0005084134453,0,0,0,0,0.0001193832379,0,0,0,0,0,0,0.001678735983,0,0,0,0,0.0003047074427,0,0,0,0,0,0.4327019968,0.1323891867,0,0.1180048869,0.07094744119,0,0.02402996715,0.01665954221,0,0,0,0,0.11194859,0,0,0.03053020506,0,0,0,0,0,0,0,0,0.03276406429,0,0.01002446917,0.008935294333,0,0.005372118783,0,0,0,0.001819541843,0.001261455496,0,-0.08097051338,0,0.0006269067001,0,0,0,0,0.4318456114,0,0.1811210646,0,0.1178014272,0,0.03286051471,0,-0.1446279069,0,0.001973520683,0,0,0,0,0.1178014272,0,0.09759792753,0,0.4318456114,0,0.0229174814,0,0.2050248299,-0.5505230532,-0.1563753591,0,-0.08755577068,0,0,0,0,0,0,0,0,0,0,-0.508862136,0.142430776,0,0,0,0,0,0.03286051471,0.0229174814,0,0,0.1811210646,0.09759792753,0,0,-0.649422977,0.04166091732,0,0.01174745214,0,0.006585257258,0,0,0,0,0,0,0,0,0
1,1,1,1,3,1500,500,v1,0.000112566004,0.001318606952,0.000375581724,0.0005584501408,8.11061781e-06,0.000453308323,0.001713110221,5.691808822e-06,0.0003971934545,0.000182061667,7.699980532e-05,0.0003882223231,0.003763635724,0.004898804107,0,0.01931227881,0.0001374782047,0.007683756758,0.0007816982675,9.647842822e-05,0.00673258737,0,0.001305177391,0.006580523117,0.1772406339,0.01237164294,0,0.0991015428,0.05644592315,0.01607761668,0.001974133204,0.07333351892,0.01700275519,0,0.007793557319,0.01661872583,0.01637551902,0.0008781660945,0,0.009156135156,0.0004452011192,0.001485434304,0.004506118472,0.002208683073,0.00179284478,0,0.000720058055,0.0003045359903,0.1490617901,0.007993701446,0.01040472042,0.08334574894,0.004052541829,0.04747179112,0.04101794179,0.02010502704,0.0002919941791,0.001660272946,0.06167448946,0.0002049134953,-0.1109755173,0.0001348760058,0.003008313081,0.0003463842245,-4.438553451e-06,3.594706618e-05,0.0005549962942,0.02389168667,0.006282378424,-0.002836868507,0,0.0147387477,0.03027683776,-0.0004146212413,0,-0.07242163032,0.01455164609,0.005266099588,0,-0.0001420409955,-0.00751987073,0.005970692535,0.0147387477,0.005641801999,0.02277161991,0.02174830837,0.02389168667,0.02761984166,0.02393050607,0.01050215285,0.2493235915,-0.2081950022,-0.008990027823,0,-0.07865109818,-0.02318279764,-0.02933215158,0.03027683776,0.02761984166,0.0004906841459,0.01118573331,0.006282378424,0.005641801999,0.0003845881285,0.00186422968,-0.1334954839,0.02551865493,0.004754669506,0,0.000600959941,0.001336105937,-0.001216051662,-0.0004146212413,0.02393050607,0.0003845881285,0.01739931899,-0.002836868507,0.02277161991,0.0004906841459,0.01681037513,-0.2421473914,0.1569227247,-0.04367912638,0.005891588052,-0.02291026503,0.04450803443,-0.0004370353015,0,0.01050215285,0.00186422968,0.01681037513,0,0.02174830837,0.01118573331,0.01739931899
1,1,1,1,1,1500,500,v1,0.006500264465,0,0.009833657573,0.04670315914,0.1051281985,0.009924124117,0,0.0173273179,0.04190545224,0.003586470402,0.001888014307,0.008029828074,0.06455983788,0,0.04582859502,0.0009496653849,0.1731544716,0.01634581865,0,0.02853946532,0.06902159976,0.1152819838,0.00310970914,0.01322576299,0,0,0.005350911773,0,0,0.001891127533,0,0,0.008058909303,0.01346023644,0.0006897202664,0.001544229992,0,0.001464639269,0.001039692201,0,0.0002428923062,0.0003674496291,2.154462064e-05,0.001745134847,0.0003708300496,0.002615349203,0.0001340139423,7.054853718e-05,0,0.03276616899,0,0,0.005433863832,0,0.0004819853567,0.03904127419,0.08788139599,0,0,0.01448468544,-0.1568349488,-0.03039320735,0,-0.01247704974,0.1084074954,0.00604936388,0.03034010095,0,0.05062479287,0,0.05916079306,0,0.0008083837899,0,0.1488270772,0.2963814643,-0.05953045201,0,-0.1608666771,-0.1832181348,-0.0169202252,-0.06896751247,0,0.005953377726,0,0.01176541186,0,0.030065355,0,0.004316968649,-0.2079445723,0,0,0.018613733,0,0.001323260765,0.008555821223,0.0008083837899,0.030065355,-0.02622065157,0.01320867973,0.05062479287,0.005953377726,-0.004317154033,0.00248300016,-0.2259661987,0,0.001445228571,0.003594363831,0.001942102668,0.0004322019713,0.00040974139,0,0,-0.004317154033,0.03641007092,0,0,-0.02622065157,0.008697314542,-0.1613469674,0,0.02379643898,0,0.004438616203,0,0.09516917645,0.1488270772,0.004316968649,0.00248300016,0.008697314542,0.05916079306,0.01176541186,0.01320867973,0.03641007092
1,1,1,1,2,1500,500,v1,0.001481669797,0.0002346910028,0,0.002362244009,0.002219102699,9.186890449e-07,0.001163835804,0.003646966641,6.090640011e-05,0,3.013287157e-06,8.246941762e-05,9.817753674e-05,0.1893825249,0.0002718194161,0.0003464195736,0.004745327985,1.964524146e-06,0.2284415327,0.007798671452,0.0001302422124,0.0001243167239,6.443611593e-06,0.0001763525571,0.0002126973758,0.06863185333,9.850682005e-05,0.0006529543557,0.0001818742011,0,0.0827867607,0.0009019165822,4.719952077e-05,4.505213546e-05,0,6.390981872e-05,0.00238826722,0.0003995018015,0.001106081391,0.007331681824,0.01289278891,0,0.001409642657,0.0205551287,7.993997015e-06,0.0005058667881,0,2.622019787e-05,0.000471441646,7.886127033e-05,0.1521218294,0.001447266921,0.002545024098,0.0004031223818,0.000278262101,0.004057562582,0.003811692629,0.1834960426,0.001999089253,0.006264295867,-0.03311648341,0.003508797379,-0.000646087575,0,0.0002682939011,2.465886391e-07,-5.251529433e-05,0.002652108451,0.0004493444712,-0.04478883674,0.001247482326,0.008268864625,0.001522329019,-0.05175614393,0.0005836509058,0.4028776232,6.485901983e-05,-0.3406424225,-5.486314675e-05,-0.005452178498,-4.686042179e-06,-0.0002472383559,0.008268864625,0.01375300867,0.0003527328146,0,0.002652108451,0.0215222792,0.001498067232,0,-0.09760764032,0.0006357926311,0.1510128186,9.666639836e-05,0.000190667578,0,6.516192381e-05,0.001522329019,0.0215222792,0.001431599172,1.232880367e-05,0.0004493444712,0.01375300867,0.0060976993,3.701981436e-05,0.01054878852,-0.008874434447,-0.001616129846,-0.001262558739,-0.0321328167,0,-2.845962519e-05,-0.05175614393,0.001498067232,0.0060976993,0.0001450117535,-0.04478883674,0.0003527328146,0.001431599172,0.0002068758361,-0.2336828385,0.0009579930982,0.0002368218316,0.2539929242,0.005107160774,-0.000778446702,0.0001643522831,0.0005836509058,0,3.701981436e-05,0.0002068758361,0.001247482326,0,1.232880367e-05,0.0001450117535
1,1,1,1,0,1500,500,v1,2.971962432e-05,5.317218284e-06,0,0.0002584022196,0.0002017474218,0.0003154375617,0.0007981153547,0.000155576021,5.837119572e-05,0,0.0003803964514,0.0002456417561,0.006170106697,0.01609995794,0.0006743664816,0.07154047592,0.04467596723,0.06985208556,0.04218361385,0.03445153922,0.01292601216,0.002531126805,0.08423690992,0.05439615013,5.302667216e-05,0.0003291317,1.378608487e-05,0.0003762948172,2.407107196e-05,0,0.0008623602988,0.003613071932,0.0002642466752,5.174386613e-05,0,0.001112021375,0.0001118185855,0.0002659850746,2.907104005e-05,0.0007935016943,0.0002837095003,0,0.003084014549,0.002466759466,0.003011230291,0.0001091135024,0,0.003631340893,0.00291677947,0.006938200845,0.01810418317,0.02069843255,0.00740054117,0.001324050816,0.08044628965,0.06434523681,0.05023751595,0.04743489856,0.1987402491,0.03874028608,-0.4967836371,0.000285828435,0.0008001526023,0,0.0003530516187,0.0006897798353,0.0002983310395,0.004126068583,0.003641377737,0.008893733517,0.0009460851072,0.02927196224,0.03343904352,0.01119047739,0.003550251812,-0.1053850828,0.01576667984,0.01787958881,-0.003183182091,0.02230012067,-0.1534826487,-0.06606778135,0.02927196224,0.01060415903,0.001931699265,0,0.004126068583,0.09230137018,0.2901000229,0,-0.3043679444,0.0004244400662,0.001162371961,6.233070792e-05,0.003609151466,0,0.001296802946,0.03343904352,0.09230137018,0.01875420142,0.09935103491,0.003641377737,0.01060415903,0.01182927057,0.1199540114,-0.27843589,0.0008987492777,0.003308668416,0.0001232934352,0.002725430639,0,0.00658950465,0.01119047739,0.2901000229,0.01182927057,0.01865002379,0.008893733517,0.001931699265,0.01875420142,0.07805894725,0.06951423307,-0.0235885431,-0.04379562904,-0.03243143471,-0.07161494564,-0.1990971185,-0.04304215371,0.003550251812,0,0.1199540114,0.07805894725,0.0009460851072,0,0.09935103491,0.01865002379
1,1,1,1,4,1500,500,v1,0.002533151672,0.0007325103644,0.0005856684715,0.005423647951,0.00323675221,0.00232464547,0.0005505604666,0.01279347758,0,0.0009137589402,0.00860682425,0,4.194805169e-06,0.0001338318689,0.0005041449747,0.0006039205106,5.620428356e-05,4.036609066e-05,0.0005880926661,0.0002221511548,0,0.001125264824,0.0001494524015,0,0.01714327,0.01228398652,0.04627380703,0.005886782591,0.001167490958,0.0009334511536,0.05397908917,0.0008774952514,0,0.1032843526,0.001456368881,0,0.03024246344,0.0006792272205,0.0816316792,0.01038488032,0.007122368581,0.001646702314,0.09778743787,0.01524946974,0.006536119427,0.182204052,0.002569182113,0.02419948845,0.02361142442,0.0005302981422,0.01691873367,0.008107865197,0.005560700032,0.001607985203,0.07634631692,0.01190583243,0.007105223235,0.07434539524,0.00120857414,0.02808386563,-0.07774037544,0.00173394596,0.00015021137,0.0008835732126,0.001198303448,0.00340797742,0,0.006426121025,0.0005904193347,0.0136699372,0.05472189414,-0.0002587963599,0.08086386665,0.05285889808,0.1177739665,-0.2681780692,0.0006057451266,0.0007097716836,0.001621011664,0.0002303490306,0.0001808027249,0,-0.0002587963599,0.008634774342,0.00150267201,0.0005290108815,0.006426121025,0.01624724202,0.0009997096486,0.0008695364807,-0.3542181536,0.0199007312,0.03386593821,0.1329677382,-0.000189567835,0.001611348883,0,0.08086386665,0.01624724202,0.009097025975,0.007710155382,0.0005904193347,0.008634774342,0.0306521269,0.0293072924,0.1676350878,-0.02107084253,-0.06689129867,-0.2495859904,-0.01400291304,-0.003427287005,-0.02826707869,0.05285889808,0.0009997096486,0.0306521269,0,0.0136699372,0.00150267201,0.009097025975,0,-0.04375962612,-0.002941438438,0.01198269627,-0.07892826675,-0.004319043804,-0.001628897974,-0.02792808772,0.1177739665,0.0008695364807,0.0293072924,0,0.05472189414,0.0005290108815,0.007710155382,0
1,1,1,1,4,1500,500,v1,0,0,0,0,0,0,0,0,0,0,0,0,0,0.001151229742,0,0,0,0,0.002026958101,0,0,0,0,0,0,0.01675924436,0,0,0,0,0.02950782531,0,0,0,0,0,0,0,0,0,0,0,0,0,0,0,0,0,0,0,0.3443178771,0,0,0,0,0,0,0.6062368654,0,0,0,0,0,0,0,0,0,0,0,0.4896105153,0,0,0,0.8620517332,0,-0.9042863344,0,0.003178184511,0,0,0,0,0,0,0,0,0,0,0,0,-0.9473745369,0,0.04626638707,0,0,0,0,0,0,0,0,0,0,0,0,0,0,0,0,0,0,0,0.8620517332,0,0,0,0.4896105153,0,0,0,0.04944457173,0,0,-0.9505527213,0,0,0,0,0,0,0,0,0,0,0
1,1,1,1,4,1500,500,v1,0,0.1208312253,0,0,0.2123585226,0,0.03349167599,0.1668342535,0.0185931346,0,0,0.05700621367,0.0132071334,0.00864975734,0.01022524606,0.03021361406,0.0846002088,0,0.0009538605968,0.06646407456,0.007407204807,0.0188576712,0,0.02271035568,0.0004399237485,9.554727328e-05,0.0001129504957,9.941169911e-05,0.0005317350556,0,1.053657063e-05,0.0001473849012,8.182174298e-05,0.0002083063134,0,0.0002508639809,0.01672828776,0.005547496304,0.004294990669,0.003780172167,0,0,0.01269086238,0,0,0.007920936219,0,0,0.009456837778,0.003136111321,0.002053935634,0.002137007413,0,0.01143046307,0.007174399943,0,0.02008881599,0.0002264997956,0.003168265196,0.0157822845,0.2294079632,0,-0.1539051596,0,-0.3766303813,0,-0.07507531675,0.01177287579,0.006922317504,0.009663229305,0.008994655922,0.003066969077,0.01525840527,0.001116480697,0.0164440728,-0.3768844022,-0.0414281922,-0.009213521881,-0.02704252862,0.1488165696,0,0.0294014946,0.003066969077,0,0.1629641486,0,0.01177287579,0,0.0452134782,0,-0.220086693,0.0004964060676,0.0001014116267,0.0003162262179,0.000674888476,0,0.000330583325,0.01525840527,0,0.161669148,0,0.006922317504,0,0.1264427097,0,-0.05116856567,-0.01672010676,0.01648199219,0.00976714991,0,0,0,0.001116480697,0.0452134782,0.1264427097,0.01679930204,0.009663229305,0.1629641486,0.161669148,0.05121555624,-0.4313260917,0.006330470775,0.01015905148,0.001925636921,0,0.01444518691,0.03573923955,0.0164440728,0,0,0.05121555624,0.008994655922,0,0,0.01679930204
1,1,1,1,3,1500,500,v1,0.003646095658,0.004941472878,0.08719708438,0.0004532668687,0.000175997835,0.001898586988,0.0450306051,0.003309798255,0,0.02284916284,0.005268449228,0,0.001011182301,0.0005002892523,0.0003033687577,0.005884119452,5.297164125e-05,0.000571434693,0.0001006960983,0.0009961795598,0,0.0003660637242,0.001585692247,0,0.03549455307,0.00263009491,0.001594854621,0.08328671028,0.007818847947,0.1379711598,0.0005293743456,0.07125152013,0,0.001924451372,0.0361540242,0,0.02058569155,0.003083070503,0.0009249640423,0.04830359533,0.003345940079,0.08001880551,0.01794053862,0.0004159528231,0.001742290628,0.001116119486,0.02096816345,0.004834737505,0.03302527827,0.004946118085,0.002447125228,0.07749264451,0.005367835319,0.007274908595,0.02878170397,0.0006673061091,0.000259106585,0.0004925469843,0.06629471499,0.004872733367,-0.1309848287,-0.00263646974,0.02560082575,0.08367175477,-0.002221815428,-0.00471068991,0,-0.002632806924,0.006396930999,0.005937624257,0.001088988448,-0.03121524386,0.03726810904,0.001142040097,0.001271169475,-0.05028872854,0.0006554720238,-0.0001688346512,-0.0002627432145,-0.0007057330923,-0.0007568441896,0,-0.03121524386,0.01204579854,0.003749237998,-0.01927149175,-0.002632806924,0.001470402769,0.02973349553,-0.004991863547,0.2242869406,-0.02909069219,-0.002445028454,-0.002620846103,-0.03180968542,-0.1481947889,0,0.03726810904,0.001470402769,0.0005812519925,0.003421672475,0.006396930999,0.01204579854,0.01044902824,0.009734302409,-0.1406976211,0.05842907683,-0.00443063271,0.001310150701,-0.001730441453,0.08069860419,-0.003303115815,0.001142040097,0.02973349553,0.01044902824,0,0.005937624257,0.003749237998,0.0005812519925,0,0.009446041591,-0.006773017465,-0.02533486596,-0.002105913135,-0.004643889673,-0.01611296269,-0.004425971644,0.001271169475,-0.004991863547,0.009734302409,0,0.001088988448,-0.01927149175,0.003421672475,0
1,1,1,1,0,1500,500,v1,0.006228886395,0.0004184924727,0.0008780468007,0.02111774028,0.002695780481,3.5864452e-05,0.0005371617941,0.0100624698,4.699040891e-05,0.01211125676,3.34258231e-05,3.946168075e-06,0.005940246084,0.04446511135,0.05216014864,0.08530235445,0.07700492516,0.001024467482,0.007253389818,0.2874342845,0.001342280259,0.02813298658,0.0009548080878,0.0001127222262,0,5.041662073e-05,5.914161353e-05,0,1.355426518e-05,2.843845459e-05,8.224232264e-06,1.73977643e-05,1.52194007e-06,3.18984946e-05,0.0003922631745,1.278097266e-07,0,0.001519022519,0.0133382421,0,0.0454992423,0.006413741012,0.02181327096,0.1542556921,0.0002619738566,0.007194085826,0.08846733927,0.0002441607581,0,6.813285085e-05,0.000510001565,0,0.002040781522,0.0001371114596,0.0009783925633,0.006918844141,0.0008832235241,8.319421781e-05,0.0001759913079,0.003296785514,-0.6453216152,0.02725275476,-0.0007052649977,0.0129290636,0.01270091816,6.870030185e-05,4.724130943e-05,0,0.006539227027,0.06577933773,0.05832850347,0,0.09358021166,0.01073279263,0.03128551647,0.06130588193,-0.090473583,-0.05165261824,-0.07946162608,-0.3634670577,-0.001731293562,-0.0009727900879,0,0.05565737055,0.0003893194161,0.008176239092,0,0.1884416767,0.0005526851489,0.1128909738,-0.1935968251,0,5.845124626e-05,9.005640394e-05,1.817074605e-05,0.0004143526482,9.131404171e-07,0.09358021166,0.1884416767,0.1099260198,0.001109409002,0.006539227027,0.05565737055,0.4100571969,0.0009544605295,-0.1210946482,0,0.02269289098,0.01962888934,-0.1987679807,-0.09405489161,0.0002866802415,0.01073279263,0.0005526851489,0.4100571969,0.001269050702,0.06577933773,0.0003893194161,0.1099260198,0.000117902752,-0.6423433174,0,0.001034399541,0.0005860801281,0.008782527758,5.909120867e-05,0.004110661086,0.03128551647,0.1128909738,0.0009544605295,0.000117902752,0.05832850347,0.008176239092,0.001109409002,0.001269050702
1,1,1,1,2,1500,500,v1,3.894977487e-05,0.0006745283454,0.008257035862,6.712407317e-05,0.0001530324571,0.0002797341622,0.002275006427,0.0006978339292,0,0.003572633617,0.0001020955416,0,0.003156137255,0.0008482125935,0.005431912237,5.729025845e-05,0.00153648924,0.002808610269,0.0007604998354,0.007006450424,0,0.007381362257,0.001025068173,0,0.0001196998071,0.001371443146,0.008782655273,0.001096798074,0.01095012984,0.134042721,0.001229623675,0.0369319035,0,0.01193464793,0.05799726911,0,0.0002734074098,0.01165589976,0.02006054219,0.002505206382,0.001444244912,0.3061681889,0.0002115780956,0.002488938677,0.01037245124,0.02726003707,0.1324720859,0.003785669287,0.0002821280349,0.01202767729,0.003232440964,0.002585112649,0.001490310665,0.02580905257,0.0002183266078,0.002568326068,0.005855384368,0.002898177697,0.08704713577,0.02670077942,-0.3488145452,0.0001018666119,0.002869986323,0.01179062226,0.0008419051278,0.0003745214602,0,0.0002466377018,0.005872369616,0.002012631294,0.008978143197,0.001891216848,0.0001563230885,0.001560125727,0.01232772352,-0.08039045764,0.003034266988,0.001391666064,0.01077430427,0.008281205742,0.003161603373,0,0.001891216848,0.001941068561,0.02127816677,0.2457383169,0.0002466377018,0.003053457777,0.07159527265,0.1059333826,-0.5700224942,0.001090928211,0.00140608214,0.01851666128,0.04617064214,0.1884637658,0,0.0001563230885,0.003053457777,0.006256894086,0.01100947552,0.005872369616,0.001941068561,0.02844766545,0.00399976585,0.2304473257,-0.0009875593905,-0.003999043094,-0.04349487671,-0.00115329502,-0.4347021882,-0.01354228575,0.001560125727,0.07159527265,0.02844766545,0,0.002012631294,0.02127816677,0.006256894086,0,0.05904865191,-0.001528605189,-0.003054352365,-0.005179586218,-0.002278255816,-0.1109562548,-0.03225948392,0.01232772352,0.1059333826,0.00399976585,0,0.008978143197,0.2457383169,0.01100947552,0
1,1,1,1,4,1500,500,v1,0.01188075427,0.01364574805,0.1235780383,0.04611254616,0.05580171465,0.01370247427,0.1136220882,0.0133298204,0,0.01215836462,0.005723482454,0,0.009745595798,0.009335249243,0.02544294319,0.004533329762,0.03077869794,0.007557909634,0.000170822127,0.007352363959,0,0.005377061377,0.003156916212,0,0.002893797009,0.003778758969,0.01029889479,0.004737878693,0.003046655304,0.0275909891,6.914605358e-05,0.02536814665,0,0.002176548089,0.002714570569,0,0.001133223827,0.001544825046,0.004033093174,0.001855374446,0.001038765747,0.0108047545,0.0007186016642,0.004031741785,0.001198043541,0.0008523459482,0.001063037953,0.000500419198,0.014674473,0.0200044271,0.01916212377,0.0240258293,0.01345130551,0.01544961891,0.009305399754,0.05220829687,0.06317830453,0.0003506403155,0.1286421204,0.01509192787,-0.0261801116,-0.009422480802,0.01163239123,-0.1346163863,0.003500027805,-0.01545408581,0,0.01672952039,0.02347184775,0.01498207756,0.02989208988,0.02654964154,0.01098015612,0.0003031317631,0.007135095931,-0.09022281164,0.000509579955,0.003674308035,-0.02664038599,0.02761031679,0.0004736285435,0,0.02654964154,0.01120208228,0.001350217466,0.1290927116,0.01672952039,0.04963695411,0.01172736933,0.01267298609,-0.2334765058,0.006006300473,0.003215191808,0.0006531589991,0.02794131697,0.0287039759,0,0.01098015612,0.04963695411,0.01805082871,0.01456565538,0.02347184775,0.01120208228,0.001372024127,0.006140139257,-0.2484165955,0.00245453692,0.001982250522,0.001302436449,0.004719578763,0.01140194524,0.001176594188,0.0003031317631,0.01172736933,0.001372024127,0,0.01498207756,0.001350217466,0.01805082871,0,0.08382331824,-0.03731361202,-0.02545983305,-0.0170796394,-0.03585645554,-0.0482920994,-0.04405891315,0.007135095931,0.01267298609,0.006140139257,0,0.02989208988,0.1290927116,0.01456565538,0
1,1,1,1,1,1500,500,v1,0.006196872055,0,0.02010463963,0.03140395841,0,0.01417042798,0,0,0,0.01128263072,0.002338087304,0,0,0,0,0,0,0.02426528114,0,0,0,0,0.004003714342,0,0,0,0,0,0,0.04705698236,0,0,0,0,0.02640816073,0,0,0,0,0,0.008588370102,0.02786342599,0,0.04352338004,0.01963908226,0,0.01563682572,0.003240402403,0,0,0,0,0.1144216867,0,0,0.5798560722,0,0,0,0,-0.6799352567,0.03756220271,0,0.03091435126,0,0.01420028091,0,0,0,0,0,0,0,0,0,0.02094525056,0,0,0,0,-0.01454502541,0,0,0.1494416481,0,-0.0007804197196,0,0.7573615308,0,-0.0005347901777,0.06963584762,0,0,0,0,-0.06875904101,0,0,0.7573615308,0,-0.008491705714,0,0.1494416481,0,-0.001108632011,-0.694769458,0,0,0,0.05204456885,0.03872149637,0.006744969661,0,0,0,0,0,0,0,0,0.08960677154,0,0,0,-0.6941422262,0,0,0,-0.0005347901777,-0.001108632011,0,0,-0.0007804197196,-0.008491705714,0
1,1,1,1,2,1500,500,v1,0.02945079942,0.0951600651,0,0.03763559648,0.005460698074,0.01173165437,0.3144999649,0.0004201175931,0.0550876384,0,0.006828081023,0.2479855385,0.002711995296,4.304914035e-05,0.0006723062103,0.004227204322,6.447645034e-05,0.0001385199145,3.936487952e-06,4.960481382e-06,0.0006504398034,0.0005643984561,8.062163867e-05,0.002928055542,4.609884895e-05,8.06157281e-05,0.001258990405,1.040575114e-05,0.00210408356,0,7.3716418e-06,0.006953906612,0.001218042403,0.001056917562,0,0.005483206576,0.0001528427458,0.01683832853,0.004174237639,3.450072207e-05,0.002159037025,0,0.02624600981,0.002759064197,0.000860047151,0.003504256309,0,0.0005005663692,0.0002094855302,0.02307853187,0.0003663394841,4.728652328e-05,0.002959165733,0.00956151987,0.03597265447,0.003781560081,0.0005486815618,3.349871691e-05,0.03160041621,4.221269405e-05,0.07397267205,-0.06694710104,-0.4092305232,0,-0.005847742008,-0.01847261183,-0.3029035331,0.000143629272,0.005270565983,0.0004082295918,0.003258464844,2.128524999e-05,0.008598193161,3.728390161e-05,0.002722840198,-0.3401660759,0.006864293767,2.351745036e-05,0.001111045097,6.83685499e-05,0.0002067539013,0.003564531901,2.128524999e-05,0.03650040463,0.1251743141,0,0.000143629272,0.04665968611,0.4136130827,0,-0.6740650542,3.214827112e-05,3.82773113e-05,0.002016776564,0.009052770723,0,0.006688378484,0.008598193161,0.04665968611,0.007253547185,0.01605738367,0.005270565983,0.03650040463,0.0005587405143,0.009350166275,-0.1221262055,-3.254150311e-05,0.03733466766,-0.007115358356,0.004890201504,0,0.001327491282,3.728390161e-05,0.4136130827,0.0005587405143,0.07978513566,0.0004082295918,0.1251743141,0.007253547185,0.359190799,-0.4237536605,-0.0001095497827,-0.05344480083,-0.0003588037572,0.006616839057,0.04098615535,0.0005711816578,0.002722840198,0,0.009350166275,0.359190799,0.003258464844,0,0.01605738367,0.07978513566
1,1,1,1,3,1500,500,v1,0.01794551236,0,0.002403688542,0.009525030818,0.005539458283,3.608077693e-05,0,0.006389712285,0.0006723745724,0.005026329798,6.806121715e-06,0.000510194766,0.007393468035,0,0.01667560353,0.00494761554,0.006177915642,4.023931308e-05,0,0.007126166757,0.0007498699648,0.007970612149,7.590569989e-06,0.0005689979171,0,0,0.03596180397,0,0,0.005781130583,0,0,0.001617133475,0.01718903853,0.01208886609,0.001227073522,0,0.04007889651,0.09039597993,0,0.1084920951,0.01453183396,0.02682029195,0.05758490083,0.0002181313636,0.04320750938,0.03038737706,4.114735705e-05,0,0.05447228295,0,0,0.1474544615,0,0.03645216457,0.07826515409,0.04551655154,0,0,0.05250290798,-0.1913171473,0.02720610586,0,0.005847086158,0.01183675602,2.124219955e-05,8.407365146e-06,0,0.01679142651,0,0.06375171068,0,0.01015953162,0,0.03119067971,-0.204716464,0.01185724423,0,0.02328129413,0.01313291671,2.704601152e-05,-0.0002195541919,0,0.04546499654,0,0.01232916105,0,0.02212970086,0,0.02660953952,-0.1394144319,0,0,0.04025286821,0,0.009696356272,-0.00224695437,0.01015953162,0.02212970086,0.05068139298,0.0002256711307,0.01679142651,0.04546499654,0.05842477857,4.39325265e-05,-0.1225998888,0,0.02898846001,-0.1268290893,0.1097068846,-0.04150257616,-0.0002280239822,0,0,0.05842477857,0.002066363131,0,0,0.05068139298,0.001620788665,0.2027283667,0,-0.05881300962,0,-0.181976122,0,-0.09770712052,0.03119067971,0.02660953952,4.39325265e-05,0.001620788665,0.06375171068,0.01232916105,0.0002256711307,0.002066363131
1,1,1,1,3,1500,500,v1,0.0005073862931,0,0,0.0008383067918,0.0004068219783,0.007757325063,0,0.0002428124942,0,0,0.002852155397,0,0.3129679089,0.04946585998,0.0005435635642,0.080544661,0.01088087697,0.2074777277,0.1514146504,0.006494272721,0,0.0001811888024,0.0762838628,0,2.870376394e-06,0.001324904029,1.455892118e-05,0.001049607734,0,0,0.00405552194,0,0,4.852999108e-06,0,0,4.26473712e-06,0.01245466589,2.163129954e-05,0.00155948226,0.0005400456802,0,0.003205302568,0.0008922668346,0.008256647741,7.210470893e-06,0,0.003035742634,8.533821162e-06,0.02492202646,0.003939028367,0.003120554054,0.001080641813,0,0.006413872207,0.001785443131,0.0008664578572,0.0120573382,0,0.0005171470684,-0.2891095244,0.0009263670242,0,0,0.000628221382,0.01052731445,0,4.629645372e-06,0.4130146355,0.06631595148,0.0007495057978,0.0007074976256,0.1063091587,0.2030385192,0.0002502994892,0.09197815917,-0.3931220407,-0.2008084704,-0.00071208632,-0.01732893589,-0.2835052207,0,0.0007074976256,-8.245158047e-05,0,0,4.629645372e-06,5.406559874e-05,0,0,-0.1870411452,0.0009525456766,0.005360668968,1.699606706e-05,0,0,0,0.1063091587,5.406559874e-05,0.01441904647,0.2870312843,0.4130146355,-8.245158047e-05,0.008609818258,0.1055096729,-0.6385418259,0.00144599661,0.01564240789,2.855339617e-05,0.001108739048,0,0.01128393585,0.2030385192,0,0.008609818258,0,0.06631595148,0,0.01441904647,0,-0.5851945011,-0.002873293786,0.03126376889,0.01587815441,-0.002016182083,0,0.001348137995,0.0002502994892,0,0.1055096729,0,0.0007495057978,0,0.2870312843,0
1,1,1,1,2,1500,500,v1,0,0,0,0,0,0,0,0,0,0,0,0,0,0,0,0,0,0,0,0,0,0,0,0,0.07385217624,0,0,0.0319360772,0,0,0,0,0,0,0,0,0.03738164616,0,0,0.01616503668,0,0,0,0,0,0,0,0,0.5868793786,0,0,0.2537856851,0,0,0,0,0,0,0,0,0,0,0,0,0,0,0,0.7134740863,0,0,0,0.3085297854,0,0,0,0,0,0,0,0,0,0,0.3085297854,0,0,0,0.7134740863,0,0,0,-0.7871201157,0.1057842105,0,0,0,0,0,0,0,0,0,0,0,0,0,-0.7348788686,0.0535429627,0,0,0,0,0,0,0,0,0,0,0,0,0,0.1593271732,-0.8406630787,0,0,0,0,0,0,0,0,0,0,0,0,0
1,1,1,1,3,1500,500,v1,0.02130527292,0.003570207299,0.001984331901,0.05495805878,0.03112221149,0,0.02554050108,0.01921201353,0.05811720145,7.068412255e-05,0,0.01170268941,0,0.003082751965,0,0,0.03070573413,0,0.00704249883,0.01895491841,0.0573394772,0,0,0.01154608405,0.03295984957,0.01190313112,0,0.01677521987,0.01360082032,0.007559376636,0.02719251756,0.09729736597,0.221399361,0,0.0002692734539,0.04458177428,0.01190053656,0,0,0.006056888001,0.02930488987,0.002729400747,0,0.07559348646,0,0,9.72243085e-05,0,0.002151757687,0,0.0007770864917,0.001095156949,0.005298670502,0.0008879187875,0,0.01366819594,0.007740165762,0.001775241982,0.006351981512,0.004778072065,-0.3661569106,0.02718680405,0.02786000463,0.001080660316,-0.02285818844,0,0.06774730893,0.03757109549,0,0.01242959615,0,0.01877751785,0,0.02791799415,0,-0.2432267852,0,0.009098241259,0,-0.01082539254,0,0.06635750354,0.01877751785,0.007994859854,0.01391201708,0.006784499138,0.03757109549,0.04238014332,0.09886345853,0.0002284442711,0.1857041267,-0.04073865413,-0.03820520158,0,-0.1101463259,-0.006832214521,-0.2633973128,0,0.04238014332,0.01923176788,0,0,0.007994859854,0.01437654037,0,0.002356212353,5.602039004e-05,0,0,-0.07931286473,0.001076258596,0,0.02791799415,0.09886345853,0.01437654037,0.1613908991,0.01242959615,0.01391201708,0.01923176788,0.03254785157,-0.2378855571,0.0031168915,0,0.002208566807,0.01854272521,0.007102670703,0.01127804215,0,0.0002284442711,0,0.03254785157,0,0.006784499138,0,0.1613908991
1,1,1,1,3,1500,500,v1,0.001492590017,0.0006862420694,0.0103028788,0.000850802928,0.001757102136,0,0.003124165534,0.00110631848,0.02476063546,0.009640567645,0,0.001552553009,0,0.01243573416,0,0,0.002775571839,0,0.003745267593,0.001747574233,0.03911265093,0,0,0.002452459832,0.04954402058,0.008040076528,0,0.03060772994,0.0007008443189,0.01052210932,0.002421428255,0.003190643307,0.02528750636,0,0.009845705133,0.001585589116,0.09837741068,0,0,0.06077644049,0.003026836006,0.02089329566,0,0.001725350503,0,0,0.01955018922,0,0.2662080745,0,0.04320063786,0.1644603074,0.008190581347,0.003765750426,0,0.004668777435,0.009642090472,0.01301072754,0.01714384503,0.006070917938,-0.07092226122,0.001691502137,0.002418534648,0.004790040621,0.001065049721,0,0.00142592614,0.1791207093,0,0.03523725452,0,0.1100487898,0,0.01122695324,0,-0.04572557373,0,0.01310621841,0,0.002073522145,0,-0.02834580308,0.1100487898,0.006308359879,0.003786181108,0.008522297016,0.1791207093,0.003522963503,0.01737460272,0.00790916105,-0.381388639,0.07901349229,0.009914318037,0,0.003471271002,0.01325238185,0.008787847562,0,0.003522963503,0.008971872754,0,0,0.006308359879,0.00570332978,0,-0.3402274554,0.155139504,0,0,0.00379649227,-0.02899672786,0,0.01122695324,0.01737460272,0.00570332978,0.02550603722,0.03523725452,0.003786181108,0.008971872754,0.00169200679,0.2716899045,-0.4269326624,0,-0.05399667498,-0.01204221,-0.01999699489,-0.01292204022,0,0.00790916105,0,0.00169200679,0,0.008522297016,0,0.02550603722
1,1,1,1,2,1500,500,v1,0.06038797318,0,0,0.01390252941,0.007037145305,0.00325033983,0,0.0159767476,0,0,0.0009755284572,0,0.016668347,0.009355366386,2.736200281e-05,0.00829821916,0.004472530421,0.002065787068,0.01033363238,0.01015418704,0,2.356188829e-05,0.0006200071921,0,0.00105975086,0.04262727911,0.000124673656,0.01315976531,0,0,0.04708470127,0,0,0.0001073586161,0,0,0.0009964992148,0.07141550774,0.00011723246,0.01237431956,0.1644399111,0,0.03555370755,0.03785738419,0.008850861597,0.000100950875,0,0.002656419885,0.0008442891926,0.06050716396,0.03396057736,0.01048420723,0.1393225782,0,0.03012306543,0.03207486755,0.01623557102,0.03751174537,0,0.03686034735,-0.1076026764,0.07263148823,0,0,0.01524120657,0.002041070845,0,0.0009065542546,0.0300231302,0.04126919619,0.0001941313219,0.01098076757,0.01251151033,0.03822312641,0.0001685007858,-0.1615165001,0.0231718058,0.01877904192,3.150982136e-05,0.008796607079,0.0009177377659,0,0.01098076757,-0.0126602097,0,0,0.0009065542546,-0.003146525509,0,0,-0.002184811894,-0.01060136342,-0.04823113551,-0.0001442068419,0,0,0,0.01251151033,-0.003146525509,0.009762228822,0.007894194223,0.0300231302,-0.0126602097,0.02219982112,0.002483857252,0.153271311,-0.002668404197,-0.05720065507,-0.0001290577182,-0.1162996249,0,-0.009877509585,0.03822312641,0,0.02219982112,0,0.04126919619,0,0.009762228822,0,-0.09638103361,0.005344886397,0.005672422283,-0.02354278813,0.05420596018,0,-0.04534584694,0.0001685007858,0,0.002483857252,0,0.0001941313219,0,0.007894194223,0
1,1,1,1,2,1500,500,v1,0.003208476991,0.006208974382,0,0.003572356029,0.002041293639,0.0001223313067,0.05401016782,0.0005744103597,0.01308139216,0,0.0004835442303,0.0006933902185,0.008306774016,0.03892603735,0,0.01016358319,0.01730975631,0.001037344686,0.069889584,0.004870883425,0.1109275541,0,0.004100357064,0.005879808512,0,0.00827039928,0,0,0.01118643289,0,0.01484905232,0.09730771633,0.02356816223,0,0,0.001249250306,0,0.02585180683,0,0,0.08467260228,0,0.0316304487,0.09427547152,0.003228357289,0,0,0.01276086704,0,0.002728840078,0.01278750699,0,0.00893778884,0.01729621315,0.00333881638,0.009951439246,0.005686390009,0.02295927366,0.1504550217,0.00160012321,-0.3299794701,0.006770240978,0.05367995245,0,0.002165875641,0.0005143521863,0.01317809942,0,0.02213248679,0.02777268294,0,0,0.02714760149,0.05124621611,0,0.03157759614,0.01817957931,-0.1049015483,0,-0.02009124491,0.002836003399,-0.1156123349,0,0.1087177779,0.0004573957473,0,0,0.1209376648,-0.003325348639,0,-0.2569010299,0,0.02042724701,0,0.08327225017,0,0.0239148657,0.02714760149,0.1209376648,0.01495360694,0.003406838582,0.02213248679,0.1087177779,0.004108665166,0.01347077097,0.05308251314,0,-0.0570391392,0,-0.1786500395,0,-0.0146020953,0.05124621611,-0.003325348639,0.004108665166,0.1118262808,0.02777268294,0.0004573957473,0.01495360694,0.00595277356,-0.1761868254,0,0.006006167696,0.03179503528,0.01877616966,-0.1350402341,0.00521718788,0,0,0.01347077097,0.00595277356,0,0,0.003406838582,0.1118262808
1,1,1,1,3,1500,500,v1,0,0,0,0,0,0,0,0,0.001540420763,0,0,0.000809418824,0,0.1367666029,0.3278591435,0,0,0,0.06897054425,0,0.04473199156,0.1694573643,0,0.02350456243,0,0.02654819214,0.06364176162,0,0,0,0.01338808761,0,0.008683066495,0.03289389787,0,0.004562543974,0,0,0.04425733148,0,0,0,0,0,0,0.02287485614,0,0,0,0,0.006322045949,0,0,0,0,0,0,0.003188168316,0,0,-0.05498519748,0,0,0,0,0,0.002326304088,0,0,0.1561084882,0.3296220292,0,0,0.07870952184,0.1705287564,0.2280602836,0,-0.2055729827,-0.4969645156,0,0,-0.06816087455,0,0,0,0,0,0,0,0,-0.6918239199,0,0.0395881882,0.09642196703,0,0,0.0131756771,0,0,0,0,0,0,0,0,-0.4005425488,0,0,0.06710869288,0,0,0,0.07870952184,0,0,0.05178765622,0.1561084882,0,0,0.0272006838,-0.1659847945,0,0,0.009439454803,0,0,0,0.1705287564,0,0,0.0272006838,0.3296220292,0,0,0.05178765622
1,1,1,1,2,1500,500,v1,0,0.303887641,0.03974664905,0,0,0,0.03149836231,0,0.0274637426,0.05552263649,0,0.04320298576,0,0,0,0,0,0,0,0,0.001094305343,0,0,0.001721442662,0,0,0,0,0.02088660589,0.002731840595,0,0.002164924765,0.001887619931,0,0.003816145409,0.002969399261,0,0,0,0,0,0.1256183982,0,0,0,0,0.1754780548,0,0,0,0,0,0,0.1452535231,0,0,0,0,0.01505572284,0,-0.1017798871,0,-0.3336073897,0.09362558545,0,0,-0.07035495245,0,0,0,0,0,0,0,0,-0.06550833904,0,0,0,0,0,0.002785479874,0,0,0.2066010108,0.123777095,0,0,0.02147443514,0.1722381365,-0.4465501984,0,0,0,0.0230434781,0.006543454397,0.004846613398,0,0,0,0,0,0,0,0,0.1001690398,0,0,0,0,-0.2975125271,0,0,0.02147443514,0,0.03658469101,0,0.2066010108,0,0.05749959814,-0.3105639118,0,0,0,0,0.1585136146,0,0,0.1722381365,0,0.05749959814,0,0.123777095,0,0.03658469101
1,1,1,1,1,1500,500,v1,0.02460953658,0.004932813605,0.01587445986,0.009653228402,0.005479742152,0.005179588961,0.001572245286,0.008640522837,0,0.01587886183,3.103825383e-05,0,1.741894036e-05,0,0,3.155010143e-05,6.57179292e-05,6.211822585e-05,0,0.0001036248152,0,0,3.722382754e-07,0,1.590669317e-05,0,0,5.966297198e-05,1.118221058e-05,3.598586267e-05,0,3.564127754e-06,0,0,3.599584153e-05,0,0.05833544014,0.01207489942,0,0.2188051089,0.2045921528,0.131972819,0.02187069326,0.08025241652,0.04306067498,0,0.1320094149,0.0002580374949,0.0003400395909,7.038506693e-05,0,0.001275423645,0.001192575761,0.00023904367,0.0001274851372,0.0004677945143,0.0002655477744,0,7.619085443e-05,0.0004187189006,-0.5888282136,0.03405093673,-0.006465749727,0.03170260726,-0.01388584992,0.005128635565,0,0.08694508409,0.0177748924,0,0,0.3261240098,0.03235230692,0,0,-0.08467640983,4.857267471e-05,0,0,0.0001667727802,6.22663834e-05,0,0.3261240098,0.2683231238,0.006985005512,0.1740575864,0.08694508409,0.1052619486,0.002227984744,0.1741198024,-0.5138016252,7.553443442e-05,0,0,1.452122146e-05,7.191571302e-05,0,0.03235230692,0.1052619486,0.007629751302,0.05651661983,0.0177748924,0.2683231238,0.0119836962,0.0003409304639,0.07459792855,-0.2770701006,-0.03365736763,0,-0.2847592833,-0.2638927823,-0.04309593592,0,0.002227984744,0.0119836962,0,0,0.006985005512,0.007629751302,0,-0.5814820113,0.001615167506,0.0001906627419,0,0.001651630404,0.0003092350221,0.0006434454701,0,0.1741198024,0.0003409304639,0,0,0.1740575864,0.05651661983,0
1,1,1,1,0,1500,500,v1,0,0,0,0,0,0,0,0,0,0,0,0,0,0.02547708204,0,0,0,0,0.04424162855,0,0,0,0,0,0,0.06167872138,0,0,0,0,0.1071067353,0,0,0,0,0,0,0,0,0,0,0,0,0,0,0,0,0,0,0,0.2782709496,0,0,0,0,0,0,0.4832248831,0,0,0,0,0,0,0,0,0,0,0,0.286971909,0,0,0,0.499485359,0,-0.5938302654,0,0.0695254199,0,0,0,0,0,0,0,0,0,0,0,0,-0.6916641109,0,0.1673592656,0,0,0,0,0,0,0,0,0,0,0,0,0,0,0,0,0,0,0,0.499485359,0,0,0,0.286971909,0,0,0,0.2368846856,0,0,-0.7611895306,0,0,0,0,0,0,0,0,0,0,0
1,1,1,1,3,1500,500,v1,0.001942258376,0.0003927812926,0.0002036220881,0.00055154991,0.0007007217179,3.535810281e-05,0.0007541563076,0.001283237505,0.007836610259,0.002322758889,5.841534483e-05,0.00310943454,0,0.1235645869,0.01938946116,0,0.001491271525,7.524889062e-05,0.2639092451,0.002730977938,0.01667782436,0.03712236751,0.0001243191672,0.006617478909,0.001715632731,0.06439634265,0.01010492097,0.001313600272,0.0004356413782,0.000225841222,0.1375377088,0.0008364494425,0.008691737,0.01934651956,0.002576217103,0.003448734382,0.0004902569004,0,0.002887568616,0.0003753726458,0.0006155803147,6.453608366e-05,0,0.0001748084968,1.120641431e-05,0.005528435395,0.0007361763323,1.851418781e-05,0.002011095691,0,0.07548655658,0.001539825977,0.002525188156,0.0005106666961,0,0.0007170865201,0.0009110292454,0.1612241878,0.0009805011523,0.001668375428,-0.01556675347,-0.001506351833,-0.0003935227841,-0.0006563295717,-0.0009007626355,-1.719151852e-05,0.001325928596,0.002556933018,0,-0.02174845834,0.009670008891,0.002168993575,0,-0.05191569913,0.0204256025,0.4447826107,0,-0.3531541061,-0.0530696441,-0.002351522727,-0.0001701608157,-0.01702430134,0.002168993575,0.004517106636,0.0007052935327,0.0002759505742,0.002556933018,0.001269975469,0.001205915554,0.003548998698,-0.2098671582,-0.001381218217,0.1951190972,0.02504116122,-0.0004300309091,-0.002109245498,0.008912795388,0,0.001269975469,0.001852120899,9.89219883e-05,0,0.004517106636,0.00275158674,0.0001682387082,-0.03808333242,0.0001212617087,0,0.007964741961,-2.801195646e-05,0.0002156088894,9.245203332e-06,-0.05191569913,0.001205915554,0.00275158674,0.006499709067,-0.02174845834,0.0007052935327,0.001852120899,0.00367865693,-0.1649051674,-0.001890661221,0,0.2071444476,-0.002323690946,-0.0004505856981,0.0001831469338,0.0204256025,0.003548998698,0.0001682387082,0.00367865693,0.009670008891,0.0002759505742,9.89219883e-05,0.006499709067
1,1,1,1,3,1500,500,v1,0.0006295844932,0.01771427708,0.003176935899,0.02168806271,0.001468940068,0.0531625593,0.004797985924,0.001844441907,0.0502292738,0.002420207968,0.03436387996,0.1102855689,0.009647869263,0,0.01233990326,0.02087529751,0.001585652802,0.05738652172,0,0.001990989654,0.05422017581,0.04304896615,0.03709421762,0.1190481662,1.317918837e-05,0,0.004780318039,5.612352712e-06,0.007407514196,0.001328487618,0,0.002006356154,0.02100419097,0.01667660963,0.001012049478,0.04611771134,3.464549584e-05,0.009825045316,0.01256651654,1.475377216e-05,0.0006920878058,0.003492332831,0.02125865706,0.02384119033,0.05844038317,0.04383952889,0.002660479157,0.03777542576,1.079373219e-05,0.003060972438,0,4.596507037e-06,0.0002156185167,0.006066741147,0.006623090401,0.007427673272,0.0005030789069,0,0.001643202174,0.000631679834,-0.03007962565,-0.01469980996,-0.01744955823,-0.002983591945,-0.0008971545266,0.03924076246,-0.01093803016,6.246446393e-05,0.01219940914,0,0.01123402041,2.72265794e-05,0.02905990817,0,0.0324134786,0.05580795669,-0.01496096371,0,-0.02758869482,-0.002017590064,0.0185463689,-0.07065708796,2.72265794e-05,0.001136113444,0.02159551197,0.004696669911,6.246446393e-05,0.04234947659,0.006875309465,0.003659230468,-0.1518668263,-1.051433581e-05,0,0.01422772201,0.001564758933,0.0007804681752,0.06309841426,0.02905990817,0.04234947659,0.001627432257,-0.0341004479,0.01219940914,0.001136113444,0.002245967383,-0.02111980761,0.01618251318,-4.200748311e-05,-0.0141178992,-0.01573735988,-0.01635597043,-0.003367476481,-0.02097362771,0,0.006875309465,0.002245967383,0.005138907744,0,0.02159551197,0.001627432257,0.02260614811,-0.07898670863,-7.272209865e-06,0.001572651374,0,0.002065387009,-0.00309574833,0.0003324781626,0.0324134786,0.003659230468,-0.02111980761,0.02260614811,0.01123402041,0.004696669911,-0.0341004479,0.005138907744
1,1,1,1,1,1500,500,v1,0.2483254545,0,0.0143341605,0.4327065515,0,0.0009568984144,0,0,0,0.006031293224,0.001935989169,0,0,0,0,0,0,0.002368834086,0,0,0,0,0.004792606053,0,0,0,0,0,0,0.07966846611,0,0,0,0,0.03352159199,0,0,0,0,0,0.02326474682,0.001342917566,0,0.04053876953,8.96484792e-05,0,0.0005650508529,0.0001813760814,0,0,0,0,0.0398817626,0,0,0.06949388253,0,0,0,0,0.05665036995,-0.6808044944,0,0.02028872737,0,0.001497775173,0,0,0,0,0,0,0,0,0,0.001766702248,0,0,0,0,-0.004641041652,0,0,0.2782072427,0,0.09602550301,0,0.4846209761,0,0.0403862013,0.02219627194,0,0,0,0,-0.1131374083,0,0,0.4846209761,0,0.001587099558,0,0.2782072427,0,0.002724409526,-0.6682595866,0,0,0,0.06371549636,0.001907544579,0.0002689270753,0,0,0,0,0,0,0,0,-0.6170889983,0,0,0,0.1085368517,0,0,0,0.0403862013,0.002724409526,0,0,0.09602550301,0.001587099558,0
1,1,1,1,1,1500,500,v1,0,7.06328386e-05,0.0001288251983,0,0,0,0.0003054873818,0,5.554552889e-05,0.00175029962,0,8.554816648e-05,0,0,0,0,0,0,0,0,9.920548863e-05,0,0,0.0001527908335,0,0,0,0,0.02575117875,0.04696683263,0,0.1113739775,0.02025067761,0,0.6381207279,0.0311889791,0,0,0,0,0,0.00207244395,0,0,0,0,0.02815751814,0,0,0,0,0,0,0.01755290915,0,0,0,0,0.07591642024,0,-0.7520470264,0,0.0003744647632,0.001879055639,0,0,0.0001408720464,0,0,0,0,0,0,0,0,-0.0512470653,0,0,0,0,0,0.0002512932922,0,0,0.01351866696,0.06714285414,0,0,0.05505001033,0.9122737481,0.1170573456,0,0,0,-0.1302771296,-0.6850449098,-0.05138793735,0,0,0,0,0,0,0,0,-0.6831658535,0,0,0,0,0.03022144667,0,0,0.05505001033,0,0.03010833162,0,0.01351866696,0,0.04638532648,-0.1299026649,0,0,0,0,0.08419021323,0,0,0.9122737481,0,0.04638532648,0,0.06714285414,0,0.03010833162
1,1,1,1,3,1500,500,v1,0.3090181217,0.1037326963,0.001992851146,0.1069664174,0.08150329277,0.08937186441,0.06803142307,0.00213243603,0,0.002664769703,0.01853708399,0,0.001124337732,0,0,0.002083048637,0.03610032733,0.0395855609,0,0.0009445218232,0,0,0.008210647412,0,0.002605025752,0,0,0.00919727936,0.007049676567,0.0001354342125,0,0.004623417171,0,0,0.000181097814,0,0.0007741872626,5.126823041e-05,0,0.002733338251,0.006241248511,4.02496759e-05,9.498410883e-05,0.002160404023,0.001805046295,0,5.382043567e-05,0.0003743940557,0.004042335033,0.0002676915184,0,0.01427182996,0.03258800386,0.0109392986,0.0004959492481,0.01128031588,0.008595061045,0,0.007174363322,0.000224879477,0.1764422297,-0.4156519712,-0.1716993261,-0.004619345314,-0.08287926348,-0.1073377903,0,0.001305184069,0.001177698263,0,0,0.004065717423,0.002203411073,0,0,-0.1787896111,-0.003060144321,0,0,0.03654434146,0.04708689191,0,0.004065717423,0.405103333,0.1286334336,0.002708705762,0.001305184069,0.1402655352,0.08434607297,0.003614442832,-0.171162267,0.009410591786,0,0,0.01165879403,0.0003105090014,0,0.002203411073,0.1402655352,0.05538346775,0.07211451109,0.001177698263,0.405103333,0.001439009377,0.01500969035,-0.4459536536,0.003442266839,0.0001432031522,0,0.008394543059,9.340392028e-05,0.002168097395,0,0.08434607297,0.001439009377,0,0,0.1286334336,0.05538346775,0,-0.6036969577,-0.01643345963,0.0006628682862,0,0.04367818181,0.01805419443,0.008453270685,0,0.003614442832,0.01500969035,0,0,0.002708705762,0.07211451109,0
1,1,1,1,4,1500,500,v1,0.01780965275,0.03514988943,0.1013012732,0.04246930205,0.04394348844,0.001479640462,0.1616135771,0.1129871901,0,0.07814406067,0.004172360723,0,0.005043316208,0,0,0.02250610936,0.009441689925,0.0003179152802,0,0.02427640708,0,0,0.0008964726651,0,0.01843505486,0,0,0.07011256847,0.01113037724,0.03207752298,0,0.05117569668,0,0,0.02474468308,0,0.007306723444,0.002945948507,0,0.02778907639,0.002235216569,0.01271390787,0.01314647675,0.005330148145,0.0001857036137,0,0.009807540976,0.0005236559043,0.003456087444,0.001393436569,0,0.01314426073,0.001057259657,0.002086652701,0.006218296555,0.002521165365,0.002608679582,0,0.009594095817,0.00670741869,0.2005736794,-0.06002663298,-0.1941636303,-0.1768773284,-0.1548377623,-0.005530085497,0,0.01179898352,0.003109800093,0,0,0.04353704066,0.009512298855,0,0,-0.1423645175,-0.01702452694,0,0,0.0316499,0.00107583069,0,0.04353704066,0.02180814655,0.03303932663,0.08513966501,0.01179898352,0.05202648828,0.1511670124,0.0657391272,-0.2917802026,-0.0826037138,0,0,0.05995007374,0.05415307199,0,0.009512298855,0.05202648828,0.04797338372,0.001574167072,0.003109800093,0.02180814655,0.1229609156,0.004864405744,-0.2616052404,0.02973819492,0.002757929454,0,0.007402100045,0.02213839493,0.0001618729326,0,0.1511670124,0.1229609156,0,0,0.03303932663,0.04797338372,0,-0.3771580679,0.01597483607,0.005851864818,0,0.003401443079,0.01140933043,0.009231662706,0,0.0657391272,0.004864405744,0,0,0.08513966501,0.001574167072,0
1,1,1,1,4,1500,500,v1,0,0,0,0,0,0.2452636527,0,0,0,0,0.02200957167,0,0.1784906646,0,0.05724940364,0.04769679328,0,0.1864557454,0,0,0,0.08356868187,0.01673224323,0,0,0,0.01948025402,0,0,0,0,0,0,0.02843591457,0,0,0,0.02032671734,0.00651962638,0,0,0,0.005431764384,0,0.02123378969,0.009516895342,0,0.00190548665,0,0.03920604273,0,0,0,0,0.01047675249,0,0,0,0,0,0.1876683325,0,0,0,0,-0.2353885085,0,0,0.1783262761,0,0.04710241865,0,0.04762217956,0,0.06882771541,-0.07421221645,-0.2255586438,0,-0.1404602618,0,0.1645918873,0,0,0,0,0,0,0,0,0,-0.1248519827,0,0,0.04756522671,0,0,0,0.04762217956,0,0,0.0631682109,0.1783262761,0,0,0.008412052569,-0.3399271956,0,0.02560323713,0.01560827915,0,0,0.0230764452,0,0,0,0,0,0,0,0,-0.1999554066,0,0.04932310275,0,0,0,0,0.06882771541,0,0.008412052569,0,0.04710241865,0,0.0631682109,0
1,1,1,1,0,1500,500,v1,0,0,0.07164536469,0,0,0,0,0,0,0.04356549026,0,0,0,0,0,0,0,0,0,0,0,0,0,0,0,0,0,0,0,0.5205818811,0,0,0,0,0.3165509028,0,0,0,0,0,0,0.02963572637,0,0,0,0,0.01802063475,0,0,0,0,0,0,0,0,0,0,0,0,0,-0.789404177,0,0,0.115131195,0,0,0,0,0,0,0,0,0,0,0,0,0,0,0,0,0,0,0,0,0,0.628966243,0,0,0,0.3824432301,0.1627818992,0,0,0,0,-0.8370548809,0,0,0,0,0,0,0,0,0,-0.7219236866,0,0,0,0,0.0476507042,0,0,0,0,0,0,0,0,0,0,0,0,0,0,0,0,0,0.3824432301,0,0,0,0.628966243,0,0
1,1,1,1,2,1500,500,v1,0,0,0,0,0,0,0,0,0.6832015038,0,0,0.2686931746,0,0,0,0,0,0,0,0,0.03094456638,0,0,0.01217004607,0,0,0,0,0,0,0,0,0.003581971881,0,0,0.001408737233,0,0,0,0,0,0,0,0,0,0,0,0,0,0,0,0,0,0,0,0,0,0,0,0,0.0479873904,0,0,0,0,0,-0.9518687638,0,0,0,0,0,0,0,0,-0.9468781125,0,0,0,0,0,0.04299673962,0,0,0,0,0,0,0,0,-0.9088720238,0,0,0,0,0,0.004990650769,0,0,0,0,0,0,0,0,0,0,0,0,0,0,0,0,0,0,0.9731177088,0,0,0,0.382704354,0,0,0,0,0,0,0,0,0,0,0.382704354,0,0,0,0.9731177088
1,1,1,1,4,1500,500,v1,0,0.0006015360142,0,0,0.001149177265,0,0.006122876509,0.0002775164262,0.01784670438,0,0,0.005899132609,0.05842211363,0.06168412353,0.01554491328,0.2226712023,0.01531993741,0,0.01960212777,0.003699633129,0.2379183807,0.08321098149,0,0.07864264732,0.0117577479,0.008953472393,0.002256349673,0.0003239991973,0.001163991208,0,0.002845255793,0.01184795965,0.03453393729,0.01207810346,0,0.01141500813,0.008981806677,0.006477910218,0.001723637615,0.0002475047244,0,0,0.02469003546,0,0,0.009226528001,0,0,0.003341368588,0.002409881051,0.002544437221,9.2075519e-05,0,0.0003307881485,0.009185068424,0,0.0006319392535,0.0008085773235,0.00336700536,0.0001526078949,-0.2954187641,0,0.004031273422,0,0.00134772301,0,0.0235758475,0.0006432956551,0.074296973,0.07510606612,0.01739003285,6.470234741e-05,0.2831292179,0.02387586871,0.09320839002,0.1538730086,-0.280932493,-0.08104831488,-0.09834873459,-0.01892499783,0,-0.3163625882,6.470234741e-05,0,0.000386499077,0,0.0006432956551,0,0.003699754561,0,-0.4440285169,-0.00727282986,0.01170946343,0.01409711265,-0.01020837676,0,0.04584283307,0.2831292179,0,0.02029461505,0,0.074296973,0,0.004899152495,0,-0.3575330945,0.003460843774,0.03106450223,0.01051933997,0,0,0,0.02387586871,0.003699754561,0.004899152495,0.2784008656,0.07510606612,0.000386499077,0.02029461505,0.09201499554,-0.346773206,0.003339987408,0.01158386307,0.003350894898,0,0.003452934256,0.0007814297784,0.09320839002,0,0,0.09201499554,0.01739003285,0,0,0.2784008656
1,1,1,1,3,1500,500,v1,0,0,0.03972307895,0,0,0,0,0,0,0.372113396,0,0,0,0,0.003310449885,0,0,0,0,0,0,0.002826243984,0,0,0.004173410603,0,0.002756348271,0.000441504618,0,0.0118775687,0,0,0,0.002353188536,0.1112653536,0,0.01336277977,0,0.008825509495,0.001413646904,0,0.0380306061,0,0,0,0.007534638487,0.3562588391,0,0.02146288132,0,0,0.002270555697,0,0,0,0,0,0,0,0,0.1038969225,0,0,-0.0663726138,0,0,0,0.009555229202,0,0,0.006003887647,0.001331588148,0,0,0.005521188763,-0.01029698514,0,0,0.002613600875,0,0,0,0.001331588148,0,0,-0.002105947417,0.009555229202,0,0,-0.05418051574,-0.108206421,0.003998599886,0,0.003856146102,0,0.1229347212,0,0,0,0,0,0,0,0,0,0.05332047023,0.002453505717,0,-0.01415313125,0,-0.01903779868,0,0,0,0,0,0,0,0,0,0.006452105598,-0.01370998383,0,0,0,0,0,0.005521188763,-0.05418051574,0,0,0.006003887647,-0.002105947417,0,0
1,1,1,1,2,1500,500,v1,0.0005739417922,0.002051339217,0.001157396722,0.0001646871282,0.02632837306,0.001017540851,0.0009704909127,0.006441099756,0,0.004237014004,0.0003892716731,0,0.001467317439,0.007953184563,0.01323815382,0.02483623964,0.1474662726,0.00569928708,0.08959167164,0.03607685785,0,0.003684854385,0.002180326241,0,0.009661309281,0.003665160199,0.00610069515,0.001199993183,0.005294903673,0.002987465019,0.04128759071,0.00250502494,0,0.001698135071,0.01093655346,0,0.023767,0.001663467656,0.0150078232,0.002952005484,0.003644406489,0.007349219349,0.02815633499,0.001045727715,0.006461164755,0.004177443765,0.02690412432,0.002471791096,0.02474707161,0.0017320635,0.009388166682,0.00307373632,0.003794689627,0.01356269182,0.0293174081,0.001088850029,0.1740734087,0.1057565734,0.006416524899,0.04258615554,-0.1217885416,0.0005249595067,0.002336875507,0.002064367133,0.03155355015,0.001056623341,0,0.01835658351,0.0002534877432,0.0006317814238,0.01596948685,0.002562870389,0.002254131752,0.01007208263,0.005447182796,-0.1635347901,0.01290684836,0.03274503077,-0.008896520452,0.06571291312,-0.00295071723,0,0.002562870389,0.005987423845,0.01152943901,0.00869224277,0.01835658351,0.001534673934,0.005974101902,0.03126266748,-0.1205572413,0.006425986383,0.03368007311,0.003874941323,0.004973683504,-0.002063068983,0,0.002254131752,0.001534673934,0.03709268548,0.004850352603,0.0002534877432,0.005987423845,0.01704398604,0.002410676036,-0.006802155752,-0.007751448795,-0.01112543229,-0.009256200643,-0.001868118815,-0.02663790497,-0.002946591874,0.01007208263,0.005974101902,0.01704398604,0,0.0006317814238,0.01152943901,0.03709268548,0,0.170114921,-0.01262084018,-0.003453162418,-0.07356101333,-0.003671572545,-0.01897958628,-0.1333575775,0.005447182796,0.03126266748,0.002410676036,0,0.01596948685,0.00869224277,0.004850352603,0
1,1,1,1,0,1500,500,v1,0.01352291617,0.1306213624,0.03642246639,0.01494866823,0.0002028781614,0.02828187837,0.07032257047,0.004048009607,0.1345680496,0.2453885036,0.04798653712,0.05378649463,0,6.123528256e-06,0.0005127807709,0,2.164378222e-07,3.017213938e-05,1.245083493e-05,4.318564293e-06,0.0001435621035,0.0001180514907,5.119378803e-05,5.738139425e-05,6.035628904e-05,3.23897743e-06,0.0002712301265,2.762382726e-05,7.370861654e-05,2.055291385e-05,6.585741363e-06,3.968247831e-05,7.593570136e-05,6.244212454e-05,0.0001384708197,3.035129962e-05,0.01990232731,0,0.08943741969,0.009108884268,0.002516261316,0.006777269197,0,0.002781556517,0.005262518498,0.02059012607,0.045660388,0.008929040566,0.001888903638,0,0.0001013666736,0.0008645121932,0.0002388150431,0.002306776579,0,0.0002639938608,3.582833484e-06,0.0002061066215,0.001241898381,7.14879525e-05,0.07627319065,-0.02782717672,-0.2005265142,-0.2810649534,-0.004178097239,-0.0758273222,-0.188151989,0.02661206179,0,0.0001378049177,0.1326602622,0.01219748321,0,0.000279384853,0.0305040456,-0.3635725048,0,1.554398569e-05,0.0006266172501,4.141078883e-06,8.071297731e-05,0.0001978272784,0.01219748321,0.01587698465,0.1920810944,0.04435072461,0.02661206179,0.0174868106,0.1032488738,0.2985198131,-0.7490487029,8.719652585e-05,8.792522455e-06,0.0003327370529,0.0001131147324,0.0001583364265,0.0001051387186,0,0.0174868106,0.0002913639347,0.03427230168,0,0.01587698465,0.005875146609,0.0581776467,-0.380212779,-0.02868154912,0,-0.1097355594,0.005084893441,0.05232625873,0.01411331033,0.000279384853,0.1032488738,0.005875146609,0.2012950986,0.0001378049177,0.1920810944,0.0002913639347,0.08047843799,-0.2558996556,0.002721322609,0,-0.000302463022,0.0004997530133,0.003526754997,6.294914887e-05,0.0305040456,0.2985198131,0.0581776467,0.08047843799,0.1326602622,0.04435072461,0.03427230168,0.2012950986
1,1,1,1,2,1500,500,v1,0,0.3978803893,0,0,0,0,0.1115414086,0,0,0,0,0,0,0,0,0,0,0,0,0,0,0,0,0,0,0,0,0,0.04595900433,0,0,0.01288410341,0,0,0,0,0,0,0,0,0,0,0,0,0,0,0,0,0,0,0,0,0,0.3372037241,0,0,0,0,0.09453137019,0,0.347157718,0,-0.3989663484,0,0,0,0,0,0,0,0,0,0,0,0,0,0,0,0,0,0,0,0,0,0.05802545193,0,0,0,0.01968749409,0,-0.1102932179,0,0,0,0.05848458718,0,0,0,0,0,0,0,0,0,0,0,0,0,0,0,0,0,0,0.01968749409,0,0,0,0.05802545193,0,0,-0.3404817613,0,0,0,0,0.288673131,0,0,0,0,0,0,0,0,0
1,1,1,1,0,1500,500,v1,0,0,0,0,0,0.045509618,0,0,0,0,0.1002256789,0,0.01057826247,0,0.02141195129,0.000509986239,0,0.0008476146952,0,0,0,0.001419907858,0.001866698996,0,0,0,0.2721523172,0,0,0,0,0,0,0.01804745438,0,0,0,0.1439465973,0.2913689783,0,0,0,0.006939777111,0,0.01153414859,0.0193217842,0,0.0254016167,0,0.02758758871,0,0,0,0,0.001330019051,0,0,0,0,0,0.03921357436,0,0,0,0,-0.1448673207,0,0,0.1585935855,0,0.04418220427,0,0.007649489924,0,0.003303226099,-0.2845316257,0.01095782363,0,0.02272386466,0,0.002710523126,0,0,0,0,0,0,0,0,0,-0.06301754025,0,0,0.03136058679,0,0,0,0.007649489924,0,0,0.04947389766,0.1585935855,0,0,0.1090067218,-0.04853324679,0,-0.150367815,-0.08574140486,0,0,0.03650305123,0,0,0,0,0,0,0,0,-0.1394099914,0,0.02858127445,0,0,0,0,0.003303226099,0,0.1090067218,0,0.04418220427,0,0.04947389766,0
1,1,1,1,1,1500,500,v1,0,0,0,0,0,0.002726612223,0,0,0,0,0.0002407218841,0,0.007004918448,0,0.08373606665,0.005831454335,0,0.07690737397,0,0,0,0.02602761696,0.006789849986,0,0,0,0.05899164945,0,0,0,0,0,0,0.01833632886,0,0,0,0.02164206885,0.2587070404,0,0,0,0.01801658894,0,0.2376094305,0.08041370966,0,0.02097760338,0,0.04149620545,0,0,0,0,0.03454476008,0,0,0,0,0,-0.1748396402,0,0,0,0,0.002945305567,0,0,0.01974114322,0,0.1736340597,0,0.01639025229,0,0.0540106524,-0.5518427762,0.01274823416,0,0.1088976742,0,0.08245179519,0,0,0,0,0,0,0,0,0,-0.2287330686,0,0,0.07696992717,0,0,0,0.01639025229,0,0,0.236792374,0.01974114322,0,0,0.02104912758,0.2116883793,0,0.03548872582,-0.3376307429,0,0,-0.2572914354,0,0,0,0,0,0,0,0,0.04823695996,0,-0.07232455703,0,0,0,0,0.0540106524,0,0.02104912758,0,0.1736340597,0,0.236792374,0
1,1,1,1,1,1500,500,v1,0.3469715838,0,0,0.002008596194,0,0,0,0,0,0,0,0,0.00156415655,0,0,0.001704742958,0,0,0,0,0,0,0,0,5.666922587e-05,0,0,4.113171392e-05,0,0,0,0,0,0,0,0,0.0002016544857,0.001169152181,0,0.0001463650595,0.1387992482,0,0.001274235592,0.0008034999252,0,0,0,0,0.0007155331359,0.00414851732,0,0.0005193489728,0.4925031098,0,0.004521386103,0.002851068843,0,0,0,0,-0.2833754796,0.2786933564,0,0,0,0,0,0.0007011871409,0.002116410354,0,0,0.0005035060329,0.002312947614,0,0,-0.006133444306,0.003180538983,0,0,0,0,0,0.0005035060329,0.006797387146,0,0,0.0007011871409,0.0002257990166,0,0,-0.0008926119119,8.948312672e-05,0,0,0,0,0,0.002312947614,0.0002257990166,0,0,0.002116410354,0.006797387146,0,0,-0.1494190778,0.0003313903191,0.002427046127,0,0.1382224918,0,0,0,0,0,0,0,0,0,0,0.4229442989,-0.001224002232,-0.008560490433,0,-0.4215979713,0,0,0,0,0,0,0,0,0,0
1,1,1,1,2,1500,500,v1,0.0001589240153,0.0002202775646,0,3.904862414e-05,0.000125760187,0.0004557568283,0.001574344832,0.000105503153,5.653005045e-05,0,0.0001501880822,0.0005254673002,0.04899598096,0.2767789698,0.03011289092,0.04644648939,0.006050346845,0.02192654889,0.1029636242,0.005075777037,0.002719671628,0.001985691703,0.007225577594,0.02528033314,0.1431290276,0.1159771395,0.01261803581,0.0007322874428,0.004440651267,0,0.04314427002,0.03173775952,0.00113960875,0.0008320532586,0,0.01059307622,0.01590058995,0.00228078989,0.001401771652,8.135178834e-05,0.0003559192265,0,0.002162109654,8.745157911e-05,0.001020692923,9.243504207e-05,0,0.0003363546153,0.0121657196,0.00174505791,0.009857856116,6.224316513e-05,0.0002723177897,0.0003774476714,0.001654254331,6.691018341e-05,0.000215491259,0.003667188274,0.002697654624,0.0001807806415,-0.08678650649,-3.903962015e-05,0.001721562472,0,0.0002226156318,0.0005751098225,0.0005682354282,0.1713543534,0.06738891375,0.2257167878,0.02359127357,0.0008806337042,0.06385063451,0.08386379352,0.001587695757,0.2084188938,-0.09531167999,-0.377837681,-0.03136517648,-0.01108232571,-0.02898562687,-0.02751916564,0.0008806337042,0.0003542143113,0.00537018027,0,0.1713543534,0.000128556362,0.04022904086,0,-0.3889703778,-0.1426377665,0.1579474835,0.01310931101,-0.03479541843,0,0.01146922829,0.06385063451,0.000128556362,0.008538342788,0.03054005257,0.06738891375,0.0003542143113,0.007170913325,0.01005318057,-0.2691494489,0.01569363481,0.004425094131,0.001469885923,-0.000273867482,0,0.001348361319,0.08386379352,0.04022904086,0.007170913325,0.002255188243,0.2257167878,0.00537018027,0.008538342788,0.02096736469,-0.4819673863,0.0121208069,0.003393553871,0.01350314344,-8.940013511e-06,0.002674375212,0.0003868727186,0.001587695757,0,0.01005318057,0.02096736469,0.02359127357,0,0.03054005257,0.002255188243
1,1,1,1,0,1500,500,v1,0,0.009857240749,0.0007210214875,0,0.2029803285,9.016741842e-05,0.01560460749,0.01551149897,0.1497795789,3.845610525e-05,0.001189252151,0.3101386689,0.01707823229,0.0005896596206,0.0005410558546,1.947483277e-05,0.06115572873,2.716644623e-05,0.001468559431,0.004673443135,0.04512693107,0.0006616090081,0.0003583085241,0.09344135189,0.0125102772,0.0001886005019,0.0001730547627,0.003369307488,0.0009499046498,6.948208743e-05,0.0004697134345,0.001503756436,0.01443368606,0.0002116132538,3.705868013e-06,0.02988687922,0.001896680188,0.0008281548441,2.623679192e-05,0.0005108199168,0,1.053416295e-05,9.443704023e-07,0,1.317350863e-06,3.20826357e-05,5.618457789e-07,1.737503829e-05,0.0005093036975,0.0002223792534,7.6780819e-06,0.0001371672853,0,3.867140133e-05,2.535858922e-07,0,0.0007963216021,1.912242112e-05,6.12191641e-05,6.085388568e-05,0.2520247093,0,-0.02540580441,-0.0006544109653,-0.217773152,-0.001176871267,-0.4594686616,0.01514589285,0.02387948463,0.0006102877869,0.0005145010976,0.004080151315,2.726486186e-05,0.001471774071,0.0007065183538,-0.6314434241,-0.01697259598,-0.001908543358,-0.001119211772,0.06556305802,0.0003449879088,0.1384077358,0.004080151315,0,0.01328418876,0.0008472665314,0.01514589285,0,0.0210224495,4.521303329e-05,-0.3470856097,-0.01570538456,0.000498599832,0.0002568710881,0.002436875993,5.222994147e-05,0.04424423982,2.726486186e-05,0,0.2109212028,8.603155972e-05,0.02387948463,0,0.01611048012,0.001139424469,-0.03411798548,0.00225347414,0.0008129105726,4.832771572e-05,0,7.194646406e-06,1.491267119e-05,0.001471774071,0.0210224495,0.01611048012,0.1352057193,0.0006102877869,0.01328418876,0.2109212028,0.2800193112,-0.2062005574,0.0006345476445,0.0002218523331,2.190228716e-05,0,9.783625202e-05,0.0008556386749,0.0007065183538,4.521303329e-05,0.001139424469,0.2800193112,0.0005145010976,0.0008472665314,8.603155972e-05,0.1352057193
1,1,1,1,0,1500,500,v1,0,0.03113863471,0.2994133003,0,0.001997694763,0.06867558958,0.02759663426,0.002420486374,0.002545400907,0.08883191122,0.0835474017,0.003303482144,0,0.0001163177575,5.863591713e-06,0,9.024158648e-06,0.0003102272814,0.005514661755,1.093402928e-05,1.149830396e-05,8.355216051e-05,0.0003774075106,1.492277374e-05,0,0.001088818726,5.48874789e-05,0,0.001316699644,0.0126607152,0.05162124095,0.001166925873,0.0001076324797,0.0007821089311,0.003756264427,0.000139688005,0,0,0.0005080281892,0,0,0.1171852005,0,0,0.02687844102,0.007239053278,0.03476727759,0.03269901173,0,0,0.001810809257,0,0,0.002189796931,0,0,0.0001404861164,0.08585104092,0.001940708884,0.0001702185623,0.2349103476,0,-0.05852496671,-0.3873285837,-0.00433590125,-0.1518364767,-0.005796946119,0,0,0.001048543735,0.0006713049596,0,0,0.04467332791,0.009513465334,-0.1450633332,0,0.005573972142,8.654338118e-05,1.959184247e-05,0.0006853148437,2.495369856e-05,0,0,0.04137103631,0.2539714492,0,0,0.03657345251,0.07535005487,-0.3827076388,0,0.04850408347,0.0007901265678,0.002472360911,0.0163873226,0.000234261387,0,0,0.002731546954,0.06217858454,0,0,0.003299701669,0.07558636328,-0.5212157541,0,0,-0.007666516801,0,0.1513935916,0.05930786336,0.04467332791,0.03657345251,0.003299701669,0.003615200606,0.001048543735,0.04137103631,0.002731546954,0.004691395954,-0.006290859958,0,0,-0.08455930327,0,0.004089613251,0.0002954769944,0.009513465334,0.07535005487,0.07558636328,0.004691395954,0.0006713049596,0.2539714492,0.06217858454,0.003615200606
1,1,1,1,2,1500,500,v1,0,0.08132684671,0.1354362052,0,0,0,0.01700678268,0,0.04487887761,0.2392002381,0,0.02478775118,0,0,0,0,0,0,0,0,0.008858202836,0,0,0.004892611838,0,0,0,0,0.01465540033,0.02440610804,0,0.003064685509,0.008087340706,0,0.04310477279,0.00446684498,0,0,0,0,0,0.1248296232,0,0,0,0,0.2204674558,0,0,0,0,0,0,0.000438545458,0,0,0,0,9.170707586e-05,0,0.180184279,0,-0.09819697289,-0.1405682827,0,0,-0.06926239089,0,0,0,0,0,0,0,0,-0.05686735378,0,0,0,0,0,0.01335592725,0,0,0.09925759122,0.001671932666,0,0,0.02075251577,0.004815871446,-0.2253822442,0,0,0,0.01766269761,0.06748114373,0.01239503712,0,0,0,0,0,0,0,0,-0.07308713895,0,0,0,0,0.06876193613,0,0,0.02075251577,0,0.04201360246,0,0.09925759122,0,0.02325353735,-0.0805342752,0,0,0,0,0.0005275371414,0,0,0.004815871446,0,0.02325353735,0,0.001671932666,0,0.04201360246
1,1,1,1,1,1500,500,v1,0,0,0,0,0.3532948296,0,0,0.06452790677,0,0,0,0,0,0,0,0,0.0811151917,0,0,0.01481536974,0,0,0,0,0,0,0,0,0,0,0,0,0,0,0,0,0,0,0,0,0,0,0,0,0,0,0,0,0,0,0,0,0,0,0,0,0.4111515024,0,0,0.07509519979,-0.2705748473,0,0,0,0.2682322618,0,0,0,0,0,0,0,0,0,0,-0.09808025494,0,0,0,0.09573766937,0,0,0,0,0,0,0,0,0,0,0,0,0,0,0,0,0,0,0,0.003827357854,0,0,0,-0.0003134794287,0,0,0,0,0,0,0,0,0,0,-0.0003134794287,0,0,0,0.003827357854,0,0.3639699311,0,0,0,0,0,-0.3663125167,0,0,0,0,0,0,0,0
1,1,1,1,3,1500,500,v1,0,0,0.05208798258,0,0,0,0,0,0,0.7998871871,0,0,0,0,0,0,0,0,0,0,0,0,0,0,0,0,0,0,0,0.0005708476533,0,0,0,0,0.008766200975,0,0,0,0,0,0,0.008479081335,0,0,0,0,0.1302087004,0,0,0,0,0,0,0,0,0,0,0,0,0,0.1478919659,0,0,-0.8518791376,0,0,0,0,0,0,0,0,0,0,0,0,0,0,0,0,0,0,0,0,0,0.06456997704,0,0,0,0.9914107802,-0.713297669,0,0,0,0,0.009310497417,0,0,0,0,0,0,0,0,0,-0.8425686398,0,0,0,0,0.1385814687,0,0,0,0,0,0,0,0,0,0,0,0,0,0,0,0,0,0.9914107802,0,0,0,0.06456997704,0,0
1,1,1,1,1,1500,500,v1,0,0,0,0,0,0,0,0,0,0,0,0,0,0,0.4716862799,0,0,0,0,0,0,0.1780326447,0,0,0,0,0.2172967489,0,0,0,0,0,0,0.0820161971,0,0,0,0,0.03700210419,0,0,0,0,0,0,0.0139660252,0,0,0,0,0,0,0,0,0,0,0,0,0,0,0,0,0,0,0,0,0,0,0,0,0.3261141149,0,0,0,0.1233644773,0.3494113652,0,0,-0.6490637578,0,0,0,0,0,0,0,0,0,0,0,-0.5982035126,0,0,0.2985511213,0,0,0,0,0,0,0,0,0,0,0,-0.3505126367,0,0,0.05086024279,0,0,0,0,0,0,0,0,0,0,0,0,0,0,0,0,0,0,0.1233644773,0,0,0,0.3261141149,0,0,0
1,1,1,1,1,1500,500,v1,0,0.02140768142,0.001987049161,0,0,0,0.08074701846,0,0.05612191181,0.1206097676,0,0.04394189792,0,0,0,0,0,0,0,0,0.01250586962,0,0,0.009791748512,0,0,0,0,0.04044464076,0.003754049208,0,0.1525519784,0.1060287902,0,0.22786301,0.08301759733,0,0,0,0,0,0.0005931938953,0,0,0,0,0.03600564058,0,0,0,0,0,0,0.0005507598466,0,0,0,0,0.002077395241,0,-0.5497458304,0,0.101147074,0.1218119338,0,0,0.09962714158,0,0,0,0,0,0,0,0,-0.08861944722,0,0,0,0,0,0.0222756246,0,0,0.02774335628,0.001777641973,0,0,0.1050250514,0.1066777362,0.3840478431,0,0,0,-0.1922861557,-0.2306747808,-0.1882465887,0,0,0,0,0,0,0,0,-0.1088628469,0,0,0,0,0.03655926034,0,0,0.1050250514,0,0.05571765777,0,0.02774335628,0,0.04379807682,-0.09113908187,0,0,0,0,0.002626810072,0,0,0.1066777362,0,0.04379807682,0,0.001777641973,0,0.05571765777
1,1,1,1,0,1500,500,v1,0,0,0,0,0,0,0,0,0,0,0,0,0,0,0.006835482233,0,0,0,0,0,0,0.04915532401,0,0,0,0,0.108902225,0,0,0,0,0,0,0.783137747,0,0,0,0,0.006344518249,0,0,0,0,0,0,0.04562470351,0,0,0,0,0,0,0,0,0,0,0,0,0,0,0,0,0,0,0,0,0,0,0,0,0.1437017901,0,0,0,1.032939553,-0.8400741591,0,0,0.05564659692,0,0,0,0,0,0,0,0,0,0,0,0.1075202402,0,0,-0.8919478022,0,0,0,0,0,0,0,0,0,0,0,-0.8363012057,0,0,0.0518736433,0,0,0,0,0,0,0,0,0,0,0,0,0,0,0,0,0,0,1.032939553,0,0,0,0.1437017901,0,0,0
1,1,1,1,4,1500,500,v1,0,0.01708505172,0,0,0.0001134358993,0,0.05580745688,0.000945183893,0.01317504686,0,0,0.0004042665383,0.0208915879,0.1956644694,0.06598503787,0.0278339534,0.0007547749824,0,0.1106297394,0.006289024558,0.08766356886,0.02303554603,0,0.002689891571,0.0002134430675,0.005758217682,0.001941876381,7.790629074e-05,0.0033454873,0,0.003255727132,0.01092786497,0.002579854758,0.0006779140275,0,7.91609292e-05,0.001378999348,0.003972185913,0.01254595099,0.000503331991,0,0,0.005292160564,0,0,0.004379823683,0,0,0.002658335196,0.007657292681,0.07171595174,0.0009702870046,0,0.04166650499,0.01020184434,0,0.0002766440242,0.0405485834,0.1361015301,0.002305085758,-0.2528409479,0,0.07082866806,0,0.0008416821434,0,0.01327725514,0.002578043088,0.01390280403,0.1772442257,0.07741509524,0.0007974239856,0.01805049669,0.1007793946,0.02700145717,0.1827852553,-0.04775607394,-0.3043258186,-0.08789747561,-0.006597293993,0,-0.08994420004,0.0007974239856,0,0.03182359336,0,0.002578043088,0,0.1038064847,0,-0.4503106608,0.000255392576,0.009001340942,0.002560646387,0.01419585856,0,0.002642564063,0.01805049669,0,0.000587998331,0,0.01390280403,0,0.004585366059,0,-0.1175722034,-0.0002585582121,0.008941420834,0.01572579427,0,0,0,0.1007793946,0.1038064847,0.004585366059,0.1077112293,0.1772442257,0.03182359336,0.000587998331,0.003325342471,-0.2548733816,-0.002247145747,0.01751245265,0.1099753969,0,-0.1754445788,0.002306702261,0.02700145717,0,0,0.003325342471,0.07741509524,0,0,0.1077112293
1,1,1,1,4,1500,500,v1,6.951957685e-05,0.08066314429,0.0006250748371,0.0001549359842,0,8.230953686e-05,0.2080216882,0,0.007427114849,0.001561294728,0.0001677765412,0.0003124462778,4.912914149e-05,0.0007054589604,6.230629687e-07,6.431503103e-06,0,1.268391845e-06,0.0006131453998,0,0.0001144520096,2.266665365e-06,2.585440336e-06,4.814804285e-06,0.003516834832,0.001932654825,1.706925166e-06,0.00553494997,0.003405343855,2.638869057e-05,0.001679755283,0.008782020388,0.0003135493928,6.209690429e-06,6.591294518e-05,1.319049761e-05,0.0390063022,0.001492809964,1.893203464e-05,0.061389841,3.255185582e-05,0.0002926851241,0.0001954239709,7.254724567e-05,3.854062838e-05,6.8873596e-05,0.0007310608491,7.855970977e-05,0.08024230028,0.003070952607,0.04409665971,0.1262888759,6.696445555e-05,0.07769845251,0.0004020188553,0.0001492414698,0,0.03832634577,0.2003760628,0,0.02319759585,-7.557137667e-05,-0.05628297997,-0.00192887112,0,-0.0001599268402,-0.007713114824,0.05742589815,0.002333080458,0.0619651175,2.666668419e-05,0.08891415513,0.0003053117787,0.05385341376,8.500886613e-05,-0.08797899337,5.101617257e-05,0.001299798591,-1.050257311e-07,0,1.570380705e-06,0.0001093481103,0.08891415513,2.548252707e-05,0.01867948834,0.0009673885983,0.05742589815,8.136132193e-05,0.03143983735,0.002043295628,-0.2425641604,0.0089483801,0.003531244764,4.741969106e-06,0.01217012479,3.905747433e-05,0.0003196607786,0.0003053117787,8.136132193e-05,0,9.131496671e-05,0.002333080458,2.548252707e-05,0,0.0001899746122,-0.1990853496,0.09602808232,0.001560297877,-7.908731018e-05,6.324394805e-05,-0.0001173091719,-2.916992648e-05,0.05385341376,0.03143983735,0,0.01048515629,0.0619651175,0.01867948834,0,0.0004410026399,0.06729363814,-0.2025364979,-0.003370242208,-0.08204339769,-5.890180407e-05,0.01069997142,0,8.500886613e-05,0.002043295628,0.0001899746122,0.0004410026399,2.666668419e-05,0.0009673885983,9.131496671e-05,0.01048515629
1,1,1,1,0,1500,500,v1,0.005534696059,0,0.0007690450259,0.003155069039,0.0009323969554,0.001091338491,0,0.001020107568,0.003979079836,0.006235906531,0.0002310959675,0.02106264793,0.02232331817,0,0.00377374529,0.004718861624,0.01270666281,0.01487271076,0,0.013901979,0.05422671695,0.005099529164,0.003149365213,0.2870407971,0,0,0.0008869300214,0,0,0.002463197289,0,0,0.01274471368,0.001198524321,0.01997317133,0.06746218431,0,0.03549245083,0.005999980296,0,0.1199227766,0.01666324833,0.007502646466,0.06836231575,0.02364652742,0.008107880143,0.1351162228,0.005007261427,0,0.0004702600661,0,0,0.001588926421,0,9.940691445e-05,0.0009057719705,0.0002676768772,0,0,0.0002928572498,-0.6124657224,0.008628344624,0,0.006958695431,0.001882327685,0.001314457916,0.02500241396,0,0.01923583161,0,0.002285308117,0,0.004234104145,0,0.002814047322,0.03210390599,0.02385256719,0,0.007002930696,-0.0259891185,0.0144571207,-0.3403958604,0,0.168884573,0,0.02011887444,0,0.09633600303,0,0.1627963867,-0.4650211165,0,0,0.002051107987,0,0.02223348447,0.07955110501,0.004234104145,0.09633600303,0.01674082451,0.01258272224,0.01923583161,0.168884573,0.01868867842,0.003107651428,0.08950733085,0,-0.04006600275,-0.01245360898,-0.1878838724,-0.1511356878,-0.02623182772,0,0,0.01868867842,0.0562202076,0,0,0.01674082451,0.2975433047,-0.219575754,0,0.0005668117592,0,0.00244181025,0,0.0004871222082,0.002814047322,0.1627963867,0.003107651428,0.2975433047,0.002285308117,0.02011887444,0.01258272224,0.0562202076
1,1,1,1,1,1500,500,v1,0,0,0,0,0,0.4617348801,0,0,0,0,0.2178375325,0,0.005085204471,0,0.002892068306,0.003135178768,0,0.01574430824,0,0,0,0.00250423243,0.007427858294,0,0,0,0.02250908696,0,0,0,0,0,0,0.01949054434,0,0,0,0.02524456986,0.01435714548,0,0,0,0.01556402302,0,0.07815974591,0.01243180503,0,0.03687424738,0,0.03650262333,0,0,0,0,0.02250494553,0,0,0,0,0,0.137261816,0,0,0,0,-0.675903348,0,0,0.009503685749,0,0.007856260664,0,0.00602321794,0,0.006990354953,-0.5955525961,0.008157233934,0,0.0053486961,0,0.02315612236,0,0,0,0,0,0,0,0,0,0.02949389693,0,0,-0.03939164071,0,0,0,0.00602321794,0,0,0.5491043446,0.009503685749,0,0,0.2588579528,-0.7329322172,0,0.03579076202,0.02414520088,0,0,0.1141056939,0,0,0,0,0,0,0,0,0.04394799593,0,-0.05429926493,0,0,0,0,0.006990354953,0,0.2588579528,0,0.007856260664,0,0.5491043446,0
1,1,1,1,2,1500,500,v1,0,0,0,0,0,0,0,0,0,0,0,0,0,0,0,0,0,0,0,0,0,0,0,0,0.01924110204,0,0,0.04253972431,0,0,0,0,0,0,0,0,0.001337528027,0,0,0.002957110948,0,0,0,0,0,0,0,0,0.2908626889,0,0,0.6430618458,0,0,0,0,0,0,0,0,0,0,0,0,0,0,0,0.4054258771,0,0,0,0.8963455359,0,0,0,0,0,0,0,0,0,0,0.8963455359,0,0,0,0.4054258771,0,0,0,-0.9296276157,0.06178000784,0,0,0,0,0,0,0,0,0,0,0,0,0,-0.8721420935,0.004294485517,0,0,0,0,0,0,0,0,0,0,0,0,0,0.06607449337,-0.9339221007,0,0,0,0,0,0,0,0,0,0,0,0,0
1,1,1,1,4,1500,500,v1,0,0.04651479191,0,0,0,0,0.08682720959,0,0,0,0,0,0,0,0,0,0,0,0,0,0,0,0,0,0,0,0,0,0.3000599064,0,0,0.5601092321,0,0,0,0,0,0,0,0,0,0,0,0,0,0,0,0,0,0,0,0,0,0.00226356265,0,0,0,0,0.004225297385,0,-0.8536745915,0,0.1333172913,0,0,0,0,0,0,0,0,0,0,0,0,0,0,0,0,0,0,0,0,0,0.37693152,0,0,0,0.7036044336,0,0.1398059481,0,0,0,-0.8601632483,0,0,0,0,0,0,0,0,0,0,0,0,0,0,0,0,0,0,0.7036044336,0,0,0,0.37693152,0,0,-0.7268459574,0,0,0,0,0.006488656838,0,0,0,0,0,0,0,0,0
1,1,1,1,4,1500,500,v1,0,0,0,0,0,0,0,0,0,0,0,0,0,0,0.867785146,0,0,0,0,0,0,0.05182430414,0,0,0,0,0.04799277773,0,0,0,0,0,0,0.002866138377,0,0,0,0,0.02786738773,0,0,0,0,0,0,0.001664246022,0,0,0,0,0,0,0,0,0,0,0,0,0,0,0,0,0,0,0,0,0,0,0,0,1.188486125,0,0,0,0.07097068299,0.07996592759,0,0,-0.9196038139,0,0,0,0,0,0,0,0,0,0,0,-0.8904845815,0,0,0.05084669521,0,0,0,0,0,0,0,0,0,0,0,-0.8687571187,0,0,0.02911923227,0,0,0,0,0,0,0,0,0,0,0,0,0,0,0,0,0,0,0.07097068299,0,0,0,1.188486125,0,0,0
1,1,1,1,1,1500,500,v1,0,0,0,0,0,0,0,0,0,0,0,0,0,0,0.03022157626,0,0,0,0,0,0,0.2793344595,0,0,0,0,0.03203584722,0,0,0,0,0,0,0.2961035517,0,0,0,0,0.03537135054,0,0,0,0,0,0,0.3269332148,0,0,0,0,0,0,0,0,0,0,0,0,0,0,0,0,0,0,0,0,0,0,0,0,-0.04152338201,0,0,0,-0.4109212962,0.2019655435,0,0,0.09966424256,0,0,0,0,0,0,0,0,0,0,0,0.1347225906,0,0,0.1669071954,0,0,0,0,0,0,0,0,0,0,0,0.2665714381,0,0,0.03505834798,0,0,0,0,0,0,0,0,0,0,0,0,0,0,0,0,0,0,-0.4109212962,0,0,0,-0.04152338201,0,0,0
1,1,1,1,3,1500,500,v1,0,0,0.6742588048,0,0,0,0,0,0,0.04320062199,0,0,0,0,0,0,0,0,0,0,0,0,0,0,0,0,0,0,0,0.2569928071,0,0,0,0,0.01646585708,0,0,0,0,0,0,0.00853505704,0,0,0,0,0.0005468519955,0,0,0,0,0,0,0,0,0,0,0,0,0,0.2825011256,0,0,-0.7174292861,0,0,0,0,0,0,0,0,0,0,0,0,0,0,0,0,0,0,0,0,0,0.6131115967,0,0,0,0.03928064086,-0.7083481627,0,0,0,0,0.2734200025,0,0,0,0,0,0,0,0,0,-0.4440092838,0,0,0,0,0.009081123042,0,0,0,0,0,0,0,0,0,0,0,0,0,0,0,0,0,0.03928064086,0,0,0,0.6131115967,0,0
1,1,1,1,2,1500,500,v1,0,0,0,0,0.01007516454,0,0,0.006528491928,0,0,0,0,0.1040454936,0.05052643703,0,0.07046630589,0.04432703915,0,0.0690103518,0.02872297678,0,0,0,0,0,0.02777196986,0,0,0,0,0.03793169523,0,0,0,0,0,0,0.1931478987,0,0,0,0,0.1308121903,0,0,0,0,0,0,0.06423409023,0.03119327519,0,0,0,0.04350346077,0,0.02736598129,0.04260460506,0,0.01773257272,-0.02872098743,0,0,0,0.01569307723,0,0,0,0.0355651857,-0.01051048393,0,0,0.02529770981,-0.01413904223,0,-0.04521001264,0.1676463088,-0.09446578474,0,-0.06514066798,0,0,0,0,0,0,0,0,0,0,-0.03175171516,0,0.04818473272,0,0,0,0,0.02529770981,0,0.01186671875,0,0.0355651857,0,0.007675146604,0,0.2745386692,0,-0.3151139327,0,0,0,0,-0.01413904223,0,0.007675146604,0,-0.01051048393,0,0.01186671875,0,-0.2431962663,0,0.1068923605,0.06271406956,0,0,0.03641968055,0,0,0,0,0,0,0,0
1,1,1,1,0,1500,500,v1,0,0,0,0,0.0173836458,0.08511609296,0,0.003368376805,0.03178101196,0,0.06840153204,0.09960100745,0,0,0,0,0.01328156544,0.06503094756,0,0.002573529021,0.0242815342,0,0.05226058068,0.07609780556,0,0,0,0,0,0,0,0,0.08213066781,0,0,0.2573957452,0,0,0,0,0,0,0,0,0.06627859078,0,0,0.0532632196,0,0,0,0,0,0,0,0,0.001469421696,0,0,0.0002847254261,-0.05473285698,0,0,0,-0.01286725589,-0.07746774562,0.1211894048,0,0,0,0,0,0,0,0,-0.2091145298,0,0,0,-0.00531025296,0.09241863104,0.09812769511,0,0,0,0,0,0,0,0,0.2193170999,0,0,0,0,0,-0.3316388277,0,0,0.02241233357,-0.08822801276,0,0,0.005430484627,-0.0722797129,0.01495088548,0,0,0,0,0,0.092054265,0,0,0.005430484627,0.04069545439,0,0,0.02241233357,0.1277871377,-0.01817750883,0,0,0,0,0,-0.0003843699689,0,0,-0.0722797129,0.1277871377,0,0,-0.08822801276,0.04069545439
1,1,1,1,3,1500,500,v1,0,0,0,0,0.01292680056,0,0,0.004101876026,0,0,0,0,0,0,0,0,0.03567191437,0,0,0.01131925643,0,0,0,0,0,0,0,0,0,0,0,0,0,0,0,0,0,0,0,0,0,0,0,0,0,0,0,0,0,0,0,0,0,0,0,0,0.7105207912,0,0,0.2254593614,-0.8891553598,0,0,0,0.01701597742,0,0,0,0,0,0,0,0,0,0,-0.9189338033,0,0,0,0.04679442124,0,0,0,0,0,0,0,0,0,0,0,0,0,0,0,0,0,0,0,0.9931019051,0,0,0,0.3151071684,0,0,0,0,0,0,0,0,0,0,0.3151071684,0,0,0,0.9931019051,0,0.06381039867,0,0,0,0,0,-0.9359497807,0,0,0,0,0,0,0,0
1,1,1,1,2,1500,500,v1,0,0,0,0,0,0.0003817501776,0,0,0,0,0.002783256081,0,0.261875849,0,0.001486767555,0.05040390822,0,0.03586274649,0,0,0,0.02220235996,0.2614673499,0,0,0,0.001366212056,0,0,0,0,0,0,0.02040206738,0,0,0,0.1036991176,0.0005887388401,0,0,0,0.01995923193,0,0.01420113837,0.008791819274,0,0.1035373578,0,0.07630392049,0,0,0,0,0.01468640892,0,0,0,0,0,-0.1799996557,0,0,0,0,0.003122195839,0,0,0.1225572767,0,-0.0004606583473,0,0.023599566,0,-0.003870637184,0.3439819985,-0.3104873517,0,-0.007981467446,0,-0.2969410043,0,0,0,0,0,0,0,0,0,0.00135872195,0,0,0.001528808404,0,0,0,0.023599566,0,0,0.03210841485,0.1225572767,0,0,0.2332077755,-0.5205352921,0,0.1228259272,0.0093401894,0,0,0.1169413486,0,0,0,0,0,0,0,0,-0.1876614245,0,0.09022352948,0,0,0,0,-0.003870637184,0,0.2332077755,0,-0.0004606583473,0,0.03210841485,0
1,1,1,1,3,1500,500,v1,0,0,0,0,0,0,0,0,0,0,0,0,0,0.01982399039,0,0,0,0,0.006320342333,0,0,0,0,0,0,0.513350641,0,0,0,0,0.163667946,0,0,0,0,0,0,0,0,0,0,0,0,0,0,0,0,0,0,0,0.225077285,0,0,0,0,0,0,0.07175979532,0,0,0,0,0,0,0,0,0,0,0,0.4024591361,0,0,0,0.1284143235,0,-0.3800528618,0,0.02613722262,0,0,0,0,0,0,0,0,0,0,0,0,0.321921979,0,-0.6758376188,0,0,0,0,0,0,0,0,0,0,0,0,0,0,0,0,0,0,0,0.1284143235,0,0,0,0.4024591361,0,0,0,-0.6497003961,0,0,0.2957847565,0,0,0,0,0,0,0,0,0,0,0
1,1,1,1,1,1500,500,v1,0,0,0,0,0,0,0,0,3.4015709e-06,0,0,0.0001361712627,0,0.2089179659,0.0001988001921,0,0,0,0.05786629963,0,3.064501867e-06,0.0003572034761,0,0.0001226777572,0,0.1732981977,0.0001649054682,0,0,0,0.04800030188,0,2.542015226e-06,0.0002963015571,0,0.000101761637,0,0,0.005969214048,0,0,0,0,0,0,0.01072546251,0,0,0,0,0.3867212924,0,0,0,0,0,0,0.1071144365,0,0,1.945314401e-05,0,0,0,0,0,-8.815284704e-05,0,0,0.003799056398,0.008392867514,0,0,0.000842026431,0.01508445841,-0.2853818701,0,0.2660177775,0.0005528369809,0,0,-3.048750704e-06,0,0,0,0,0,0,0,0,-0.2399002294,0,0.2206044216,0.0004590003927,0,0,2.250189472e-05,0,0,0,0,0,0,0,0,0.001011837373,0,0,-0.01666338796,0,0,0,0.000842026431,0,0,2.052586117e-06,0.003799056398,0,0,0.0001009969685,0.4866221993,0,0,-0.4897162541,0,0,0,0.01508445841,0,0,0.0001009969685,0.008392867514,0,0,2.052586117e-06
1,1,1,1,3,1500,500,v1,0,0,0,0,0,0,0,0,0,0,0,0,0,0,0.113093095,0,0,0,0,0,0,0.2417221736,0,0,0,0,0.1808382124,0,0,0,0,0,0,0.3865187859,0,0,0,0,0.02480665293,0,0,0,0,0,0,0.05302108025,0,0,0,0,0,0,0,0,0,0,0,0,0,0,0,0,0,0,0,0,0,0,0,0,0.06516747931,0,0,0,0.1379250756,-0.4855785099,0,0,0.3501834738,0,0,0,0,0,0,0,0,0,0,0,0.4279736566,0,0,-0.5633686927,0,0,0,0,0,0,0,0,0,0,0,-0.2131852193,0,0,0.07779018284,0,0,0,0,0,0,0,0,0,0,0,0,0,0,0,0,0,0,0.1379250756,0,0,0,0.06516747931,0,0,0
1,1,1,1,1,1500,500,v1,0.0003902332301,0,0.01619694211,0.0003910251371,0.00215615059,0.2220296657,0,0.04008194534,0.002251893555,0.0005405764514,0.07407743413,0.001225845286,0.0001877082847,0.0008411639843,0.0007274913491,0.0005888586213,0.0001257940342,0.0129536441,0.00161719009,0.002338458931,0.0001313798657,0.0005834960818,0.004321822107,7.151820684e-05,0.0009235340043,0.002129804956,0.00184198885,0.0003594922344,0,0.002392616809,0.004094682526,0,0.0003326503444,0.001477396643,7.985410425e-05,0.0001810822077,0.01018135386,0.005239565167,0.02030671336,0.003963165009,0.0006355021287,0.02637702378,0.01643701089,0.0006367917641,0.3615794717,0.01628732451,0.0008803388822,0.1206364898,0.001120003308,0.000576380155,0.002582892004,0.0004359693198,6.990862862e-05,0,0.001808158995,7.005049541e-05,0.0003862652363,0.004965770564,0,0.007180510564,-0.4648645422,0.0003898765286,0,0.01569190457,-0.04044190659,0.2804740053,-0.002873036208,0.01219577087,0.006683427109,0.002546969637,0.02716238535,0.004754253186,0.02100990386,0.004900432552,0.02120636776,-0.2806752404,0.0007748697446,0.0002776771101,0.001262247406,0.002409511403,0.01726836845,0.000189581805,0.004754253186,0.000393796388,0,0.0117460501,0.01219577087,0.0004466934222,0,0.0006190190946,-0.06366696198,0.00125658953,-0.001501545135,0.002074048811,0,0.002400248904,0.0002249033481,0.02100990386,0.0004466934222,0.002518266345,0.188284221,0.006683427109,0.000393796388,0.04594751788,0.06379215586,0.3256097845,-0.0141002819,-0.02158644882,-0.0355821316,-0.001074796961,-0.02633553293,-0.4657932921,0.004900432552,0,0.04594751788,0.002324119468,0.002546969637,0,0.002518266345,0.001363707117,-0.07359645481,0.001543676356,0.002349358409,-0.00374106677,0.0001245938938,0,0.005721872342,0.02120636776,0.0006190190946,0.06379215586,0.001363707117,0.02716238535,0.0117460501,0.188284221,0.002324119468
1,1,1,1,4,1500,500,v1,0,0.3969512465,0,0,0,0,0.1154472818,0,0,0,0,0,0,0,0,0,0,0,0,0,0,0,0,0,0,0,0,0,0.225629436,0,0,0.06562091767,0,0,0,0,0,0,0,0,0,0,0,0,0,0,0,0,0,0,0,0,0,0.1521117193,0,0,0,0,0.04423939884,0,0.4763261661,0,-0.5008303328,0,0,0,0,0,0,0,0,0,0,0,0,0,0,0,0,0,0,0,0,0,0.02859173697,0,0,0,0.008164513095,0,-0.305739945,0,0,0,0.2812357784,0,0,0,0,0,0,0,0,0,0,0,0,0,0,0,0,0,0,0.008164513095,0,0,0,0.02859173697,0,0,-0.2195945545,0,0,0,0,0.1950903877,0,0,0,0,0,0,0,0,0
1,1,1,1,1,1500,500,v1,0,0.0007538748913,0,0,0,0,0.007434320979,0,0,0,0,0,0,0,0,0,0,0,0,0,0,0,0,0,0,0,0,0,0.08265317762,0,0,0.8150825283,0,0,0,0,0,0,0,0,0,0,0,0,0,0,0,0,0,0,0,0,0,0.00866144502,0,0,0,0,0.08541465323,0,-0.8036638481,0,0.008120139001,0,0,0,0,0,0,0,0,0,0,0,0,0,0,0,0,0,0,0,0,0,0.1098755472,0,0,0,1.083440015,0,0.1021288618,0,0,0,-0.897672571,0,0,0,0,0,0,0,0,0,0,0,0,0,0,0,0,0,0,1.083440015,0,0,0,0.1098755472,0,0,-0.8895524318,0,0,0,0,0.09400872276,0,0,0,0,0,0,0,0,0
1,1,1,1,3,1500,500,v1,0.0008604151112,0.05399423858,0.02469788648,0.01441424049,0.01782496705,0.0928557848,0.2278450405,0.03125855267,0,0.01995459831,0.1671337164,0,0.004259777016,4.671372793e-05,0.0003489826856,0.0009177015696,0.0005568411278,0.002900758233,7.279075192e-05,0.0009764981708,0,0.006714967732,0.005221155632,0,0.001977434502,7.93313588e-05,0.0005926581301,0.00136225416,0.002864510087,0.001310275814,0.0001236165366,0.01208766775,0,0.01140366094,0.001058634211,0,0.009636498802,0.03525367498,0.002888161077,0.006638581739,0.0002224478067,0.006385279159,0.007594846572,0.003726592132,0.02400651198,0.05557269525,0.005158971026,0.04320999034,0.006053695186,0.02214652925,0.0002428641072,0.004170389178,0.0001397427888,0.008769378154,0.004771119374,0.002341063214,0.002895010296,0.0003784382399,0.0370050467,0.005076802193,0.1622418417,-0.01468774431,-0.2815062058,-0.04393733926,-0.04860720419,-0.258280947,0,0.002930509145,0.01594474579,0.0002433661536,0.002974465446,0.001909161584,0.00315988701,0.0003650663906,0.05570121801,-0.29761932,0.00489550116,3.929586744e-05,0.006950003637,0.001475474074,0.008084370294,0,0.001909161584,0.0008144494711,0.06357190061,0.02553928104,0.002930509145,0.01258161917,0.2681612787,0.02062460281,-0.3265309877,0.002978758466,8.585768157e-05,0.01164584525,0.0148602653,0.002279697255,0,0.00315988701,0.01258161917,0.02163965717,0.09876671476,0.01594474579,0.0008144494711,0.03800121643,0.1774656782,-0.2533568908,-0.01170322543,-0.03650035774,-0.05771297131,0.003408524895,0.01088171938,0.06604164785,0.0003650663906,0.2681612787,0.03800121643,0,0.0002433661536,0.06357190061,0.02163965717,0,-0.3652610602,0.005498019802,0.01886843476,-0.0005307752454,0.002348507007,0.04549048801,0.007371147688,0.05570121801,0.02062460281,0.1774656782,0,0.002974465446,0.02553928104,0.09876671476,0
1,1,1,1,3,1500,500,v1,0.0003790516664,3.439246254e-05,7.860680962e-05,4.103369498e-05,0,0.001638690588,3.973264082e-05,0,0.0007328275273,1.999199361e-06,0.0009634468945,2.67872448e-05,0,0,0.01557134489,0,0,0.04872941739,0,0,0.021791947,0.04418786665,0.02864982944,0.000796566992,0.003363724386,0,0.07346382731,0.00319189811,0.004825084895,0.01102812947,0,0.005574284332,0.1028119178,0.2084733097,0.0002804773467,0.003758112119,0.001754265642,0,0.03831320686,0.001664653981,0.02773416214,0.005751442869,0,0.003002321981,0.1198984585,0.1087239983,0.0001462758884,0.07049274481,0.001865305492,0,0,0.001770021676,0.02948965294,0.002675682167,0,0.003192360122,0,0,0.003091140054,0,-0.237215216,0.0004025983318,6.015165991e-05,7.509793432e-05,0,0.002582170525,0.0007445908442,0.0007994234136,0,0,0.03442115908,0.001762108079,0,0,0.08402958125,-0.4269439243,0,0,0.05887104144,0,0.07296636523,0.02074265688,0.001762108079,0.03119140027,0.006377227858,0.009651533783,0.0007994234136,0.003198558893,0.006227667431,0.0002844695887,0.215201705,-0.004479560888,0,-0.2660184046,-0.008986329139,-0.009932276099,-0.1050516734,0,0.003198558893,0,0.1052035576,0,0.03119140027,0,0.06254485612,-0.1459587003,0.002239940595,0,0.1281802028,-0.02237157279,0.003233175914,-0.1873808116,0,0.006227667431,0,0.120773358,0,0.006377227858,0,0.004573280461,-0.03313477225,0.0005319326311,0,0,-0.0009576649775,0.0005229139527,0,0.08402958125,0.0002844695887,0.06254485612,0.004573280461,0.03442115908,0.009651533783,0.1052035576,0.120773358
1,1,1,1,1,1500,500,v1,4.449075603e-05,0.000329924602,0.0001371026191,3.779682986e-05,0,0,0.0006861511451,0,0,0.000207466702,0,0,0.1764302606,0.001301323158,0.04161599585,0.0456658558,0,0,0.02599841064,0,0,0.09870307208,0,0,0.01623938574,0.0004205202829,0.01344813564,0.0001255191767,0.008761866722,0.0036410588,0.008401340535,0.0182222388,0,0.03189572362,0.005509730349,0,0.03524588371,0.1237410142,0.0291877681,0.0002724262098,0.002564428137,0.007902536286,0.03202817528,0.002178593097,0,0.0692263232,0.01195829191,0,0.0241893718,0.08492388567,0.0006263858521,0.0001869670493,0.001759975893,0.01305123575,0.02198104738,0.001495175971,0,0.01251421409,0.02714292994,0,-0.06081476125,1.154206975e-06,0.0002146856479,0.0001586473662,0,0,0,0.01143528827,-0.04672166998,0.0007692838583,0.009277474767,0.0001918209119,-0.01275893914,0.0133809732,0.02384188661,0.3190217425,-0.1769642724,-0.02434469953,-0.1095721105,0,0,0,0.0001918209119,0.003275636709,0.01838847927,0.008722026977,0.01143528827,0.003450655778,0.0425625895,0.01426102287,-0.1470188951,0.009575264987,0.005895409896,0.04213602509,-0.008258410157,0.002450041371,0,-0.01275893914,0.003450655778,0,0,-0.04672166998,0.003275636709,0,0,-0.1303093863,-0.02136291002,0.1176086221,0.04535651114,-0.003345584656,-0.01793072198,0,0.0133809732,0.0425625895,0,0,0.0007692838583,0.01838847927,0,0,-0.1009807397,0.004036238911,0.09900938972,0.009015784937,-0.001139764543,-0.0325903213,0,0.02384188661,0.01426102287,0,0,0.009277474767,0.008722026977,0,0
1,1,1,1,0,1500,500,v1,0,0,0,0,0,0,0,0,2.495403011e-05,0,0,0.0003225590699,0,0.03775555245,0.274279752,0,0,0,0.2428391476,0,0.000603391991,0.08179702784,0,0.007799524109,0,0.01705308521,0.1238841887,0,0,0,0.1096833818,0,0.0002725346173,0.03694533903,0,0.00352281825,0,0,0.04268455757,0,0,0,0,0,0,0.01272959421,0,0,0,0,0.001049881385,0,0,0,0,0,0,0.006752710109,0,0,-0.00459087414,0,0,0,0,0,0.0003466937671,0,0,0.02958974535,0.1615169358,0,0,0.1896798186,0.04827226401,0.3537571935,0,-0.2801003843,-0.3555703838,0,0,-0.008369783085,0,0,0,0,0,0,0,0,-0.5806430253,0,0.1261871668,0.1603935975,0,0,0.003778908951,0,0,0,0,0,0,0,0,-0.1951767864,0,0,0.05531732048,0,0,0,0.1896798186,0,0,0.0004574064531,0.02958974535,0,0,0.005908864054,-0.1539132178,0,0,0.00773350793,0,0,0,0.04827226401,0,0,0.005908864054,0.1615169358,0,0,0.0004574064531
1,1,1,1,0,1500,500,v1,0.005782048561,0.01020150951,0.03900211595,0.0002422523908,0.005488656295,0.08236259757,0.05830010775,0.004045350746,0,0.07877329621,0.05039553523,0,0.1283406323,0,0,0.2016040303,0.004935413269,0.07406065074,0,0.003637589362,0,0,0.04531578949,0,0.0008270860923,0,0,0.0572867245,0.002284889395,0.008735523015,0,0.01305780265,0,0,0.01764329768,0,0.0002470346819,0.009548049025,0,0.01711044097,0.0003868028712,0.002609132434,0.01499856383,1.620600715e-05,0.005509827336,0,0.005269713118,0.003371320306,0.0002526614692,0.009765527969,0,0.01750017092,0.000395613203,0.0006979968795,0.01534019088,1.657513652e-05,0.0003755390281,0,0.003988948228,0.0002767867044,0.08017079435,-0.005876046533,-0.06669791125,-0.1174231968,-0.004716407636,-0.05885291598,0,0.0005436128967,0.1634388012,0,0,0.03474804902,0.2567952364,0,0,-0.004730354158,-0.3296793017,0,0,0.0009715777418,0.01773685495,0,0.03474804902,0.007392142651,0.0110078345,0.04162123835,0.0005436128967,0.0003146860392,0.06239149276,0.08404833345,-0.1405038215,-0.05485266793,0,0,0.01326514647,0.02585096894,0,0.2567952364,0.0003146860392,0.002658566774,0.03301684486,0.1634388012,0.007392142651,0.002195372863,0.01544701282,-0.4826293768,0.01624012009,0.0245223855,0,0.0003568930263,0.007792513233,0.008806822598,0,0.06239149276,0.002195372863,0,0,0.0110078345,0.002658566774,0,-0.4064662116,0.01508477322,0.02500089026,0,0.0003812677138,0.00449987989,0.0005088701388,0,0.08404833345,0.01544701282,0,0,0.04162123835,0.03301684486,0
1,1,1,1,0,1500,500,v1,0,0,0,0,0,0.0405129631,0,0,0,0,0.0002721166004,0,0.01679926798,0,0.005798175419,0.01324365166,0,0.006767617726,0,0,0,0.002283956158,4.545658938e-05,0,0,0,0.02915850073,0,0,0,0,0,0,0.01148580933,0,0,0,0.2763841226,0.09539246756,0,0,0,0.2178865799,0,0.1113418805,0.03757599555,0,0.0007478587512,0,0.07509928652,0,0,0,0,0.05920429343,0,0,0,0,0,-0.1049855614,0,0,0,0,0.04065853093,0,0,0.2766052459,0,0.09087796669,0,0.2181607078,0,0.03578762106,-0.5233611621,0.02996466582,0,0.007982459512,0,0.006799314076,0,0,0,0,0,0,0,0,0,-0.124826493,0,0,0.04038276758,0,0,0,0.2181607078,0,0,0.09584247969,0.2766052459,0,0,0.0006480672547,0.2598413784,0,-0.4938622755,-0.1328089526,0,0,-0.1117848754,0,0,0,0,0,0,0,0,-0.4638976101,0,0.1340536404,0,0,0,0,0.03578762106,0,0.0006480672547,0,0.09087796669,0,0.09584247969,0
1,1,1,1,3,1500,500,v1,0,0.009374058887,0,0,0,0,0.006927310289,0,0,0,0,0,0,0.0004791633016,0,0,0,0,4.326514934e-05,0,0,0,0,0,0.003588216908,0.000523024014,0,0.003842019729,0.006041865089,0,4.722546989e-05,0.004464861454,0,0,0,0,0.1699104302,0,0,0.181928585,0,0,0,0,0,0,0,0,0.1188167509,0,0.01731891231,0.1272209325,0,0.2000644881,0,0,0,0.001563778622,0.1478451121,0,-0.337296555,0,0.01625036823,0,0,0,0,0.07244039054,0,0.02440453241,0,0.07856734052,0,0.002206568457,0,-0.01825771019,0,0.0005169760504,0,0,0,0,0.07856734052,0,0.2769163406,0,0.07244039054,0,0.2046529419,0,-0.4579499259,0.007426207001,0.0005684694511,0,0.01049650832,0,0,0,0,0,0,0,0,0,0,0.2392984424,-0.3399702632,0,0,0,0,0,0.002206568457,0.2046529419,0,0,0.02440453241,0.2769163406,0,0,-0.3047117337,0.2318722356,0,-0.01882617965,0,-0.3477930632,0,0,0,0,0,0,0,0,0
1,1,1,1,3,1500,500,v1,0,0.04539770535,0,0,0,0,0.01482528771,0,0,0,0,0,0,0.02163776433,0,0,0,0,0.02193465269,0,0,0,0,0,0.06418722582,0.006019948046,0,0.01075630071,0.1188510836,0,0.006102546807,0.03881256762,0,0,0,0,0.2631396649,0,0,0.0440961473,0,0,0,0,0,0,0,0,0.09028636758,0,0.00846771667,0.01512991577,0,0.1671770743,0,0,0,0.008583900879,0.05459412993,0,-0.06717016436,0,0.05918560186,0,0,0,0,0.1626338671,0,0.01072604878,0,0.02702441663,0,0.01083444221,0,0.02876174082,0,-0.04313540144,0,0,0,0,0.02702441663,0,0.006044740643,0,0.1626338671,0,0.005932102882,0,-0.3617562421,0.07407265286,0.01204900946,0,0.1268375023,0,0,0,0,0,0,0,0,0,0,0.177265659,-0.3037045147,0,0,0,0,0,0.01083444221,0.005932102882,0,0,0.01072604878,0.006044740643,0,0,-0.07469514947,0.1031930061,0,0.01671273134,0,-0.1940076666,0,0,0,0,0,0,0,0,0
1,1,1,1,0,1500,500,v1,0.1060052301,0,0,0.1002073492,0.0316787128,0.0004256604699,0,0.0806769409,0,0,9.410455729e-05,0,0.01597670597,4.801577673e-06,0.0007476142456,0.003771332943,0.01584231987,0.0002128700544,0.000132621888,0.04034601758,0,0.001586333479,4.706108189e-05,0,4.961719311e-05,2.467457143e-05,0.003841874975,0.0002380968903,0,0,0.0006815235475,0,0,0.008151924513,0,0,2.674692258e-05,0.04425827986,0.002071022685,0.0001283498459,0.1468540174,0,0.01044725422,0.1388219411,0.0005896874148,0.004394422178,0,0.0001303674573,1.300988853e-05,0.02152753409,6.469802174e-06,6.243025469e-05,0.07143081196,0,0.005081616863,0.06752395436,0.02134645787,0.0001786990523,0,0.0543635384,-0.02000246281,0.1571913707,0,0,-0.08423627326,-1.377866601e-05,0,5.184505107e-05,0.01848546663,2.856662633e-05,0.004053157353,0.0002628717807,0.00328419275,0.0007528220204,0.008213294786,-0.06865001844,0.01085059232,5.420458736e-05,0.0009610321451,0.02624799162,0.0001203165885,0,0.0002628717807,-0.04776842105,0,0,5.184505107e-05,-0.04244618545,0,0,-0.0008635307468,-0.000222239263,-0.0005921092995,-0.007230492426,0,0,0,0.00328419275,-0.04244618545,-0.0003528662802,0.0004558620458,0.01848546663,-0.04776842105,0.0105930703,0.0001102568337,0.3160549436,-2.563611696e-05,-0.04234960974,-0.001908174472,-0.2344224664,0,-0.0004839505085,0.0007528220204,0,0.0105930703,0,2.856662633e-05,0,-0.0003528662802,0,-0.1675041737,3.806415896e-05,0.01698591119,1.697894842e-05,0.1373741669,0,0.05116147893,0.008213294786,0,0.0001102568337,0,0.004053157353,0,0.0004558620458,0
1,1,1,1,2,1500,500,v1,0,0,0.02931068934,0,0,0,0,0,0,0.004043880567,0,0,0,0,0.000613710936,0,0,0,0,0,0,0.000170929582,0,0,0.1117476525,0,0.01621515337,0.549673373,0,0.0571704975,0,0,0,0.004516213131,0.007887588761,0,0.01161887338,0,0.001685957688,0.05715185221,0,0.005944257052,0,0,0,0.0004695696719,0.0008201057743,0,0.0238152621,0,0,0.1171444335,0,0,0,0,0,0,0,0,-0.05760607306,0,0,0.03269449553,0,0,0,0.1141307542,0,0,0.02069306536,0.5628071672,0,0,0.00579283535,-0.01842764346,0,0,0.0007703763185,0,0,0,0.5628071672,0,0,0.03282574283,0.1141307542,0,0,0.004541623553,0.2518659444,-0.6608037619,0,-0.02056428713,0,-0.064358689,0,0,0,0,0,0,0,0,0,-0.5714747497,0.06872469342,0,0.002136643665,0,0.006752615883,0,0,0,0,0,0,0,0,0,-0.5920790685,0.1407871202,0,0,0,0,0,0.00579283535,0.004541623553,0,0,0.02069306536,0.03282574283,0,0
1,1,1,1,3,1500,500,v1,0.1089061891,0,0,0.09306413595,0,0,0,0,0,0,0,0,0,0,0,0,0,0,0,0,0,0,0,0,0,0,0,0,0,0,0,0,0,0,0,0,0,0,0,0,0.237453436,0,0,0.2029122407,0,0,0,0,0,0,0,0,0.1928591392,0,0,0.1648048591,0,0,0,0,-0.08749915341,0.2014386705,0,0,0,0,0,0,0,0,0,0,0,0,0,0,0,0,0,0,0,0,0,-0.09087243206,0,0,0,-0.08003684285,0,0,0,0,0,0,0,0,0,0,-0.08003684285,0,0,0,-0.09087243206,0,0,0.4525273712,0,0,0,-0.3385878537,0,0,0,0,0,0,0,0,0,0,-0.1371491832,0,0,0,0.2510887004,0,0,0,0,0,0,0,0,0,0
1,1,1,1,0,1500,500,v1,0,0,0,0,0,0,0,0,0,0,0,0,0.397373072,0,0,0.2691452699,0,0,0,0,0,0,0,0,0,0,0,0,0,0,0,0,0,0,0,0,0,0.1040564903,0,0,0,0,0.07047863617,0,0,0,0,0,0,0.09476269084,0,0,0,0,0.06418384083,0,0,0,0,0,0,0,0,0,0,0,0,0,0.2975823974,0,0,0,0.2014253889,0,0,0.333012404,-0.6656842611,0,0,0,0,0,0,0,0,0,0,0,0,0,0,0,0,0,0,0,0,0.2014253889,0,0,0,0.2975823974,0,0,0,-0.5069318484,0,0.1742599905,0,0,0,0,0,0,0,0,0,0,0,0,-0.4914242703,0,0.1587524132,0,0,0,0,0,0,0,0,0,0,0,0
1,1,1,1,1,1500,500,v1,0,3.199719297e-05,2.372631807e-05,0,7.516689359e-06,8.346466609e-05,1.4596821e-05,3.47375157e-06,0.0002251637597,7.223334619e-06,0.000188567773,2.601960917e-05,0,0.07285584951,0.03220411317,0,0.005107508388,0.05671332973,0.3818911515,0.002360376282,0.1529963175,0.006449684587,0.1281297439,0.01768004047,0,0.006409087037,0.002832977251,0,0.001912608623,0.001418223172,0.03359474421,0.0008725142149,0.01345899775,0.0005673750311,0.0004317695021,0.001555302958,0,0,0.005548612484,0,0,0.002777703491,0,0,0.009771431611,0.001111249368,0.0008456550963,0.02207613334,0,0,0.005578534115,0,0,0.00166475387,0,0,0.0003910792335,0.02924120481,0.0007594451886,0.0001807327716,-0.3188062839,0,4.043931786e-05,2.594015704e-05,1.036210091e-05,0.0002686816195,0.0002498696539,0,0,0.0912512598,0.03562729083,0,0,0.4782860569,0.007133618843,0.1321572926,0,-0.4544339813,-0.03838761454,-0.007227558899,-0.1842698691,-0.1705170394,0,0,0.001419615041,0.002420002736,0,0,0.001076735133,0.000680206275,-0.6250647546,0,0.03997353318,0.003367316453,-0.0009146437536,0.000441521577,0.01497213451,0,0,0.0068551037,0.07020652528,0,0,0.003202976857,0.1585127754,-0.2185540239,0,0,0.006513024981,0,-0.002534267744,0.03152165627,0.4782860569,0.001076735133,0.003202976857,0.2088263229,0.0912512598,0.001419615041,0.0068551037,0.02411622821,-0.4225518484,0,0,0.03476890396,0,-0.0007900290144,0.0005118097574,0.007133618843,0.000680206275,0.1585127754,0.02411622821,0.03562729083,0.002420002736,0.07020652528,0.2088263229
1,1,1,1,3,1500,500,v1,1.201325484e-05,0.0008200516879,0.01588145834,0.0001109153881,0.001765274048,0.0001868116531,0.001727171663,0.002597981162,0.00189821181,0.004288708354,4.02604182e-05,0.01684342319,0.1177391584,0.08403007423,0,0.00695941801,0.05124226396,0.005422756911,0.02295685213,0.07541403368,0.05510117295,0,0.001168676886,0.4889298284,0.0008999489165,0.001192436089,0,0.0001736294314,0.0003377985368,0.006541945428,0.0003257712102,0.0007114625449,0.0007819179954,0,0.001766619627,0.006938201328,0.001071135894,0.001988602614,0,0.0002066569699,5.889846029e-06,0.007786344796,0.0001175438744,5.437948057e-05,9.158982205e-05,0,0.00210266345,1.973883575e-05,0.001456720073,0.00270445362,0.001930160207,0.0002810487055,8.010054549e-06,0.0005467842677,0.000159856954,7.395483745e-05,0.001177028341,0.0005273159981,0.001151622888,0.001732250843,-0.6476579768,-8.2193387e-05,-0.001565790198,-0.01936552238,0.004354957708,0.0002209339441,0.01867269446,-0.0002673840126,0.1695064194,0.1213412652,0,-2.413605563e-05,0.01001893096,0.03315239369,0,0.04288933619,-0.1246432034,-0.106957379,0,-0.1265786305,-0.006547414024,-0.543953937,-2.413605563e-05,8.615274738e-06,7.373140703e-05,0.002531230027,-0.0002673840126,7.210919997e-05,0.0001005707682,0.000680253863,-0.6413315648,0.0006397618107,0.001516640761,0,0.000817498459,0.00801780894,0.007708453229,0.01001893096,7.210919997e-05,0.07241327467,0.007671987036,0.1695064194,8.615274738e-06,0.1065711438,0.00165224339,-0.1397805658,0.0004308893866,0.002103088149,0,2.935794059e-05,0.009206724195,0.0001103264561,0.03315239369,0.0001005707682,0.1065711438,0.07862880713,0.1213412652,7.373140703e-05,0.07241327467,0.6977303751,-0.3499349998,-0.0008763044854,0.00285654843,0.002444966369,-9.808701263e-07,0.0006320902903,0.002900727239,0,0.000680253863,0.00165224339,0.6977303751,0,0.002531230027,0.007671987036,0.07862880713
1,1,1,1,0,1500,500,v1,0.001291636766,0.006017161616,0.001171920619,0.0351936231,0.04503676514,0,0.015430949,0.02240786846,0.03785300925,0.03894236207,0,0.1427157806,0.0004019847471,0.01200335871,0.001205924868,0.0009221311514,0.03272918801,0,0.03583525115,0.01628428102,0.02750859775,0.002420841868,0,0.1037146341,8.705781377e-05,0.004756271576,0.0004778417703,0.000164730614,0.001732700808,0.0003374660566,0.0141995412,0.004443493379,0.01090014593,0.0009592466282,0.01121383578,0.04109641126,0.0005655238918,0.001034705207,0.003104040015,0.001070083131,0.002416103312,0.002192165291,0.002373557481,0.06583230795,0,0.006231225698,0.07284460496,0,0.0002695482874,0.0004931763636,0.01472636174,0.0005100387084,0.001151598579,0.005364785941,0.001131319761,0.03137795966,0.0401539164,0.0439646006,0.0137579383,0.01997842594,0.02803663216,0.01201477257,-0.01081904803,0.00155321343,-0.03272879419,0,-0.1495655391,0.0007765433484,0.001299221612,0.01171512345,0.003896771893,0.00151178903,0.002710950891,0.04081006117,0.00724293173,-0.1749973648,4.553608744e-05,-0.01410509949,-0.001092846064,0.01826094181,0,0.07515812553,0.00151178903,0.001150623575,0.006097051294,0.00218713097,0.0007765433484,0.04929658426,0.01862587689,0.07248487803,-0.2121629515,7.655297344e-05,0.01217363374,0.001016793014,0.004436938184,0.009819515651,0.05075978728,0.002710950891,0.04929658426,0.02828823371,0,0.001299221612,0.001150623575,0.0136613267,0,0.03346991561,-0.00145071646,-0.002747400778,-0.007350416029,-0.05580559753,-0.06115406844,0,0.04081006117,0.01862587689,0.0136613267,0.006776368835,0.01171512345,0.006097051294,0.02828823371,0.02869507047,-0.07064828124,-0.0001513914318,2.841635606e-05,-0.03308532402,0.01015935305,-0.01009984228,-0.01349852123,0.00724293173,0.07248487803,0,0.02869507047,0.003896771893,0.00218713097,0,0.006776368835
1,1,1,1,3,1500,500,v1,0,0,0,0,0,0,0,0,0.03204433583,0,0,0.03800655487,0,0,0,0,0,0,0,0,0.1663781161,0,0,0.1973346875,0,0,0,0,0,0,0,0,0.2590212081,0,0,0.3072150975,0,0,0,0,0,0,0,0,0,0,0,0,0,0,0,0,0,0,0,0,0,0,0,0,-0.2106901391,0,0,0,0,0,0.06977373081,0,0,0,0,0,0,0,0,-0.4643908837,0,0,0,0,0,0.3234744752,0,0,0,0,0,0,0,0,0.3932482056,0,0,0,0,0,-0.5341646144,0,0,0,0,0,0,0,0,0,0,0,0,0,0,0,0,0,0,0.09659246593,0,0,0,0.1147821466,0,0,0,0,0,0,0,0,0,0,0.1147821466,0,0,0,0.09659246593
1,1,1,1,4,1500,500,v1,0,0,0,0,0.1767043747,0,0,0.5009237324,0,0,0,0,0,0,0,0,0.07511367276,0,0,0.2129331624,0,0,0,0,0,0,0,0,0,0,0,0,0,0,0,0,0,0,0,0,0,0,0,0,0,0,0,0,0,0,0,0,0,0,0,0,0.008950909516,0,0,0.02537414827,0.322295563,0,0,0,-0.6774448109,0,0,0,0,0,0,0,0,0,0,-0.6431239092,0,0,0,0.2879746623,0,0,0,0,0,0,0,0,0,0,0,0,0,0,0,0,0,0,0,0.1389541325,0,0,0,0.3937697394,0,0,0,0,0,0,0,0,0,0,0.3937697394,0,0,0,0.1389541325,0,-0.3894701485,0,0,0,0,0,0.03432090073,0,0,0,0,0,0,0,0
1,1,1,1,3,1500,500,v1,0.3363305831,0,0,0.08022454011,0,0,0,0,0,0,0,0,0,0,0,0,0,0,0,0,0,0,0,0,0,0,0,0,0,0,0,0,0,0,0,0,0,0,0,0,0.4324540413,0,0,0.103152756,0,0,0,0,0,0,0,0,0.03862492203,0,0,0.009213157417,0,0,0,0,-0.4340899903,0.3599331289,0,0,0,0,0,0,0,0,0,0,0,0,0,0,0,0,0,0,0,0,0,0.08708695409,0,0,0,0.02414834017,0,0,0,0,0,0,0,0,0,0,0.02414834017,0,0,0,0.08708695409,0,0,0.4077616436,0,0,0,-0.4819185052,0,0,0,0,0,0,0,0,0,0,-0.1219853763,0,0,0,0.04782851473,0,0,0,0,0,0,0,0,0,0
1,1,1,1,2,1500,500,v1,0.007252634902,0,0,0.01368859072,0.0647974896,0.03058789966,0,0.05815925607,0,0,0.05126400385,0,0.000176783131,0.004520563168,0.005718572112,4.887919264e-06,0.01875455622,0.008853159086,0.005277254892,0.01683322988,0,0.007238222195,0.01483751374,0,0.02037483982,0.07545569318,0.09545244843,0.06583597096,0,0,0.08808613245,0,0,0.1208179275,0,0,0.001588203472,0.0002300129194,0.007440446714,0.005131864523,0.002731214666,0,6.359682472e-06,0.005154882362,0.0115188647,0.009417666769,0,0.01930512166,0.003513848538,0.0005088961048,0.01301310241,0.01135408338,0.006042723638,0,1.407059067e-05,0.01140500961,0.05398773375,0.01519135023,0,0.04845691479,0.1230739494,-0.006623634689,0,0,-0.07135314928,-0.07826884668,0,0.02287980198,0.0005233693237,0.08664496588,0.1233390913,0.07422788425,1.605373819e-05,0.1011977904,0.1561430174,-0.4186224193,7.409124554e-05,0.009764642557,0.01273010049,0.03473293773,0.0217031804,0,0.07422788425,0.002300982074,0,0,0.02287980198,0.005894627174,0,0,0.08773128949,-0.08538684271,-0.1627769565,-0.2158558577,0,0,0,1.605373819e-05,0.005894627174,-0.003187528783,0.01610921371,0.0005233693237,0.002300982074,0.001804952183,0.02683527555,-0.3433491614,0.00662077951,-9.619500336e-06,0.0168043516,0.006484766387,0,0.02793600682,0.1011977904,0,0.001804952183,0,0.08664496588,0,-0.003187528783,0,-0.2684729853,0.01402760569,-0.0004240871196,0.0277838097,-0.005324871195,0,0.03754192929,0.1561430174,0,0.02683527555,0,0.1233390913,0,0.01610921371,0
1,1,1,1,0,1500,500,v1,0,0,0.005368297366,0,0,0,0,0,0,0.04358286982,0,0,0,0,0.007238370166,0,0,0,0,0,0,0.0139212689,0,0,0.1815125556,0,0.02496751506,0.1601748212,0,0.007205084391,0,0,0,0.0480190268,0.05849494423,0,0.09003003397,0,0.01238386084,0.0794465405,0,0.003573714173,0,0,0,0.02381738608,0.02901342995,0,0.1122212319,0,0,0.09902904903,0,0,0,0,0,0,0,0,0.0003820031722,0,0,-0.0009440541898,0,0,0,-0.03253515747,0,0,0.008940081466,-0.0276395812,0,0,0.01567868895,-0.03255219388,0,0,0.01613968027,0,0,0,-0.0276395812,0,0,-0.001259774683,-0.03253515747,0,0,0.002102851285,0.4402902192,-0.31935658,0,-0.06728742513,0,-0.03050428572,0,0,0,0,0,0,0,0,0,-0.2082246183,0.1657450264,0,0.0347352313,0,0.03088628889,0,0,0,0,0,0,0,0,0,-0.1536115536,0.1937280461,0,0,0,0,0,0.01567868895,0.002102851285,0,0,0.008940081466,-0.001259774683,0,0
1,1,1,1,2,1500,500,v1,0,0,0.0001357241003,0,0,0.0004773956987,0,0,9.762999069e-05,0.0006603386421,0.0007348208852,0.001208711378,0.01616465287,0.03075299295,0.002788602937,0.001329828707,0,0.0290555803,0.03839818046,0,0.005942022608,0.00352413335,0.04472316633,0.07356541041,0.003652945411,0.07995506413,0.007250121217,0.0241761267,0,0.02147665351,0.09983187607,0,0.0154487337,0.009162435293,0.1044903903,0.1912635663,0.001597834803,0.01838288473,0.003171275424,0.01057487925,0,0.009394102724,0.001512317526,0,0.0330427995,0.004007740698,0.04570514023,0.05086040625,0.0002234705923,0.002571000539,0.004891287312,0.001478985516,0,0,0.0002115102843,0,0,0.006107260297,0,0,-0.2600573057,0,0,0.0007882788748,0,0.00120230619,0.001295011232,0.003505614141,0.01402248524,0.06695676374,0.003468694161,0.02226260248,0.001376417239,0.0837892164,0.004145463572,-0.4227263584,-0.002487245886,0.0657529572,0.004890187862,0,-0.01954199459,0.07334601955,0.02226260248,0,0,0.01875590947,0.003505614141,0,0,0.08901104209,0.2165728533,-0.02565514205,-0.1769695617,-0.0146545167,0,-0.1192494729,-0.2018409768,0.001376417239,0,0,0.03687009811,0.01402248524,0,0,0.04972059542,-0.1708931407,0.007006488168,-0.01012330454,0.004688223685,0,0.04661655967,-0.0393874406,0.0837892164,0,0,0.0147211048,0.06695676374,0,0,0.1760788144,-0.1424758087,0.001469842793,0.002344615442,0.01071928436,0,0,0,0.004145463572,0.08901104209,0.04972059542,0.1760788144,0.003468694161,0.01875590947,0.03687009811,0.0147211048
1,1,1,1,4,1500,500,v1,0,0,0,0,0,0,0,0,0,0,0,0,0.0003664382983,0,0,0.002682554476,0,0,0,0,0,0,0,0,0,0,0,0,0,0,0,0,0,0,0,0,0,0.1139283865,0,0,0,0,0.8340260956,0,0,0,0,0,0,0.005888568652,0,0,0,0,0.04310795642,0,0,0,0,0,0,0,0,0,0,0,0,0,0.1615115512,0,0,0,1.18236548,0,0,-0.8989610619,0.003043041719,0,0,0,0,0,0,0,0,0,0,0,0,0,0,0,0,0,0,0,0,1.18236548,0,0,0,0.1615115512,0,0,0,0.05202938645,0,-0.9479474066,0,0,0,0,0,0,0,0,0,0,0,0,-0.9449043651,0,0.04898634474,0,0,0,0,0,0,0,0,0,0,0,0
1,1,1,1,1,1500,500,v1,0.006001409378,0.08720683337,0.06274426751,0.01303170477,0.07891677538,0.01722067418,0.202605141,0.01480350316,0,0.03469061457,0.1059275213,0,0.002829747467,0.01307575646,0.001689574727,0.0006546716238,0.001062644019,0.0002318828453,0.004292759173,0.0001993347297,0,0.002038481545,0.001426353857,0,0.01483229541,0.1015107689,0.01311664302,0.0005798771973,0.009116209178,0.006559002835,0.03332589481,0.02117942797,0,0.01582530461,0.00362640044,0,0.00158048234,0.002340853609,0.001397667864,6.178987433e-05,6.684952078e-05,0.0006989065319,0.0005415643802,0.0001451597723,0.0001918205782,0.001686294249,0.0003864177252,0.001179923513,0.008072631519,0.01195638075,0.05524829502,0.0003156042143,0.0003414473764,0.004961591951,0.002766149026,0.000741432741,0.004489932983,0.01813796592,0.01152712463,0.0008422383807,0.06871535081,-0.01899438049,-0.2895593407,-0.09739092795,-0.09340400281,-0.1224304002,0,0.008048067296,0.009314281653,0.04698730956,0.01494992513,0.0004337729813,0.002426186102,0.01639777648,0.01806419678,-0.3054249386,0.003105465645,0.01733718254,0.003691523833,0.001261037246,0.001649136707,0,0.0004337729813,0.008380096552,0.1096439007,0.08327111112,0.008048067296,0.01819111222,0.2546438982,0.04603422399,-0.2674490739,-0.01488884425,-0.1282193234,-0.02876461543,0.03022883012,0.01011023603,0,0.002426186102,0.01819111222,0.1097236404,0.02515706327,0.009314281653,0.008380096552,0.02058772189,0.1539627829,-0.2686730062,0.001605958198,0.002525131329,0.003063676916,0.0002111924428,0.001077136145,0.001368032693,0.01639777648,0.2546438982,0.02058772189,0,0.04698730956,0.1096439007,0.1097236404,0,-0.4887910927,0.007628325815,-0.01345757549,0.06862541664,0.001069048911,0.01647197709,0.005268724383,0.01806419678,0.04603422399,0.1539627829,0,0.01494992513,0.08327111112,0.02515706327,0
1,1,1,1,2,1500,500,v1,0.004982884171,0,0,0.3513512666,0,0,0,0,0,0,0,0,0.01672474193,0,0,0.0006936753539,0,0,0,0,0,0,0,0,0.004143359714,0,0,0.005213567771,0,0,0,0,0,0,0,0,0.0006497127735,0.0002370536187,0,0.0008175301711,4.311199955e-05,0,9.832035287e-06,0.003039897202,0,0,0,0,0.08290044928,0.03024698344,0,0.1043132,0.005500898671,0,0.001254523808,0.3878773115,0,0,0,0,-0.1820743527,0.1532551451,0,0,0,0,0,0.1171373833,0.02113506943,0,0,0.1473976621,0.0008720870956,0,0,-0.02882683568,0.01415539799,0,0,0,0,0,0.1473976621,0.002057446591,0,0,0.1171373833,0.04117136414,0,0,-0.1856819077,0.009325210713,0,0,0,0,0,0.0008720870956,0.04117136414,0,0,0.02113506943,0.002057446591,0,0,-0.2246384515,0.001465522236,0.0002446914869,0,0.003080893292,0,0,0,0,0,0,0,0,0,0,0.1815268558,-0.1871474298,-0.02907152715,0,-0.1851552455,0,0,0,0,0,0,0,0,0,0
1,1,1,1,1,1500,500,v1,0,0,0.04916562417,0,0,0,0,0,0,0.1201424264,0,0,0,0,0.02237150173,0,0,0,0,0,0,0.03024337404,0,0,0.003089847401,0,0.005634889619,0.002599341585,0,0.003765266658,0,0,0,0.007617641252,0.009200905718,0,0.06813821462,0,0.1242622267,0.05732143753,0,0.08303275677,0,0,0,0.1679864431,0.2029010521,0,0.02309680639,0,0,0.01943024413,0,0,0,0,0,0,0,0,-0.2696714625,0,0,0.1662539467,0,0,0,0.06316638838,0,0,0.1443179894,0.05311103419,0,0,0.1950698419,-0.2787796287,0,0,0.05252107425,0,0,0,0.05311103419,0,0,0.04537683098,0.06316638838,0,0,0.1097494429,-0.4387673973,0.005573607521,0,0.01323832639,0,0.01276111016,0,0,0,0,0,0,0,0,0,0.2923056082,-0.125049435,0,-0.2920179549,0,-0.282432573,0,0,0,0,0,0,0,0,0,-0.1194758276,0.04195754582,0,0,0,0,0,0.1950698419,0.1097494429,0,0,0.1443179894,0.04537683098,0,0
1,1,1,1,0,1500,500,v1,0,0,0,0,0,0,0,0,0,0,0,0,0.1221867829,0,0,0.1458308188,0,0,0,0,0,0,0,0,0,0,0,0,0,0,0,0,0,0,0,0,0,0.3204726818,0,0,0,0,0.3824864892,0,0,0,0,0,0,0.01323142493,0,0,0,0,0.0157918024,0,0,0,0,0,0,0,0,0,0,0,0,0,0.27747996,0,0,0,0.3312908754,0,0,-0.6737116902,0.267864468,0,0,0,0,0,0,0,0,0,0,0,0,0,0,0,0,0,0,0,0,0.3312908754,0,0,0,0.27747996,0,0,0,0.2968861874,0,-0.7027334089,0,0,0,0,0,0,0,0,0,0,0,0,-0.4348689409,0,0.02902171913,0,0,0,0,0,0,0,0,0,0,0,0
1,1,1,1,3,1500,500,v1,0.009883565813,4.264075464e-05,0.0009061318347,0.01341105734,0,0.006931576695,0.0001273787193,0,0.03458745744,0.00033104121,0.008529821587,0.002536200292,0,0,0.01213877742,0,0,0.03156915448,0,0,0.1575250243,0.02166096312,0.03884819677,0.01155086387,0.01256202392,0,0.02226004737,0.02469553986,0.0003561286682,0.007567866147,0,0.001063846408,0.2888688359,0.03972179805,0.002764802504,0.02118193357,0.006136370399,0,0.01087371721,0.01206342073,0.04032251965,0.003696795205,0,0.05471381821,0.02827912949,0.01940353459,0.001350566784,0.03479957589,0.0009015187221,0,0,0.001772285396,0.00592394266,2.555771775e-05,0,0.008038225899,0,0,7.634736731e-05,0,-0.2796560314,0.01836633371,0.0001428742536,0.001065378404,0,0.01519129966,0.03677143197,0.01658248414,0,0,0.003593890251,0.03191685019,0,0,0.005509466167,-0.3048566368,0,0,0.02561887236,0,-0.02639688744,0.1577390783,0.03191685019,0.0371682999,0.0004392719212,0.006619366044,0.01658248414,0.05159212828,0.001310691429,0.002308305252,0.2379621179,-0.03045532561,0,-0.04798562733,-0.001397595425,-0.009133277104,-0.3001660543,0,0.05159212828,0,0.02455119346,0,0.0371682999,0,0.02970549439,-0.04110011293,-0.004223709492,0,0.01629785069,-0.08782292723,0.002116117829,-0.02496553743,0,0.001310691429,0,0.147250935,0,0.0004392719212,0,0.01123238153,-0.1053903498,0.002346145559,0,0,0.01028297477,8.807893894e-05,0,0.005509466167,0.002308305252,0.02970549439,0.01123238153,0.003593890251,0.006619366044,0.02455119346,0.147250935
1,1,1,1,4,1500,500,v1,0,7.917844402e-05,4.034549301e-05,0,0.0001892006796,0.01541078545,7.177408987e-05,0.0009921988365,0.001591023089,3.429609481e-05,0.0002864737083,0.00162787048,0.1175290659,0.00207460797,0.07945282189,0.1306901064,0.0005019058207,0.04088126392,0.001835285477,0.00263207496,0.004220617762,0.02323743598,0.0007599487589,0.004318365403,0.003009506321,0.003582878598,0.1372161966,0.005678510385,0.0003627459348,0.0001848377264,0.00316956512,0.0003288238313,0.007289069199,0.04013139508,0.0001571231807,0.007457880817,0.0001299098939,0.008761698486,0.005923144745,0.0002451214927,0,7.978800134e-06,0.009742843597,0,0.003047665744,0.00173233239,6.782459834e-06,5.665357618e-05,0.002228077041,0.1502713816,0.002652571118,0.004204064477,0,0.0002685576313,0.1670989443,0,0.000641731307,0.00234657599,0.0002434435256,0.003365342331,-0.05378473321,0,-5.827981792e-05,-4.630224818e-05,5.35350483e-05,0.009022710077,0.0006165608778,0.004591046694,0.03437490325,0.004239186348,0.08467608407,0.008090623386,0.05996382881,0.003270793714,0.02310916122,-0.3617653034,0.1383514103,0.001392622927,0.07995715532,-0.001593594419,-0.03894700618,-0.0001375917921,0.008090623386,0,0.0006747516406,0.0002570586549,0.004591046694,0,0.000643718623,0.0002397305332,0.0845492177,-0.00593969577,-0.004510745809,-0.1594261903,-0.000443609462,-0.0002781111708,-0.01151119128,0.05996382881,0,0.001151998819,0.03964786467,0.03437490325,0,0.006420836829,0.0007104704215,-0.1998202186,0.0002646879915,0.01849085231,0.00761220481,0,-6.779372749e-06,0.003018739346,0.003270793714,0.000643718623,0.006420836829,0.007654368927,0.004239186348,0.0006747516406,0.001151998819,0.008893964362,0.1460071832,-0.002779438945,-0.2197347505,-0.001888530501,0,-0.0003770908978,-0.003508497729,0.02310916122,0.0002397305332,0.0007104704215,0.008893964362,0.08467608407,0.0002570586549,0.03964786467,0.007654368927
1,1,1,1,4,1500,500,v1,0,0.0001674043221,0,0,0.0002514476081,0,0.0001282814091,0.0002365547284,9.073539254e-06,0,0,0.000504247543,0.01077767584,0.00105833434,0.08220786132,0.004686069253,0.00768789927,0,0.00201571028,0.00723255607,0.0002774194447,0.01421480545,0,0.01541714534,0.0009524345313,0.00514803849,0.3998823608,0.08096059337,0.02489692664,0,0.009804986683,0.01907843711,0.001349446886,0.0691448466,0,0.07499336894,0.0001991090835,0.01095973252,0.08359651793,0.01692503686,0,0,0.004765226416,0,0,0.01445492219,0,0,0.0001188420792,0.006541526775,0.0006423576404,0.0101020332,0,0.003106567886,0.002844216875,0,0.004666182179,0.001223438427,0.002380553267,0.004389810929,-0.1051167505,0,0.0002926749725,0,0.000445388821,0,0.0005086786058,0.0009556015324,-0.003916967692,0.005160191163,0.3510481179,0.08112093032,-0.001395464641,0.009850729956,0.06081890572,-0.4463794084,-0.002560304626,0.002977821846,0.0960638755,-0.0124508103,0,0.01552511847,0.08112093032,0,0.032325214,0,0.0009556015324,0,0.02480974317,0,0.2471161694,-0.08156929543,-0.01484382165,-0.4682392033,-0.0438230137,0,-0.07613703157,-0.001395464641,0,0.004564165471,0,-0.003916967692,0,0.003951037859,0,-0.4381083934,0.01673267334,-0.001975675001,0.0975973117,0,0,0,0.009850729956,0.02480974317,0.003951037859,0.001596005712,0.005160191163,0.032325214,0.004564165471,0.08855884608,-0.1367743618,0.01011893435,0.008077601195,0.001858719069,0,0.005440367069,0.006328619234,0.06081890572,0,0,0.08855884608,0.3510481179,0,0,0.001596005712
1,1,1,1,2,1500,500,v1,0.008494954557,0,0.001009981414,0.002117114317,0.0252044997,0.02495790627,0,0.0581363469,0.002817947103,0.0005694358783,0.02907324602,0.004508206308,0.01421159201,0,0.003009801233,0.0001050372819,0.0948739215,0.09394570288,0,0.2188348619,0.01060722075,0.001296290078,0.1094365249,0.01696963702,0,0,0.001357825451,0,0,0.001715095398,0,0,0.004785284205,0.0005848012955,0.0009669849767,0.007655590274,0,0.01287130027,0.002725947621,0,0.02896073111,0.003443196779,9.513124173e-05,0.007217599348,0.0850857068,0.00117403728,0.001941302834,0.09911559324,0,0.000777205307,0,0,0.001748730388,0,5.744291903e-06,0.0004358189459,0.005188476789,0,0,0.01196766808,-0.397268445,0.0006651257512,0,0.001334099664,0.08213375564,0.05384691467,0.006990007702,0,0.006946212093,0,0.001121549385,0,0.0001101238419,0,0.0006570671905,0.2158360428,-0.006543346225,0,-0.0009595303027,-0.3128077384,-0.09209959799,-0.02533518527,0,0.03948608088,0,0.003020972573,0,0.01056663504,0,0.001345052376,-0.02261400172,0,0,-1.170495546e-05,0,0.0001841014146,0.007980318163,0.0001101238419,0.01056663504,0.09736309237,-0.003747018897,0.006946212093,0.03948608088,0.2235283111,-0.00866259173,-0.04262374789,0,0.001069745998,-0.0002145091265,-0.03422441667,-0.004428884377,0.04652575718,0,0,0.2235283111,0.006379639549,0,0,0.09736309237,0.00916764957,-0.2697068737,0,0.0007693762479,0,0.0001908136199,0,0.0167463802,0.0006570671905,0.001345052376,-0.00866259173,0.00916764957,0.001121549385,0.003020972573,-0.003747018897,0.006379639549
1,1,1,1,2,1500,500,v1,0,0,0.3718543161,0,0,0,0,0,0,0.591943547,0,0,0,0,0,0,0,0,0,0,0,0,0,0,0,0,0,0,0,0.01083136342,0,0,0,0,0.01724211715,0,0,0,0,0,0,0.003136213542,0,0,0,0,0.004992442707,0,0,0,0,0,0,0,0,0,0,0,0,0,0.03619230519,0,0,-0.9637935857,0,0,0,0,0,0,0,0,0,0,0,0,0,0,0,0,0,0,0,0,0,0.5368363987,0,0,0,0.8545655187,-0.9556743043,0,0,0,0,0.02807302389,0,0,0,0,0,0,0,0,0,-0.935720561,0,0,0,0,0.008119281368,0,0,0,0,0,0,0,0,0,0,0,0,0,0,0,0,0,0.8545655187,0,0,0,0.5368363987,0,0
1,1,1,1,3,1500,500,v1,0.01126300018,0.004169054887,0.008056902135,0.01952435231,0.03492961171,0.01788645806,0.01708746098,0.01167722625,0.01006778185,0.003966193932,0.09791721295,0.01185852252,0.0006394568109,0.004906544938,0,0.005759673709,0.03725495694,0.01907720104,0.003459418573,0.01245460627,0.01073801743,0,0.1044357888,0.01264797186,0.01113049032,0.008558461252,0,0.2541397423,0.007756179094,0.01498919482,0.006034246131,0.03178979679,0.0187302689,0,0.007378773198,0.02206179266,0.001217306867,0.000121987941,0,0.02779446769,0.002291659464,0.001639321293,0.001098761831,0.003972579776,0.003639320804,0,0.0008069933153,0.01992301377,0.0022316559,0.0002236372074,0.001715965784,0.05095484917,0.004201237585,0.001555108745,0.002014330478,0.007282823531,0.01302917474,0.001209862333,0.006373833095,0.004355749001,-0.07668375636,-0.0265948975,0.001895101844,0.001845603434,0.0003357966523,0.005996929588,0.01457026674,0.01168333962,0.0006450560406,0.007707345675,0,0.2657740993,0.005486414459,0.005769007367,0,0.01747073536,-0.005429224706,0.001000851431,0,-0.01802979082,-0.04434056062,0.01235979,0.2657740993,0.009891871869,0.00739145195,0.01253178036,0.01168333962,0.01684753156,0.03003701762,0.005408304351,0.1231908701,-0.264384218,-0.01277187892,0,-0.03402413164,-0.01594881554,-0.03190392553,0.005486414459,0.01684753156,0.004754917401,0.00647478538,0.0006450560406,0.009891871869,-0.0008947031751,0.01804867296,-0.292337855,0.02721520539,0.001008010397,0,0.004782254246,0.002143155627,0.02199465876,0.005769007367,0.03003701762,-0.0008947031751,0.005196147837,0.007707345675,0.00739145195,0.004754917401,0.002264655311,-0.3249969212,0.05219738683,0.000333567301,0.002786792123,0.003986374301,0.007176716792,0.01512051802,0,0.005408304351,0.01804867296,0.002264655311,0,0.01253178036,0.00647478538,0.005196147837
1,1,1,1,3,1500,500,v1,0,0,0,0,0,0.2328314904,0,0,0,0,0.3308957806,0,1.760645494e-05,0,9.453071093e-07,5.797127454e-06,0,0.000763440597,0,0,0,1.01786449e-05,0.001084987567,0,0,0,5.111857314e-06,0,0,0,0,0,0,5.504219725e-05,0,0,0,0.003790429558,0.0002035117246,0,0,0,0.001248042455,0,0.1643583455,0.002191323388,0,0.2335830216,0,0.02178273077,0,0,0,0,0.007172214225,0,0,0,0,0,0.3781344431,0,0,0,0,-0.5431092727,0,0,0.02654321001,0,0.0002759187541,0,0.00872843497,0,0.002977188888,-0.1925375876,2.323185821e-05,0,8.746354015e-06,0,0.001847616489,0,0,0,0,0,0,0,0,0,-0.002204314913,0,0,3.557648473e-05,0,0,0,0.00872843497,0,0,0.1033316536,0.02654321001,0,0,0.144130591,-0.5696907234,0,0.004958961409,-0.002213061266,0,0,0.3762868267,0,0,0,0,0,0,0,0,0.004982193268,0,-0.02849662327,0,0,0,0,0.002977188888,0,0.144130591,0,0.0002759187541,0,0.1033316536,0
1,1,1,1,0,1500,500,v1,0.01723957853,0,0.097952901,0.007402479107,5.671417784e-05,0.0007142286156,0,0.003438440001,0.01222045839,0.03689832859,0.001249368454,3.894250223e-05,0.05748866811,0,0.002703705462,0.08160013495,0.000444158691,0.005593501644,0,0.02692824031,0.09570486622,0.004894969234,0.009784464456,0.0003049793099,0,0,0.0007451453815,0,0,0.2114197048,0,0,0.02637640825,0.001349061045,0.07964066056,8.405276662e-05,0,0.007450922043,0.0003504186005,0,0.01749850478,0.09942408411,0.01057593199,0.007513659093,0.0007249558229,0.0006344212757,0.03745251532,0.001268133082,0,0.005570965249,0,0,0.01308342262,0,0.007907497791,0.005617872991,4.304139779e-05,0,0,0.002609493243,-0.2498741132,0.002936541844,0,0.1282101001,0.003060251261,0.00191606007,0.01207463576,0,0.06671481501,0,0.002672261125,0,0.0946675521,0,0.004880098272,0.0795798112,-0.1387583828,0,-0.006916180204,-0.02660375992,-0.01508600619,-0.09490856309,0,-0.008489517373,0,0.0191422598,0,-0.0007855474092,0,0.007542695506,0.1719250328,0,0,0.00118918243,0,-0.2787730193,0.02556937391,0.0946675521,-0.0007855474092,0.0005292195808,0.006274176175,0.06671481501,-0.008489517373,0.03144010749,0.01096456177,-0.288664669,0,0.01778238753,0.000692091512,1.755259041e-05,0.1327729489,0.00167745415,0,0,0.03144010749,0.08561262551,0,0,0.0005292195808,0.0002842046395,-0.1415654094,0,0.01338775061,0,0.003229282095,0,0.002230623965,0.004880098272,0.007542695506,0.01096456177,0.0002842046395,0.002672261125,0.0191422598,0.006274176175,0.08561262551
1,1,1,1,1,1500,500,v1,0.05152591847,0,0,0.04120907398,0.01039047052,0.02524977439,0,0.001988802013,0,0,0.003570701904,0,0.01406737487,0.0005097604881,0.02373614832,0.009414327664,0.01387113126,0.03370809187,0.04770377567,0.002655022572,0,0.008360503662,0.004766836564,0,0.003046547248,3.894746851e-05,0.001813524019,0.004374232961,0,0,0.003644733839,0,0,0.0006387714636,0,0,0.01686016312,0.005948123539,0.01003638162,0.02420782456,0.0290850174,0,0.003980670488,0.02326143171,0.01425282944,0.00353508093,0,0.00201556673,0.07229859156,0.02550633414,0.0009242748886,0.1038063278,0.1247203706,0,0.01706963732,0.09974807112,0.02515051402,0.08649434974,0,0.004813968029,-0.1966826673,0.08417890197,0,0,0.006488229436,-0.001903304858,0,0.07897802948,0.01244487553,0.0007271757677,0.02323707476,0.1131906241,0.01008399304,0.06434466894,0.007759755474,-0.1032981541,0.01249160084,0.03368941412,-0.02843250862,0.005467179402,-0.02516249333,0,0.1131906241,0.06710654936,0,0,0.07897802948,0.05550181264,0,0,-0.2041677035,0.007241500219,0.003471098525,0.001296885924,0,0,0,0.01008399304,0.05550181264,0.01179326046,0.02220134535,0.01244487553,0.06710654936,0.0025248949,0.002750398359,-0.3801139067,0.04013056778,0.009682964687,0.006471069185,0.05122836385,0,0.01043130241,0.06434466894,0,0.0025248949,0,0.0007271757677,0,0.01179326046,0,0.25406982,-0.1754845038,-0.03719381123,-0.08054174246,-0.2171461739,0,-0.02150084573,0.007759755474,0,0.002750398359,0,0.02323707476,0,0.02220134535,0
1,1,1,1,3,1500,500,v1,0.01400712986,0.06027166565,0.04312752574,0.01905804874,0,0.01294374874,0.009672109148,0,0.0008465509781,0.005737891419,0.02066714805,0.002481040724,0,0,0.0005873878932,0,0,0.01409110344,0,0,0.0009215906181,7.484664662e-05,0.02249911729,0.002700964164,0.09010531744,0,0.001532164364,0.02537921975,0.1711506248,0.122467214,0,0.02746543514,0.002403911146,0.0001952327687,0.0162936214,0.007045295091,0.04074539109,0,0.0006928407557,0.01147641742,0.01798632845,0.05537935688,0,0.02447213153,0.01662085799,8.82837522e-05,0.007367933384,0.02653834989,0.02316848126,0,0,0.006525674555,0.01022731412,0.0440073922,0,0.01391524552,0,0,0.007062096194,0,-0.2742697877,0.003487694399,0.06224761654,0.04562658323,0,0.007670791288,0.002543636325,0.05866460536,0,0,0.001771523997,0.01599608738,0,0,0.0002185816489,-0.01610697488,0,0,-0.0002419917291,0,-0.00953409345,0.000194403152,0.01599608738,0.004907760165,0.1082773705,0.04477615214,0.05866460536,0.01091440258,0.01810512972,0.005516504698,0.2671445264,-0.107484672,0,-0.00140937751,-0.1936672954,-0.1307291135,-0.007703276009,0,0.01091440258,0,0.0112209042,0,0.004907760165,0,0.01787412067,-0.1542696728,0.03264465275,0,0.0003246321399,-0.0273140856,0.05157409235,-0.01753338112,0,0.01810512972,0,0.002084584339,0,0.1082773705,0,0.005363270457,-0.2300860895,0.02506622399,0,0,0.01327828273,0.04716467896,0,0.0002185816489,0.005516504698,0.01787412067,0.005363270457,0.001771523997,0.04477615214,0.0112209042,0.002084584339
1,1,1,1,4,1500,500,v1,0.01318306442,0.008914251181,0.0003026971527,0.004186462713,0,0.001705044534,0.0001558499811,0,0.004870161004,0.0005906062854,0.001533155291,0.01475182798,0,0,0.002202289285,0,0,0.0003724340171,0,0,0.001063792523,0.00331827375,0.0003348881351,0.003222251647,0.008180269923,0,0.0009693029104,0.007750220501,0.0008570055469,2.910094562e-05,0,1.498323253e-05,0.0004682115087,0.001460485879,5.678018852e-05,0.001418223264,0.1855001674,0,0.02198043021,0.1757481372,0.02874033405,0.0006599085772,0,0.009126886816,0.003717159221,0.03311875741,0.001287577864,0.003342424327,0.2014323253,0,0,0.1908427169,0.03120877139,0.02110304693,0,0.009910772911,0,0,0.0003689496065,0,-0.02936279529,0.01058065612,0.00350800275,0.0002866577754,0,0.0004591702437,-0.01645829086,0.09070461691,0,0,0.02819851761,0.05541876951,0,0,0.04248769336,-0.07342612309,0,0,0.005443543943,0,0.0003947357182,-0.0006578179674,0.05541876951,-0.008230043516,0.02344872121,0.0007260197708,0.09070461691,-0.002973744497,0.0004429757001,0.001383689158,-0.1980427377,0.01575291286,0,0.00242175127,0.0008251537242,5.280905992e-05,0.001079735003,0,-0.002973744497,0,0.003664889442,0,-0.008230043516,0,0.003962830907,-0.1266169021,0.03455593897,0,-0.05498943587,0.01117323212,-0.001745939455,-0.005939052861,0,0.0004429757001,0,0.006511543621,0,0.02344872121,0,0.01754301709,0.07639589645,-0.1477244428,0,0,-0.01428469624,-0.02026095441,0,0.04248769336,0.001383689158,0.003962830907,0.01754301709,0.02819851761,0.0007260197708,0.003664889442,0.006511543621
1,1,1,1,0,1500,500,v1,0,0,0,0,0,0,0,0,0,0,0,0,0,0,0.01392875579,0,0,0,0,0,0,0.005422228535,0,0,0,0,0.6961104435,0,0,0,0,0,0,0.2709839964,0,0,0,0,0.009756525696,0,0,0,0,0,0,0.003798050078,0,0,0,0,0,0,0,0,0,0,0,0,0,0,0,0,0,0,0,0,0,0,0,0,1.008700901,0,0,0,0.3927100709,-0.953508178,0,0,0.01923419676,0,0,0,0,0,0,0,0,0,0,0,0.03277684393,0,0,-0.9670508252,0,0,0,0,0,0,0,0,0,0,0,-0.9478166286,0,0,0.01354264717,0,0,0,0,0,0,0,0,0,0,0,0,0,0,0,0,0,0,0.3927100709,0,0,0,1.008700901,0,0,0
1,1,1,1,3,1500,500,v1,0,0,0,0,0,0,0,0,0.01008362225,0,0,0.1052906329,0,0,0,0,0,0,0,0,0.05321604089,0,0,0.5556684381,0,0,0,0,0,0,0,0,0.02409957715,0,0,0.2516416887,0,0,0,0,0,0,0,0,0,0,0,0,0,0,0,0,0,0,0,0,0,0,0,0,-0.3325187953,0,0,0,0,0,0.115168544,0,0,0,0,0,0,0,0,0.3901145916,0,0,0,0,0,-0.6074648426,0,0,0,0,0,0,0,0,-0.4922962983,0,0,0,0,0,0.2749460476,0,0,0,0,0,0,0,0,0,0,0,0,0,0,0,0,0,0,0.02854958997,0,0,0,0.2974757857,0,0,0,0,0,0,0,0,0,0,0.2974757857,0,0,0,0.02854958997
1,1,1,1,4,1500,500,v1,0.00139632614,0.01199942159,0.0005457949313,0.001328485335,0.009918019849,0,0.01213524567,0.002262261501,0.007166175034,0.0002350591293,0,0.005725451837,0.02675356185,0.001797430638,0.01115409159,0.01804874645,0.1135269044,0,0.0323290827,0.02589504247,0.08202783224,0.007261319745,0,0.065536552,7.182271234e-06,0.0001206095845,0.0007484518863,0.0008368006167,0.009216453073,0.0004192113207,0.002169317218,0.009320776125,0.005504158299,0.0004872425888,0.0001805429886,0.004397575149,4.506699974e-05,0.01126440187,0.004696352987,0.005250719716,0.00672956848,0.002630448763,0.007599299653,0.006402610955,0,0.003057328372,0.001132863206,0,9.557770384e-05,0.02388944621,0.001605005822,0.01113568103,0.01427201071,0.1226474737,0.01611652908,0.01357860202,0.1013732262,0.02886807694,0.1240357473,0.02312283603,-0.4248844565,0.002336647874,0.02388910184,0.0004341488285,0.01200072161,0,0.01276574721,9.667913838e-05,-0.01241783042,0.001039145241,0.0101853007,0.009633979574,-0.005118317191,0.01281601551,0.007006907256,0.08455143246,-0.01461813938,-0.01304177643,-0.01634734731,-0.05250089122,0,-0.1473040897,0.009633979574,0.01276213818,0.1520538082,0.002781231084,9.667913838e-05,0.01226803969,0.1537857642,0.001156158658,-0.3905802232,0.0006575449141,0.002121938056,0.001145449524,0.01834615372,6.747207671e-05,0.009826188812,-0.005118317191,0.01226803969,0.02977416516,0,-0.01241783042,0.01276213818,0.008537600462,0,-0.05102937486,0.001586270048,0.01750129607,0.003740425813,0.00575840589,-0.003126547401,0,0.01281601551,0.1537857642,0.008537600462,0.1039769681,0.001039145241,0.1520538082,0.02977416516,0.08309126228,0.004037272607,-0.008730920773,0.008807608375,0.001683064544,-0.02478183901,-0.2461283038,0.01495899251,0.007006907256,0.001156158658,0,0.08309126228,0.0101853007,0.002781231084,0,0.1039769681
1,1,1,1,0,1500,500,v1,0.0007477459401,0.0003161026488,0.000301491117,0.001278524534,0,0,0.002074278097,0,0,3.125495304e-06,0,0,0.1424120095,0.006262434169,0.01328557908,0.358294147,0,0,0.1635897319,0,0,0.03417360909,0,0,0.000496975179,0.0004897836893,0.001039062409,0.009322576562,0.0004163925021,0.0003971451712,0.01279431931,0.002732384086,0,0.002672710943,4.117120862e-06,0,2.223310722e-05,0.0004982797326,4.64843858e-05,0.000417062769,4.406505261e-05,1.77670265e-05,0.001253621183,7.534410799e-05,0,0.0001195686857,1.841870448e-07,0,0.001784052085,0.03998347991,0.001758235922,0.03346638394,0.003535913725,0.001494774675,0.1005943732,0.00604584018,0,0.04592932002,0.009808770599,0,-0.01750766952,0.001955127051,0.002355944073,-9.143866293e-05,0,0,0,0.001907887441,0.1528706743,0.006024085434,0.01829432852,0.03569497561,0.3845422805,0.1574170368,0.04706798374,0.2064819116,-0.5002854509,-0.1695902332,-0.04741715358,0,0,0,0.03569497561,0.004062122101,0.001155964595,0.0003230405195,0.001907887441,0.006951519968,0.007435824616,3.583814057e-06,-0.2130576974,0.009654635716,0.01326245646,0.003677666823,0.003051088773,-0.0001379557539,0,0.3845422805,0.006951519968,0,0,0.1528706743,0.004062122101,0,0,-0.4369617745,0.0004384748083,0.001750209815,0.0001646120308,0.0001179047433,1.164486107e-05,0,0.1574170368,0.007435824616,0,0,0.006024085434,0.001155964595,0,0,-0.6372898515,-0.0351616859,0.140259938,0.04736702875,-0.009415459836,-0.01113489233,0,0.04706798374,3.583814057e-06,0,0,0.01829432852,0.0003230405195,0,0
1,1,1,1,2,1500,500,v1,0,0.001003017153,0,0,1.816922914e-05,0,2.940497372e-05,0.001059302911,1.671315547e-05,0,0,0.0004606136332,1.392696229e-05,1.219252651e-05,1.920249859e-05,3.63164237e-05,1.913246633e-06,0,6.332116432e-05,0.0001115461593,1.759919927e-06,0.0003825686636,0,4.85032951e-05,0.0001530889907,0.01190111781,0.01874354735,0.1189003293,0.103094824,0,0.0618077505,0.003022381603,0.001717856784,0.373425043,0,0.04734403724,1.115653615e-05,0.0009906856276,0.001365957556,0.008664998151,0,0,0.002583345762,0,0,0.0272137792,0,0,7.202087371e-05,0.006395358157,0.005598893157,0.05593678263,0,0.04850106639,0.0166767549,0,0.0008785761897,0.02907752002,0.001421882545,0.05122277385,-0.1561992713,0,0.001025983884,0,0.001072486219,0,0.0004431674321,0.0001019435232,0.008064842387,0.009472965272,0.02600582755,0.08069257662,0.02101281805,0.04885161213,0.517816995,-0.5202345868,5.011586524e-05,7.449927627e-05,0.0003928295232,0.0001133103674,0,2.05500196e-05,0.08069257662,0,0.07998641064,0,0.0001019435232,0,0.002350175252,0,0.1773808368,-0.1180443055,-0.07289717688,-0.3913617512,-0.1047995573,0,-0.04843596513,0.02101281805,0,0.001284242526,0,0.008064842387,0,0.07490725098,0,-0.4763833477,0.008649889522,0.003516415735,0.02842037296,0,0,0,0.04885161213,0.002350175252,0.07490725098,0.002500989057,0.009472965272,0.07998641064,0.001284242526,0.06945738248,-0.2812383392,0.05553140243,-0.02295163869,0.03393962589,0,0.04888251609,-0.05198012557,0.517816995,0,0,0.06945738248,0.02600582755,0,0,0.002500989057
1,1,1,1,4,1500,500,v1,0.007275908871,0.1050310365,0,0.02633124591,2.511071611e-05,0.0002462762861,0.02614251091,1.736703189e-05,4.58542096e-05,0,6.586212685e-05,0.0001281994776,0.0557703237,0.0002664815409,0,0.02845407156,1.215005467e-05,0.0001191630827,3.800059807e-05,8.403200692e-06,2.218698787e-05,0,3.186800562e-05,6.203051537e-05,0,0.002208291588,0,0,0.4211395923,0,0.0003149051179,0.1048227911,0.0001838601597,0,0,0.0005140373507,0,0.1204891804,0,0,0.007605911538,0,0.06147369305,0.02752551339,0.0002574462764,0,0,6.884933819e-05,0,0.001120931557,5.356030748e-06,0,7.075910247e-05,0.001021439658,0.0005719003336,0.0002560745826,2.442047813e-07,7.63776624e-07,0.0002542391118,1.688965064e-07,-0.5480685739,-0.009057393435,0.1306184552,0,-2.827671793e-05,-9.170139886e-05,0.0001684328502,0,0.1037197568,0.002943816324,0,0,0.05004969721,0.0004203308307,0,-0.1666143334,0.06093534119,0.0001166245106,0,-3.386954761e-06,6.730786781e-05,8.085213251e-05,0,0.0103892998,0.4726643938,0,0,0.03796490475,0.1176772007,0,0.1322642465,0,-0.002365123152,0,-0.5254536679,0,-0.0006895464692,0.05004969721,0.03796490475,2.718587798e-05,0.0002009584666,0.1037197568,0.0103892998,1.979871681e-05,8.445386998e-05,0.05385229885,0,-0.1651215853,0,-0.02350421305,0,-0.0001658813599,0.0004203308307,0.1176772007,1.979871681e-05,0.0001745097463,0.002943816324,0.4726643938,2.718587798e-05,0.0004858824836,-0.5338632245,0,0.001673274805,5.733873096e-06,0.0003254701048,0.001274149831,3.406095082e-07,0,0,8.445386998e-05,0.0004858824836,0,0,0.0002009584666,0.0001745097463
1,1,1,1,2,1500,500,v1,0.138667684,0,0,0.004512464023,0.01062229021,0.04070351789,0,0.0033971935,0,0,0.08354252545,0,0.02932169878,0.005103327646,0.003871122418,0.02902017656,0.005269977503,0.02019400894,0.003437907519,0.001685430633,0,0.001184259873,0.04144748644,0,0.0002635009463,0.0002299078527,0.0001743962968,0.00027351839,0,0,0.0001548797158,0,0,5.335159006e-05,0,0,0.0007055528728,0.003537014715,0.0004669653371,0.0007323756841,0.008298767535,0,0.003500642725,0.0002700549173,0.00243596073,0.0001428547721,0,0.00499972292,0.02058343138,0.1031870218,0.01795929987,0.02136594608,0.2421039141,0,0.1021259244,0.007878441252,0.01854576324,0.01209846131,0,0.005931258239,-0.1934992817,0.127403503,0,0,0.009753553819,-0.1115711083,0,0.02939509841,0.1059348739,0.01891251752,0.004645373282,0.03051485069,0.1050163229,0.0127400734,0.001430550215,-0.3396866597,0.05530855098,0.008499445332,-0.004863186709,0.006164673207,0.03981236071,0,0.03051485069,0.1437648901,0,0,0.02939509841,0.004637594437,0,0,-0.06623037431,0.0005339017462,0.0003826246597,0.0002215389483,0,0,0,0.1050163229,0.004637594437,0.004877444294,0.03137471814,0.1059348739,0.1437648901,0.001762657015,0.06545269518,-0.3726746069,0.001435786658,0.006967563458,0.0005910320986,0.008361774625,0,0.007207138596,0.0127400734,0,0.001762657015,0,0.01891251752,0,0.004877444294,0,0.2248113768,-0.04190965453,-0.2029102457,-0.02998379732,-0.2347002674,0,-0.02034496121,0.001430550215,0,0.06545269518,0,0.004645373282,0,0.03137471814,0
1,1,1,1,3,1500,500,v1,0,0,0,0,0,0.003910043774,0,0,0,0,0.03436415874,0,1.70844446e-06,0,0.0117151909,2.298474456e-05,0,4.919795911e-05,0,0,0,0.0131289894,0.0004323855626,0,0,0,0.2302503979,0,0,0,0,0,0,0.2580371979,0,0,0,3.019430395e-05,0.2070491861,0,0,0,0.0004062223735,0,0.0008695033208,0.2320360455,0,0.00764179428,0,3.791352782e-06,0,0,0,0,5.100737968e-05,0,0,0,0,0,0.008838282762,0,0,0,0,-0.03801959333,0,0,3.662350391e-05,0,0.04494873313,0,0.0004425902451,0,0.0623569544,-0.1263679431,1.877071263e-05,0,0.02483401062,0,0.0004772510386,0,0,0,0,0,0,0,0,0,0.2364106675,0,0,-0.3079477926,0,0,0,0.0004425902451,0,0,0.004463712472,3.662350391e-05,0,0,0.03930825334,-0.3206194777,0,-0.0003561239387,0.2115766568,0,0,0.008361031727,0,0,0,0,0,0,0,0,-0.0003373532258,0,1.787739259e-05,0,0,0,0,0.0623569544,0,0.03930825334,0,0.04494873313,0,0.004463712472,0
1,1,1,1,1,1500,500,v1,0.00257624354,0.01095187013,0.01499109479,0.0009752652451,0.01765405609,0.001278723197,0.01797903706,0.0193799116,0.01021667369,0.009591704314,0.002348101103,0.01851250048,0.003673450244,0,0.004311458432,0.00195349806,0.02043215689,0.00147994732,0,0.02242959875,0.01182440334,0.02050043354,0.002717606078,0.02142568894,0.1074912903,0,0.01633661344,0.06598714812,0.04802814657,0.0657416943,0,0.07884496592,0.04480402852,0.07767850798,0.04206329835,0.08118440743,0.01527451078,0.001977907716,0.002321432532,0.009376772785,0.001605419343,0.0093418938,0.001051828289,0.0006077490986,0.0007968528299,0.01103811485,0.005977194081,0.001463249445,0.01587741505,0.002055978237,0,0.009746885873,0.001668787276,0.007094182376,0.001093345283,0.0006317377246,0.01143558973,0,0.01164609937,0.01255352974,-0.2889007884,-0.002124388692,0.02757033411,0.02246520966,-0.003071229618,-0.0001923588688,0.02707187134,0.1151012233,0.003500047456,0,0.01505521653,0.07070366733,0.001709267964,0,0.07081228986,-0.1670186511,-0.003311298784,0,0.02278633704,-0.008912052159,-0.001398449828,0.03163757604,0.07070366733,0.002773820289,0.04563832178,0.06319412172,0.1151012233,0.001255769088,0.07460179687,0.04006021537,0.2251090461,-0.1722071612,0,-0.09256954337,-0.1259186876,-0.1058154415,-0.1236946941,0.001709267964,0.001255769088,0.0004070906364,0.001120901767,0.003500047456,0.002773820289,-0.002950627781,0.002192751413,-0.3074700674,0.02359328186,-0.0003889413293,0.01253820199,-0.0004877155683,0.01451400716,-0.0006182934241,0,0.07460179687,-0.002950627781,0.03475338508,0,0.04563832178,0.0004070906364,0.06272448479,-0.2652578578,0.0247439523,0.0002273631675,0,-7.428866202e-05,0.01818827461,0.01367897321,0.07081228986,0.04006021537,0.002192751413,0.06272448479,0.01505521653,0.06319412172,0.001120901767,0.03475338508
1,1,1,1,4,1500,500,v1,0.001106716445,0,0,0.001521118999,0.01626918674,0.001068062961,0,0.06108741446,0,0,0.007203203123,0,0.09195569999,0.0662127754,0.0004513538247,0.2383704462,0.01976512927,0.001297569622,0.01775971566,0.07421395199,0,0.002075119009,0.008751036125,0,0.000204987012,0.1859007334,0.001267232895,0.005353583905,0,0,0.04986264579,0,0,0.005826158826,0,0,1.520049046e-05,0.01914472894,9.396966834e-05,0.0003969866203,0.0002799243932,0,0.0496275661,0.0003847402059,0.0002701476766,0.0004320296725,0,0.001821923107,9.955025006e-06,0.01253816486,0.009028115644,0.0002599923826,0.0001833266065,0,0.03250182372,0.0002519720255,0.002694976485,0.002421538227,0,0.01011907652,-0.05885886319,-0.002260361769,0,0,0.04947075288,0.0003034668336,0,0.0002721417009,0.09039519524,0.1651549343,0.001347280558,0.007162099203,0.2342478524,0.04441262254,0.005721902734,-0.05027397825,-0.3292545488,0.0816767485,0.001486633372,-0.06902566534,-0.005081234063,0,0.007162099203,0.001064537652,0,0,0.0002721417009,0.001524689061,0,0,0.09548269397,-0.005418815574,-0.2327989102,-0.006645621778,0,0,0,0.2342478524,0.001524689061,0.003159841335,0.0005195743325,0.09039519524,0.001064537652,0.007008142464,0.003740723302,-0.3014673675,0.0002041759369,0.06809131223,0.0004461995489,0.0001241166295,0,0.001937568803,0.04441262254,0,0.007008142464,0,0.1651549343,0,0.003159841335,0,-0.4391911922,0.0002584790332,0.04473453812,0.01141045694,0.0004100939981,0,0.01277625665,0.005721902734,0,0.003740723302,0,0.001347280558,0,0.0005195743325,0
1,1,1,1,1,1500,500,v1,0.0001329176465,0,0,1.379497756e-05,0,0,0,0,0,0,0,0,0.04183380337,0,0,0.002311770452,0,0,0,0,0,0,0,0,0.09466878738,0,0,0.0599313249,0,0,0,0,0,0,0,0,0.0117085443,0.6582172355,0,0.007412248447,0.07315332288,0,0.03637362691,0.007592283452,0,0,0,0,9.801131144e-05,0.00550988516,0,6.204735385e-05,0.0006123607624,0,0.000304480795,6.355441284e-05,0,0,0,0,-0.07989975937,0.0001463391648,0,0,0,0,0,0.1241863223,0.9158310467,0,0,0.07862409172,0.05061189152,0,0,-0.6884164628,0.04412116957,0,0,0,0,0,0.07862409172,0.1083695817,0,0,0.1241863223,0.01126054828,0,0,0.01923946664,-0.1544464099,0,0,0,0,0,0.05061189152,0.01126054828,0,0,0.9158310467,0.1083695817,0,0,-0.1035384736,0.01907944205,-0.694223875,0,-0.08057275282,0,0,0,0,0,0,0,0,0,0,-0.8658960836,0.0001600246246,0.005807412309,0,0.0006729934765,0,0,0,0,0,0,0,0,0,0
1,1,1,1,2,1500,500,v1,0.01100605294,0.03403212784,0.003000145202,0.004488779458,0.0004197356387,0.001735743501,0.03098046594,0.01560593203,0.05151470435,0.007106959393,0.01000213514,0.02364546224,0.0005436484535,0,2.097228953e-05,0.001040755634,0.0001111659585,0.0004597074259,0,0.004133192975,0.0136435436,0.0003312951576,0.002649041058,0.006262442911,0.0002461986155,0,1.928098362e-05,0.0001749465263,0.008286448134,0.0007305022985,0,0.007543402087,0.01254326288,0.0003045779288,0.001730466302,0.005757409511,0.00689461458,0.01399670744,0.0005399500339,0.004899251235,0.07504733888,0.02045718977,0.02679516887,0.03060778963,0.01183557188,0.008529485125,0.04846046015,0.06820189122,0.00410934412,0.008342349923,0,0.002920063046,0.0447298884,0.138310554,0.01597051849,0.01824292553,0.001705854803,0,0.1259082426,0.06342433585,-0.4626789269,0.01523333577,0.06413229602,0.009870019974,0.01521467437,0.01153173006,-0.07245739867,0.005753299521,0.008224691873,0,0.0007438700139,0.005007069231,0.01523936232,0,0.01178069122,-0.1980513858,0.001506364357,0,0.0003193482253,0.004178982008,0.003074140601,0.0177419949,0.005007069231,0.03279111756,0.1436485248,0.0249958662,0.005753299521,0.01648741736,0.1306939509,0.05925730926,-0.328206982,0.0003599111482,0,0.0003207535689,0.01578201259,0.002441847941,0.01774302003,0.01523936232,0.01648741736,0.001816991698,0.01446263231,0.008224691873,0.03279111756,0.06581054274,0.08330847685,0.11011387,-0.009094058127,-0.0388536399,-0.00898980931,-0.09027697045,-0.0684806513,-0.0797866101,0,0.1306939509,0.06581054274,0.03767873526,0,0.1436485248,0.001816991698,0.01777984053,-0.02181709248,0.001560567811,0.02170457279,0,0.04219127818,-0.2628092923,-0.06447867936,0.01178069122,0.05925730926,0.08330847685,0.01777984053,0.0007438700139,0.0249958662,0.01446263231,0.03767873526
1,1,1,1,4,1500,500,v1,0.000897566722,0.002333205036,0.1490860972,3.395063023e-05,0.2415747903,0.0003447483093,0.000592482349,0.1351661236,0,0.1400880308,0.0002039774461,0,0.01249806923,0,0,0.000820610447,0.03246597736,4.633178318e-05,0,0.01816539011,0,0,2.74131549e-05,0,0.008938443713,0,0,0.06926773347,0.0001983255268,0.01267251627,0,5.036178656e-05,0,0,0.01190766867,0,0.0003531304493,0.0003122949953,0,0.002736555336,3.014155899e-06,0.0005006521836,2.050497009e-05,1.140110143e-07,1.157713543e-06,0,0.0004704354051,6.849850906e-07,0.01188635959,0.01051183952,0,0.09211236483,0.0001014563909,0.000263733666,0.0006901966355,3.837607083e-06,0.02730638931,0,6.697120036e-05,0.0152784932,0.1184736276,-0.0008771028611,-0.002720394536,-0.289066486,-0.3748694725,-0.0005399660764,0,0.00486484269,0.001547969525,0,0,0.03321010625,0.0003256623872,0,0,-0.3311497084,-0.003253669411,0,0,0.05022616988,-3.937619066e-05,0,0.03321010625,0.001123884016,0.002746635081,0.2038508002,0.00486484269,4.265174156e-05,0.0006914892993,0.1914929778,-0.3801537744,0.06424231122,0,0,0.0001395540895,0.02453400649,0,0.0003256623872,4.265174156e-05,0.271454974,0.0005585527889,0.001547969525,0.001123884016,0.1521269161,0.0003108089609,-0.2959358508,0.003082959745,0.0003279532889,0,3.040246862e-06,0.0009699602182,-2.322333383e-07,0,0.0006914892993,0.1521269161,0,0,0.002746635081,0.271454974,0,-0.2636986533,-0.09270857034,0.001676628179,0,9.637210697e-05,0.0002887575271,0.04225537658,0,0.1914929778,0.0003108089609,0,0,0.2038508002,0.0005585527889,0
1,1,1,1,1,1500,500,v1,0,0.1099636275,0,0,0,0,0.3037559248,0,0,0,0,0,0,0,0,0,0,0,0,0,0,0,0,0,0,0,0,0,0.01867888452,0,0,0.05159725965,0,0,0,0,0,0,0,0,0,0,0,0,0,0,0,0,0,0,0,0,0,0.1371501654,0,0,0,0,0.3788541381,0,-0.3145892739,0,0.2696322053,0,0,0,0,0,0,0,0,0,0,0,0,0,0,0,0,0,0,0,0,0,0.02085929104,0,0,0,0.04657631122,0,-0.1151277795,0,0,0,0.07017071064,0,0,0,0,0,0,0,0,0,0,0,0,0,0,0,0,0,0,0.04657631122,0,0,0,0.02085929104,0,0,0.3398029165,0,0,0,0,-0.3847599845,0,0,0,0,0,0,0,0,0
1,1,1,1,3,1500,500,v1,0,0.01065124669,0.1972886409,0,0,0,0.00814480059,0,0.002748997894,0.0533371933,0,0.02442957676,0,0,0,0,0,0,0,0,0.001945647381,0,0,0.01729042505,0,0,0,0,0.009008639796,0.1668633122,0,0.006888731138,0.002325054761,0,0.04511167342,0.02066211251,0,0,0,0,0,0.3367516421,0,0,0,0,0.09104116359,0,0,0,0,0,0,0.003123025382,0,0,0,0,0.002388116594,0,-0.1977536358,0,-0.009722555185,0.2430412128,0,0,-0.00435404455,0,0,0,0,0,0,0,0,0.004227060411,0,0,0,0,0,-0.005972151899,0,0,0.003197950382,-0.04350558234,0,0,0.004225702739,-0.0133521736,-0.1885804606,0,0,0,0.002171116856,0.2090392166,0.008581104963,0,0,0,0,0,0,0,0,0.4520804293,0,0,0,0,-0.414175259,0,0,0.004225702739,0,0.000307039844,0,0.003197950382,0,0.002310597369,-0.00755143833,0,0,0,0,0.002602336256,0,0,-0.0133521736,0,0.002310597369,0,-0.04350558234,0,0.000307039844
1,1,1,1,2,1500,500,v1,0.002149165444,0.0007803205759,0.003340866719,0.03726491867,0,0,0.0004470231306,0,0,0.01685946567,0,0,0.01680196701,0.02843227461,0.02550723437,0.0911240586,0,0,0.05339505357,0,0,0.02951157541,0,0,0.0007414121808,0.01026933563,0.009212852451,6.577020298e-05,0.0002908908043,0.001245420712,0.01928553849,0.0001666429439,0,0.01065916382,0.006284934268,0,0.0005514661566,0.004513880101,0.00685256658,4.892021199e-05,0.0005959172139,0.000926350269,0.02448065006,0.01033275804,0,0.007928340346,0.004674766121,0,0.005047746542,0.04131699181,0.06991657917,0.0004477823851,0.005454621322,0.001980467936,0.224079239,0.09457904719,0,0.1313014714,0.001134552906,0,-0.08465590055,0.03132772834,0.0007609133935,-0.01370553588,0,0,0,0.005835390808,0.03045304287,0.04702158361,0.01751818489,0.0005131922002,0.1641225388,0.08837213419,0.02382813701,-0.3847340516,0.1032823671,0.07946040816,-0.04555247128,0,0,0,0.0005131922002,0.00432084301,0.001464623587,0.003324905948,0.005835390808,0.07465864357,0.0008522571413,0.01478791887,-0.170099408,0.0007144902189,0.02874722805,0.006392264515,0.0004094590162,-0.001842918869,0,0.1641225388,0.07465864357,0,0,0.03045304287,0.00432084301,0,0,-0.2811564777,0.0004330724018,0.0286813009,0.01159599213,0.0107310085,0.003473238202,0,0.08837213419,0.0008522571413,0,0,0.04702158361,0.001464623587,0,0,0.2845479749,-0.005379951295,-0.2616807224,-0.1984701148,-0.09471172796,-0.002714959561,0,0.02382813701,0.01478791887,0,0,0.01751818489,0.003324905948,0,0
1,1,1,1,1,1500,500,v1,0,0.02099011364,0,0,0,0,0.01557843943,0,0,0,0,0,0,0,0,0,0,0,0,0,0,0,0,0,0,0,0,0,0.4532266353,0,0,0.3363756771,0,0,0,0,0,0,0,0,0,0,0,0,0,0,0,0,0,0,0,0,0,0.09977680224,0,0,0,0,0.07405233232,0,-0.6166523156,0,0.03609678571,0,0,0,0,0,0,0,0,0,0,0,0,0,0,0,0,0,0,0,0,0,0.4997243405,0,0,0,0.3711089551,0,0.2087707759,0,0,0,-0.7893263061,0,0,0,0,0,0,0,0,0,0,0,0,0,0,0,0,0,0,0.3711089551,0,0,0,0.4997243405,0,0,-0.7532295205,0,0,0,0,0.1726739902,0,0,0,0,0,0,0,0,0
1,1,1,1,3,1500,500,v1,0.0001089350961,0.00395811982,0.02072248115,0.0009609624545,0.004027100106,0.0163589998,0.002315588955,0.08909685028,0.0002988284808,0.02939814029,2.143918518e-05,0.001954084905,0.03502842339,0.00838984121,0.02494895067,0.002360100139,0.003500641611,0.01422040523,0.04243341534,0.07744931422,0.0002597629527,0.01286641147,1.86364634e-05,0.001698629472,0,0.02230642188,0.06633281906,0,0.009147877339,0.04789312209,0.1128194969,0.005351713615,0.0006906426313,0.03420846654,0.06794402232,0.004516217253,0,0.03733695681,0.0265932007,0,0.0001009349037,0.01920062234,0.00251564154,0.0008903893814,0.01515759502,0.01371436687,0.02723914116,1.986469163e-05,0,0.01868187638,0.004474594091,0,5.050367129e-05,0.00183503379,0.001258723481,0.0004455141976,0.001867013913,0.0226312161,0.001073535964,0.04130641272,-0.07184080876,-0.0007818811798,0.0004355471982,0.02228062352,-0.04712373833,-0.007033127191,0.0007356889067,0,0.0389748714,0.01521702565,0.03692913677,0,0.002487060784,0.07626033981,0.01634729767,-0.2099432544,-0.0128896645,0.04418054143,0.03045178909,-0.01427976752,0.0008917841824,0.0009185369317,0,0.0001716334511,0.01090799509,0.03226589759,0,0.001542813784,0.006578945118,0.0487349384,0.186505552,0,-0.1309749534,-0.09697672313,-0.01284188023,-0.1062188201,-0.00459103753,0.002487060784,0.001542813784,0.001724274274,0.01383261705,0.0389748714,0.0001716334511,0.03479854659,2.866490716e-05,-0.1570560177,0,-0.02786392073,0.03100731106,-0.0004687884207,0.0299376392,-0.003099511629,0.07626033981,0.006578945118,0.03479854659,0.0006776668387,0.01521702565,0.01090799509,0.001724274274,0.003727550696,-0.2026085056,0,0.01311229715,0.0258095018,0.0001077047772,0.0007483728951,0.03705495864,0.01634729767,0.0487349384,2.866490716e-05,0.003727550696,0.03692913677,0.03226589759,0.01383261705,0.0006776668387
1,1,1,1,3,1500,500,v1,0.06244409395,0.005024041955,0,0.03627708404,0.0007261672191,0.02859752201,0.01101928617,0.002849574493,0.002478872985,0,0.1407943489,0.0611693369,0.005750160129,0.01320294997,0.0003107643548,0.04378158933,0.0002196746194,0.008651106243,0.03975971517,0.0008620317411,0.0007498899224,0.0018311119,0.04259204242,0.01850448554,0.0002035134588,0.0006816368604,1.604402346e-05,7.822598313e-05,7.846547171e-05,0,0.002052699395,0.0001720991773,3.871503062e-05,9.453594611e-05,0,0.0009553425145,0.008385555642,0.01223209199,0.0006610769247,0.003223218445,0.04018420777,0,0.0931348721,0.02334513627,0.01840316183,0.003895253125,0,0.09060439523,0.004770451015,0.006958703531,0.01597788801,0.001833653769,0.0228603569,0.001839267493,0.05298341149,0.01328079304,0.0002658448661,0.04811623749,0.004034085509,0.001043209786,0.2051493231,-0.08566500181,-0.01290586406,0,-0.003353697693,-0.155342829,-0.06114730136,0.01046020112,0.002410004013,0.02213533868,0.0007404903564,0.003831360729,0.01158729804,0.06603186809,0.004265343806,-0.2298006907,0.03645362138,-0.01176330556,-1.089743621e-05,0.0007571926736,0.04763889219,0.01186880136,0.003831360729,0.0296326891,0.006160823863,0,0.01046020112,0.01129512735,0.0126951803,0,-0.1350574322,5.411698534e-05,0.001463858612,1.275856141e-05,3.44597444e-05,0,0.0008560011165,0.01158729804,0.01129512735,0.0005293342149,0.005517078117,0.002410004013,0.0296326891,0.002002854027,0.02943121996,-0.07999485061,-0.009748624271,-0.09039952665,-0.003339083902,0.02629647246,0,0.08440507152,0.06603186809,0.0126951803,0.002002854027,0.002789834607,0.02213533868,0.006160823863,0.0005293342149,0.06984391376,-0.1487762981,0.000166799393,0.04461437057,-0.04847869091,0.0320833184,0.0003007348669,0.0009083795262,0.004265343806,0,0.02943121996,0.06984391376,0.0007404903564,0,0.005517078117,0.002789834607
1,1,1,1,1,1500,500,v1,0.09162391694,0.06751848028,0,0.06114693379,0.01202626121,0.07856987319,0.02530261094,0.02895713905,0.0004711469096,0,0.04430041709,0.01508689235,1.671572172e-06,2.05180874e-05,0.00248585148,0.0003817753869,0.002142124632,0.01399491145,0.0005817008777,0.005157862428,8.392096121e-05,0.04451775994,0.007890816024,0.002687286029,3.389493697e-05,4.277297162e-06,0.0005182123105,0.0001762947727,0.002507086448,0,0.0001212641054,0.0009395328913,1.749455893e-05,0.009280381963,0,0.0005602043056,0.0007938581211,8.161420263e-06,0.01213712395,0.00412902485,0.07968261278,0,0.001864011277,0.05317768123,0.06832989672,0.2173571408,0,0.03852676352,1.497583506e-05,1.539621255e-07,1.889842629e-06,7.789250176e-05,0.001503182539,0.001107708598,3.516387208e-05,0.001003176968,0.0001973029145,5.35782451e-05,0.0004151147891,0.0004750709994,0.1372256213,-0.09127350194,-0.0927848859,0,-0.04057375129,-0.07295686635,-0.01438798535,0.001113869386,1.003270945e-05,2.522217009e-05,0.01386578966,0.005815021266,0.002305308231,0.0007800743283,0.2455143961,-0.2986078675,0.0001969063891,-0.0004717039342,0.04584575385,0.006847884066,0.02179560406,0.002060513978,0.005815021266,0.03672555122,0.09583047281,0,0.001113869386,0.0226635005,0.03590898636,0,-0.2914539988,0.0001803567422,-4.749757499e-05,0.009652795715,0.003438321658,0,0.0001542059912,0.002305308231,0.0226635005,0.01452276501,0.001984490681,1.003270945e-05,0.03672555122,0.03509766521,0.001133725631,-0.08395725292,-0.004890890181,-0.001761786032,-0.2284186736,0.04919169418,0,0.0490824514,0.0007800743283,0.03590898636,0.03509766521,0.0005470066127,2.522217009e-05,0.09583047281,0.01452276501,0.0177128915,-0.1719488518,9.127301334e-05,2.131901593e-05,-1.766282388e-05,0.002489106561,0.001520258228,0.0006455804246,0.2455143961,0,0.001133725631,0.0177128915,0.01386578966,0,0.001984490681,0.0005470066127
1,1,1,1,1,1500,500,v1,0.001160159051,0.0001419916748,0.002671368405,0.0005486075494,0.0008580614596,0.003573099221,0.007290239652,0.006273473752,0.001927949968,0.01396495319,0.006538397338,0.001168389635,0.0003091232329,0,0.002626077017,0.001349546886,0.001346286408,0.005606142617,0,0.009842992422,0.003024926489,0.0005135698539,0.01025865382,0.001833186967,0.01597304287,0,0.009833507176,0.03045181704,0.0008342244754,0.01569472935,0,0.04283135865,0.0113270236,0.001923093958,0.08204639999,0.006864481537,0.04384363524,0.003177251005,0.02699151973,0.08358572436,0.01870925426,0.04307970587,0.0138710027,0.008847095679,0.05762142849,0.005278607883,0.2252052075,0.105441179,0.006868242202,0.0004977262793,0,0.01309396441,0.002930863031,0.0003587078426,0.002172935835,0.001385925131,0.002167686066,0,0.01841703847,0.01584842378,-0.3848568622,0.001667167862,0.007202802641,0.01657087082,0.004580635705,0.01005870043,0.001862767396,0.03148887505,0.003573630057,0,0.02187549964,0.05991517369,0.01552719591,0,0.004744981572,-0.2063511377,0.001626867422,0,0.002923515422,0.002730316856,0.01577240751,0.003491456426,0.05991517369,0.0224186707,0.0006437292534,0.03726020422,0.03148887505,0.0106027636,0.02593212939,0.1935248281,-0.3551401487,0.04532396549,0,0.01043914784,-0.04237317785,0.09684749009,-0.01499966022,0.01552719591,0.0106027636,0.0007942264583,0.07246552042,0.003573630057,0.0224186707,0.003581229972,0.1326794236,0.2268146039,-0.1259132007,-0.01692839753,-0.03110965069,-0.02704507973,-0.2672750487,-0.1625944039,0,0.02593212939,0.003581229972,0.00908004691,0,0.0006437292534,0.0007942264583,0.005388107683,-0.1491280995,0.01965320257,0.002567646147,0,0.003363622283,0.01745313616,-0.01022792352,0.004744981572,0.1935248281,0.1326794236,0.005388107683,0.02187549964,0.03726020422,0.07246552042,0.00908004691
1,1,1,1,0,1500,500,v1,0,0,0.001975796745,0,0,0,0,0,0,0.003614627759,0,0,0,0,0.001038851498,0,0,0,0,0,0,0.04462498475,0,0,0.0007966656074,0,0.001123180574,0.001514792877,0,0.003871711501,0,0,0,0.04824743103,0.007083115156,0,0.01116500138,0,0.01574099916,0.0212293143,0,0.05426073859,0,0,0,0.6761715696,0.09926748411,0,0.002851619621,0,0,0.005422115691,0,0,0,0,0,0,0,0,-0.1422392807,0,0,0.005578957518,0,0,0,0.0112779556,0,0,0.02036701727,0.02147230795,0,0,0.8748769035,-0.6424865652,0,0,0.04565728326,0,0,0,0.02147230795,0,0,0.07258914596,0.0112779556,0,0,0.1324013391,-0.8178372539,0.002269332731,0,0.04935789438,0,0.01088691189,0,0,0,0,0,0,0,0,0,0.1218932087,-0.03224567135,0,-0.6918444599,0,-0.1531261924,0,0,0,0,0,0,0,0,0,-0.02997633857,0.008142829621,0,0,0,0,0,0.8748769035,0.1324013391,0,0,0.02036701727,0.07258914596,0,0
1,1,1,1,0,1500,500,v1,0,0.000497787331,0,0,0.005626629128,0,0.00368110278,0.008349643147,0.00639078209,0,0,0.009756542709,0.001046492821,0.009812132982,0.004916510823,8.685411273e-05,0.0005100145103,0,0.0004032846473,0.0007568366537,0.0005792796227,0.0003444547501,0,0.0008843622422,0.005017587527,0.3992954679,0.2000727562,0.02005205992,0.00183615372,0,0.01641128715,0.01357822938,0.02357323616,0.01401726015,0,0.0359882847,0.003383326701,0.02871548711,0.1349077608,0.01352097384,0,0,0.002383253955,0,0,0.009451747531,0,0,0.0002188023413,0.001857052648,0.01741210946,0.0008744117831,0,8.006930236e-05,0.0001541268672,0,0.0009050456707,0.0007156483134,0.0005921069364,0.001343043625,-0.06910892414,0,0.004061102342,0,-0.0137049659,0,0.01598883442,0.002364323121,0.03857059865,0.5580290866,0.09148774467,0.009080684396,0.003201034847,0.02293575579,0.006404142224,-0.5518341512,0.001126528787,0.01020094361,0.005224134243,0.001222571426,0,0.001453254788,0.009080684396,0,0.001887897262,0,0.002364323121,0,0.01397631196,0,0.2101020034,-0.02367150058,-0.415616037,-0.20893081,-0.01521886545,0,-0.0592843676,0.003201034847,0,0.006254208749,0,0.03857059865,0,0.009264094341,0,-0.2231661806,0.01495614089,-0.03097439663,0.138445418,0,0,0,0.02293575579,0.01397631196,0.009264094341,0.02483726281,0.5580290866,0.001887897262,0.006254208749,0.03792615485,-0.4676184782,0.00108535467,0.002000112124,0.01810519871,0,0.0005816236233,0.002136859076,0.006404142224,0,0,0.03792615485,0.09148774467,0,0,0.02483726281
1,1,1,1,3,1500,500,v1,5.545929989e-05,0.001224978992,0.01411878529,7.580713428e-05,0,0.0034593549,6.832731544e-05,0,0.003610023664,0.003357501694,0.002028447893,0.00643251589,4.296537283e-05,0.03411598371,0.0002273871535,5.409714073e-06,0,0.002151577848,0.014089761,0,0.002245287681,0.0001915293142,0.00126161197,0.004000762886,0.0004092860827,0.009348853122,6.231123564e-05,0.003656898877,0.0002087810245,0.002406355108,0.003861037901,1.16454625e-05,0.0006152794811,5.248505928e-05,0.0005722405426,0.00109633493,0.008248091331,0.0002372714625,0.001255720104,0.0736952396,0.0001904860825,0.04849379822,2.987454048e-05,0.0002603747984,0.01188184784,0.001057699201,0.01153201259,0.006967110897,0.016833678,0.0004842515969,0.3845124225,0.1504059405,0.000388766473,0.008587031632,6.097148718e-05,0.000531403611,0,0.1588020495,0.0004789705151,0,-0.0797016233,6.317524592e-05,0.0009554796411,0.0167394029,0,0.004353183081,-0.007202176291,0.01307624292,0.0003320689887,0.5114395603,0.00144550779,0.1087448677,4.342999565e-05,0.2112387844,0.001161782801,-0.5513644767,2.289585913e-05,0.0480470225,0.0001534329898,0,0.002857085895,-0.0007799517164,0.1087448677,0.0003258101913,0.01079820219,0.04772170699,0.01307624292,0.000456646773,0.0006241879931,0.01132742888,-0.640171562,0.004028853865,0.01318057332,0.0001017902294,0.0002118060735,0.002947564758,0.001009959213,4.342999565e-05,0.000456646773,0,0.00966108839,0.0003320689887,0.0003258101913,0,0.005815513524,-0.1332733808,0.07812315406,0.0001327277837,-0.001993416946,0.0001839148065,-0.05905305822,-0.01752800358,0.2112387844,0.0006241879931,0,0.004112892079,0.5114395603,0.01079820219,0,0.006345361114,0.1449496022,-0.1633660816,-0.0004059562994,-0.5430131586,-0.0007687280296,-0.008782212497,0,0.001161782801,0.01132742888,0.005815513524,0.006345361114,0.00144550779,0.04772170699,0.00966108839,0.004112892079
1,1,1,1,3,1500,500,v1,0,0,0,0,0,0,0,0,0,0,0,0,0,0.006598424142,0,0,0,0,0.003590522251,0,0,0,0,0,0,0.5806820006,0,0,0,0,0.3159772089,0,0,0,0,0,0,0,0,0,0,0,0,0,0,0,0,0,0,0,0.06032570527,0,0,0,0,0,0,0.03282613885,0,0,0,0,0,0,0,0,0,0,0,0.7706693226,0,0,0,0.4194755756,0,-0.8036111086,0,0.01018117708,0,0,0,0,0,0,0,0,0,0,0,0,0.1031258156,0,-0.8965557467,0,0,0,0,0,0,0,0,0,0,0,0,0,0,0,0,0,0,0,0.4194755756,0,0,0,0.7706693226,0,0,0,-0.8863745693,0,0,0.09294463845,0,0,0,0,0,0,0,0,0,0,0
1,1,1,1,2,1500,500,v1,0,0,0,0,0,0,0,0,0,0,0,0,0,0,0,0,0,0,0,0,0,0,0,0,0.001394517381,0,0,0.00134421977,0,0,0,0,0,0,0,0,0.1113286763,0,0,0.107313261,0,0,0,0,0,0,0,0,0.3964594346,0,0,0.3821598909,0,0,0,0,0,0,0,0,0,0,0,0,0,0,0,0.4256122034,0,0,0,0.4102514575,0,0,0,0,0,0,0,0,0,0,0.4102514575,0,0,0,0.4256122034,0,0,0,-0.559981096,0.002738653135,0,0,0,0,0,0,0,0,0,0,0,0,0,-0.7758668326,0.2186243898,0,0,0,0,0,0,0,0,0,0,0,0,0,0.2213630428,-0.778605486,0,0,0,0,0,0,0,0,0,0,0,0,0
1,1,1,1,0,1500,500,v1,0,0,0.0810077264,0,0,0,0,0,0,0.03104852526,0,0,0,0,0,0,0,0,0,0,0,0,0,0,0,0,0,0,0,0.03551840372,0,0,0,0,0.01361344287,0,0,0,0,0,0,0.6063940568,0,0,0,0,0.2324178449,0,0,0,0,0,0,0,0,0,0,0,0,0,-0.7896735227,0,0,0.1120556148,0,0,0,0,0,0,0,0,0,0,0,0,0,0,0,0,0,0,0,0,0,0.7347972396,0,0,0,0.2816296208,-0.7267496779,0,0,0,0,0.04913177015,0,0,0,0,0,0,0,0,0,0.1611873849,0,0,0,0,-0.8388052925,0,0,0,0,0,0,0,0,0,0,0,0,0,0,0,0,0,0.2816296208,0,0,0,0.7347972396,0,0
1,1,1,1,4,1500,500,v1,0,0,0,0,0,0,0,0,0,0,0,0,0.2306037766,0,0,0.05267776982,0,0,0,0,0,0,0,0,0,0,0,0,0,0,0,0,0,0,0,0,0,0.1124888199,0,0,0,0,0.02569628412,0,0,0,0,0,0,0.4709518745,0,0,0,0,0.1075814751,0,0,0,0,0,0,0,0,0,0,0,0,0,0.1910188902,0,0,0,0.04374933245,0,0,-0.4390590766,0.2825469279,0,0,0,0,0,0,0,0,0,0,0,0,0,0,0,0,0,0,0,0,0.04374933245,0,0,0,0.1910188902,0,0,0,-0.2946658443,0,0.1381536957,0,0,0,0,0,0,0,0,0,0,0,0,0.4207006235,0,-0.5772127716,0,0,0,0,0,0,0,0,0,0,0,0
1,1,1,1,4,1500,500,v1,0,0,0,0,0,0.02848622619,0,0,0,0,0.2931854004,0,0.04912773237,0,0.08623293683,0.0234820767,0,0.01181421778,0,0,0,0.115859959,0.1215940696,0,0,0,0.02737197079,0,0,0,0,0,0,0.03677614992,0,0,0,0.02200238051,0.03862034327,0,0,0,0.01051669926,0,0.005291123819,0.05188912209,0,0.05445720487,0,0.01575960812,0,0,0,0,0.007532778513,0,0,0,0,0,0.1916694803,0,0,0,0,-0.3198085922,0,0,0.01680248271,0,0.030266237,0,0.008067764547,0,0.04029914671,-0.05187537688,-0.07174453928,0,-0.2001325684,0,0.1319896174,0,0,0,0,0,0,0,0,0,-0.1102207034,0,0,0.06317711409,0,0,0,0.008067764547,0,0,0.01705957045,0.01680248271,0,0,0.1751490981,-0.3735003254,0,0.03214573625,0.08991186487,0,0,0.05967986254,0,0,0,0,0,0,0,0,-0.03959880303,0,0.02301863832,0,0,0,0,0.04029914671,0,0.1751490981,0,0.030266237,0,0.01705957045,0
1,1,1,1,0,1500,500,v1,0.004430448078,0.003762218585,0.298430593,0.02719261959,0.01146244238,0.01848346589,0.00478679953,0.01758701795,0.02160500002,0.02027504102,0.0009344389965,0.01263516525,2.676374473e-06,6.685691651e-06,0,1.30329685e-06,4.300279386e-06,6.934304638e-06,4.918669413e-05,6.597990922e-06,8.10538742e-06,0,3.505665392e-07,4.740241116e-06,0.009651273888,0.01683249752,0,0.06568696352,0.003553577143,0.2818805208,0.123836837,0.004521337879,0.02040685104,0,0.0191506476,0.0119344566,2.931582014e-06,2.046758033e-06,0,1.995246669e-05,1.271120675e-06,8.562142929e-05,9.966965845e-07,7.801716749e-06,5.303011167e-06,0,5.817024231e-06,2.680958465e-07,2.440543754e-05,1.703927269e-05,4.256479214e-05,0.0001661044028,1.058208711e-05,8.986026717e-06,8.29750494e-06,6.494933791e-05,2.737794498e-05,0.0003131495619,1.143322949e-05,4.200644104e-05,0.1113895271,-0.03154347152,-0.003159630399,-0.174000309,-0.02882899827,-0.0192743457,-0.007368849427,0.01442020464,1.902794002e-05,0.02516785186,0,0.09813398983,9.702763856e-06,0.1851635239,0,-0.1959005316,1.983203118e-06,5.577066189e-05,0,1.064603217e-05,7.187084274e-06,1.26928994e-05,0.09813398983,0.006609676831,0.001384106501,0.08905456335,0.01442020464,0.04058021294,0.001595902131,0.006596379624,-0.1837835695,-0.07524894688,-0.1406317491,0,0.001155367015,0.1101417288,-0.0002018477493,9.702763856e-06,0.04058021294,0.01702225717,0.02750689715,1.902794002e-05,0.006609676831,0.02610647344,0.001385638473,-0.1896747595,2.283083159e-05,1.945630049e-06,0,9.037367327e-06,9.128484924e-05,5.468182221e-06,0.1851635239,0.001595902131,0.02610647344,0.007038065044,0.02516785186,0.001384106501,0.01702225717,0.004298941369,-0.2781552153,0.0001899874736,-2.308263578e-05,0.0003550613771,7.450760298e-05,1.759096134e-05,6.58651198e-05,0,0.006596379624,0.001385638473,0.004298941369,0,0.08905456335,0.02750689715,0.007038065044
1,1,1,1,2,1500,500,v1,0.04390314626,0.07092523996,0.0008150961956,0.06278573472,0.006501247474,0.00435391295,0.01111348422,0.2088894469,0.000778409502,0.0006806605208,0.00118089787,0.0112728066,0,0.01760416087,0.0008582562388,0,0.01060980886,0.007105433901,0.0003022686029,0.3409002833,0.001270337126,0.00110836691,0.001927184089,0.01839682675,0.004134342664,0.002397532061,0.0001168869601,0.02325885616,0.01576379472,0.000181162716,4.116632833e-05,0.002470075308,0.0001730087569,0.0001509498364,0.000151283136,0.00250548619,0.004849610429,0,0.0001371091529,0.02728278727,0.01144605914,0.0002125050264,0,0.01636896882,0.001135115574,0.000177065125,0.0001774560877,0.0003078737631,0.002186464038,0,0.001267944642,0.01230054127,0.0051604963,0.008336747353,0,0.007380007568,0.0007641744701,2.177098122e-05,0.001306309436,0.02455343887,-0.2699227009,-0.1050490184,-0.08144323689,-0.001398374412,0.201409066,0.004618963206,0.01032720861,-0.0005231049954,0,0.0207972352,0.0009238135484,-0.005427989614,0,0.0003575605462,0.001327442879,0.2492199558,0,-0.01772239677,-0.001732224021,-0.3382385569,-0.008374570064,-0.01808981242,-0.005427989614,0.04141060891,0.07033516931,0.0007229419925,-0.0005231049954,0.05903154757,0.01108749807,0.0005990238259,-0.09572427501,0.0006822072642,0.002351691029,0.0001277478555,0.01769842718,0.0003018708277,0.002565123268,0,0.05903154757,0.005685228926,0.002869109302,0,0.04141060891,0.161909491,0.0007403053955,-0.08591124149,-0.009411516902,0,0.00010363855,0.02587213233,0.0002151930376,0.001349330393,0.0003575605462,0.01108749807,0.161909491,0.0004979058737,0.0207972352,0.07033516931,0.005685228926,0.007298314996,-0.3038511998,0.01269670604,0,0.001267508595,0.01221544846,0.009463031428,0.02509967732,0.001327442879,0.0005990238259,0.0007403053955,0.007298314996,0.0009238135484,0.0007229419925,0.002869109302,0.0004979058737
1,1,1,1,4,1500,500,v1,0,0.0002987117804,0.1325127455,0,0.0009792515933,0.0007646964114,7.202624947e-05,0.000785563513,0.01389973471,0.1172719483,0.0035650742,0.0004808385225,0.02390440029,0.003025857903,0.007151235476,0.03840233788,0.002257602897,0.001762959433,0.002553902694,0.001811067222,0.03204496328,0.05302058615,0.008219054117,0.001108542941,0.02669075345,0.001091976314,0.002580749,0.1212537206,0.000248525128,0.1102492409,0.0009216563829,5.992509851e-05,0.01156443627,0.01913415173,0.09756905443,0.0004000527035,0.008575671671,0.002771723175,0.0008291881352,0.03895851416,0,0.03542280263,0.004452763867,0,0.0002044157334,0.006147754622,0.03134869075,0.0009530020623,0.005006330084,0.001618084466,0.0002048197658,0.02274331259,0,4.661535041e-05,0.002599447199,0,0.0001528167255,0.0001728732044,1.124002827e-05,0.0001225908077,0.1168351964,0,-0.0002482798583,-0.1508957127,-0.0002923401781,-0.0007715426443,0.006637693904,0.01918534809,0.02961084899,0.003417080695,0.005982452137,0.08902524625,0.04711354856,0.003146398422,0.04665451937,0.04322114449,-0.06100438386,-0.004891053481,-0.05152276866,-0.003610128774,-0.00783953199,-0.0287050051,0.08902524625,0,0.0001874568938,-0.002809363148,0.01918534809,0,6.403034032e-05,0.01005761162,-0.08639407494,-0.1421806093,0.0001994864971,0.009743851847,4.317528321e-05,0.07991367264,0.009689082167,0.04711354856,0,0.003165429768,0.00222228506,0.02961084899,0,0.00244776357,0.009199920899,-0.2973685252,0.04623205794,0.006474441235,0.006687602534,0,0.06614987443,0.0009962706652,0.003146398422,6.403034032e-05,0.00244776357,0.01795116254,0.003417080695,0.0001874568938,0.003165429768,0.000616181003,-0.1592776347,0.02380815518,0.00338034423,0.0003159142392,0,3.744641896e-05,0.0001603400597,0.04665451937,0.01005761162,0.009199920899,0.000616181003,0.005982452137,-0.002809363148,0.00222228506,0.01795116254
1,1,1,1,1,1500,500,v1,0,0,0,0,0,0.001887897166,0,0,0,0,0.01571458579,0,2.894031513e-05,0,8.16067786e-05,5.776527014e-05,0,1.819683687e-06,0,0,0,0.0001475950273,1.514678656e-05,0,0,0,0.0888704386,0,0,0,0,0,0,0.1607321725,0,0,0,0.04799552187,0.1353392287,0,0,0,0.09579972692,0,0.003017820221,0.2447762,0,0.02511990358,0,0.06021788925,0,0,0,0,0.1201957416,0,0,0,0,0,-0.02260622418,0,0,0,0,0.002036646281,0,0,0.02358767401,0,0.07249255937,0,0.04382547573,0,0.1299727916,-0.2008208528,8.667279414e-05,0,0.0002287966678,0,1.680503263e-05,0,0,0,0,0,0,0,0,0,-0.3610295201,0,0,0.2260526196,0,0,0,0.04382547573,0,0,0.0033369873,0.02358767401,0,0,0.02751737954,0.1133862089,0,0.07000655889,-0.3612583168,0,0,-0.02262302918,0,0,0,0,0,0,0,0,0.07009323164,0,-0.1150353315,0,0,0,0,0.1299727916,0,0.02751737954,0,0.07249255937,0,0.0033369873,0
1,1,1,1,4,1500,500,v1,0.002703747094,0.006908253985,0.02139979573,0.006222022965,0.004097933439,0.004264305542,0.002838002149,0.0003653012918,0,0.07245386448,0.003070838731,0,0.002629944949,0.0005250471662,0.05761672488,0.0002445733174,0.008791701873,0.009148636399,0.01726387038,0.0007837169879,0,0.004860607652,0.00658817402,0,0.006042715445,0.0009696715039,0.1064081474,0.03733165549,0.0273717562,0.08478987492,0.03188338922,0.01124467964,0,0.008976703495,0.2870753621,0,0.0004368615723,0.0003511435317,0.007692837932,0.002698913404,0.0007744834352,0.006129932546,3.265480461e-05,0.001782287156,0.001221502563,0.0006489759179,0.02075427764,0.0008796361665,0.004246782624,0.003413507489,0.0006814790686,0.026236454,0.007528844384,0.01923669907,0.0003174411887,0.01732582266,0.01141109064,0.02240744654,0.007902690525,0.001017216657,-0.4136592278,0.0003980549244,0.007788872284,0.09243812905,0.0009299508252,0.0005796904223,0,0.004165398313,0.003438533346,0.0002758018617,0.06918942115,0.02686651561,0.0003578231934,0.00680519339,0.006242768417,-0.1234497476,-0.0009102967698,0.01129639786,0.05044583847,-0.002902889711,-0.01291037974,0,0.02686651561,0.00929138048,0.02098367888,0.08619356868,0.004165398313,0.02083040135,0.007150002732,0.2915006899,0.2154810623,-0.03148825233,-0.02341808798,-0.1089004961,-0.02724041849,-0.3706825004,0,0.0003578231934,0.02083040135,0.01276905771,0.01009634023,0.003438533346,0.00929138048,0.001104406206,0.007367270657,-0.3977204987,0.003065056381,0.0002387760701,0.008166531328,0.002086913417,0.02644819891,0.0006882820711,0.00680519339,0.007150002732,0.001104406206,0,0.0002758018617,0.02098367888,0.01276905771,0,-0.06015592348,0.007735253318,-0.00185938366,0.007401026609,-0.02256615623,0.0006957584751,-0.007276037054,0.006242768417,0.2915006899,0.007367270657,0,0.06918942115,0.08619356868,0.01009634023,0
1,1,1,1,3,1500,500,v1,0.008548338996,0,0.03256498125,0.08608853778,0,0.274766603,0,0,0,0.0492958997,0.02527336781,0,0,0,0,0,0,0.2418739104,0,0,0,0,0.02224785776,0,0,0,0,0,0,0.0933320579,0,0,0,0,0.1412832923,0,0,0,0,0,0.0002146610653,0.0008177534335,0,0.002161806783,0.006899783891,0,0.001237890817,0.0006346505514,0,0,0,0,0.001152456608,0,0,0.01160614995,0,0,0,0,-0.09343887026,-0.094377267,0,0.08027342354,0,-0.1923021249,0,0,0,0,0,0,0,0,0,-0.1847782422,0,0,0,0,0.1142358424,0,0,0.01074561814,0,0.08961228258,0,0.1083254536,0,0.1352703018,0.08232604913,0,0,0,0,-0.2322477716,0,0,0.1083254536,0,0.09871352683,0,0.01074561814,0,0.007100071598,-0.3117807531,0,0,0,0.002359407828,0.002052625543,0.007523883734,0,0,0,0,0,0,0,0,-0.09201785914,0,0,0,0.01263714453,0,0,0,0.1352703018,0.007100071598,0,0,0.08961228258,0.09871352683,0
1,1,1,1,0,1500,500,v1,0,0.000100372821,0.008377710087,0,0.03693664137,0.003888566341,0.0004182097152,0.07152882142,0.004290936287,0.01103713049,0.0002632661818,0.0002630144849,0,0.0001604235815,2.459273603e-05,0,0.0009831377411,0.0001035014605,0.001191853497,0.001903873262,0.0001142112886,0.0002561668563,7.007321449e-06,7.000622063e-06,0,0.03050968626,0.004677097057,0,0.000508092319,0.04240839407,0.2266691463,0.002116998825,0.02172093748,0.04871833895,0.05587051524,0.001331392684,0,0,0.001362612021,0,0,0.01235513971,0,0,0.005734715084,0.01419346092,0.01627715542,0.0003882553136,0,0,0.01408067259,0,0,0.0002344921389,0,0,0.08629180644,0.1046111719,0.0009770263471,0.1671064554,-0.3418751368,0,0.0004842917246,0.01655592636,0.09413849754,-0.001342789712,0.004194161961,0,0,0.02703701065,0.005096172517,0,0,0.1888891383,0.05178181915,-0.3595542635,0,0.001332289545,0.0002621937617,0.002808027946,6.600853069e-05,0.000111948605,0,0,0.0004061784344,0.03300266847,0,0,0.001740991756,0.04696118221,0.1598781961,0,-0.2464256613,-0.05237519763,-0.001978761308,-0.09140257296,-0.02252540282,0,0,0.07842673515,0.004873505372,0,0,0.1485154482,0.0005119250578,-0.1282364316,0,0,0.01419434273,0,0.02153741268,-0.002313505769,0.1888891383,0.001740991756,0.1485154482,0.02574375764,0.02703701065,0.0004061784344,0.07842673515,0.001585180757,-0.1496413159,0,0,0.1011426059,0,6.302278995e-05,-0.2482413145,0.05178181915,0.04696118221,0.0005119250578,0.001585180757,0.005096172517,0.03300266847,0.004873505372,0.02574375764
1,1,1,1,2,1500,500,v1,0.01727160663,0.0499242416,0.08583243565,0.03440623869,0.07726252788,0.03019852388,0.2223655379,0.07502715953,0,0.2925045698,0.004080044669,0,3.578756428e-05,0,0,0.0002905948609,0.0001176521639,4.598505613e-05,0,0.0001142482379,0,0,6.212922322e-06,0,0.008867866161,0,0,0.006110874179,0.006817645839,0.01172126264,0,0.03036619958,0,0,0.0399443737,0,9.479984753e-05,3.430935904e-05,0,6.532687007e-05,2.521414278e-05,0.0001253034147,0.0002785918411,5.022832175e-05,4.408564352e-05,0,0.0004270159774,5.956297584e-06,0.0004493390877,0.0001626219503,0,0.0003096409642,0.0001195117947,0.0003454534276,0.001320489505,0.0002380757866,0.0005346221441,0,0.001538670089,0.0005191543946,0.09290882857,-0.05165897654,-0.2718274174,-0.3774460579,-0.1519751351,-0.03422706694,0,0.01207406304,0.0001502460097,0,0,0.008427798009,0.001199134328,0,0,-0.1860432723,4.298761849e-05,0,0,0.0002302432805,5.164958623e-05,0,0.008427798009,0.02567940394,0.06405453962,0.1106663373,0.01207406304,0.05116025049,0.2851804622,0.3773695314,-0.6460108789,-0.01450011784,0,0,0.03712399552,0.05153850804,0,0.001199134328,0.05116025049,0.1146219664,0.04509842035,0.0001502460097,0.02567940394,0.1114178998,0.006089920585,-0.4262626123,0.0001459839051,0.0001644166694,0,7.531474233e-05,0.0005503035449,4.985673804e-05,0,0.2851804622,0.1114178998,0,0,0.06405453962,0.1146219664,0,-0.4521787045,0.000686226575,-0.001106991181,0,0.0003572258443,0.001880085366,0.00105164782,0,0.3773695314,0.006089920585,0,0,0.1106663373,0.04509842035,0
1,1,1,1,3,1500,500,v1,0.002100011665,0.0004374124432,0.0004263664816,0.001159804577,1.191502174e-05,0,0.0001770847985,0.0007329782257,0.01056390867,0.0002868369487,0,0.0266603298,0.0002500455226,0.0005404908255,3.225134033e-05,3.250918991e-05,3.146716743e-06,0,0.0003698754833,0.0001935770582,0.002789892376,3.667932422e-05,0,0.007040902486,0.01803000118,0.002278745174,0.0001359737903,0.02439977875,0.0004870363555,0.0004747372429,0.001559419574,0.0001971748546,0.01176237133,0.0001546424641,0.0003193782534,0.02968491195,0.2376841524,0.0138973178,0.001792502107,0.3216550391,0.03082452734,0.006258320125,0.001806833168,0.01702391872,0,0.002038605691,0.004210268692,0,0.07522830947,0.004398575645,0.009507827841,0.1018055456,0.009756128281,0.002032108668,0.0005718723915,0.00538816161,5.535420705e-05,0.006506516396,0.0008226916256,0.003405233273,-0.04632262538,0.003240170423,0.000477124347,0.0006442213866,0.0006932652232,0,-0.005765799938,0.2164303119,0.01392454497,0.009984789052,0.002379336053,0.2923481985,0.001801430655,0.006853363496,0.00269650152,-0.04205990405,0.0002745533012,0.0008992187833,5.205580916e-05,0.0001765178179,0,0.00849353849,0.2923481985,0.02838655007,0.001841147152,0.007986620962,0.2164303119,0.01560278089,0.000766558203,0.005360744717,-0.4091665868,0.04230819105,0.003728667316,0.0002516619679,0.0004082907846,0.0007658025575,-0.007269454538,0.001801430655,0.01560278089,6.43144607e-05,0,0.01392454497,0.02838655007,0.003729175696,0,0.2435283177,-0.5578111081,-0.01547825427,-0.003687609491,-0.04752109248,-0.01030826773,0,0.006853363496,0.000766558203,0.003729175696,0.001447020534,0.009984789052,0.001841147152,6.43144607e-05,0.005365553431,-0.5686044548,0.1763172431,0.004719717228,-0.01585332113,0.01495470138,-0.002623885368,-0.003398776483,0.00269650152,0.005360744717,0,0.005365553431,0.002379336053,0.007986620962,0,0.001447020534
1,1,1,1,2,1500,500,v1,0.0001264179702,0.006407108716,0.001149384392,3.68668386e-05,0.001925574433,0.003564566132,3.450942885e-05,0.04303480413,0.001798346953,5.067836192e-05,0.00127327361,0.0007395144266,0.0001566821329,0.008497408625,0.04105608839,0.001461419636,0.005037786193,0.009325799999,0.005213303667,0.1125898529,0.004704927161,0.07165758402,0.003331203459,0.001934755419,0,0.03333033508,0.1610388818,0,0.06574983855,0.01179499858,0.02044872334,0.0003541362377,0.01845466138,0.2810705465,0.0005200620533,0.007588907307,0,3.63513112e-05,0.009525289311,0,7.673417697e-05,0.0006976624068,0.0003390592085,2.237772458e-05,0.002163648475,0.01662504262,3.076115198e-05,0.0007728616618,0,4.614977521e-05,0.00250286035,0,9.7417807e-05,0.004937324018,0.0004304523205,2.840962059e-05,0.001483849473,0.001535547084,2.659299841e-05,0.03316266064,-0.1829130617,-7.727256376e-05,0.00635234244,0.001172623373,0.04445415428,0.004126572236,0.002518557452,0,0.0001384680544,0.03336850472,0.1654674238,0,0.001096495048,0.02050499288,0.2890274312,-0.4021808849,-0.001400093491,0.01358378088,0.1125695327,-0.1163647728,-0.01177116181,0.006516141474,0,0.0001524600349,0.08144363532,0.01484653589,0,4.380923103e-05,0.0004391996116,0.0006556231316,0.1784775418,0,-0.05350653012,-0.4416911057,-0.065856107,-0.01222466591,-0.02579047616,0.001096495048,4.380923103e-05,0.002434465633,0.005377360492,0.0001384680544,0.0001524600349,0.05408140034,0.001940974223,-0.3491046563,0,0.000324442009,0.02612500318,7.857065083e-06,0.0007172698671,0.002765699752,0.02050499288,0.0004391996116,0.05408140034,0.01781832443,0.03336850472,0.08144363532,0.002434465633,0.00731534144,-0.1724821985,0,0.0002523427464,0.004007084192,-6.143067863e-05,0.004915207459,0.03423337451,0.2890274312,0.0006556231316,0.001940974223,0.00731534144,0.1654674238,0.01484653589,0.005377360492,0.01781832443
1,1,1,1,0,1500,500,v1,0,0.006334171772,0,0,0,0,0.04843663767,0,0,0,0,0,0,0,0,0,0,0,0,0,0,0,0,0,0,0,0,0,0.08294141034,0,0,0.6342428316,0,0,0,0,0,0,0,0,0,0,0,0,0,0,0,0,0,0,0,0,0,0.02637309711,0,0,0,0,0.2016718515,0,-0.4891182951,0,0.05474570136,0,0,0,0,0,0,0,0,0,0,0,0,0,0,0,0,0,0,0,0,0,0.07536222553,0,0,0,0.576196666,0,0.2825837152,0,0,0,-0.7169563088,0,0,0,0,0,0,0,0,0,0,0,0,0,0,0,0,0,0,0.576196666,0,0,0,0.07536222553,0,0,-0.6622106078,0,0,0,0,0.2278380136,0,0,0,0,0,0,0,0,0
1,1,1,1,0,1500,500,v1,0,0,0,0,0,0,0,0,0.01044699148,0,0,0.02813754658,0,0.003486983288,0.01648941393,0,0,0,0.003478950073,0,0.002205805695,0.004607437472,0,0.00594103677,0,0.02968960292,0.1403976193,0,0,0,0.02962120485,0,0.01878113252,0.03922960845,0,0.05058441871,0,0,0.4552240141,0,0,0,0,0,0,0.1271977397,0,0,0,0,0.01726012883,0,0,0,0,0,0,0.01722036542,0,0,-0.06058772619,0,0,0,0,0,0.03793340783,0,0,0.01375780948,0.4471374303,0,0,0.01397410194,0.1249419729,-0.4585572556,0,0.006850304712,0.02106819071,0,0,0.008110239119,0,0,0,0,0,0,0,0,-0.476190255,0,-0.0569451093,0.1793048011,0,0,-0.06869796534,0,0,0,0,0,0,0,0,0.2003729918,0,0,-0.5817592603,0,0,0,0.01397410194,0,0,0.009174198142,0.01375780948,0,0,0.02480727943,-0.05009480457,0,0,0.03160686367,0,0,0,0.1249419729,0,0,0.02480727943,0.4471374303,0,0,0.009174198142
1,1,1,1,4,1500,500,v1,0,0.1622693835,0.07093047342,0,0.03734188896,0.01027710028,0.07387787106,0.1111739183,0.0004623208173,0.01176707261,0.003432448085,0.000929989574,0.0002413252574,0.0004625759156,0.003567468351,0.000979148696,0.001975691566,0.000543742722,9.436255967e-06,0.005882010225,2.446055529e-05,0.0001699633823,0.000181604598,4.920406034e-05,0.001064728006,0.002279345271,0.01757871917,0.001626531732,0.04230449821,0.01849195468,4.649720119e-05,0.01926035704,0.0001205295156,0.0008374954651,0.003067738912,0.0002424532676,0.001658303809,0.001852061049,0.02737868902,0.002533307805,0,0.02880104469,0.007514518703,0,0.004172976863,0.001304391274,0.00477797437,0.001393732284,0.003014351071,0.00336654971,0.006453053571,0.004604873398,0,0.1197682496,0.01365937736,0,0.02756140794,0.0001316382095,0.05452798986,0.0820555628,0.2873521757,0,-0.1851503705,-0.07894266109,-0.1095848465,-0.01275201154,-0.001343812738,0.003014717115,0.003688955684,0.006268427041,0.0314973118,0.004255412504,0.01558842127,0.0001348365181,0.001530473666,-0.1095657358,0.0006396198353,0.0003606179581,0.001783968762,0.007703588983,0.0006494996303,4.750299373e-05,0.004255412504,0,0.006469773155,0.04086548533,0.003014717115,0,0.007908173434,0.00652587508,-0.1591622719,0.001514016351,0.001264599805,0.001778819536,0.0606897794,0.02030508936,0.000285984853,0.01558842127,0,0.02519314939,0.01012328691,0.003688955684,0,0.04848076343,0.003550294408,-0.0822758388,-0.001236458368,-0.001363335932,-0.0255813119,0,0.02704333148,0.002986791025,0.0001348365181,0.007908173434,0.04848076343,0.0005176834974,0.006268427041,0.006469773155,0.02519314939,0.0009978038406,-0.2251627895,-0.005124311064,-0.01212786854,-0.00589406014,0,0.1148752932,0.05276531574,0.001530473666,0.00652587508,0.003550294408,0.0009978038406,0.0314973118,0.04086548533,0.01012328691,0.0005176834974
1,1,1,1,4,1500,500,v1,0.008733072765,0,0,0.04691623712,0,0,0,0,0,0,0,0,0,0,0,0,0,0,0,0,0,0,0,0,0,0,0,0,0,0,0,0,0,0,0,0,0,0,0,0,0.1311710613,0,0,0.7046835379,0,0,0,0,0,0,0,0,0.01702634334,0,0,0.0914697476,0,0,0,0,-0.7273577593,0.05564074287,0,0,0,0,0,0,0,0,0,0,0,0,0,0,0,0,0,0,0,0,0,0.1581195667,0,0,0,0.8494559196,0,0,0,0,0,0,0,0,0,0,0.8494559196,0,0,0,0.1581195667,0,0,0.1641350983,0,0,0,-0.8358521148,0,0,0,0,0,0,0,0,0,0,-0.7802113698,0,0,0,0.1084943553,0,0,0,0,0,0,0,0,0,0
1,1,1,1,4,1500,500,v1,0.0006783944359,0.0527508331,0.01918227453,0.05100706145,0,0.001792556205,0.08511974022,0,0.02723207194,0.01247270686,0.001850910515,0.06895404542,0,0,0.0001456834898,0,0,2.674714189e-05,0,0,0.0004063359854,0.001854351857,2.761785991e-05,0.001028879112,0.0009254861907,0,0.000185664273,0.002220243533,0.001003117779,0.0003647730184,0,0.001618649786,0.0005178491771,0.002363252623,0.0002371828701,0.001311240502,0.0006073349702,0,0.0001218391013,0.001456998012,8.465706884e-06,0.0002393762462,0,0.000636518828,2.236936892e-05,0.001550845356,0.0001556473265,2.30975743e-05,0.09047348239,0,0,0.2170460955,0.001261119515,0.09806257467,0,0.09482094365,0,0,0.1582356219,0,-0.3401268393,0.05000961034,0.1352579854,-0.03162163417,0,-0.003626151707,-0.09588227361,0.1332167266,0,0,0.0001720105625,0.3197061335,0,0,0.001002853498,-0.09765812947,0,0,-0.0007704053559,0,5.397613717e-05,0.001419093895,0.3197061335,0.0008870165992,0.06627328427,0.02784266015,0.1332167266,0.0648362472,0.1067852993,0.01810111433,-0.549242476,0.003122887047,0,-0.0002786213737,0.002603174944,0.000598470656,0.00181795214,0,0.0648362472,0,0.002601885481,0,0.0008870165992,0,0.002688606074,-0.3840999928,0.002052368961,0,0.0002657840228,0.0006391776769,0.0003939806322,4.518119612e-05,0,0.1067852993,0,0.03930894696,0,0.06627328427,0,0.09965889454,0.1936852051,-0.307123828,0,0,-0.09446429717,-0.2532335493,0,0.001002853498,0.01810111433,0.002688606074,0.09965889454,0.0001720105625,0.02784266015,0.002601885481,0.03930894696
1,1,1,1,0,1500,500,v1,0.02253171883,0,0.006100541384,0.02428671335,0,0.03011896594,0,0,0,0.01290276477,0.04540356583,0,0,0,0,0,0,0.193124629,0,0,0,0,0.2911304068,0,0,0,0,0,0,0.004008101225,0,0,0,0,0.008477212765,0,0,0,0,0,0.02454725335,0.006646254376,0,0.02645923775,0.03281320404,0,0.01405695846,0.04946506041,0,0,0,0,0.1000666139,0,0,0.1078607977,0,0,0,0,-0.5566874937,0.04638245872,0,0.004588418414,0,0.07540440819,0,0,0,0,0,0,0,0,0,0.1575820781,0,0,0,0,-0.4837628295,0,0,0.07917627721,0,-0.002754103911,0,0.08550878171,0,-0.005733772503,-0.002514598659,0,0,0,0,0.008173182926,0,0,0.08550878171,0,0.1949696643,0,0.07917627721,0,0.2943014635,-0.5560716247,0,0,0,0.05068476607,-0.007103017071,0.08217766992,0,0,0,0,0,0,0,0,0.09706722484,0,0,0,-0.2068572641,0,0,0,-0.005733772503,0.2943014635,0,0,-0.002754103911,0.1949696643,0
1,1,1,1,3,1500,500,v1,5.83544751e-05,3.060705026e-05,2.503538052e-05,0.00041310277,0.003285871194,0.01088326437,0.0002099178197,0.006337564054,7.522837755e-06,2.126323865e-05,0.01632379606,1.683929432e-05,0,0.003188885843,0.005006695681,0,0.0460404471,0.1524923918,0.004958379549,0.08879967149,0.0001054073009,0.001745223188,0.228723168,0.0002359461444,0.001142681332,0.0004853213557,0.0007619765823,0.002632109034,6.526809e-05,5.338676726e-05,0.0007546232772,0.0004476398422,1.604209643e-05,0.0002656081545,4.534285277e-05,3.59090003e-05,0.0001654463942,0,0.000110324965,0.0003810974561,1.801713646e-05,7.729756224e-06,0,0.0001275468414,0.003360243733,3.845683848e-05,6.565094993e-06,0.00504002582,0.01753349902,0,0.007446854408,0.04038753402,0.001909400601,0.001001484806,0,0.0135170212,0.1075160803,0.01157906944,0.006868662778,0.2073696763,-0.5751162234,0.0004441690531,0.0002336743717,3.80089394e-07,0.009604244887,0.02698142095,9.289378341e-06,0.02428542289,0,0.005744133136,0.005970827646,0.05597675657,0,0.008851211552,0.002140496902,-0.2844583078,0,0.007693820469,-0.006430073203,0.133226204,-0.380731942,-0.0003284840838,0.05597675657,0.002749947091,0.001352404487,4.571483375e-05,0.02428542289,0.01940321155,0.009341755595,3.503823387e-05,-0.08237311474,0.003728089008,0.001220201998,0.0008756071215,0.0004620776578,-6.123017473e-05,3.978846957e-05,0,0.01940321155,0.08734388526,0.2072530306,0,0.002749947091,0.168031423,0.3107890565,-0.4283332631,0.0005453328403,0,0.0001469163872,0.0001452038615,7.014706883e-06,0.008389129687,0.008851211552,0.009341755595,0.168031423,0.000126574421,0.005744133136,0.001352404487,0.08734388526,0.0002925349331,0.1573030192,-0.05778154153,0,-0.01864425227,-0.01535814538,-0.007825192097,-0.3130806543,0.002140496902,3.503823387e-05,0.3107890565,0.0002925349331,0.005970827646,4.571483375e-05,0.2072530306,0.000126574421
1,1,1,1,0,1500,500,v1,0.06515628567,0.07468721486,0.003897670828,0.01000761549,0.2075360401,0.007035504576,0.06203656474,0.02260503284,0.04512118902,3.530731776e-05,0.212406985,0.02717440856,0.0220981505,0,0.0003917380271,0.002602076276,0.03646940742,0.001236318678,0,0.003972284294,0.007928950677,0.001139668102,0.03732535742,0.004775240852,0.004409088868,0,0.0001159277606,0.00438393432,0.003883945793,0.0002026898746,0,0.003226076312,0.002346429073,0.0003372640942,1.836080091e-06,0.001413145878,0.0121313438,0.0179931707,0.0003189682861,0.01206213257,0.009322733561,0.0005576890437,0.002118711365,0.001431916074,0.00100665859,0.0009279619441,5.051864342e-06,0.03039175281,0.004034971185,0.005984656481,0,0.004011951037,0.003100807454,0.003554387274,0.0007046984611,0.0004762654652,0.009876703279,0,0.002952338987,0.001075780389,0.1653667811,-0.07488153426,-0.1350631193,-0.003881954006,-0.2293756187,-0.2186655298,-0.07219557755,0.005505943208,0.003414484313,0,0.0002272492659,0.005427909049,0.0009241722845,0,0.0006797528798,-0.4679313829,-0.0091674468,0,-0.0007594664544,0.04024335794,0.03844180358,0.01260583399,0.005427909049,0.07889277972,0.09964781819,0.004810095878,0.005505943208,0.0121323039,0.08291361637,4.292727524e-05,-0.2081261306,0.008198006586,0,0.0003539606729,0.006983679867,0.0001638649772,0.003747054129,0.0009241722845,0.0121323039,0.2411168337,0.007169349632,0.003414484313,0.07889277972,0.02623607823,0.2163189932,-0.2430624059,-0.02322876985,0.0004218461238,-0.0001991623172,0.01065694661,0.0004827402609,0.03123149797,0,0.08291361637,0.02623607823,0.05226967777,0,0.09964781819,0.2411168337,0.03149435654,-0.4052126477,0.007741528432,0.005853162951,0,0.003541198467,0.006371816547,0.01089698619,0.0006797528798,4.292727524e-05,0.2163189932,0.03149435654,0.0002272492659,0.004810095878,0.007169349632,0.05226967777
1,1,1,1,3,1500,500,v1,0,0,0,0,0,0.4745521437,0,0,0,0,0.3409928385,0,0,0,0,0,0,0.08540170028,0,0,0,0,0.06136600283,0,0,0,0,0,0,0,0,0,0,0,0,0,0,0,0,0,0,0,0,0,0.02192962544,0,0,0.01575768928,0,0,0,0,0,0,0,0,0,0,0,0,0.1843285889,0,0,0,0,-0.8154252756,0,0,0,0,0,0,0,0,0,-0.7777462941,0,0,0,0,0.1466496073,0,0,0,0,0,0,0,0,0,0,0,0,0,0,0,0,0,0,0,0.5508746574,0,0,0,0.3957703724,-0.6687756687,0,0,0,0,0,0.03767898165,0,0,0,0,0,0,0,0,0,0,0,0,0,0,0,0,0,0.3957703724,0,0,0,0.5508746574,0
1,1,1,1,4,1500,500,v1,0.0003201879892,0,0.01659530259,0.0001757288057,4.918049348e-05,0.001780161543,0,0.0002347873017,0.007742168362,0.04528027238,0.0005244601445,0.01391351637,2.499830047e-05,8.487616787e-07,0.0001020146394,1.414526454e-05,5.29662763e-08,1.917193616e-06,1.043616459e-06,2.528606e-07,8.33813977e-06,0.0002612233892,5.648316834e-07,1.498454163e-05,0.0315095909,0.00155783891,0.1872402803,0.0009297026494,0,0.03280412959,0.001915480361,0,0.01530403516,0.4794560947,0.08950604635,0.02750301125,0.001577874493,0.002297613417,0.009376245578,4.655579634e-05,3.169407426e-05,0.001642699821,0.001300102367,1.73946619e-05,0.0001762107701,0.02400924673,0.0044821054,5.191412336e-05,6.284147194e-05,9.150626979e-05,3.106891817e-06,1.854161901e-06,1.262269139e-06,0,5.177873572e-05,6.927712961e-07,1.938830352e-07,3.82015767e-06,0,9.255961348e-07,-0.1580803155,-0.0003517898754,0,0.06134011795,-0.0002532438488,-0.002289812407,0.02133807325,0.04469694379,0.003161154019,0.002312202249,0.2667291651,0.00131914347,0.001787780796,0.002838309882,0.6828685745,-0.6638021511,3.537773342e-05,1.870245902e-06,0.0003610360134,2.348555454e-07,2.442331491e-06,2.308280049e-05,0.00131914347,0.0003341242456,0,0.02193954518,0.04469694379,0.0001633015362,0,0.05963852543,0.1240693031,-0.0323539219,-0.003442383397,-0.6666401458,0,-0.1218333078,-0.0426266617,0.001787780796,0.0001633015362,6.602988845e-05,0.002388735992,0.003161154019,0.0003341242456,0.0003119008432,0.0007050307813,-0.7615295306,0.001612025348,-0.00346873645,0.03321394724,1.827033791e-05,0.006107809396,0.0002248588845,0.002838309882,0,0.0003119008432,0.01140077616,0.002312202249,0,6.602988845e-05,0.02049748233,-0.03820229684,6.450497341e-05,0.0001340688435,6.838409569e-06,1.902348293e-06,0,1.055172118e-06,0.6828685745,0.05963852543,0.0007050307813,0.02049748233,0.2667291651,0.02193954518,0.002388735992,0.01140077616
1,1,1,1,4,1500,500,v1,0.006129849484,0,0.004751119993,0.01412922941,0.005749532627,0.07504707559,0,0.03143133776,0.003806628287,0.008580643109,0.01140933174,0.1393746578,0.009444964161,0,0.001955368209,0.02825281093,0.001905401078,0.02487067871,0,0.01041637794,0.001261520564,0.005221704855,0.003781064376,0.04618890618,0,0,0.004637371561,0,0,0.003734162446,0,0,0.002991835276,0.01238384949,0.006743992009,0.1095420898,0,0.0003145181971,6.511394573e-05,0,6.764709289e-05,5.243186742e-05,0.000940821268,0.0001559257363,0.0008281959461,0.000173883264,9.469328129e-05,0.0001259098003,0,0.07049405035,0,0,0.01516197668,0,0.2108695218,0.03494817408,0.01422127572,0,0,0.07774435759,0.02359234839,0.0133350123,0,-0.009070306327,0.03295410104,-0.08576881383,-0.1019088746,0,0.09106129166,0,0.004608739103,0,0.2724193094,0,0.01120364119,-0.4629739235,0.03708090632,0,0.004934770579,0.01202463552,0.02718946794,0.04555512156,0,0.01512267494,0,0.006827975866,0,0.03659532157,0,0.006763274336,-0.0601920262,0,0,-0.01567450779,0,-8.963945404e-05,0.07305983966,0.2724193094,0.03659532157,0.009920311082,0.07504675554,0.09106129166,0.01512267494,0.05367244334,0.01141017331,-0.3567478506,0,0.001250881889,0.0001981503269,0.000218876106,9.911231295e-05,0.0009413933136,0,0,0.05367244334,-5.601272563e-05,0,0,0.009920311082,-0.02500311723,0.0968644131,0,-0.2806521886,0,-0.04803255275,0,-0.08737390617,0.01120364119,0.006763274336,0.01141017331,-0.02500311723,0.004608739103,0.006827975866,0.07504675554,-5.601272563e-05
1,1,1,1,3,1500,500,v1,0,0.03019241632,0,0,0,0,0.07327985479,0,0,0,0,0,0,0.1264002804,0,0,0,0,0.02378879745,0,0,0,0,0,0.09931663859,0.1853945668,0,0.1669835873,0.04802061914,0,0.03489164567,0.116550592,0,0,0,0,0.0008411371412,0,0,0.001414225242,0,0,0,0,0,0,0,0,0.01417331444,0,0.02645735425,0.02382995359,0,0.006852943718,0,0,0,0.00497932947,0.01663274364,0,-0.1306814797,0,0.09410817456,0,0,0,0,0.1261599352,0,0.04912252098,0,0.2122280054,0,0.01145431734,0,-0.179237841,0,0.1388532825,0,0,0,0,0.2122280054,0,0.01573955249,0,0.1261599352,0,0.03912040524,0,0.3278416903,-0.2657937262,-0.2105758347,0,-0.1540219496,0,0,0,0,0,0,0,0,0,0,-0.2278344601,0.002242499716,0,0,0,0,0,0.01145431734,0.03912040524,0,0,0.04912252098,0.01573955249,0,0,-0.3951875537,0.03795926597,0,0.0313379937,0,0.02334046979,0,0,0,0,0,0,0,0,0
1,1,1,1,0,1500,500,v1,0,0,8.264774589e-05,0,0,0,0,0,0,0.0003016193082,0,0,0,0,0.01984895163,0,0,0,0,0,0,0.05396853681,0,0,0.305048976,0,0.08714739926,0.06887923085,0,0.0007961147436,0,0,0,0.23695043,0.00290538569,0,0.07381243443,0,0.02108698012,0.01666664736,0,0.0001926351895,0,0,0,0.05733468869,0.0007030136392,0,0.04427674065,0,0,0.009997567865,0,0,0,0,0,0,0,0,-0.002795213847,0,0,0.0003809755784,0,0,0,0.2804715156,0,0,0.06942451643,0.06336497328,0,0,0.189479492,-0.2458026123,0,0,0.07319993954,0,0,0,0.06336497328,0,0,0.0007774383408,0.2804715156,0,0,0.002843919073,0.2968618439,-0.373758538,0,-0.3236602595,0,-0.003684286707,0,0,0,0,0,0,0,0,0,-0.5732950532,0.0903071,0,0.07785764726,0,0.0008890728569,0,0,0,0,0,0,0,0,0,-0.2834514379,0.05422711142,0,0,0,0,0,0.189479492,0.002843919073,0,0,0.06942451643,0.0007774383408,0,0
1,1,1,1,3,1500,500,v1,0,0,0,0,0,0,0,0,0.01514379096,0,0,0.04680377637,0,0.01294887025,0.01527647075,0,0,0,0.008466894961,0,0.005871621321,0.01322011612,0,0.01814697866,0,0.1258318553,0.1484505305,0,0,0,0.0822778421,0,0.05705802825,0.1284677124,0,0.176344959,0,0,0.07598076441,0,0,0,0,0,0,0.06575304889,0,0,0,0,0.002392410892,0,0,0,0,0,0,0.001564328882,0,0,-0.2086044526,0,0,0,0,0,0.06119824998,0,0,0.1657628564,0.0857669873,0,0,0.108350055,0.07436137243,-0.5105674136,0,0.0213241644,0.02842425407,0,0,0.02391861291,0,0,0,0,0,0,0,0,0.2795369282,0,-0.2080148862,-0.2758993624,0,0,-0.2325230657,0,0,0,0,0,0,0,0,-0.2474751083,0,0,0.1407228685,0,0,0,0.108350055,0,0,0.05408424766,0.1657628564,0,0,0.1670250565,-0.1866907217,0,0,0.003948779884,0,0,0,0.07436137243,0,0,0.1670250565,0.0857669873,0,0,0.05408424766
1,1,1,1,4,1500,500,v1,0.005038321311,0.009136363345,0.007507276352,0.01313917273,0.001130822648,0.0009697031547,6.432275726e-05,0.01820092154,0.001548174863,0.02121953668,0.003309338037,0.01427433018,0.0002885170487,0.01671501976,0,0.0005801346757,0.0003102329715,0.00026603101,0.006619906591,0.004993290489,0.0004247305174,0,0.000907892829,0.003916058699,1.211183836e-06,0.1334730934,0,0.0001516262828,0.02001491034,0.01644609101,0.05286140388,0.0001409110136,0.003391566196,0,0.04648535835,0.03127058633,9.380192535e-07,0.00178426764,0,0.0001174292196,0.008548065342,0.01273691867,0.003587710096,0.02229204929,0.001645207881,0,0.03600127401,0.005614655365,1.936558223e-06,0.003683653781,0.213409731,0.0002424348115,0.01764764014,0.03200178046,0.007406894328,0.04602235104,0.003960912755,0.08451994103,0.0002253021994,0.06375205026,-0.1898665371,0.01542779978,0.005316073253,0.02118989084,0.01761306999,-0.0003541961066,0.004460063051,1.442693928e-06,0.003354511459,0.105121153,0,0.0001646979765,0.007456674681,0.04454356301,0,-0.2097376845,0.0007719570052,0.02324231397,0,0.005056848584,0.0001237610408,0.003099598878,0.0001646979765,0.01582624132,0.01250611817,0.005943490314,1.442693928e-06,0.034567993,0.0001133453197,0.01467466082,-0.2459232244,3.940729937e-05,0.1627765291,0,0.01303933536,-0.04441803338,-0.02904899886,0.007456674681,0.034567993,0.003875755656,0.001700385894,0.003354511459,0.01582624132,0.06202759619,0.005851162274,-0.07820114383,3.068948157e-05,0.002254373668,0,0.01154312903,0.00948270844,-0.004803930379,0.04454356301,0.0001133453197,0.06202759619,0.003732160506,0.105121153,0.01250611817,0.003875755656,0.02850184489,0.2571115249,-0.0001808572278,-0.01023378809,-0.2857953205,-0.06056708499,-0.02676838428,-0.06660548647,0,0.01467466082,0.005851162274,0.02850184489,0,0.005943490314,0.001700385894,0.003732160506
1,1,1,1,0,1500,500,v1,0,0,0.01861873198,0,0,0.0001437529637,0,0,0.001713539009,0.01484495197,0.002923185899,0.002337957945,0.01855287472,0.001306771131,0.001535221146,0.03204142506,0,0.0006017080445,0.0002385683603,0,0.007172375301,4.127972917e-05,0.01223560493,0.009786011134,0.001782077857,0.005483308882,0.00644190214,0.004274551511,0,0.3270109461,0.001001050588,0,0.03009582034,0.0001732128145,0.2607299892,0.04106283073,0.0003939853041,0.0172110648,0.001424188491,0.0009450263186,0,0.07229622799,0.02972407519,0,0.0005581903779,3.829423228e-05,0.05764270269,0.01135068244,4.966385842e-05,0.002169542561,0.0001528116602,0.0001191253907,0,0,0.003746871385,0,0,2.789779047e-05,0,0,-0.5153347807,0,0,0.03334279667,0,0.002772715467,0.004009858698,0.002028055573,0.004609190056,0.006056060009,0.005375820636,0.004819602073,0.00737710053,0.001137582457,0.0001469544168,-0.06900161723,-0.01477551162,0.001306651868,0.001306558798,0,-0.002785137402,0.01650092325,0.004819602073,0,0,0.3539990694,0.002028055573,0,0,0.2823455568,0.1885664485,-0.00594574675,-0.006266489313,-0.006327079667,0,-0.5867888189,-0.07070702151,0.00737710053,0,0,7.315390846e-05,0.004609190056,0,0,0.001101976858,-0.5734361865,0.001227083025,0.001174174407,0.001338670832,0,0.1292162712,-0.0007709985731,0.001137582457,0,0,0.0318761159,0.006056060009,0,0,0.04341824334,-0.02327983833,0.000153558629,0.005610476814,0.0001640758003,0,0,0,0.0001469544168,0.2823455568,0.001101976858,0.04341824334,0.005375820636,0.3539990694,7.315390846e-05,0.0318761159
1,1,1,1,4,1500,500,v1,0,0.3050081115,0,0,0,0,0.4079004825,0,0,0,0,0,0,0.003890591496,0,0,0,0,0.001177423493,0,0,0,0,0,0.002191361417,0.002149816852,0,0.004398636075,0.06493726145,0,0.0006506066928,0.08684339622,0,0,0,0,0.007296664221,0,0,0.0146463154,0,0,0,0,0,0,0,0,0.001344820032,0,0.001319324482,0.002699405885,0,0.03985145003,0,0,0,0.0003992718437,0.05329506031,0,0.2446986937,0,-0.7123634012,0,0,0,0,0.005624114871,0,0.0006501347014,0,0.01119023383,0,0.0002666703172,0,0.003827508533,0,-0.004438711879,0,0,0,0,0.01119023383,0,0.3001901848,0,0.005624114871,0,0.4013068764,0,-0.639782496,0.006465225188,0.002228632481,0,0.1516031623,0,0,0,0,0,0,0,0,0,0,0.01048647232,-0.02169603811,0,0,0,0,0,0.0002666703172,0.4013068764,0,0,0.0006501347014,0.3001901848,0,0,-0.5782011304,0.004021247132,0,0.001598876052,0,0.09309553138,0,0,0,0,0,0,0,0,0
1,1,1,1,0,1500,500,v1,0.004527424431,0.004240596931,0,0.004824599218,0.001378303592,0,0.01814229198,0.005297587353,0,0,0,0,0,0,0,0,0.0005003651699,0,0,0.001923181665,0,0,0,0,0,0,0,0,0.002910722613,0,0,0.0124527703,0,0,0,0,0,0,0,0,0.03409414798,0,0,0.03633204755,0,0,0,0,0,0,0,0,0.102943529,0.09642171168,0,0.1097006205,0.03133954811,0,0.4125152366,0.1204553153,-0.7841671949,0.009342714024,0.02236230118,0,0.00667312709,0,0,0,0,0,0,0,0,0,0,-0.144941507,0,0,0,0.002410100695,0,0,0,0.0961713088,0.1336443484,0,0,0.1026947312,0.5723760805,0,-0.4860028383,0,0,0,0.01532255176,0,0,0,0.1026947312,0.04415920899,0,0,0.0961713088,0.1696378993,0,-0.2025662424,0,0,0,0.06998888232,0,0,0,0.5723760805,0.1696378993,0,0,0.1336443484,0.04415920899,0,0.1260996776,0,0,0,-0.2119089563,-0.5083651396,-0.151614634,0,0,0,0,0,0,0,0
1,1,1,1,0,1500,500,v1,0.0002564696853,0,0.01040985503,3.003228113e-05,0.0006174703489,5.363166643e-05,0,0.000360803697,0.09488841717,0.005722229235,0.008264125985,0.03498685687,0.0007435893329,0.003853886939,0.002838002135,0.00120631928,0.0003093282722,2.686734795e-05,0.01339233949,0.0001807484107,0.0475353516,0.003162549231,0.00414000092,0.0175270343,0.0008895180736,0.005441394676,0.004007042747,0.01874489028,0,0.007363078785,0.01890896281,0,0.06711629408,0.004465278515,0.004047436258,0.02474683681,0.003350509883,0.003954581546,0.01509315743,0.07060558071,0.0006832929368,0.02773419559,0.006415487354,8.001275297e-05,0.0001428868243,0.01681917461,0.01524530595,0.02201749072,0.007686873957,0.009072759358,0.04702244538,0.1619861509,0.001567638021,0,0.01471866802,0.0001835684623,0.003774208225,0.1634040028,0,0.002205366271,0.05268460666,-2.836375947e-05,0,0.008734704453,-0.0003915568795,0.002694328211,-0.09703140345,0.006169626045,0.009174708009,0.05656810692,0.01348639502,0.1094774134,0.0134939693,0.1967292367,0.01521767258,-0.2874163994,0.0008905452637,0.01712994005,0.003638795621,0.0003113730122,0.003237296399,0.04813124616,0.1094774134,0.001692547703,0,0.01954149069,0.006169626045,0.000197985018,0,0.0121287883,-0.3956248773,0.01894975144,0.02404401868,0.007146505702,0,0.01037195678,0.05750103095,0.0134939693,0.000197985018,0.004956051173,0.0001375408313,0.009174708009,0.001692547703,0.002726566663,0.02152686718,-0.1238554358,0.06039613709,0.005505660182,-0.0299213464,0.0003063930355,-0.04022018055,-0.02037456326,0.1967292367,0,0.002726566663,-0.0116348059,0.05656810692,0,0.004956051173,-0.001266504601,0.1271138983,-0.1564439149,-0.02150865699,-0.2100388548,-0.001538384423,0,-0.005041561362,0.01521767258,0.0121287883,0.02152686718,-0.001266504601,0.01348639502,0.01954149069,0.0001375408313,-0.0116348059
1,1,1,1,2,1500,500,v1,1.739487798e-05,0.0002978396814,0,2.114584982e-06,0.001005893628,0.0001435769053,0.001591085127,0.0003511462319,8.918607213e-06,0,6.66384737e-05,1.112794705e-05,0.000189275431,1.611886947e-05,0.122991644,4.440874494e-05,0.05877828993,0.008389758853,0.0001500141004,0.0205188446,0.0005211490224,0.08636964839,0.00389394606,0.0006502493705,0.005517126312,2.426946505e-05,0.1851830496,0.02325356912,0.02620433083,0,0.0002258695607,0.1399857831,0.0007846709103,0.1300429392,0,0.0009790515641,0.002383368368,0.0001231113555,0.07999806379,0.01004541458,0.0006611349952,0,2.88849998e-05,8.036998784e-05,0.00545699238,0.05617783793,0,0.002532758611,0.0004233982215,2.187036198e-05,1.862500106e-06,0.001784537684,0.0001174486432,0.002010986597,5.131333328e-06,1.427748659e-05,0.006791702817,1.733380113e-05,0.01074286291,0.002370907606,-0.2308246596,6.756389117e-06,0.001875710876,0,0.001338534867,0.000201105576,1.900809918e-05,0.004041665482,0.0002691096708,1.577432548e-05,-0.03507002866,0.01711182963,5.07564297e-05,0.0001240633674,-0.01770857475,-0.1349905362,-0.0001959176476,5.79734252e-05,0.1835419124,-0.07911797938,-0.01027543471,0.0004496028207,0.01711182963,0.0008899843479,0.0357732803,0,0.004041665482,0.0001061516744,0.1911914319,0,0.3479860618,-0.02849523502,-0.0001647576242,-0.283297552,-0.1658795354,0,-0.001314829631,5.07564297e-05,0.0001061516744,0.07653777923,0.006120090653,0.0002691096708,0.0008899843479,0.02671803066,0.00246924053,-0.136320102,0.01221469263,-2.356574084e-05,0.1349413751,-0.0006806563151,0,0.004348108332,0.0001240633674,0.1911914319,0.02671803066,0.000571852721,1.577432548e-05,0.0357732803,0.07653777923,0.0006974753452,-0.2590639779,0.002178212332,6.239321393e-06,1.355907038e-05,9.809244463e-06,0.01269401612,0.008942237841,-0.01770857475,0,0.00246924053,0.0006974753452,-0.03507002866,0,0.006120090653,0.000571852721
1,1,1,1,0,1500,500,v1,0,0,0,0,0.1711198293,0,0,0.05394597504,0,0,0,0,0,0,0,0,0.4229422074,0,0,0.1333336403,0,0,0,0,0,0,0,0,0,0,0,0,0,0,0,0,0,0,0,0,0,0,0,0,0,0,0,0,0,0,0,0,0,0,0,0,0.1662481748,0,0,0.05241017319,-0.3371348825,0,0,0,0.2249276808,0,0,0,0,0,0,0,0,0,0,0.4433636768,0,0,0,-0.5555708788,0,0,0,0,0,0,0,0,0,0,0,0,0,0,0,0,0,0,0,0.1278531894,0,0,0,0.0404576127,0,0,0,0,0,0,0,0,0,0,0.0404576127,0,0,0,0.1278531894,0,-0.3306431977,0,0,0,0,0,0.2184359963,0,0,0,0,0,0,0,0
1,1,1,1,2,1500,500,v1,0,3.166115924e-05,0.0003268336389,0,0.0005875830411,0.0004417698844,0.0004208306277,0.0001389698986,0.0002722974398,0.0003916609931,2.741797015e-05,0.0001273658469,0,0.006569159518,0.001748427196,0,0.003485702459,0.002620699143,5.020569036e-05,0.000824407247,0.001615342495,0.003077075672,0.0001626508584,0.0007555688553,0,0.1614663316,0.04297537981,0,0.004616576566,0.04765626258,0.001234028284,0.06136215036,0.03970423098,0.07563282932,0.05710886796,0.01857146732,0,0,0.06802471643,0,0,0.07543397552,0,0,0.1019615323,0.119717424,0.09039628191,0.006328132245,0,0,0.001994898561,0,0,5.703728983e-05,0,0,0.001058525493,1.524628214e-05,0.0007581225405,0.0002503530058,-0.2894431576,0,0.000441949365,0.0007154579816,0.0005742076529,0.000466527685,0.0003970700122,0,0,0.2289055994,0.03476170442,0,0,0.00174973905,0.05994599785,-0.3919928868,0,0.006594383088,0.004805300471,-0.00387499813,0.002769843809,0.002343428851,0,0,0.006730868886,0.0410215309,0,0,0.08986038655,0.04898977578,-0.3202119191,0,-0.1623667049,0.1105843061,-0.0656423542,0.09906676667,-0.05807145722,0,0,0.002786014426,0.1480338828,0,0,0.0006585461434,0.009194472523,0.2184082027,0,0,-0.1785280746,0,-0.1597897624,-0.1080552757,0.00174973905,0.08986038655,0.0006585461434,0.0565362245,0.2289055994,0.006730868886,0.002786014426,0.02646021246,-0.2242735171,0,0,0.002002097165,0,0.0008062345316,0.001004416769,0.05994599785,0.04898977578,0.009194472523,0.02646021246,0.03476170442,0.0410215309,0.1480338828,0.0565362245
1,1,1,1,3,1500,500,v1,0.01395459505,0.004473911299,0.06017796626,0.02973137172,0.001357849194,0.003063449895,0.01423430902,0.001375523577,0.000823149412,0.04267188462,0.002608499578,0.002072702784,0,0.0001801411809,0.003605054519,0,7.847469375e-05,0.0001770471223,0.001668426803,7.949615602e-05,4.757258632e-05,0.0008378706374,0.000150754006,0.0001197884985,0.03659008435,0.003551959497,0.07108317804,0.2391459045,0.005098242153,0.0685757548,0.03289744409,0.01622069581,0.0009380192743,0.01652083412,0.04862671304,0.002361946851,0.01639351541,0,0.03184751266,0.1071449312,0.007124575788,0.03072410772,0,0.01517947389,0.00156405692,0.007401856364,0.02178630587,0.001331780168,0.00325761024,0,0.0003162304716,0.0212911274,0.001415748268,0.0004538958064,0,0.003016363992,0.0001377591136,0.002928854979,0.001444126344,0.0001395522489,-0.001583569291,-0.03745964599,-0.001448108436,0.02194748883,-0.002711642232,-0.004922970681,0.0002176679373,0.02660096566,0,0.004650413451,0.05668870247,0.1680800855,0,0.04310720664,0.01422574425,-0.09322115995,0,0.001615543671,0.004122628841,0.0001444140171,3.182637739e-05,0.0001374327212,0.1680800855,0.01210236911,0.005986627569,-0.01841847049,0.02660096566,0.02264950178,0.01562328771,-0.01108405205,0.2572956617,-0.2708335494,-0.03627534011,-0.08527585122,-0.01473555685,-0.05346060447,-0.002183891238,0,0.02264950178,0.001718270681,0.002992504075,0,0.01210236911,0.001740649323,0.002887296196,-0.3977255974,0.1169244322,0,0.03387692453,0.01028840159,0.051181464,0.000971277452,0.04310720664,0.01562328771,0.001740649323,0.0007799869472,0.004650413451,0.005986627569,0.001718270681,0.001963198924,-0.2344910512,0.02412174988,0,0.002821383048,0.004003330472,0.001777055112,0.0002612815468,0.01422574425,-0.01108405205,0.002887296196,0.001963198924,0.05668870247,-0.01841847049,0.002992504075,0.0007799869472
1,1,1,1,4,1500,500,v1,0.03983790521,0,0,0.1030861828,0.2396080853,0.03705727218,0,0.04181982492,0,0,0.02885277469,0,0.0002992565018,0.01315988375,0.001178652435,0.001576439295,0.01390695254,0.00215081943,0.01477458942,0.002427239964,0,0.00654125534,0.001674626997,0,0.001528869405,0.03174495065,0.002843206224,0.005058403958,0,0,0.03564002701,0,0,0.01577915367,0,0,0.005393609947,0.002546685671,0.01003038279,0.01784525076,0.01967699375,0,0.01341556605,0.05091698883,0.01830356564,0.05566636362,0,0.0142511476,0.001678502617,0.0007925338701,0.03485188636,0.005553479098,0.006123521321,0,0.004174952016,0.01584547267,0.03683038079,0.03912818089,0,0.006428164036,0.1638883947,-0.1368750378,0,0,-0.2807746787,-0.06160029194,0,0.003506460803,0.002430242379,0.01455293718,0.009827464858,0.0114068364,0.01225686461,0.0145635902,0.05043337769,-0.3776000877,0.001473721757,0.02428602171,0.006646377927,0.01621842212,0.003597297265,0,0.0114068364,0.02783974941,0,0,0.003506460803,0.06119977727,0,0,-0.06696137862,0.005388841497,-0.02227533373,0.01432075947,0,0,0,0.01225686461,0.06119977727,0.2838027192,0.02803168106,0.002430242379,0.02783974941,0.04960774347,0.02256075026,-0.1366444161,-0.02124328985,-0.01443063176,-0.06114103238,0.0561891932,0,0.02427470717,0.0145635902,0,0.04960774347,0,0.01455293718,0,0.2838027192,0,-0.3720427716,0.005912250218,0.003165505349,-0.02142170626,0.02132616011,0,0.04228261483,0.05043337769,0,0.02256075026,0,0.009827464858,0,0.02803168106,0
1,1,1,1,2,1500,500,v1,0.004811577512,0.000705603877,4.435674042e-06,0.0003847854147,0.02137601546,5.882072001e-05,0.000357906907,0.06906810181,0,0.0386201494,0.0006132480357,0,0.001973693796,0,0,0.0008854781793,0.0242795052,6.681029867e-05,0,0.07844957542,0,0,0.0006965451021,0,0.04858547735,0,0,0.0005118285815,0.00295260905,1.856113855e-05,0,0.001497666336,0,0,0.1616065421,0,0.0294069974,0.004401045883,0,0.0003097909619,0.01218643521,1.123437255e-05,0.001974485659,0.0009745582429,0.000148977106,0,0.09781447917,0.00155319278,0.04119797092,0.006165680837,0,0.0004340041545,0.017072685,0.002503659703,0.002766171659,0.001365315255,0.07584746947,0,0.001269943562,0.2450709653,-0.3220291202,0.004408290779,0.0009399145451,0.03594811803,0.08938295728,6.594899186e-05,0,0.04971939189,0.006246456724,0,0,0.0004782528221,0.002831450149,0,0,-0.237141321,0.001800810125,0,0,0.09955433317,-0.0001129426205,0,0.0004782528221,0.0155874385,0.000827046308,1.007552753e-05,0.04971939189,0.001430714362,0.001143395921,0.0731563913,0.0773264007,-0.02207978557,0,0,-8.678973579e-06,-0.1387943051,0,0.002831450149,0.001430714362,0.04573444522,0.0001561566018,0.006246456724,0.0155874385,0.1471951922,0.001684980382,-0.1570439271,0.008019452173,-0.001582633902,0,-0.003148541598,0.05406854264,-0.00118043103,0,0.001143395921,0.1471951922,0,0,0.000827046308,0.04573444522,0,0.1772861182,-0.01940476307,-0.006270114133,0,-0.01260518442,-0.002244863725,-0.3175570487,0,0.0731563913,0.001684980382,0,0,1.007552753e-05,0.0001561566018,0
1,1,1,1,2,1500,500,v1,0,0,0.01583171929,0,0,0,0,0,0,0.01973542965,0,0,0,0,0.002173333899,0,0,0,0,0,0,0.01759150323,0,0,0.1598166583,0,0.001223620582,0.08514767101,0,0.03354810415,0,0,0,0.009904288257,0.04182023679,0,0.1759512115,0,0.001347153207,0.09374389397,0,0.0369350081,0,0,0,0.01090419194,0.04604226747,0,0.1619822476,0,0,0.08630146116,0,0,0,0,0,0,0,0,-0.03596991314,0,0,0.01658698247,0,0,0,-0.2241280348,0,0,0.003865689762,-0.1100747114,0,0,0.0294855407,-0.00585983859,0,0,-0.01637431509,0,0,0,-0.1100747114,0,0,0.01289422102,-0.2241280348,0,0,0.016180175,0.04577756959,0.13142637,0,-0.001189205198,0,0.005170012176,0,0,0,0,0,0,0,0,0,0.2204782359,0.006517069392,0,-0.004670633389,0,-0.04113992534,0,0,0,0,0,0,0,0,0,0.1379434393,0.08485839149,0,0,0,0,0,0.0294855407,0.016180175,0,0,0.003865689762,0.01289422102,0,0
1,1,1,1,2,1500,500,v1,0.001669163709,0.002267805327,0,0.003437143464,0.005242572748,2.14532586e-05,0.001591367259,0.001050065732,0.01118423872,0,0.0003502122874,0.009869757812,0.008959061408,0.009000688135,0,0.01040237294,0.1256667131,0.000514243793,0.03578553775,0.02517052513,0.2680909903,0,0.008394738458,0.2365823201,0,0.002550193879,0,0,0.01540206836,0,0.01013923135,0.01080795914,0.07595908137,0,0,0.06703162864,0,0.003025830859,0,0,0.01351315812,0,0.003513294488,0.02782630778,0.0001736805528,0,0,0.002835236586,0,4.108367182e-05,4.127455999e-05,0,0.000183476929,0.0002492804957,4.770228228e-05,0.0003778158629,0.0005762713042,0.0001641021556,0.0001749254287,0.0001154247691,-0.5837466978,0.005037910409,0.003704741229,0,0.006225963884,0.0003281783755,0.02100998576,0,0.008850489255,0.009579313228,0,0,0.01028810558,0.03805904484,0,0.1916789872,-0.0189464165,-0.04449043857,0,-0.1507732181,-0.008161981933,-0.5038324743,0,0.01743636424,0.01924827864,0,0,0.03595380386,0.01351007773,0,-0.523008858,0,0.01254640638,0,-0.02595784512,0,0.1424803436,0.01028810558,0.03595380386,0.1797888676,0.0005778166805,0.008850489255,0.01743636424,0.03600701382,0.008124441381,-0.02110257832,0,0.006100312889,0,-0.04118404691,0,0.002032298192,0.03805904484,0.01351007773,0.03600701382,0.2712052195,0.009579313228,0.01924827864,0.1797888676,0.2393079981,-0.2477366301,0,8.704038498e-05,0.0001851268236,0.0005526909481,0.0004141996826,0.0006833323459,0,0,0.008124441381,0.2393079981,0,0,0.0005778166805,0.2712052195
1,1,1,1,4,1500,500,v1,0,0,0.000315015052,0,0,0.006458908814,0,0,0.0331516306,8.756772598e-05,0.01576256265,0.001668539652,0.04865303285,0.002279106633,0.003067140173,0.009936477751,0,0.06419344253,0.008033545494,0,0.3294855764,0.001468272043,0.1566600782,0.01658318879,0.08737365416,0.0009466117549,0.001273916236,0.03490491521,0,0.001300379358,0.003336679596,0,0.1368496389,0.0006098370106,0.000361478801,0.006887716975,0.006415188754,0.001483700031,9.353406569e-05,0.002562804791,0,9.547705328e-05,0.0003030181571,0,0.001957613064,4.47757344e-05,2.654066333e-05,0.00477743214,0.006132506754,0.001418321551,6.643997021e-05,0.002449876113,0,0,0.0002896658175,0,0,0.0002341919925,0,0,-0.4178628213,0,0,0.0003674294902,0,0.02205346341,0.03479248867,0.1121503216,0.06837020369,0.001868312894,0.002555917573,0.04479894267,0.01396833815,0.006650575404,0.001237567587,0.2169578306,-0.05837037299,-0.01015800548,-0.004429814908,0,-0.2208036381,-0.3458033953,0.04479894267,0,0,0.001334805184,0.1121503216,0,0,0.0003791864452,-0.3071643831,-0.1221566289,0.004178288965,0.001767123812,0,-0.001619059697,0.1435422421,0.01396833815,0,0,0.08371555782,0.06837020369,0,0,0.2043416222,-0.3729138318,0.008950082423,0.001774051269,0.0001337009893,0,0.0001089691184,0.006712055266,0.006650575404,0,0,0.2391819674,0.001868312894,0,0,0.01202103045,-0.1757825846,0.008573702337,0.001703960732,0.0003004576191,0,0,0,0.001237567587,0.0003791864452,0.2043416222,0.01202103045,0.002555917573,0.001334805184,0.08371555782,0.2391819674
1,1,1,1,4,1500,500,v1,0,0,0.1670403883,0,0,0,0,0,0,0.06076890006,0,0,0,0,0,0,0,0,0,0,0,0,0,0,0,0,0,0,0,0.4320111595,0,0,0,0,0.1571646429,0,0,0,0,0,0,0.1341950617,0,0,0,0,0.04881984756,0,0,0,0,0,0,0,0,0,0,0,0,0,-0.4053996381,0,0,0.2275366618,0,0,0,0,0,0,0,0,0,0,0,0,0,0,0,0,0,0,0,0,0,0.1954922545,0,0,0,0.07130221148,0.4104644266,0,0,0,0,-0.5883274029,0,0,0,0,0,0,0,0,0,-0.360790742,0,0,0,0,0.1829277648,0,0,0,0,0,0,0,0,0,0,0,0,0,0,0,0,0,0.07130221148,0,0,0,0.1954922545,0,0
1,1,1,1,2,1500,500,v1,0,0.03932137889,0.03499606079,0,0,0,0.009128343231,0,2.212404596e-05,0.03702556315,0,0.05060403949,0,0,0,0,0,0,0,0,0.0001064245079,0,0,0.243423378,0,0,0,0,0.06937210485,0.06174123256,0,0.01610453147,3.90319892e-05,0,0.06532174917,0.0892773558,0,0,0,0,0,0.098982845,0,0,0,0,0.1047230887,0,0,0,0,0,0,0.0647737188,0,0,0,0,0.01503702958,0,-0.2382370356,0,0.04280395731,0.0702397895,0,0,0.04975204131,0,0,0,0,0,0,0,0,0.1288049132,0,0,0,0,0,-0.2325759861,0,0,-0.04636343528,0.004325375685,0,0,-0.006322947112,0.005866268035,-0.252242697,0,0,0,-0.00574421145,0.1034927892,0.07905287183,0,0,0,0,0,0,0,0,0.1737325786,0,0,0,0,-0.1805270076,0,0,-0.006322947112,0,7.279532225e-05,0,-0.04636343528,0,0.1555838142,0.03705974587,0,0,0,0,-0.001935490987,0,0,0.005866268035,0,0.1555838142,0,0.004325375685,0,7.279532225e-05
1,1,1,1,1,1500,500,v1,0,0,0,0,0,0,0,0,0,0,0,0,0,0,0.009925796758,0,0,0,0,0,0,0.03264197063,0,0,0,0,0.2137364383,0,0,0,0,0,0,0.7028935523,0,0,0,0,0.009514117988,0,0,0,0,0,0,0.03128812402,0,0,0,0,0,0,0,0,0,0,0,0,0,0,0,0,0,0,0,0,0,0,0,0,0.2914465867,0,0,0,0.9584457487,-0.8758282599,0,0,0.0425666976,0,0,0,0,0,0,0,0,0,0,0,0.08336383697,0,0,-0.9166253995,0,0,0,0,0,0,0,0,0,0,0,-0.8740587014,0,0,0.04079713937,0,0,0,0,0,0,0,0,0,0,0,0,0,0,0,0,0,0,0.9584457487,0,0,0,0.2914465867,0,0,0
1,1,1,1,2,1500,500,v1,0,0,0,0,0.1194858331,0.04940953798,0,0.100180694,0.1879355517,0,0.001937914943,0.02432231069,0,0,0,0,0.002035424332,0.0008416845184,0,0.001706564009,0.003201455646,0,3.301210803e-05,0.000414327136,0,0,0,0,0,0,0,0,0.003405972382,0,0,0.0004407953564,0,0,0,0,0,0,0,0,0.02928260068,0,0,0.001148506781,0,0,0,0,0,0,0,0,0.2579469497,0,0,0.2162708649,-0.4330240955,0,0,0,0.2155345459,-0.04731064646,-0.2120513125,0,0,0,0,0,0,0,0,-0.4850077391,0,0,0,0.003713401923,0.0008441540589,0.003598675458,0,0,0,0,0,0,0,0,-0.208452637,0,0,0,0,0,0.003838320775,0,0,0.2049634308,0.02995469543,0,0,0.1721134399,0.001324223104,-0.04646649253,0,0,0,0,0,0.02561388005,0,0,0.1721134399,0.2717504342,0,0,0.2049634308,0.03517104053,0.2192479477,0,0,0,0,0,-0.4706325278,0,0,0.001324223104,0.03517104053,0,0,0.02995469543,0.2717504342
1,1,1,1,4,1500,500,v1,0.006266260055,0.00610725175,0.0007025639257,0.0008417618364,0.0002473437215,0.0002420601441,0.001185364049,0.004459902712,0,0.0008419807859,0.00141846261,0,0.000215303952,4.30727626e-06,0.0001013046544,0.0001566221974,0.0001982279675,0.0001939935653,4.151052725e-05,0.003574287007,0,0.001759705776,0.001136794412,0,0.2201026756,8.62587195e-05,0.002028755352,0.02588507172,0.09801897107,0.01127587267,0.0008313014327,0.01902462338,0,0.0352403602,0.01351345805,0,0.2263556608,0.004434231053,0.002086391077,0.02662045112,0.103428153,0.01159621347,0.003225667735,0.01389375341,0.00399533907,0.03624151774,0.0138973673,0.02341252464,0.02946734647,0.000577255379,1.154831747e-05,0.003465493434,0.01346444445,0.01312277997,0.0004199226492,0.001808711318,0.0005314726436,0.0001112946368,0.002547016601,0.009583086526,-0.2463419486,0.005590460448,0.006532266191,0.001461072452,-0.002608859268,0.001549225627,0,0.04878495348,0.005309111582,9.862079374e-05,0.0009632604637,0.003044901204,0.003865913261,0.0009625311025,0.0155104755,-0.05302019289,-3.599265467e-05,-6.269192622e-06,0.001836350708,-0.002800511769,0.001272399959,0,0.003044901204,0.1289482276,0.1185167974,0.00537685779,0.04878495348,0.01733840021,0.02305228914,0.005072691454,-0.02427170692,0.005351491439,-0.0007637870628,-0.009595652415,-0.1157987297,-0.00251053486,0,0.003865913261,0.01733840021,0.0009069694625,0.005355838774,0.005309111582,0.1289482276,0.01487727679,0.03128132616,0.05025104255,-0.07278963672,-0.00637901371,-0.003223188946,-0.1152638695,-0.005916903774,-0.02724640224,0.0009625311025,0.02305228914,0.01487727679,0,9.862079374e-05,0.1185167974,0.0009069694625,0,-0.2989724511,0.03288490878,0.0002983231321,6.262165838e-05,0.0121489904,0.01488707244,-0.005113459798,0.0155104755,0.005072691454,0.03128132616,0,0.0009632604637,0.00537685779,0.005355838774,0
1,1,1,1,4,1500,500,v1,0.005994605633,0.001626253066,0.001086429487,0.02271025466,0.0002393553585,0.01460002502,0.0008819793042,0.04588648363,0.0004929255587,0.0005114496562,0.05334129532,0.0005968101202,0.07393907866,0,0.0001849577801,0.3259452811,0.0005860175372,0.03574547384,0,0.1123446089,0.001206837498,9.070692508e-05,0.1305963431,0.001461179725,0.0005615956456,0,0.0002036913679,0.0002869190859,0.004384858743,0.002929334883,0,0.002378076785,0.001329072941,9.98942442e-05,0.001379019381,0.001609176412,1.803504866e-05,0.002614975605,6.541332291e-06,9.214102202e-06,0.0005190649248,9.407248359e-05,0.01152758425,0.001966450731,0.001264196739,3.207997727e-06,4.428574515e-05,0.004618751781,0.0001141608062,0.01655264308,0,5.832472958e-05,0.003285650703,0.0008913513009,0.07296893602,0.01244751845,0.0001311909657,0,0.0004834139388,0.02515043798,-0.2426937286,-0.02441223303,0.002216117689,0.0003633227347,0.04538113541,0.06682258939,0.001016869006,0.0005734565023,0.08209204444,0,0.0003388093369,0.0002782231749,0.3618883861,0,0.0001865837837,0.2465694167,-0.3992818086,0,-0.0002057901096,-0.1118416389,-0.1652682259,-0.0007987474371,0.0002782231749,0.003935301863,0.002863898645,0.003094241917,0.0005734565023,0.01243131752,0.001537969991,0.001361793996,0.004181410281,-0.0006837282726,0,-0.0001532200553,-0.006500432351,-0.003449226251,-0.0008097003616,0.3618883861,0.01243131752,0.0003364506848,0.02987360556,0.08209204444,0.003935301863,0.06163765953,0.1089992835,-0.4258723146,1.816552324e-05,0.01411020979,8.748085077e-06,0.0023875732,0.0001152129121,0.005863710372,0,0.001537969991,0.06163765953,0.0004156704363,0,0.002863898645,0.0003364506848,0.0004716977529,-0.478606642,9.777629747e-05,0.08918464455,0,0.01111358022,0.001349735572,0.02514443012,0.0001865837837,0.001361793996,0.1089992835,0.0004716977529,0.0003388093369,0.003094241917,0.02987360556,0.0004156704363
1,1,1,1,2,1500,500,v1,0.09623119067,0.01045203956,0.03414274153,0.178399458,0,0.006171408546,0.02768279828,0,0.04736001981,0.003055281719,0.08779241921,0.002309706095,0.002105313685,0.01909979316,0.0005539627926,0.003720637096,0,0.009012799401,0.001571668844,0,0.06916514358,9.993864897e-05,0.1282131068,0.003373122611,0.00550872831,0.02374532874,0.0006887000561,0.000802716979,0.01897693083,0.06199024036,0.001953937044,0.05026143896,0.0859877936,0.0001242461661,0.005547230236,0.004193548309,2.47638722e-05,1.176612713e-05,3.0959741e-06,3.608524429e-06,0.0007854309122,0.0002786701945,2.079380825e-05,0.001456081423,5.037051927e-05,5.585347481e-07,2.49369533e-05,0.0007165543668,5.74356181e-05,2.728954417e-05,0.0002475757664,8.36936281e-06,0.001821674315,0.0001978590503,4.822772545e-05,0.003377134879,0,2.037232107e-05,0.0005240405136,0,-0.2559454048,-0.2744873134,0.02888988448,0.0137034356,0,0.07197341932,0.04830179506,0.008092415132,0.003094873147,0.02022404268,0.001036472685,0.001179678523,0.005468216294,0.002109682253,0.0002102972189,0.06949157227,-0.005815917034,-7.636366917e-05,-0.0002744102439,0,-0.1275180457,0.01731815472,0.001179678523,0.1403558362,0.01247908347,0.06058172797,0.008092415132,0.2602512933,0.03491454892,0.004594862591,0.1092086052,-0.006273837073,-0.01506923858,-0.0005586043964,-0.06118822655,-0.05744729154,-0.03627817906,0.005468216294,0.2602512933,0,0.006658153884,0.003094873147,0.1403558362,0,0.07552342945,-0.381380634,2.716043838e-05,3.245910993e-05,1.834704123e-06,0.002237981806,0.0002927955824,0.0007569041527,0.002109682253,0.03491454892,0,-0.04313092615,0.02022404268,0.01247908347,0,-0.0008817299199,-0.331723408,6.528086488e-05,7.47316198e-05,0.0002564522773,0.005177913363,0.000702587195,0,0.0002102972189,0.004594862591,0.07552342945,-0.0008817299199,0.001036472685,0.06058172797,0.006658153884,-0.04313092615
1,1,1,1,2,1500,500,v1,0,0.003278429382,0,0,0.00586779388,0,0.03495135096,0.01027752315,0.02872737294,0,0,0.01325881992,0.008231765556,4.983753154e-06,0.004487424111,0.009959078588,0.003082038098,0,6.493187476e-05,0.00539823289,0.0150889516,0.001875204658,0,0.006964148532,0.009699857955,6.436195294e-06,0.005795218393,0.001607074867,0.002223830469,0,8.385532226e-05,0.02370826703,0.01948640639,0.002421705694,0,0.008993748009,0.0338704055,0.03712108868,0.02023600736,0.005611657169,0,0,0.04491039461,0,0,0.00845622217,0,0,0.08436466486,0.09246149136,5.597890829e-05,0.01397755856,0,0.01934179996,0.1118631541,0,0.03461831329,0.0007293329646,0.2062030198,0.06063446052,-0.2557064518,0,0.03741640158,0,0.01557574273,0,-0.02951409707,0.06399109444,0.07085549932,6.519626133e-05,0.01584304327,0.01021057176,0.08567261894,0.0008826346834,0.006965381904,-0.2321358816,0.01792686823,3.694605812e-05,0.003145929029,0.008284437543,0,0.01200989854,0.01021057176,0,0.02081900352,0,0.06399109444,0,0.2217102738,0,-0.2870396482,0.01108306672,8.238643953e-05,0.005710007922,0.02566852249,0,0.01775749705,0.08567261894,0,0.03855131813,0,0.07085549932,0,0.06764195876,0,-0.2562532513,0.03031717869,0.08097215327,-0.02406155374,0,0,0,0.0008826346834,0.2217102738,0.06764195876,-0.001322837082,6.519626133e-05,0.02081900352,0.03855131813,0.0009428892953,0.2273637025,-0.09086802294,-0.2032511004,-0.0007512197937,0,-0.224771109,-0.09465569827,0.006965381904,0,0,0.0009428892953,0.01584304327,0,0,-0.001322837082
1,1,1,1,4,1500,500,v1,0,0,0,0,0,0,0,0,0.01950694658,0,0,0.02201287078,0,0.1698959751,0.2291446373,0,0,0,0.08155878039,0,0.05723172052,0.08828830577,0,0.06458388877,0,0.0136308193,0.01838436222,0,0,0,0.00654349226,0,0.004591722908,0.007083404665,0,0.005181590189,0,0,0.1118542868,0,0,0,0,0,0,0.04309690852,0,0,0,0,0.03878939109,0,0,0,0,0,0,0.01862089686,0,0,-0.1104468307,0,0,0,0,0,0.03959453837,0,0,0.1761517703,0.1494823032,0,0,0.08456270305,0.05709074459,0.3026702282,0,-0.2512518492,-0.3138954828,0,0,-0.1199002048,0,0,0,0,0,0,0,0,-0.437378317,0,0.02016258533,0.02538504956,0,0,0.009453373977,0,0,0,0,0,0,0,0,-0.2885104335,0,0,0.1507950679,0,0,0,0.08456270305,0,0,0.05013333082,0.1761517703,0,0,0.05614510803,-0.2310892639,0,0,0.05727961517,0,0,0,0.05709074459,0,0,0.05614510803,0.1494823032,0,0,0.05013333082
1,1,1,1,0,1500,500,v1,0,0,0,0,0,0,0,0,0.001071437272,0,0,0.0008141090933,0,0,0,0,0,0,0,0,0.4842125739,0,0,0.3679187478,0,0,0,0,0,0,0,0,0.08295302175,0,0,0.06303011019,0,0,0,0,0,0,0,0,0,0,0,0,0,0,0,0,0,0,0,0,0,0,0,0,-0.7061476144,0,0,0,0,0,0.001885415777,0,0,0,0,0,0,0,0,0.1478616202,0,0,0,0,0,-0.8521238184,0,0,0,0,0,0,0,0,-0.8502384034,0,0,0,0,0,0.1459762046,0,0,0,0,0,0,0,0,0,0,0,0,0,0,0,0,0,0,0.6002833004,0,0,0,0.4561099953,0,0,0,0,0,0,0,0,0,0,0.4561099953,0,0,0,0.6002833004
1,1,1,1,4,1500,500,v1,0,0,0,0,0,0,0,0,0,0,0,0,0,0,0.008373582929,0,0,0,0,0,0,0.07031701897,0,0,0,0,0.08940304579,0,0,0,0,0,0,0.750760543,0,0,0,0,0.008634845163,0,0,0,0,0,0,0.07251096411,0,0,0,0,0,0,0,0,0,0,0,0,0,0,0,0,0,0,0,0,0,0,0,0,0.1088019993,0,0,0,0.9129730101,-0.7590034511,0,0,0.07782011244,0,0,0,0,0,0,0,0,0,0,0,0.1587904028,0,0,-0.8399737419,0,0,0,0,0,0,0,0,0,0,0,-0.7621536295,0,0,0.08097029027,0,0,0,0,0,0,0,0,0,0,0,0,0,0,0,0,0,0,0.9129730101,0,0,0,0.1088019993,0,0,0
1,1,1,1,2,1500,500,v1,0,0,0,0,0,0,0,0,0,0,0,0,0,0.00171226833,0,0,0,0,0.005353650861,0,0,0,0,0,0,0.01061618988,0,0,0,0,0.03319303003,0,0,0,0,0,0,0,0,0,0,0,0,0,0,0,0,0,0,0,0.2299992961,0,0,0,0,0,0,0.7191255648,0,0,0,0,0,0,0,0,0,0,0,0.3265058186,0,0,0,1.020866322,0,-0.9053138255,0,0.007065733406,0,0,0,0,0,0,0,0,0,0,0,0,-0.9420542329,0,0.04380614057,0,0,0,0,0,0,0,0,0,0,0,0,0,0,0,0,0,0,0,1.020866322,0,0,0,0.3265058186,0,0,0,0.05087187396,0,0,-0.9491199666,0,0,0,0,0,0,0,0,0,0,0
1,1,1,1,1,1500,500,v1,0,0,0,0,0,0,0,0,0.6472345394,0,0,0.197034587,0,0,0,0,0,0,0,0,0.1104657017,0,0,0.03362855747,0,0,0,0,0,0,0,0,0.008920874416,0,0,0.00271574012,0,0,0,0,0,0,0,0,0,0,0,0,0,0,0,0,0,0,0,0,0,0,0,0,0.1556769517,0,0,0,0,0,-0.8442164792,0,0,0,0,0,0,0,0,-0.8325828548,0,0,0,0,0,0.1440433314,0,0,0,0,0,0,0,0,-0.7001731486,0,0,0,0,0,0.01163361969,0,0,0,0,0,0,0,0,0,0,0,0,0,0,0,0,0,0,0.7917627249,0,0,0,0.2410465686,0,0,0,0,0,0,0,0,0,0,0.2410465686,0,0,0,0.7917627249
1,1,1,1,2,1500,500,v1,0,0,0.008666926675,0,0,0,0,0,0,0.07285405966,0,0,0,0,0.3895583527,0,0,0,0,0,0,0.3701844839,0,0,0.01519576794,0,0.02767596068,0.001307371857,0,0.005665819232,0,0,0,0.02629955474,0.04762679412,0,0.003832887105,0,0.006980814212,0.0003297634413,0,0.001429111418,0,0,0,0.006633638036,0.01201308981,0,0.003448879219,0,0,0.0002967252227,0,0,0,0,0,0,0,0,0.06313222063,0,0,-0.07736181093,0,0,0,0.01169459367,0,0,0.5316673627,0.0009969715873,0,0,0.5054352198,0.06747078044,0,0,-0.7588725028,0,0,0,0.0009969715873,0,0,0.002322073835,0.01169459367,0,0,0.01902231167,-0.801470282,-0.01619493363,0,0.05386822104,0,0.04970463677,0,0,0,0,0,0,0,0,0,-0.7452009135,0.004078418449,0,0.01360255941,0,0.01342758385,0,0,0,0,0,0,0,0,0,-0.0121165152,0.003655471673,0,0,0,0,0,0.5054352198,0.01902231167,0,0,0.5316673627,0.002322073835,0,0
1,1,1,1,2,1500,500,v1,0,0,0,0,0,0,0,0,0.03129431979,0,0,0.00289559094,0,0,0,0,0,0,0,0,0.8605338933,0,0,0.07962320838,0,0,0,0,0,0,0,0,0.02348040048,0,0,0.002172587082,0,0,0,0,0,0,0,0,0,0,0,0,0,0,0,0,0,0,0,0,0,0,0,0,-0.9145030793,0,0,0,0,0,0.03418794749,0,0,0,0,0,0,0,0,0.05984066477,0,0,0,0,0,-0.9401557962,0,0,0,0,0,0,0,0,-0.9059678486,0,0,0,0,0,0.02565271727,0,0,0,0,0,0,0,0,0,0,0,0,0,0,0,0,0,0,1.208640269,0,0,0,0.1118324227,0,0,0,0,0,0,0,0,0,0,0.1118324227,0,0,0,1.208640269
1,1,1,1,0,1500,500,v1,0,0,0.05425513403,0,0,0,0,0,0,0.002966745053,0,0,0,0,0.04869441726,0,0,0,0,0,0,0.01896702621,0,0,0.02719445135,0,0.07521522395,0.1802655487,0,0.2568394953,0,0,0,0.02929718034,0.01404433545,0,0.01276860733,0,0.03531579466,0.08464006045,0,0.120593816,0,0,0,0.01375590141,0.006594235062,0,0.002437096235,0,0,0.01615493118,0,0,0,0,0,0,0,0,-0.1429058448,0,0,0.05638400431,0,0,0,0.01806677507,0,0,-0.01301564532,0.1193024765,0,0,-0.00407156161,-0.03718727207,0,0,0.04857874337,0,0,0,0.1193024765,0,0,0.122112377,0.01806677507,0,0,0.007670383022,0.3928752864,-0.2065276274,0,-0.08542510371,0,-0.2676324262,0,0,0,0,0,0,0,0,0,-0.436075291,0.09640100935,0,0.04823783164,0,0.1247265814,0,0,0,0,0,0,0,0,0,-0.110126618,0.0185471169,0,0,0,0,0,-0.00407156161,0.007670383022,0,0,-0.01301564532,0.122112377,0,0
1,1,1,1,4,1500,500,v1,0,0.01930347921,0.0084242185,0,0.025095181,0.004982762557,0.02266227638,0.03878757446,0.02039470144,0.09199779148,0.02706608691,0.01409465725,0,0.01586047124,0.004539061846,0,0.004573376413,0.0009080647298,0.001058969773,0.007068694909,0.003716755281,0.003402626874,0.004932556711,0.00256862754,0,0.1084559335,0.03103868619,0,0.02405577967,0.01049816678,0.007241370926,0.02824147511,0.0254156486,0.02326759832,0.1146466178,0.01756460407,0,0,0.04043014004,0,0,0.01367462368,0,0,0.008088275824,0.03030773444,0.1493355351,0.0439350609,0,0,0.001035837946,0,0,0.0002297512787,0,0,0.0002986844941,6.916068621e-05,0.0002697279035,0.0004616522613,-0.1190931873,0,-0.008560794989,0.08037410322,-0.06136406004,0.003844022785,0.01156727251,0,0,0.1376458675,0.04146049188,0,0,0.009225323347,0.03556371804,-0.2961764141,0,0.01598996448,0.007355179042,0.007087306475,0.004897708402,0.005571301289,0,0,0.02172674661,-0.006853461007,0,0,0.03234636789,-0.06638771833,-0.05295021675,0,-0.1147980974,-0.004993291598,-0.02789182092,0.08128710987,-0.03496710557,0,0,0.03130987384,0.008271868475,0,0,0.04923382866,0.04345866207,0.1727648318,0,0,-0.05371136071,0,-0.1128337603,-0.0432287515,0.009225323347,0.03234636789,0.04923382866,0.01708901063,0.1376458675,0.02172674661,0.03130987384,0.009653787004,-0.1895375025,0,0,0.0008940056981,0,0.0004038728813,0.0005809518896,0.03556371804,-0.06638771833,0.04345866207,0.009653787004,0.04146049188,-0.006853461007,0.008271868475,0.01708901063
1,1,1,1,2,1500,500,v1,0,0,0,0,0,0,0,0,0.0002924672697,0,0,0.001204610529,0,0.1183624126,0.0196425193,0,0,0,0.3217363785,0,0.008264500731,0.2092227432,0,0.03403972214,0,0.01160216339,0.001925406161,0,0,0,0.03153736015,0,0.0008101058921,0.02050850772,0,0.003336654006,0,0,0.01470046981,0,0,0,0,0,0,0.1565823901,0,0,0,0,0.01243375909,0,0,0,0,0,0,0.03379782936,0,0,-0.03824098448,0,0,0,0,0,0.001296964979,0,0,0.1415855515,0.005407243676,0,0,0.3854441859,0.05201636996,0.2698955122,0,-0.439414155,-0.2165329459,0,0,-0.04052799877,0,0,0,0,0,0,0,0,-0.4940907841,0,0.04279389772,0.02243028524,0,0,0.002287014268,0,0,0,0,0,0,0,0,-0.1941026611,0,0,0.1558202516,0,0,0,0.3854441859,0,0,0.01073927428,0.1415855515,0,0,0.04467675468,-0.3966202572,0,0,0.04526709837,0,0,0,0.05201636996,0,0,0.04467675468,0.005407243676,0,0,0.01073927428
1,1,1,1,3,1500,500,v1,0.01645295704,0.003656129179,0.007626456737,0.04391367814,0.03890884946,0.0006853273586,0.00122437603,0.01092120969,0.0006629331237,0.01043426748,0.01876324702,5.41972676e-05,0.004246551428,0.1179087372,0,0.003456341119,0.2695383229,0.00474755716,0.1538935387,0.07565591335,0.00459242267,0,0.1299810764,0.0003754477661,5.694809953e-05,0.002873888058,0,0.0001810308076,0.0006173302015,0.00128771218,0.003750975658,0.0002067334781,0.0001119349506,0,0.001761805486,9.151101751e-06,6.535472982e-05,0.0001187840246,0,0.0002077544223,0.003188142643,0.001477803163,9.66803571e-05,0.008509295296,0.0001327980965,0,0.002021881721,0.003635814998,0.0001118023369,0.000203203832,0.005642109282,0.0003554054922,0.00545395565,0.001211962467,0.0001653910878,0.01455685154,0.01289781156,0.00736403581,0.0004058657999,0.003620248516,-0.4247839384,-0.05973128873,-0.003897294293,-0.01668226348,0.04892785067,0.01890337444,0.0003022791327,5.280725204e-05,0.005857088849,0.1640535826,0,2.590866767e-05,0.004772848521,0.2141549041,0,0.1077499271,-0.007662686648,-0.271559699,0,-0.3438966385,-0.1337041855,-0.004775169263,2.590866767e-05,0.0116311574,0.002843228005,0.007258171336,5.280725204e-05,0.03101672285,0.001232034073,0.009526358948,-0.2798525542,-1.790579393e-05,0.00661142784,0,0.0004184759146,0.002269670579,0.0001003712866,0.004772848521,0.03101672285,0.3269992079,0.005924740187,0.005857088849,0.0116311574,0.0918146498,0.1606368784,-0.1767075622,9.746537508e-05,0.0002132141208,0,0.01161245753,0.003222906069,0.003759731951,0.2141549041,0.001232034073,0.0918146498,0.006048592338,0.1640535826,0.002843228005,0.3269992079,0.0005101859293,-0.6188846192,-0.0001320368612,0.0003628476197,0.01280928045,0.01968691106,0.0007619769971,0.01575954902,0,0.009526358948,0.1606368784,0.0005101859293,0,0.007258171336,0.005924740187,0.006048592338
1,1,1,1,3,1500,500,v1,0.0002366883992,0.0005109659899,0.0001168212912,0.001321633193,7.87018169e-05,0.004648519824,0.002954042524,2.987169542e-05,0,0.0005282166172,0.007574233629,0,0.05470888564,0.009536299148,0.0008994974325,0.05933692785,0.001216936489,0.07187830746,6.235644523e-05,0.0004618947513,0,0.008904050606,0.1171175157,0,0.01666307392,0.006975392717,0.0006579436889,0.006129397068,0.005779149727,0.00132127724,4.561105804e-05,0.03341094004,0,0.006512930099,0.005974258522,0,0.002426898947,0.005828317989,9.582642756e-05,0.0008927180762,0.0003898930527,0.0001924378635,0.006321358586,0.002177105435,0.007657433111,0.000948577872,0.000870122871,0.01247691514,0.05196431583,0.1247948775,0.02175297979,0.01911471597,0.008348318646,0.01802245871,0.1353517724,0.04661578289,0.002775919089,0.0001422395074,0.1041930588,0.001053614933,-0.3117671289,0.00154023713,0.003456638149,0.0005618101314,0.0001023663124,0.01219970981,0,0.04957241325,0.09625268818,0.008430802322,0.0004457672253,0.01784857899,0.1046919246,6.201767605e-05,0.005538848069,-0.2294119275,0.1123386282,0.00927746983,-0.007090548792,0.001401348464,-0.1887938273,0,0.01784857899,0.01156609872,0.01759151502,0.001388194932,0.04957241325,0.06457666169,0.1016690041,0.006071836025,-0.2015502355,0.02138976384,0.006482496336,0.002066269816,0.03906161235,-0.006529224076,0,0.1046919246,0.06457666169,0.002337445353,0.08926687265,0.09625268818,0.01156609872,0.0008822691682,0.1455096513,-0.4352053056,0.003262142145,0.01212303282,0.001034535457,0.002562076231,0.0009940599791,0.0200764349,6.201767605e-05,0.1016690041,0.0008822691682,0,0.008430802322,0.01759151502,0.002337445353,0,0.2129978065,-0.06959923347,-0.2584247364,-0.02142184616,-0.05486415369,-0.1220252633,-0.003650191123,0.005538848069,0.006071836025,0.1455096513,0,0.0004457672253,0.001388194932,0.08926687265,0
1,1,1,1,3,1500,500,v1,0,0,0,0,0,0.3490119223,0,0,0,0,0.04394344989,0,0,0,0,0,0,0.159894067,0,0,0,0,0.02013196819,0,0,0,0,0,0,0,0,0,0,0,0,0,0,0,0,0,0,0,0,0,0.3792659178,0,0,0.04775267487,0,0,0,0,0,0,0,0,0,0,0,0,0.02252073324,0,0,0,0,0.1353072893,0,0,0,0,0,0,0,0,0,-0.02130198011,0,0,0,0,0.1791300027,0,0,0,0,0,0,0,0,0,0,0,0,0,0,0,0,0,0,0,-0.2148020128,0,0,0,-0.02194002086,0.3144372921,0,0,0,0,0,-0.1566092695,0,0,0,0,0,0,0,0,0,0,0,0,0,0,0,0,0,-0.02194002086,0,0,0,-0.2148020128,0
1,1,1,1,0,1500,500,v1,0,0,0,0,0,0,0,0,0.6077240048,0,0,0.04454827621,0,0,0,0,0,0,0,0,0.1226923044,0,0,0.008993771219,0,0,0,0,0,0,0,0,0.2012866352,0,0,0.01475500812,0,0,0,0,0,0,0,0,0,0,0,0,0,0,0,0,0,0,0,0,0,0,0,0,0.3476964923,0,0,0,0,0,-0.6521951232,0,0,0,0,0,0,0,0,-0.4361764773,0,0,0,0,0,0.1316778467,0,0,0,0,0,0,0,0,-0.5205172763,0,0,0,0,0,0.216018646,0,0,0,0,0,0,0,0,0,0,0,0,0,0,0,0,0,0,0.4255579626,0,0,0,0.03118998391,0,0,0,0,0,0,0,0,0,0,0.03118998391,0,0,0,0.4255579626
1,1,1,1,4,1500,500,v1,0,0,0,0,0,0.05496161723,0,0,0,0,0.2123224191,0,0,0,0,0,0,0.07346203746,0,0,0,0,0.2837914583,0,0,0,0,0,0,0,0,0,0,0,0,0,0,0,0,0,0,0,0,0,0.07720634843,0,0,0.2982561194,0,0,0,0,0,0,0,0,0,0,0,0,0.03800209554,0,0,0,0,0.2140891728,0,0,0,0,0,0,0,0,0,0.2221941634,0,0,0,0,0.02989710494,0,0,0,0,0,0,0,0,0,0,0,0,0,0,0,0,0,0,0,-0.08267940417,0,0,0,-0.2954574983,0.2439862777,0,0,0,0,0,0.008104990569,0,0,0,0,0,0,0,0,0,0,0,0,0,0,0,0,0,-0.2954574983,0,0,0,-0.08267940417,0
1,1,1,1,0,1500,500,v1,0,0.0006082665905,0,0,0.03578432854,0,0.000804772233,0.005488638297,0.002250442712,0,0,0.001315523241,0.02041967805,0.03642853529,0.0215429927,0.09809092328,0.4659463265,0,0.05710073859,0.07146734215,0.02930292553,0.01270204939,0,0.01712937609,0.01086559546,0.005112650322,0.003023503078,0.001833866833,0.001111581636,0,0.00801394037,0.001470687441,0.004112589498,0.001782699644,0,0.002404063448,0.003898785663,0.001028321935,0.001084891343,0.0006580268649,0,0,0.0049397962,0,0,0.0006396670884,0,0,0.006461371644,0.001704215304,0.003040305884,0.001090533436,0,0.0006610168849,0.008186615489,0,0.0388876288,0.004765596809,0.0008745639541,0.005964625784,-0.5333129854,0,0.001132174421,0,0.04124333122,0,0.003562029951,0.0007867332911,0.02654138509,0.04245835496,0.02618557187,0.0001190495478,0.1274964739,0.06658120453,0.0154395698,0.139025415,-0.1184726733,-0.09346618949,-0.03420598615,-0.5373193633,0,-0.04634419097,0.0001190495478,0,-0.0001907623441,0,0.0007867332911,0,-0.0002179760146,0,-0.1473893899,-0.01197252695,0.01304165176,0.004745232161,-0.001981623981,0,0.006473605024,0.1274964739,0,0.5869808846,0,0.02654138509,0,0.09002820152,0,-0.1431117774,0.00440996657,0.005945298197,0.001710659488,0,0,0,0.06658120453,-0.0002179760146,0.09002820152,0.03437077038,0.04245835496,-0.0001907623441,0.5869808846,0.02009206373,-0.6974399526,0.00695870517,0.009835468982,0.007731497868,0,0.001121941799,0.04473664115,0.0154395698,0,0,0.02009206373,0.02618557187,0,0,0.03437077038
1,1,1,1,0,1500,500,v1,0,0,0,0,0,0,0,0,0,0,0,0,0,0.02901928303,0,0,0,0,0.02841736962,0,0,0,0,0,0,0.3037000252,0,0,0,0,0.2974007269,0,0,0,0,0,0,0,0,0,0,0,0,0,0,0,0,0,0,0,0.1725204941,0,0,0,0,0,0,0.1689421011,0,0,0,0,0,0,0,0,0,0,0,0.1533352846,0,0,0,0.1502402999,0,-0.2597917741,0,0.05740805127,0,0,0,0,0,0,0,0,0,0,0,0,0.3949723078,0,-0.5973560307,0,0,0,0,0,0,0,0,0,0,0,0,0,0,0,0,0,0,0,0.1502402999,0,0,0,0.1533352846,0,0,0,-0.5399479802,0,0,0.3375642564,0,0,0,0,0,0,0,0,0,0,0
1,1,1,1,1,1500,500,v1,0,0,0.03968066916,0,0,0,0,0,0,0.2096296913,0,0,0,0,0.2195745386,0,0,0,0,0,0,0.2728637612,0,0,0.004506697967,0,0.03961189727,0.01551569563,0,0.01411651505,0,0,0,0.0492254309,0.07457638079,0,0.0004004044248,0,0.003519379168,0.00137851554,0,0.001254203217,0,0,0,0.004373508163,0.006625851803,0,0.009711619366,0,0,0.03343524045,0,0,0,0,0,0,0,0,0.0957783624,0,0,-0.2479317075,0,0,0,0.007195273285,0,0,0.2645497739,0.02465656894,0,0,0.3288527517,0.09653123127,0,0,-0.4921329148,0,0,0,0.02465656894,0,0,0.03640958264,0.007195273285,0,0,0.1918204346,-0.7647401922,0.01920285511,0,0.0886419268,0,0.08790580723,0,0,0,0,0,0,0,0,0,-0.586527919,0.001776471703,0,0.00788930445,0,0.007872555245,0,0,0,0,0,0,0,0,0,0.0209793268,-0.04221388826,0,0,0,0,0,0.3288527517,0.1918204346,0,0,0.2645497739,0.03640958264,0,0
1,1,1,1,3,1500,500,v1,0.00330367219,0.000365110926,0.001145331231,0.0009233867759,0.1268012527,0.05322495873,0.0001851614378,0.04048949705,0.006149904005,0.000463783934,0.03235375329,0.002357617814,1.549760965e-05,5.338555643e-06,0,1.079274506e-05,0.05526593459,0.02319793396,3.355066921e-06,0.0176472223,0.002680416676,0,0.0141012835,0.001027560447,0.03194741519,8.882421141e-05,0,0.002743880824,0.002647685462,0.008305631615,5.582243464e-05,0.001342740554,0.04459743673,0,0.003363235367,0.01709680529,0.02250834886,0.0001816687452,0,0.001933183841,0.01687898863,0.005851680106,0.0001265165724,0.004717730451,0.2719348112,0,0.002369546159,0.1653004906,0.0003557810036,2.871569518e-06,9.891869778e-07,3.055710978e-05,0.0002667998239,2.94858343e-05,1.999799868e-06,7.457139059e-05,0.01024028716,6.216641222e-07,1.495337194e-05,0.003269873663,-0.40704174,0.003902007593,0.000500772471,0.001041076386,-0.1626531392,0.0847730463,0.007807354642,0.02669396393,0.0002176145363,0.0001233817631,0,0.001812878061,0.0001478738808,7.7854458e-05,0,-0.554245932,2.84667754e-06,6.460239099e-06,0,0.0678604625,0.03713132568,0.003544741806,0.001812878061,0.01986704163,0.003374535113,0.006855638073,0.02669396393,0.005561555731,0.001711488132,0.002152255359,0.01796686051,-0.02502303877,-0.0001418411591,0,-0.003934194597,-0.006050352926,-0.06094508062,0.0001478738808,0.005561555731,0.09257756536,0.2929521527,0.0002176145363,0.01986704163,0.02970986327,0.1783543611,0.09648662858,0.005645631381,-0.0002490785554,0,-0.02118870502,-0.0009959857489,-0.4361087143,7.7854458e-05,0.001711488132,0.02970986327,0.05380946103,0.0001233817631,0.003374535113,0.09257756536,0.02058001528,-0.1352718134,0.0003728460813,2.572933403e-06,1.223439244e-06,0.0003342992066,4.273996317e-05,0.01326772422,0,0.002152255359,0.1783543611,0.02058001528,0,0.006855638073,0.2929521527,0.05380946103
1,1,1,1,4,1500,500,v1,0.004364209543,0.1473977819,0,0.002687145308,0.06225433936,0,0.1117995559,0.04333941143,0,0,0,0,0,0,0,0,0.0194713376,0,0,0.01355530104,0,0,0,0,0,0,0,0,0.006063861017,0,0,0.004599370222,0,0,0,0,0,0,0,0,6.08088768e-05,0,0,3.744143961e-05,0,0,0,0,0,0,0,0,0.006858578721,0.2316431603,0,0.00422298642,0.0978358814,0,0.1756987257,0.06811010382,-0.5267221918,0.005172632769,0.2516230578,0,0.1009200921,0,0,0,0,0,0,0,0,0,0,-0.06023447238,0,0,0,0.03268264987,0,0,0,0.003540904004,0.117378776,0,0,0.00250272046,0.08875948026,0,-0.1480813978,0,0,0,0.01065589349,0,0,0,0.00250272046,0.02434179045,0,0,0.003540904004,0.01698594324,0,-0.004107374789,0,0,0,7.829180898e-05,0,0,0,0.08875948026,0.01698594324,0,0,0.117378776,0.02434179045,0,0.4011326187,0,0,0,-0.009280007557,-0.3997044556,-0.1611545645,0,0,0,0,0,0,0,0
1,1,1,1,0,1500,500,v1,0.05742979721,0.01005864238,0.05377800109,0.03381707153,0.08030955307,0,0.02025107799,0.08741802142,0.001207013935,0.06683695312,0,0.0141976101,0.008060543603,2.377865831e-05,0.003600665263,0.007529905494,0.02181844647,0,0.002391957984,0.02374967047,0.0003279207508,0.002419038342,0,0.003857197359,0.001042898886,1.118273088e-05,0.001693336525,0.0003133034993,0.001285157959,0.006871029266,0.001124900407,0.002587410218,0.0001542159973,0.001137635876,0.008539526416,0.001813979555,0.01037978502,0.03772862813,0.01685347384,0.003118253372,0.07302987892,0.06838611833,0.03524489392,0.04300305346,0,0.01132268524,0.08499237034,0,0.00201253262,0.007315189547,2.157985879e-05,0.0006045969758,0.01415973581,0.002480031718,0.006833619253,0.008337845893,0.01980090667,0.002170774938,0.004993051136,0.02155355144,-0.03344340873,0.01424646472,-0.02856086012,0.04962687701,-0.161637194,0,-0.01376406218,0.01114597753,0.03360736186,3.955574422e-05,0.01846568647,0.003406613038,0.03159868902,0.003773566224,0.01198097011,-0.2186159899,0.01468457401,-0.001217879719,0.003541953227,0.03967055508,0,0.002030765765,0.003406613038,0.01668441745,0.009532891547,0.02667732708,0.01114597753,0.01290249484,0.01979191577,0.03431602517,-0.1263406983,0.001161715454,-0.0001108889043,0.002590130573,0.003073644097,0.01513911553,0.001525370287,0.03159868902,0.01290249484,0.05863119559,0,0.03360736186,0.01668441745,0.0664501182,0,0.1388770587,-0.0129196372,-0.0717195843,-0.02642985484,-0.05623679712,-0.1054282274,0,0.003773566224,0.01979191577,0.0664501182,0.001190301469,3.955574422e-05,0.009532891547,0.05863119559,0.01412158773,-0.259565888,0.002056194715,0.01356430975,-0.001213312691,0.02226572416,0.005937344443,0.03857909638,0.01198097011,0.03431602517,0,0.01412158773,0.01846568647,0.02667732708,0,0.001190301469
1,1,1,1,0,1500,500,v1,0,0,0,0,0.4393877521,0.02141132681,0,0.009670413772,0.2183745255,0,0.1632031682,0.002170762371,0,0,0,0,0.04390375984,0.002139426385,0,0.0009662707296,0.02182005,0,0.01630731095,0.0002169032463,0,0,0,0,0,0,0,0,0.0329434291,0,0,0.0003274757259,0,0,0,0,0,0,0,0,0.0002747189274,0,0,0.002093985101,0,0,0,0,0,0,0,0,0.02425489907,0,0,0.0005338221397,0.1452718129,0,0,0,-0.448275403,-0.1844284506,-0.2199620948,0,0,0,0,0,0,0,0,-0.7926011519,0,0,0,0.04480481169,0.01838630709,0.02201589549,0,0,0,0,0,0,0,0,-0.1979461994,0,0,0,0,0,0.03301447182,0,0,0.5559214129,0.02849344586,0,0,0.0122452316,0.2170335195,-0.1660421435,0,0,0,0,0,0.002357499427,0,0,0.0122452316,0.2449607006,0,0,0.5559214129,0.002436889993,-0.4034705914,0,0,0,0,0,0.02469282725,0,0,0.2170335195,0.002436889993,0,0,0.02849344586,0.2449607006
1,1,1,1,2,1500,500,v1,0.0001214290521,0.001601644429,0,0.0001192658746,0.0001282496444,0.002654480784,0.008354590237,0.0004368193048,0.004237799856,0,0.001292552234,0.01932374642,0.006091388747,0.0002968019453,0,0.005509555165,0.0005716913092,0.0118327314,0.002787516651,0.001947185127,0.01889060479,0,0.005761738224,0.08613838999,0,0.001566741084,0,0,0.03768790676,0,0.014714583,0.1965898374,0.09971864099,0,0,0.4547023922,0,0.003083836384,0,0,0.000274033108,0,0.002789276368,0.0002691513913,0.00599045786,0,0,0.002916946973,0,0.0001553523376,7.569517873e-06,0,1.380478035e-05,0.0001820845108,0.0001405134871,1.355885741e-05,1.458018605e-05,7.109170761e-05,0.0009497997485,4.966022918e-05,-0.6937416682,-3.066030709e-05,0.009905759966,0,0.0005603837022,0.003817005351,0.02355376829,0,0.004629129344,0.001893349844,0,0,0.004617194893,0.01772241682,0,-0.5303552209,-0.009888567979,0.003024304651,0,-0.002503193682,-0.01678537957,0.1049056275,0,0.0003517632264,0.05383785335,0,0,0.0003193582368,0.2808525855,0,0.142596828,0,-0.01617852582,0,-0.2341630455,0,-0.5542512252,0.004617194893,0.0003193582368,0.0006402949765,0.00471549202,0.004629129344,0.0003517632264,0.002178526694,0.002319497125,-0.02259978132,0,0.003448038277,0,-0.0004282615999,0,0.008278381439,0.01772241682,0.2808525855,0.002178526694,0.114865062,0.001893349844,0.05383785335,0.0006402949765,0.52382268,-0.2462537679,0,0.0002763135368,7.70433988e-05,1.150759823e-05,0.001130325766,6.359553651e-05,0,0,0.002319497125,0.52382268,0,0,0.00471549202,0.114865062
1,1,1,1,1,1500,500,v1,0,0,0,0,0,0,0,0,0,0,0,0,0,0,0.0005442767195,0,0,0,0,0,0,0.003089889142,0,0,0,0,0.05521365919,0,0,0,0,0,0,0.3134510074,0,0,0,0,0.0940086791,0,0,0,0,0,0,0.5336924884,0,0,0,0,0,0,0,0,0,0,0,0,0,0,0,0,0,0,0,0,0,0,0,0,0.05743346792,0,0,0,0.3256074431,-0.2589942441,0,0,0.003633638303,0,0,0,0,0,0,0,0,0,0,0,-0.6231980532,0,0,0.3678374475,0,0,0,0,0,0,0,0,0,0,0,0.3714710854,0,0,-0.6268316914,0,0,0,0,0,0,0,0,0,0,0,0,0,0,0,0,0,0,0.3256074431,0,0,0,0.05743346792,0,0,0
1,1,1,1,1,1500,500,v1,0.04997697645,0.0008353530248,0.006195601577,0.0002657980572,0.04550711985,0,0.001268434196,0.002111547167,0.0868914416,0.005130227462,0,0.01241202943,0.00594118164,0.002213225272,0.07083187045,0.0001043413944,0.03125813308,0,0.03557328958,0.001450388919,0.05968438025,8.042657156e-05,0,0.008525630034,0.002833165504,0.0006890949121,0.02205373405,0.0001064305997,0.0001786517021,0.001325014376,0.01107585982,0.0002712720506,0.01858292659,2.504107555e-05,0.001097169509,0.002654482737,0.02989152885,0.01951652247,0.2326796041,0.001122904164,0.1127673228,0.01397966529,0.0003427569281,0.0005997428706,0,0.0002641977786,0.01157577063,0,0.006724366663,0.004390416219,0.001635529886,0.0002526073311,0.02536801747,0.0004240202516,7.710623542e-05,0.0001349175208,0.02309914471,0.02628796038,0.0006438496908,0.001071808845,-0.0485634497,0.03699514131,-0.001691597686,0.003373728742,-0.02287871445,0,-0.07913014077,0.0314631777,0.01425820294,0.001529815267,0.2112886648,0.001342904198,0.000259240341,0.02698084254,0.0002432420743,-0.2942553293,0.005261903388,-0.02334396916,0.06802881315,0.005127075008,0,0.016811539,0.001342904198,0.06003130612,0.000936231375,0.01510995332,0.0314631777,0.0003477390063,0.001490912214,0.01093145651,-0.2947275672,0.002396751761,0.004912525753,0.02175010455,0.0001597332385,0.002311720042,0.01851356137,0.000259240341,0.0003477390063,0.01216604824,0,0.01425820294,0.06003130612,0.001121341305,0,0.1730568367,-0.02983362538,-0.01825515009,-0.2308001895,-0.1013054124,-0.0230463887,0,0.02698084254,0.001490912214,0.001121341305,0.05833796328,0.001529815267,0.000936231375,0.01216604824,0.007369597389,-0.1424553406,0.005566152355,0.003314951184,-0.0005756618019,0.02405757435,-8.623127659e-05,0.00889337975,0.0002432420743,0.01093145651,0,0.007369597389,0.2112886648,0.01510995332,0,0.05833796328
1,1,1,1,1,1500,500,v1,0.009967272274,0.06543998635,0.04830393661,0.03647148277,0,0.02835434554,0.006311387246,0,0.007021034832,0.03241829523,0.06365670576,0.001667282156,0,0,0.003167392823,0,0,0.1117624356,0,0,0.02767434544,0.004644991307,0.250911398,0.006571815043,0.02795422492,0,0.0006921155164,0.005117868475,0.05636325783,0.04160403119,0,0.005435978313,0.006047195583,0.001014989531,0.02792177741,0.001436024963,0.009862522249,0,0.0002441850811,0.001805633741,0.003028794098,0.01467830657,0,0.01108273244,0.00861614613,0.0003580981718,0.009851074453,0.01934361271,0.008953493577,0,0,0.00163920848,0.002749630147,0.01805265818,0,0.01006123699,0,0,0.001741096276,0,-0.2974772356,-0.04269623985,-0.04588595061,-0.03779151082,0,0.09056615673,0.008063345881,0.02023538291,0,0,0.003812902087,0.003790555927,0,0,0.005825221345,0.1323795337,0,0,-0.007049659433,0,-0.3618772988,-0.03238885927,0.003790555927,0.00725405948,0.03891182203,0.01516857357,0.02023538291,0.02488968233,0.003576879351,0.004264832461,-0.0630153907,-0.02982638753,0,9.439707715e-05,0.0008304315469,0.003867323048,0.005240002762,0,0.02488968233,0,0.1124584888,0,0.00725405948,0,0.2526795471,-0.3693210476,0.008072351447,0,0.000529846736,0.01161165063,0.02096858374,0.02788578451,0,0.003576879351,0,0.0227795272,0,0.03891182203,0,0.005848738762,-0.09789414431,0.005736743516,0,0,0.009655428034,0.01672971817,0,0.005825221345,0.004264832461,0.2526795471,0.005848738762,0.003812902087,0.01516857357,0.1124584888,0.0227795272
1,1,1,1,2,1500,500,v1,0.02414549882,0.06525545175,0.01593339024,0.05148991411,0.0002815269204,0.0133713475,0.01035528138,0.001349433428,0.0308104686,0.004928674702,0.04314690409,0.01782962473,0.005890397706,0.00165809689,0.0004584352873,0.04549394633,6.866267183e-05,0.00326118882,0.0005678999441,0.0003291184534,0.007514482421,0.000305898101,0.01052326261,0.004348535017,0,0.01043208445,0.002884292022,0,0.100133353,0.02444950953,0.003572999992,0.01588999874,0.04727812692,0.001924588872,0.007562965403,0.0273592483,0,0.001099100923,8.554034422e-05,0,0.001098828475,0.000725106697,0.008488805152,0.002343235243,0.0006085116524,5.707812985e-05,0.0002242972137,0.001963556321,0,0.02478747133,0.006977462501,0,0.02478132695,0.06697383628,0.1914437609,0.05284580806,0.0002889404237,0.00238978831,0.01062796902,0.001384968322,-0.1089335025,-0.008205956365,0.06718593211,-0.001885497437,-0.0004755166559,-0.05540393886,0.01288570411,0,0.02673703057,0.01102630207,0.003412371328,0,0.2069006806,0.003521893013,0.002296847045,-0.3182763033,0.04965021321,0.00212197672,0.0004562483382,0.0002265270378,0.01259257177,0.01068871763,0,0.0168035727,-0.05099074822,0.03399924736,0,0.03183348054,-0.007071508275,0.00776017012,0.1579901348,0,-0.007719050926,-0.004377259456,-0.09821830235,-0.02673748134,-0.05515097115,0.2069006806,0.03183348054,0.0003821690715,0.01472859188,0.02673703057,0.0168035727,0.001535509243,0.04590385645,-0.2764692431,0,0.009522779077,0.0001148655366,0.003407930833,0.000783367112,0.002389734863,0.003521893013,-0.007071508275,0.001535509243,0.03098050937,0.01102630207,-0.05099074822,0.0003821690715,0.01638431477,0.01749653467,0,-0.2149314664,-0.004101722527,-0.0276266766,0.06974054116,-0.001029462592,0.002296847045,0.00776017012,0.04590385645,0.01638431477,0.003412371328,0.03399924736,0.01472859188,0.03098050937
1,1,1,1,0,1500,500,v1,0.004388354246,0,0,0.0002983773318,0,0,0,0,0,0,0,0,0.2731179862,0,0,0.03674362252,0,0,0,0,0,0,0,0,2.642800652e-05,0,0,0.001193072466,0,0,0,0,0,0,0,0,0.001982496112,0.2893823591,0,0.08949829507,0.09210503053,0,0.03893173172,0.006262496534,0,0,0,0,0.0006353850231,0.09274631902,0,0.02868397871,0.02951943088,0,0.0124775222,0.002007114405,0,0,0,0,-0.06658847328,0.004664372751,0,0,0,0,0,0.001975162475,-0.06509320069,0,0,0.08915872396,-0.007305630181,0,0,-0.02026645482,0.06853234194,0,0,0,0,0,0.08915872396,0.08697631508,0,0,0.001975162475,0.005909835313,0,0,-0.06196526915,0.00120934492,0,0,0,0,0,-0.007305630181,0.005909835313,0,0,-0.06509320069,0.08697631508,0,0,0.2399634032,-0.09115927037,-0.1252107838,0,-0.09800748668,0,0,0,0,0,0,0,0,0,0,-0.2399714801,0.0291940012,0.104944329,0,0.03141901342,0,0,0,0,0,0,0,0,0,0
1,1,1,1,0,1500,500,v1,0.05414306017,0,0.00925788971,0.1200161437,0.001189154503,0.01106165992,0,0.0008640822386,0.2675453148,0.02938292984,0.011466844,0.01342944728,1.949269479e-05,0,5.576645748e-05,2.853530196e-05,8.561290417e-06,7.963816542e-05,0,6.220940146e-06,0.001926186323,7.211365984e-06,8.255527891e-05,9.668499596e-05,0,0,0.01039647816,0,0,0.01242585084,0,0,0.3590967572,0.001344406878,0.03943748681,0.01802487543,0,5.014393477e-05,0.0001434562864,0,0.001002744458,0.0001714586795,7.340556736e-05,0.002222732194,0.0002048650028,1.85508607e-05,0.0005441799921,0.0002123691243,0,0.0005028062991,0,0,0.01005477995,0,0.0007360567498,0.02228791484,0.0002208350768,0,0,0.0001604666736,-0.3407515022,-0.1735628598,0,0.02288198307,-0.001925281924,-0.02216442695,0.2431043218,0,0.0006451885836,0,0.01526697569,0,0.0009415753632,0,0.001973111412,-0.1344886199,4.447607449e-05,0,5.999423374e-05,6.582779449e-06,0.000137489166,0.00202057116,0,0.06455528106,0,0.006238443839,0,0.1430427394,0,0.01528777848,0.268882374,0,0,-0.01169198507,0,-0.03790970446,-0.3410782021,0.0009415753632,0.1430427394,0.001693975997,0.01599647167,0.0006451885836,0.06455528106,0.001228594196,0.01665340373,-0.1914626004,0,0.0001187385626,0.0001385994428,0.003200690312,0.0006769065138,0.0002603541658,0,0,0.001228594196,0.1364739706,0,0,0.001693975997,0.007455992846,-0.1721176533,0,-0.00122105727,0,0.03196348912,0,-2.968098337e-05,0.001973111412,0.01528777848,0.01665340373,0.007455992846,0.01526697569,0.006238443839,0.01599647167,0.1364739706
1,1,1,1,1,1500,500,v1,0,0,0,0,0,0,0,0,0,0,0,0,0,0,0,0,0,0,0,0,0,0,0,0,5.530900446e-05,0,0,0.001376837695,0,0,0,0,0,0,0,0,0.03631017444,0,0,0.9038892917,0,0,0,0,0,0,0,0,0.00225416669,0,0,0.05611422045,0,0,0,0,0,0,0,0,0,0,0,0,0,0,0,0.05100102839,0,0,0,1.269593968,0,0,0,0,0,0,0,0,0,0,1.269593968,0,0,0,0.05100102839,0,0,0,-0.8818287758,0.001432119693,0,0,0,0,0,0,0,0,0,0,0,0,0,0.05980007638,-0.9401967329,0,0,0,0,0,0,0,0,0,0,0,0,0,-0.9387646134,0.05836795637,0,0,0,0,0,0,0,0,0,0,0,0,0
1,1,1,1,0,1500,500,v1,0.0837171044,0,0.08371613624,0.1909086914,0,0.1032555839,0,0,0,0.001822644788,0.07813328805,0,0,0,0,0,0,0.02189039073,0,0,0,0,0.01656441366,0,0,0,0,0,0,0.1974453231,0,0,0,0,0.004298725493,0,0,0,0,0,0.004507030984,0.004506978862,0,0.01027784458,0.005558913189,0,9.812470927e-05,0.004206418182,0,0,0,0,0.05764304519,0,0,0.1314493425,0,0,0,0,0.0411183333,-0.2599257419,0,0.08090464769,0,-0.1806116788,0,0,0,0,0,0,0,0,0,-0.1708753458,0,0,0,0,0.03791832655,0,0,0.03515887492,0,0.1636657468,0,0.07587986334,0,0.003631646867,0.08550453805,0,0,0,0,-0.1970361339,0,0,0.07587986334,0,0.1135599245,0,0.03515887492,0,0.08587560457,-0.3475329482,0,0,0,0.01468228422,0.004599890458,0.009736332894,0,0,0,0,0,0,0,0,-0.2452434576,0,0,0,0.1712176323,0,0,0,0.003631646867,0.08587560457,0,0,0.1636657468,0.1135599245,0
1,1,1,1,1,1500,500,v1,0.02413932288,0.04235555659,0.007512163672,0.1360776693,0.0078352528,0.01230639277,0.03623793701,0.314436473,6.171665446e-05,0.002152184566,0.00220800495,0.0003666410898,0,0.004061310075,4.823191808e-05,0,0.003385348787,0.00531717775,0.00131682272,0.1358574075,2.666568733e-05,1.17413169e-05,0.0009540045573,0.0001584132638,0.2064180497,0.001930523623,2.292680331e-05,0.02670687844,0.008699008831,0.001542852541,0.000625945156,0.007442568567,1.267540236e-05,5.58117682e-06,0.000442016917,7.530096014e-05,0.006112894207,0,6.789576945e-07,0.0007909013904,0.0001468194767,4.569026002e-05,0,0.0008276475812,7.484957866e-05,1.652817837e-07,1.30899534e-05,1.342946249e-05,0.0007194386174,0,6.728545534e-06,9.308274993e-05,1.727947478e-05,3.0319068e-05,0,9.740748185e-05,5.608651653e-06,2.181636336e-06,2.593993717e-05,0.0002250807586,0.1639171315,-0.160131344,-0.07840178376,-0.009604327586,-0.3204566255,-0.01427744041,-0.0003595817843,0.2992870135,0,0.00308549344,4.385179874e-05,0.03872138576,0,0.0009981107612,1.329258381e-05,-0.3326830188,0,-0.004787922172,-3.248860569e-05,0.1383837735,0.005994551477,0.0001397507321,0.03872138576,0.03594396385,0.05047345372,0.00890492024,0.2992870135,0.2026212616,0.04313838383,0.002551693442,-0.08522174466,-0.2330405662,0.002056856968,-6.046217746e-06,0.01593804033,0.001908562766,3.363880634e-05,0,0.2026212616,0.006678462349,0.01041651161,0,0.03594396385,0.2660852004,0.001877814331,-0.4082634439,0.006890651189,0,4.385684122e-07,0.0009731885273,5.802236897e-05,8.667163627e-05,0.0009981107612,0.04313838383,0.2660852004,4.600239467e-05,0.00308549344,0.05047345372,0.006678462349,0.000233285974,-0.6325757209,0.0008109818457,0,8.662402519e-06,0.0001146717672,5.585168367e-05,0.0002304086139,1.329258381e-05,0.002551693442,0.001877814331,0.000233285974,4.385179874e-05,0.00890492024,0.01041651161,4.600239467e-05
1,1,1,1,3,1500,500,v1,0.5296320529,0,0,0.1806373303,0,0,0,0,0,0,0,0,0,0,0,0,0,0,0,0,0,0,0,0,0,0,0,0,0,0,0,0,0,0,0,0,0,0,0,0,0.2018683265,0,0,0.06884960109,0,0,0,0,0,0,0,0,0.01417733875,0,0,0.00483535052,0,0,0,0,0.2889951508,-0.7098257972,0,0,0,0,0,0,0,0,0,0,0,0,0,0,0,0,0,0,0,0,0,0.4707512936,0,0,0,0.1604946756,0,0,0,0,0,0,0,0,0,0,0.1604946756,0,0,0,0.4707512936,0,0,-0.6908661558,0,0,0,0.2700355094,0,0,0,0,0,0,0,0,0,0,-0.4397902877,0,0,0,0.01895964147,0,0,0,0,0,0,0,0,0,0
1,1,1,1,2,1500,500,v1,0,0.0006745473528,0.0006673531549,0,0.0003400053708,0.005006644326,0.0001278700339,0.0008260845417,0.002692273611,0.00053634008,0.006588594917,0.003540150017,0,0.04240413621,0.01440005427,0,0.00901705252,0.1327778286,0.0296609322,0.02190802951,0.07139996785,0.063322836,0.1747316704,0.09388592465,0,0.01471635978,0.004997540297,0,0.006208453605,0.006142239064,0.01029382953,0.001176900584,0.0247793661,0.02197619667,0.004936410304,0.03258311969,0,0,0.006001844187,0,0,0.007376581204,0,0,0.05534089134,0.0263925252,0.005928429533,0.07282696585,0,0,0.00812593596,0,0,0.003428123337,0,0,0.001727944438,0.005683946357,0.0006498494816,0.004198251886,-0.3273150171,0,0.0004890328255,0.001006139227,0.001129665792,0.01148312864,0.006159753709,0,0,0.03078079581,0.005531665793,0,0,0.02390698541,0.02443554826,0.2917338939,0,-0.06889788318,-0.07390587996,-0.03047895603,-0.305342031,-0.1643730954,0,0,0.005740032967,0.006749255026,0,0,0.0009974100331,0.004843314866,-0.2667094208,0,0.02013261291,0.02484526928,-0.004050489968,-0.001087984664,0.05584022878,0,0,0.01051392053,0.1090399943,0,0,0.02542452582,0.1437028214,-0.3430013588,0,0,0.02908246798,0,-0.007646534497,0.1253636921,0.02390698541,0.0009974100331,0.02542452582,0.06628403825,0.03078079581,0.005740032967,0.01051392053,0.08727563112,-0.08167601754,0,0,0.01230674944,0,-0.0009301715218,0.005390325997,0.02443554826,0.004843314866,0.1437028214,0.08727563112,0.005531665793,0.006749255026,0.1090399943,0.06628403825
1,1,1,1,3,1500,500,v1,0,0,0,0,0,0,0,0,0,0,0,0,0,0,0,0,0,0,0,0,0,0,0,0,0.06103545561,0,0,0.03858073778,0,0,0,0,0,0,0,0,0.5372844889,0,0,0.3396195174,0,0,0,0,0,0,0,0,0.01438621834,0,0,0.009093581947,0,0,0,0,0,0,0,0,0,0,0,0,0,0,0,0.6927861638,0,0,0,0.4379117577,0,0,0,0,0,0,0,0,0,0,0.4379117577,0,0,0,0.6927861638,0,0,0,-0.8534124391,0.09961382749,0,0,0,0,0,0,0,0,0,0,0,0,0,0.123093448,-0.8768920595,0,0,0,0,0,0,0,0,0,0,0,0,0,-0.7772782321,0.02347962047,0,0,0,0,0,0,0,0,0,0,0,0,0
1,1,1,1,1,1500,500,v1,0.004355260821,0.0004240008767,0,0.01307082762,0.003409321378,0.001107353733,0.001541962125,0.0007333925987,0.001329616284,0,0.01091910954,0.001810873255,0.02862868408,0.06199515524,0,0.02268051875,0.1101973944,0.03579231248,0.1038740592,0.02370499713,0.04297636797,0,0.3529316505,0.05853174054,0,0.008224941874,0,0,0.00181821495,0,0.01378104621,0.006612294317,0.005701705675,0,0,0.007765448153,0,0.001413213415,0,0,0.006949025697,0,0.001119590871,0.02085512688,0.001766835527,0,0,0.01742195839,0,0.0007774622293,0.001683587393,0,0.003822922253,0.0003721757326,0.0006159293461,0.01147319525,0.002992603911,0.002820882629,0.001353489851,0.0006437508569,-0.6032140001,0.01347205271,0.001694335927,0,0.00413143097,0.01200818622,0.003132846631,0,0.03950599664,0.07786914794,0,0,0.03131465462,0.1302604737,0,0.08550615239,-0.05109707756,-0.1650320209,0,-0.1336078426,-0.3881531751,-0.101179002,0,-0.001241733565,0.001587906036,0,0,-0.004170717215,0.005593091396,0,-0.2552993192,0,0.02178625569,0,-0.008073504843,0,0.0133135105,0.03131465462,-0.004170717215,0.1553400394,0.04931136863,0.03950599664,-0.001241733565,0.03343979732,0.4862040014,-0.3989703348,0,0.002498696629,0,-0.02327881749,0,0.01913474152,0.1302604737,0.005593091396,0.03343979732,0.05384139582,0.07786914794,0.001587906036,0.1553400394,0.0732575717,-0.3375064914,0,0.001384613417,0.004492684499,0.01341506531,0.001591837284,0.00362318735,0,0,0.4862040014,0.0732575717,0,0,0.04931136863,0.05384139582
1,1,1,1,1,1500,500,v1,0,0,0,0,0,0,0,0,0,0,0,0,0,0,0.4443864388,0,0,0,0,0,0,0.1952435812,0,0,0,0,0.03139832723,0,0,0,0,0,0,0.01379502459,0,0,0,0,0.2189706783,0,0,0,0,0,0,0.09620594978,0,0,0,0,0,0,0,0,0,0,0,0,0,0,0,0,0,0,0,0,0,0,0,0,0.2918480432,0,0,0,0.1276726372,0.3588538972,0,0,-0.6385343514,0,0,0,0,0,0,0,0,0,0,0,-0.3248729238,0,0,0.04519246986,0,0,0,0,0,0,0,0,0,0,0,-0.5933418813,0,0,0.3136614271,0,0,0,0,0,0,0,0,0,0,0,0,0,0,0,0,0,0,0.1276726372,0,0,0,0.2918480432,0,0,0
1,1,1,1,0,1500,500,v1,0.01077814305,1.76507018e-06,0,0.001665609974,0.002447264036,0.002803238635,3.642187521e-06,0.007186182495,0.0007419145595,0,0.001495934545,0.001396803134,0.01041436841,0.1337761506,0,0.009983429373,0.01894173892,0.02169697,0.03799670594,0.05562080375,0.005742393008,0,0.01157848159,0.01081120791,0,0.2948690566,0,0,3.011282508e-05,0,0.08375224418,6.213722091e-05,0.0126573683,0,0,0.02383003742,0,0.01481992169,0,0,0.1187123585,0,0.01420668404,0.01834532047,0.03087536214,0,0,0.01647648553,0,0.0007537851809,0.009682630373,0,0.006038062717,9.888163854e-07,0.0007225940947,0.0009330974213,0.001370990686,0.002750176749,2.040403118e-06,0.004025797432,-0.2338365351,0.01225820945,3.336778952e-06,0,0.009579327841,0.004290834565,0.002130028332,0,0.007520371618,0.2269597545,0,0,0.008830252471,0.06454628637,0,-0.4392955459,0.006610928166,0.1707310353,0,-0.07419091282,0.02733269888,0.0156253341,0,0.1526926334,3.762143622e-05,0,0,0.02363074453,7.817269013e-05,0,0.2009168932,0,-0.3774934748,0,-8.261421745e-05,0,-0.03540934324,0.008830252471,0.02363074453,0.02260352845,0.0101063495,0.007520371618,0.1526926334,0.06628502395,0.00644715137,0.05889641143,0,-0.0189715654,0,-0.1367506475,0,-0.04265920067,0.06454628637,7.817269013e-05,0.06628502395,0.009212577516,0.2269597545,3.762143622e-05,0.02260352845,0.01726839374,-0.4083063749,0,0.001460221178,0.01242507872,0.006943519502,2.081354353e-06,0.005352549964,0,0,0.00644715137,0.01726839374,0,0,0.0101063495,0.009212577516
1,1,1,1,4,1500,500,v1,0,0,0.1790164543,0,0,0,0,0,0,0.05928719443,0,0,0,0,0.008593582865,0,0,0,0,0,0,0.1545810681,0,0,0.0004029970112,0,0.002396416842,0.0005636311613,0,0.0585025361,0,0,0,0.04310666235,0.01937504151,0,0.001508956731,0,0.008972992907,0.002110425166,0,0.2190532266,0,0,0,0.1614058826,0.07254669013,0,0.003575521272,0,0,0.005000719982,0,0,0,0,0,0,0,0,-0.1411507937,0,0,0.1385573608,0,0,0,0.002507120443,0,0,0.001916859609,0.003387517487,0,0,0.01078223041,-0.002514564321,0,0,-0.005951495643,0,0,0,0.003387517487,0,0,-0.006795027937,0.002507120443,0,0,0.01068517743,-0.1387712273,0.0009615068432,0,0.04528300416,0,0.07753746966,0,0,0,0,0,0,0,0,0,0.2482640366,0.003232545352,0,-0.04779756848,0,-0.2186882634,0,0,0,0,0,0,0,0,0,0.004194052197,-0.00812381082,0,0,0,0,0,0.01078223041,0.01068517743,0,0,0.001916859609,-0.006795027937,0,0
1,1,1,1,4,1500,500,v1,0,0,0.03268882253,0,0,0,0,0,0,0.03715371854,0,0,0,0,0.0354277672,0,0,0,0,0,0,0.02787240083,0,0,0.1994145851,0,0.07634591309,0.1507963133,0,0.1367887358,0,0,0,0.06006429588,0.1554724152,0,0.01365562818,0,0.005228059933,0.01032631783,0,0.009367098773,0,0,0,0.00411311786,0.01064653066,0,0.01972348129,0,0,0.01491479805,0,0,0,0,0,0,0,0,-0.2720206223,0,0,0.06943846868,0,0,0,0.2489426726,0,0,0.05361158367,0.1882510595,0,0,0.04228252925,-0.1266180305,0,0,0.06268862159,0,0,0,0.1882510595,0,0,0.1423240298,0.2489426726,0,0,0.1615492007,0.2198841998,-0.3500071291,0,-0.1358681831,0,-0.2919829368,0,0,0,0,0,0,0,0,0,-0.6111177201,0.02393120488,0,0.009250152581,0,0.01996231428,0,0,0,0,0,0,0,0,0,-0.3260759242,0.03461343798,0,0,0,0,0,0.04228252925,0.1615492007,0,0,0.05361158367,0.1423240298,0,0
1,1,1,1,2,1500,500,v1,0.001424883315,5.462014544e-05,0.0001488557584,0.005979773498,0,0,0.0002014727081,0,0,0.0003641808089,0,0,0.08396133241,0.09608057302,0.0007152639459,0.01417476022,0,0,0.03161529699,0,0,0.0400755947,0,0,0.009644822719,0.1549708943,0.001153668113,0.0201202277,0.0003854551826,0.001050477311,0.05099314766,0.001421795912,0,0.06463898532,0.00257002941,0,0.01206647289,0.1694259653,0.001443334462,0.02517207306,0.01258016769,0.001314234213,0.02860331494,0.05279488685,0,0.08086872998,0.003215319878,0,0.0006623081167,0.009299502267,0.01064182143,0.001381652157,0.0006905039481,2.646913307e-05,0.001569987172,0.002897821293,0,0.003501689618,9.763445116e-05,0,-0.06662003521,0.00698506126,2.451219044e-05,0.0003308450485,0,0,0,0.01285488848,0.1200582738,0.09281104976,8.625591842e-05,0.02577853056,0.02003830721,0.02728286318,0.007352119352,-0.3849130456,0.08715884321,0.0806199183,0.0387150381,0,0,0,0.02577853056,0.01573766224,0.0004685713628,0.001314648679,0.01285488848,0.06593867575,0.001789276761,0.003670590021,0.07424258493,-0.006359608414,-0.1747211358,-0.005983141031,-0.001618524912,-0.001166037824,0,0.02003830721,0.06593867575,0,0,0.1200582738,0.01573766224,0,0,0.135807652,-0.0213779145,-0.1912288635,-0.03769081391,-0.06490839526,-0.002488299692,0,0.02728286318,0.001789276761,0,0,0.09281104976,0.0004685713628,0,0,-0.2854261072,0.001981910208,0.01067229936,0.01403860892,0.00347244201,8.878063926e-05,0,0.007352119352,0.003670590021,0,0,8.625591842e-05,0.001314648679,0,0
1,1,1,1,0,1500,500,v1,0,0,0,0,0,0,0,0,0.00223976023,0,0,0.004789164964,0,0.05799725206,0.03761125482,0,0,0,0.008422122892,0,0.254149805,0.0002306104424,0,0.543435554,0,0.002261433008,0.001466540743,0,0,0,0.0003283960193,0,0.009909827407,8.991978896e-06,0,0.02118967806,0,0,0.04776841884,0,0,0,0,0,0,0.0002928882925,0,0,0,0,0.00689677933,0,0,0,0,0,0,0.001001521986,0,0,-0.7659816431,0,0,0,0,0,0.007017383603,0,0,0.0733011473,0.01839689601,0,0,0.010620851,0.0001130848561,0.02214853955,0,-0.0661383682,0.01378635767,0,0,-0.7970487747,0,0,0,0,0,0,0,0,-0.8621174015,0,0.002334420205,0.001463608656,0,0,0.03106713157,0,0,0,0,0,0,0,0,0.01524996635,0,0,-0.02758995352,0,0,0,0.010620851,0,0,0.3628408848,0.0733011473,0,0,0.7756055094,-0.06380394807,0,0,0.00785594919,0,0,0,0.0001130848561,0,0,0.7756055094,0.01839689601,0,0,0.3628408848
1,1,1,1,4,1500,500,v1,0,0,0.1638509795,0,0,0,0,0,0,0.7648203113,0,0,0,0,0,0,0,0,0,0,0,0,0,0,0,0,0,0,0,0.0009928566194,0,0,0,0,0.004634436186,0,0,0,0,0,0,0.01159209027,0,0,0,0,0.05410932613,0,0,0,0,0,0,0,0,0,0,0,0,0,0.07114706744,0,0,-0.9286246474,0,0,0,0,0,0,0,0,0,0,0,0,0,0,0,0,0,0,0,0,0,0.2269742572,0,0,0,1.059242105,-0.8630951994,0,0,0,0,0.005617619336,0,0,0,0,0,0,0,0,0,-0.9230070281,0,0,0,0,0.06552944812,0,0,0,0,0,0,0,0,0,0,0,0,0,0,0,0,0,1.059242105,0,0,0,0.2269742572,0,0
1,1,1,1,0,1500,500,v1,0.002612360182,0,0.004779842742,0.0001940692681,0,0.001260582918,0,0,0,0.0007739209181,0.001832116356,0,0,0,0,0,0,0.1903359437,0,0,0,0,0.2766320174,0,0,0,0,0,0,0.4407344234,0,0,0,0,0.07136083925,0,0,0,0,0,0.0007467707667,0.001366368564,0,5.547675131e-05,0.0003603509495,0,0.0002212334736,0.0005237298231,0,0,0,0,0.005780524978,0,0,0.0004294286291,0,0,0,0,-0.9775719116,0.001095671076,0,0.005536011664,0,0.00308978937,0,0,0,0,0,0,0,0,0,0.003972666611,0,0,0,0,-0.4664116032,0,0,0.003413119689,0,0.6491913505,0,0.0003075882899,0,0.1052052083,0.007117851687,0,0,0,0,-0.5100488904,0,0,0.0003075882899,0,0.2827420601,0,0.003413119689,0,0.4109163464,-0.9710523271,0,0,0,0.0007371686184,0.001581840019,0.000882877237,0,0,0,0,0,0,0,0,0.001832839696,0,0,0,-0.004313311682,0,0,0,0.1052052083,0.4109163464,0,0,0.6491913505,0.2827420601,0
1,1,1,1,3,1500,500,v1,0.09020191382,0.09223173727,0.007224399427,0.01137848611,0.0249637015,0,7.184333607e-05,0.003318915777,0.000375058173,0.004434118634,0,0.0006438635774,0.000168897192,1.456352397e-05,0.01916224175,0.0006471654766,0.02303793996,0,8.186174534e-05,0.003062886423,0.0003461252599,0.02770139254,0,0.000594194352,0.0001800770238,4.476832674e-05,0.05890480228,0.004113582471,0.261649216,0.02049466379,0.0002516433091,0.0002038100237,0.001063990334,0.08515418351,0.01257900695,0.001826555644,1.028675271e-05,2.965833813e-05,0.003364888654,0.0002349850344,0.014617557,0.001170740907,0.000113642224,0.001843926168,0,0.004864363089,0.0007185654843,0,6.128348468e-05,0.0001766899975,1.52354754e-05,0.001399926893,0.08708431671,0.08904398454,0.0006770252667,0.010985218,0.02410089538,8.563879251e-05,6.936025597e-05,0.003204205991,-0.1871511369,-0.02859844062,0.0912028819,0.0005977411939,0.001696424037,0,0.0001789074002,0.0001928084025,0.0002373558711,4.946439048e-05,0.05678157839,0.005471752679,0.0007843131333,0.0002567437928,0.08185069028,-0.1299516983,-0.0002635678539,2.734781303e-05,0.04173682631,-0.00096359068,0,0.0004006401038,0.005471752679,0.02676354142,0.1204808586,0.02396936229,0.0001928084025,0.003102159978,0.000100660093,0.01513294322,0.2317966698,-0.003441403306,-0.0002632506566,-0.1421732013,-0.2601857505,-0.02801142542,-0.002247596607,0.0007843131333,0.003102159978,-0.00776555077,0,0.0002373558711,0.02676354142,-0.001175605206,0,-0.1686008545,0.0002272064237,8.493943568e-05,0.008014862535,0.0160706949,0.001345480542,0,0.0002567437928,0.000100660093,-0.001175605206,0.001009863513,4.946439048e-05,0.1204808586,-0.00776555077,0.001492210142,-0.1844065036,-0.000562177182,-0.0005024842528,3.176405447e-05,-0.007382721888,0.08859518891,0.005227937294,0.08185069028,0.01513294322,0,0.001492210142,0.05678157839,0.02396936229,0,0.001009863513
1,1,1,1,4,1500,500,v1,0,0,0,0,0,0.08826708881,0,0,0,0,0.1104399446,0,0.0004731481575,0,0.07810910372,0.0009929138859,0,0.02948104752,0,0,0,0.1773934464,0.03688674113,0,0,0,0.05468556695,0,0,0,0,0,0,0.1241962937,0,0,0,0.0004368805448,0.07212190779,0,0,0,0.0009168053442,0,0.02722127498,0.1637959363,0,0.03405930955,0,0.000168657792,0,0,0,0,0.0003539328242,0,0,0,0,0,0.1203428269,0,0,0,0,-0.1933984936,0,0,-1.045125759e-05,0,-0.05815927769,0,0.0001807406206,0,-0.1695406584,0.0830552841,-0.0005602682138,0,-0.06673592833,0,0.06287167658,0,0,0,0,0,0,0,0,0,-0.0009834612065,0,0,0.1527834187,0,0,0,0.0001807406206,0,0,0.04778966286,-1.045125759e-05,0,0,0.06179383744,-0.04457114877,0,-2.170376649e-05,0.06575246705,0,0,0.05747115023,0,0,0,0,0,0,0,0,-0.0005819719805,0,0.0004684457377,0,0,0,0,-0.1695406584,0,0.06179383744,0,-0.05815927769,0,0.04778966286,0
1,1,1,1,0,1500,500,v1,0.001827568579,0.003144752271,0.003363336686,0.005251661224,0.0006322184706,0,0.007948018706,1.829318032e-05,0.02782771899,0.01479916701,0,0.238657485,0.00163158585,0.002456496546,0.003088549464,0.001072052119,0.0001847225385,0,0.00115261277,5.344928791e-06,0.008130744563,0.0004721296542,0,0.06973130099,0.004074023474,0.001740947711,0.002188890975,0.005952086212,0.0006511914913,0.0006964542971,0.0008168700936,0.001645815539,0.005762353365,0.0003346037845,0.00306449946,0.04941938512,0.05535595075,0.01571159541,0.02974164037,0.08087420049,0.00514205536,0.009463099567,0.01032348323,0.01477609817,0,0.004546441801,0.04163900436,0,0.05861221187,0.01663581506,0.0250466883,0.08563154837,0.005444531873,0.009368569893,0.0109307523,0.01564528808,0.001883449766,0.01175215688,0.02367803959,5.449743688e-05,0.0471301284,0.002323551506,0.001218678929,0.005728140869,-0.0002589421377,0,-0.2616933256,0.04727819583,0.01746383754,0.03125451913,0.03663095179,0.0361626624,0.00979616974,0.01466806824,0.005611069736,-0.2957885922,0.001905017348,0.003537611242,0.003464142357,0.0001248997857,0,0.07365164946,0.0361626624,0.004614322388,0.01040763226,0.009423619338,0.04727819583,0.01143532999,0.02847850334,0.0397349529,-0.381506671,0.009761664152,0.002450795039,0.00247612135,0.002127252192,0.003549047603,0.05333230438,0.00979616974,0.01143532999,0.002110203871,0,0.01746383754,0.004614322388,5.903059344e-05,0,-0.03606375157,-0.02486672131,-0.007424765757,-0.03410161149,-0.000927654417,-0.04204957,0,0.01466806824,0.02847850334,5.903059344e-05,0.02118026363,0.03125451913,0.01040763226,0.002110203871,0.1808837941,-0.0100286135,-0.04052218167,-0.01265358978,-0.03660346452,-0.01209566535,-0.02927002155,-0.001312113957,0.005611069736,0.0397349529,0,0.1808837941,0.03663095179,0.009423619338,0,0.02118026363
1,1,1,1,0,1500,500,v1,0,0,0,0,0,0.5233953497,0,0,0,0,0.307978723,0,0,0,0,0,0,0.09239878444,0,0,0,0,0.05436972196,0,0,0,0,0,0,0,0,0,0,0,0,0,0,0,0,0,0,0,0,0,0.01376043933,0,0,0.00809698163,0,0,0,0,0,0,0,0,0,0,0,0,0.1686031733,0,0,0,0,-0.831350556,0,0,0,0,0,0,0,0,0,-0.8094948303,0,0,0,0,0.1467474481,0,0,0,0,0,0,0,0,0,0,0,0,0,0,0,0,0,0,0,0.6258653996,0,0,0,0.3682556812,-0.6846031069,0,0,0,0,0,0.02185572505,0,0,0,0,0,0,0,0,0,0,0,0,0,0,0,0,0,0.3682556812,0,0,0,0.6258653996,0
1,1,1,1,2,1500,500,v1,0,0.08526931682,0,0,0,0,0.03095405944,0,0,0,0,0,0,0.4165827679,0,0,0,0,0.06090326393,0,0,0,0,0,0.01170548451,0.02974038397,0,5.743418553e-05,0.006843450842,0,0.004347962983,0.002484276784,0,0,0,0,0.3384187189,0,0,0.001660486883,0,0,0,0,0,0,0,0,0.002340374409,0,0.005946241139,1.148329212e-05,0,0.001368267772,0,0,0,0.0008693242289,0.0004967020206,0,0.01112383039,0,-0.115785466,0,0,0,0,0.4854889859,0,0.5689523455,0,0.002380229169,0,0.08307350939,0,0.04075734528,0,-0.4754412536,0,0,0,0,0.002380229169,0,0.1151971455,0,0.4854889859,0,0.04179530868,0,-0.9195456783,0.01173201074,0.03395353559,0,0.009268440879,0,0,0,0,0,0,0,0,0,0,0.01407591133,-0.3393220543,0,0,0,0,0,0.08307350939,0.04179530868,0,0,0.5689523455,0.1151971455,0,0,-0.8755947879,0.002343900585,0,0.006803809687,0,0.00185538952,0,0,0,0,0,0,0,0,0
1,1,1,1,4,1500,500,v1,0.0129424587,0,0,0.08575571069,0,0,0,0,0,0,0,0,0,0,0,0,0,0,0,0,0,0,0,0,0,0,0,0,0,0,0,0,0,0,0,0,0,0,0,0,0.107131645,0,0,0.7098458309,0,0,0,0,0,0,0,0,0.01105759595,0,0,0.07326675877,0,0,0,0,-0.7326458963,0.09868990374,0,0,0,0,0,0,0,0,0,0,0,0,0,0,0,0,0,0,0,0,0,0.1247017084,0,0,0,0.8262322827,0,0,0,0,0,0,0,0,0,0,0.8262322827,0,0,0,0.1247017084,0,0,0.1830019333,0,0,0,-0.8169579266,0,0,0,0,0,0,0,0,0,0,-0.718268022,0,0,0,0.08431202944,0,0,0,0,0,0,0,0,0,0
1,1,1,1,2,1500,500,v1,0,0.08709958229,0.001132223857,0,0.0136961411,0.02682027379,0.05982589348,0.01431949305,0.07382687496,0.01011637203,0.01327909012,0.1341363575,0,0.02769047587,0.0009388930571,0,0.0007676138838,0.001503168986,0.0002275181592,0.0008025502653,0.004137700817,0.006043782541,0.0007442398459,0.007517805897,0,0.05531384545,0.00187551076,0,0.009751335628,0.0001267594464,0.0004544849412,0.006697877891,0.008265374151,0.01207291832,0.001132590265,0.01501739282,0,0,0.01002901193,0,0,0.0006778270901,0,0,0.01605646094,0.06455811636,0.006056356233,0.007949776857,0,0,0.219730051,0,0,0.03873644035,0,0,0.006091185959,0.001805406919,0.02660681134,0.006368413874,0.157723549,0,-0.1451594447,-0.01033488011,-0.0270979911,-0.03763577004,-0.2067571939,0,0,0.2039937927,0.01096512779,0,0,0.00167577227,0.06889519907,-0.4406288101,0,0.0277362436,0.00673707335,0.001558247255,0.002224715302,0.01152877855,0,0,0.05793917419,0.0006721020228,0,0,0.03967976569,0.004865815655,-0.5407942603,0,0.05508583899,0.0136804601,0.0164272942,0.001247757224,0.02305561202,0,0,0.01030082183,0.01419864333,0,0,0.01073893194,0.007238135315,-0.02408064406,0,0,-0.0736577515,0,0.005395177774,0.02111986897,0.00167577227,0.03967976569,0.01073893194,0.09166830871,0.2039937927,0.05793917419,0.01030082183,0.166590895,-0.07144981089,0,0,-0.219935126,0,0.06365285703,0.01151324128,0.06889519907,0.004865815655,0.007238135315,0.166590895,0.01096512779,0.0006721020228,0.01419864333,0.09166830871
1,1,1,1,3,1500,500,v1,0,0,0,0,0,0.005111751437,0,0,0,0,0.01939177413,0,0.1642610298,0,0.0195878733,0.4482660409,0,0.0459220983,0,0,0,0.08514196237,0.1742085797,0,0,0,0.005051046109,0,0,0,0,0,0,0.02195521541,0,0,0,0.0006558969284,7.821469246e-05,0,0,0,0.001789933496,0,0.0001833676755,0.0003399732222,0,0.0006956176548,0,0.00197362632,0,0,0,0,0.005385998479,0,0,0,0,0,-0.2187644928,0,0,0,0,0.0243817896,0,0,0.2422672501,0,0.02166821622,0,0.6610606045,0,0.09431100144,0.06199143444,-0.6119894045,0,-0.1042796433,0,-0.2196431387,0,0,0,0,0,0,0,0,0,-0.103862068,0,0,0.02654258952,0,0,0,0.6610606045,0,0,0.06088920319,0.2422672501,0,0,0.2306848522,-0.8776603062,0,0.002443333515,0.0004175752919,0,0,0.0008786459932,0,0,0,0,0,0,0,0,-0.6095460714,0,0.007327500878,0,0,0,0,0.09431100144,0,0.2306848522,0,0.02166821622,0,0.06088920319,0
1,1,1,1,3,1500,500,v1,0,0,0,0,0,0,0,0,0.2246785127,0,0,0.09075408225,0,0,0,0,0,0,0,0,0.2744336899,0,0,0.1108516225,0,0,0,0,0,0,0,0,0.2131747212,0,0,0.08610737159,0,0,0,0,0,0,0,0,0,0,0,0,0,0,0,0,0,0,0,0,0,0,0,0,-0.004484470028,0,0,0,0,0,0.2637414482,0,0,0,0,0,0,0,0,0.5376959602,0,0,0,0,0,-0.278438982,0,0,0,0,0,0,0,0,-0.01469753378,0,0,0,0,0,0.2739545118,0,0,0,0,0,0,0,0,0,0,0,0,0,0,0,0,0,0,-0.2824971586,0,0,0,-0.1063883088,0,0,0,0,0,0,0,0,0,0,-0.1063883088,0,0,0,-0.2824971586
1,1,1,1,1,1500,500,v1,0,0,0.03485834088,0,0,0.003743280006,0,0,0.001719557403,0.002265479659,0.02400366217,0.04384344552,6.345830774e-05,0.0007987543627,0.0005904990016,8.756509956e-06,0,5.143584501e-05,0.0001559477098,0,2.362817848e-05,3.294820734e-05,0.0003298306953,0.0006024461609,0.0001487239178,0.0004653388844,0.0003440133281,0.0002866651491,0,0.0002790463705,9.085212762e-05,0,1.376532102e-05,1.919499005e-05,1.813551249e-05,0.0003509735127,0.0157034316,0.003903537333,0.03632361121,0.03026834302,0,0.02946389294,0.0005386428466,0,0.003163994573,0.002026756811,0.001914888904,0.02028901303,0.1066592088,0.02651319877,0.3337235729,0.2055854797,0,0,0.003658513712,0,0,0.06515573413,0,0,0.01955886425,0,0,-0.0181722105,0,-0.01562966749,-0.04539131729,0.1361978806,0.03358614665,0.4980161311,0.05282462971,0.2625059599,0.004629791736,0.09727758868,0.002941909092,-0.5123151501,7.162847254e-05,0.0009535431607,0.0006060479965,0,0.0003759587827,0.0006232398554,0.2625059599,0,0,0.01299162226,0.1361978806,0,0,0.001208961212,-0.7556996438,0.0004336138484,0.0005529672361,0.0003581341516,0,0.0002770725202,0.0003619747773,0.004629791736,0,0,0.001261268051,0.03358614665,0,0,0.00738049116,-0.3736504119,0.04585804902,0.004327845667,-0.03814187452,0,0.008428082359,0.009492535911,0.09727758868,0,0,0.002506794323,0.4980161311,0,0,0.06410236012,0.05219764728,-0.3120942231,-0.02987676638,-0.3983689824,0,0,0,0.002941909092,0.001208961212,0.00738049116,0.06410236012,0.05282462971,0.01299162226,0.001261268051,0.002506794323
1,1,1,1,4,1500,500,v1,0,0,0,0,0,0,0,0,0.4486993955,0,0,0.09310524264,0,0,0,0,0,0,0,0,0.04958804482,0,0,0.01028953235,0,0,0,0,0,0,0,0,0.3298697291,0,0,0.0684480556,0,0,0,0,0,0,0,0,0,0,0,0,0,0,0,0,0,0,0,0,0,0,0,0,0.3756244794,0,0,0,0,0,-0.4656614813,0,0,0,0,0,0,0,0,-0.1489658962,0,0,0,0,0,0.05892889417,0,0,0,0,0,0,0,0,-0.4067325871,0,0,0,0,0,0.3166955849,0,0,0,0,0,0,0,0,0,0,0,0,0,0,0,0,0,0,0.1095090722,0,0,0,0.02554642917,0,0,0,0,0,0,0,0,0,0,0.02554642917,0,0,0,0.1095090722
1,1,1,1,1,1500,500,v1,0.0359920663,0.04309061323,0.06259465324,0.04963771967,0,0.004505869811,0.1015780753,0,0.01078194867,0.04516426958,0.008974287573,0.08821474333,0.00015271167,0.000239716374,9.877901978e-07,0.0001315747338,0,1.504625056e-05,6.901558403e-05,0,3.600368142e-05,2.868143176e-07,2.996743916e-05,0.000294571567,0.003347011121,0.0003115389632,1.283746826e-06,0.004111072516,0.0001870023203,0.0002716449017,8.969367899e-05,0.0004408230553,4.67909196e-05,3.727481509e-07,0.0001960014624,0.0003828295876,0.1995776666,0.01183427569,7.654805635e-05,0.245137596,0.009313778087,0.01619781162,0.01019628476,0.01284490593,0.001165997838,2.222645921e-05,0.01168729744,0.002322304095,0.006794372852,0.0004028831624,0.0006324185363,0.008345403851,0.0003170759638,0.0003796113735,0.0003471198033,0.000437288809,0,0.0001820765679,0.0008948629363,0,0.05689623225,-0.08546306072,-0.1446558537,-0.1076504874,0,-0.01324104699,-0.09860157424,0.2840592161,0.01688606986,2.191079252e-05,0.000109050526,0.3489197103,0.01454444878,1.762646177e-05,3.091282515e-05,-0.1296719613,0.0002833753136,0.0002855149998,1.238867998e-06,0,4.484279768e-05,0.0003296256819,0.3489197103,0.03955790369,0.06377930735,0.06931075768,0.2840592161,0.05461288581,0.1503517483,0.04998005806,-0.7514766071,0.007450990712,0.0002717787127,1.381931438e-06,0.0006276987374,0.0004659508298,0.0004260153423,0.01454444878,0.05461288581,0,0.004935334369,0.01688606986,0.03955790369,0,0.009776789969,-0.1814833331,-0.4445682122,-0.02198151881,-9.592970011e-05,0.02193479083,0.0276573261,0.003388121288,1.762646177e-05,0.1503517483,0,0.01596835225,2.191079252e-05,0.06377930735,0,0.1308005492,-0.6658144951,0.01513127212,0.0007444644144,-0.0005836518826,0.0007477434325,0.001274117783,0,3.091282515e-05,0.04998005806,0.009776789969,0.1308005492,0.000109050526,0.06931075768,0.004935334369,0.01596835225
1,1,1,1,3,1500,500,v1,0.2669212404,0,0,0.006998593859,0,0,0,0,0,0,0,0,0,0,0,0,0,0,0,0,0,0,0,0,0,0,0,0,0,0,0,0,0,0,0,0,0,0,0,0,0.4284384468,0,0,0.01123352596,0,0,0,0,0,0,0,0,0.2790905242,0,0,0.007317668785,0,0,0,0,-0.1377969811,0.2715276019,0,0,0,0,0,0,0,0,0,0,0,0,0,0,0,0,0,0,0,0,0,-0.1956912357,0,0,0,-0.004904695491,0,0,0,0,0,0,0,0,0,0,-0.004904695491,0,0,0,-0.1956912357,0,0,0.549242314,0,0,0,-0.4155116938,0,0,0,0,0,0,0,0,0,0,-0.1439840915,0,0,0,0.2777147128,0,0,0,0,0,0,0,0,0,0
1,1,1,1,0,1500,500,v1,0,0,0,0,0.007786389335,0,0,0.002857837923,0,0,0,0,0,0,0,0,0.6217391606,0,0,0.2281968798,0,0,0,0,0,0,0,0,0,0,0,0,0,0,0,0,0,0,0,0,0,0,0,0,0,0,0,0,0,0,0,0,0,0,0,0,0.1019873299,0,0,0.03743240244,-0.7105192732,0,0,0,0.01064381467,0,0,0,0,0,0,0,0,0,0,0.1498917165,0,0,0,-0.8497671751,0,0,0,0,0,0,0,0,0,0,0,0,0,0,0,0,0,0,0,0.7679451599,0,0,0,0.2818680324,0,0,0,0,0,0,0,0,0,0,0.2818680324,0,0,0,0.7679451599,0,-0.8391233601,0,0,0,0,0,0.1392479021,0,0,0,0,0,0,0,0
1,1,1,1,4,1500,500,v1,0.0003021647405,0.009047436742,0.0142389687,0.0003816773094,0.0007838795645,0,0.01128740203,0.03907549709,0.04002718577,0.006144107431,0,0.1181205153,0,0.01457920614,0,0,0.0002922649952,0,0.001732507657,0.01456907475,0.01492390641,0,0,0.04404055598,5.162392585e-06,0.0008987319798,0,1.540109094e-05,0.0002079454079,0.0003272670746,0.0001068000563,0.0002594285527,0.0009199809527,0,0.0001412155688,0.002714870459,0.006533176614,0,0,0.01949058416,0.008789029754,0.4141671837,0,0.01110180236,0,0,0.1787129198,0,5.547455708e-05,0,0.009657684435,0.0001654985909,7.462947378e-05,0.002234560664,0,9.426770544e-05,0.0001936047181,0.001147662779,0.002787793415,0.009650973112,-0.5206153863,0.0006764387934,-0.02003261665,0.02028747093,-0.03859806749,0,-0.1575977948,0.009633459991,0,0.007418715642,0,0.02823755806,0,0.001133425529,0,-0.1754092722,0,-0.01339789176,0,0.01395143811,0,0.05824015374,0.02823755806,0.01256886475,0.009894618475,0.5984505662,0.009633459991,0.01587130726,0.01240925174,0.2582541011,-0.7181875231,2.04224278e-05,0.0009424953708,0,0.000444168444,0.0004683257261,0.003622815215,0,0.01587130726,0.0004716149665,0,0,0.01256886475,0.02229736342,0,0.02183852028,-0.02548573111,0,0,-0.0198044528,-0.5918922455,0,0.001133425529,0.01240925174,0.02229736342,0.03640382714,0.007418715642,0.009894618475,0.0004716149665,0.1071984119,-0.1012837967,0.000217963314,0,0.006753968954,0.0001678992986,0.004719201415,0.009467310527,0,0.2582541011,0,0.1071984119,0,0.5984505662,0,0.03640382714
1,1,1,1,2,1500,500,v1,0,0,0,0,0.004529235029,0.01274570514,0,0.01433103631,0.02924973208,0,0.03744967647,0.0003583861651,0,0,0,0,0.0146010589,0.041088791,0,0.04619948049,0.09429342001,0,0.1207278775,0.001155342452,0,0,0,0,0,0,0,0,0.4602131231,0,0,0.005638821439,0,0,0,0,0,0,0,0,0.02634199047,0,0,0.07739854402,0,0,0,0,0,0,0,0,0.003284675828,0,0,0.01039310353,-0.4726015403,0,0,0,0.01861417413,0.04911715147,0.02959614056,0,0,0,0,0,0,0,0,-0.2576173725,0,0,0,-0.06042519503,-0.1516740366,0.09444253121,0,0,0,0,0,0,0,0,0.1240386718,0,0,0,0,0,-0.4630619294,0,0,0.01024702472,0.002681972951,0,0,0.03235854933,0.009088679485,-0.1025568852,0,0,0,0,0,0.09470978375,0,0,0.03235854933,0.5023789081,0,0,0.01024702472,0.006155981757,-0.04181102093,0,0,0,0,0,0.01340730488,0,0,0.009088679485,0.006155981757,0,0,0.002681972951,0.5023789081
1,1,1,1,1,1500,500,v1,0.01045731556,0.02580045529,0.0917460319,0.04877509995,0.001971681863,0.01102820885,0.0281655603,0.01653595966,0.01085070157,0.009612312447,0.06364266421,0.07411019624,0.003049893552,0,0.001744515795,0.006089924652,0.001302526435,0.007285421565,0,0.01092393504,0.00716815725,0.0004189023533,0.04204342197,0.04895845092,0.002110438503,0,0.0002802768404,0.0008431459717,0.002738352682,0.009737541049,0,0.00298937506,0.001151648195,6.730155631e-05,0.001020210739,0.007865747031,0.02508348474,0.005823876518,0.003331212844,0.01002115868,0.01319159759,0.1157349347,0.01162892035,0.06152836139,0.01391176277,0.0007999084352,0.01212565089,0.08028335867,0.01101632326,0.002557766874,0,0.004401155764,0.005793569151,0.01429398597,0.00510726269,0.02702241439,0.00109235254,0,0.01560430307,0.009161263734,-0.08809982242,0.01245583084,-0.04450239527,0.0124930207,-0.01470884832,0.02762206971,-0.07386598552,0.02546380918,0.005043015242,0,0.004285465318,0.01049842824,0.008404043306,0,0.001013287971,-0.1263018129,0.0015924837,0,-0.0002066543613,0.002438753936,0.03439342705,0.01773031802,0.01049842824,0.00239887221,0.02227762176,0.0869376451,0.02546380918,0.01861901107,0.02519981308,0.01069181737,-0.1971409837,0.002015127979,0,0.0002351956083,0.00436526217,0.01014447169,0.008071589533,0.008404043306,0.01861901107,0.001133613173,0.002021249004,0.005043015242,0.00239887221,0.01168549743,-0.0001520618009,0.1367639376,-0.0326963362,-0.01389974607,-0.003561043436,-0.05243777769,-0.08772380064,-0.06326162156,0,0.02519981308,0.01168549743,0.008977462145,0,0.02227762176,0.001133613173,0.06311865475,-0.135377645,0.00670638327,0.003342556672,0,0.02597002467,0.008485509826,0.00372402065,0.001013287971,0.01069181737,-0.0001520618009,0.06311865475,0.004285465318,0.0869376451,0.002021249004,0.008977462145
1,1,1,1,0,1500,500,v1,0.005076102623,0.05664632175,0.01087750439,0.00896387824,0.1524249287,0.00235128202,0.05003283885,0.4287887352,0.001272407794,0.01746051046,0.007836135473,0.0006129241226,0.0009002129716,0.001787051685,0.002087505161,0.002077511252,0.0118319906,0.0001825183518,0.001677017723,0.03328474107,9.877070097e-05,0.001331084594,0.0006082802993,4.757825717e-05,0,0.006262693355,0.00731562764,0,0.01540981995,0.002959069168,0.005877081139,0.01361071671,0.0003461403035,0.004664764154,0.004749881618,0.0001667372228,0,0.003196991741,0.00741350877,0,0.001399356781,0.002998660717,0.007378016675,0.002471121003,0.0006481906857,0.004727177444,0.004813433757,0.002160230028,0,0.001524349467,0.003026052023,0,0.000667223733,0.007445824694,0.003517893288,0.001178248894,0.02003535734,0.002839729213,0.006576521396,0.05636174873,0.1813667473,-0.01352643472,-0.104690896,-0.02577009009,-0.5807802088,-0.009487928603,-0.001795138567,0,0.002629581985,0.003913632066,0.004347495047,0,0.00503442625,0.003554840966,0.002520992723,-0.5344559175,0.001412986577,0.001981956422,0.002624781936,0.04485381848,0.0006562791197,5.871457004e-05,0,0.004769802107,0.05090150235,0.007768771709,0,0.008546798007,0.04503946826,0.01269948324,-0.1103899561,0,-0.008317596593,-0.003758144023,0.02709211888,0.006473029237,0.0003926170607,0.00503442625,0.008546798007,0.180893779,0.002445948538,0.002629581985,0.004769802107,0.5089776297,0.007967030452,-0.03804386828,0,-0.008438497858,-0.003445629759,0.003233221538,0.005651557567,0.001889663493,0.003554840966,0.04503946826,0.5089776297,0.00135771883,0.003913632066,0.05090150235,0.180893779,0.0006579915736,-0.637179528,0,0.001916172457,0.001356658154,0.001415479775,0.0136381301,0.0760121173,0.002520992723,0.01269948324,0.007967030452,0.0006579915736,0.004347495047,0.007768771709,0.002445948538,0.00135771883
1,1,1,1,0,1500,500,v1,0.2187253806,0.05989291217,0.007173928643,0.1650694353,0.10836472,7.508942459e-05,0.02194531108,0.01953580334,0,0.1422756676,0.0001689733537,0,0.0006672751409,0.005886971681,9.786523371e-05,0.0002043907632,0.06456144355,4.473671549e-05,0.004571203847,0.01163902481,0,5.781391071e-05,0.0001006708054,0,1.366807462e-05,0.001531804827,2.546477977e-05,3.311650185e-06,0.00928479323,0.001112125654,0.00118943873,0.003402033201,0,1.504332487e-05,0.0220560348,0,4.732309621e-06,6.01149158e-05,8.81669333e-06,1.146595587e-06,0.01173982971,0.0003850522534,1.841359398e-05,0.008859909427,4.030337293e-06,5.208463737e-06,0.007636480531,9.069447694e-06,1.461764066e-05,0.0001856890837,0.00163822434,3.541721403e-06,0.0362631835,0.009929838317,5.68777873e-05,0.02736739196,0.01796613505,0.001272072945,0.003638383623,0.003238903594,0.233072847,-0.383468353,-0.08143752944,-0.1491884625,-0.1225222597,-0.0001670012873,0,1.848095226e-05,0.0007109905243,0.004177227562,0.0001425428592,3.502020558e-06,0.0002275938213,0.003210317554,8.377777179e-05,-0.09616962089,-0.0008237398814,-0.01014428083,-0.0001373316161,0.07135554166,-1.576549117e-05,0,3.502020558e-06,0.2561347616,0.06104517311,0.008524581761,1.848095226e-05,0.1933984847,0.02229996934,0.1688128203,-0.216903087,-1.194460015e-05,0.002471335345,-1.069587406e-05,0.01253780744,0.02303765587,0,0.0002275938213,0.1933984847,0.0379941975,8.986669296e-05,0.0007109905243,0.2561347616,0.007098585803,0.0001676970504,-0.4473339057,1.17649518e-06,7.320781864e-05,-2.852930334e-06,0.02044871342,0.007925871507,1.105761626e-05,0.003210317554,0.02229996934,0.007098585803,0,0.004177227562,0.06104517311,0.0379941975,0,-0.4915203241,-3.887210226e-06,0.0001248091659,0.002747915417,0.0633308088,0.01333629375,0.02110486242,8.377777179e-05,0.1688128203,0.0001676970504,0,0.0001425428592,0.008524581761,8.986669296e-05,0
1,1,1,1,1,1500,500,v1,0,0,0,0,0,0,0,0,0,0,0,0,0.08476596945,0,0,0.08550104996,0,0,0,0,0,0,0,0,0,0,0,0,0,0,0,0,0,0,0,0,0,0.0196010287,0,0,0,0,0.01977100652,0,0,0,0,0,0,0.3934743909,0,0,0,0,0.3968865545,0,0,0,0,0,0,0,0,0,0,0,0,0,0.4336360167,0,0,0,0.4374144173,0,0,-0.7509357141,0.1702354251,0,0,0,0,0,0,0,0,0,0,0,0,0,0,0,0,0,0,0,0,0.4374144173,0,0,0,0.4336360167,0,0,0,-0.6200538321,0,0.03935354339,0,0,0,0,0,0,0,0,0,0,0,0,0.2095889685,0,-0.7902892576,0,0,0,0,0,0,0,0,0,0,0,0
1,1,1,1,2,1500,500,v1,0,0,0,0,0,0,0,0,0.1169504437,0,0,0.3740014755,0,0.0006000934945,0.0001602192019,0,0,0,0.0006628512407,0,0.0414576188,0.0002688528975,0,0.1325793226,0,0.001125213141,0.0003004211062,0,0,0,0.001242887872,0,0.07773564936,0.0005041161354,0,0.2485945897,0,0,0.0001434998353,0,0,0,0,0,0,0.0002407972705,0,0,0,0,0.001630704622,0,0,0,0,0,0,0.001801243626,0,0,0.4890289421,0,0,0,0,0,-0.4794345798,0,0,0.0009296222929,0.0002735454307,0,0,0.001027539895,0.0003993978173,-0.1667915036,0,0.0009975956915,5.008411318e-05,0,0,0.1735847832,0,0,0,0,0,0,0,0,-0.3062404163,0,-0.0009562591418,-0.0004065258255,0,0,0.3154441588,0,0,0,0,0,0,0,0,-0.0003564417126,0,0,-9.218711988e-05,0,0,0,0.001027539895,0,0,-0.002893935356,0.0009296222929,0,0,-0.01149760813,4.13365502e-05,0,0,-0.001346111342,0,0,0,0.0003993978173,0,0,-0.01149760813,0.0002735454307,0,0,-0.002893935356
1,1,1,1,2,1500,500,v1,0.007491441945,0,0.0001143565182,9.493960231e-05,0.002281454337,0.0001293364786,0,0.0008711435029,9.95193729e-05,0.0009055748509,0.0002338327537,0.0002332680544,5.02891272e-05,0.006177821586,0.01078956289,0.0006541961339,0.01300729769,0.0007373884511,0.01959811248,0.00496666652,0.0005673916362,0.01705765556,0.001333154991,0.001329935461,0.0009864685632,0.01321556218,0.02308097396,0.02812621423,0,0.001394718313,0.04192417512,0,0.001213761087,0.03648964356,0.01104459849,0.00284499067,0.0006986111269,7.618625526e-05,0.01634580749,0.01991881642,0.06470580527,0.0009877311537,0.0009910840856,0.0008200214945,0.001117117514,0.02584174697,0.007821718488,0.002019682824,0.002774645046,0.0003025858129,0.03717147762,0.07911074298,0.2569893824,0,0.003936247853,0.003256845604,0.07826391039,0.1179203364,0,0.02988405069,-0.2979409762,0.007500029592,0,0.0005028148353,0.003134321098,0.0002196403218,0.0001116940245,0.001747146053,0.0002733118061,0.02888989714,-0.006884949787,0.0470778518,0.003501829584,0.08521001589,-0.01009332892,-0.2265556645,0.0006649954384,0.02538724781,0.02349966665,0.01771273471,-0.0001774305404,0.0002791883807,0.0470778518,0.2774405747,0,0.001241978627,0.001747146053,0.003529771313,0,0.009609273254,-0.1372272314,0.02686740406,0.05176036195,-0.03716500509,0,-0.008376569689,-0.003296188423,0.003501829584,0.003529771313,0.09454542046,0.001005914216,0.0002733118061,0.2774405747,0.03609615906,0.001881664674,-0.3295786293,0.02034378995,0.0009671137387,0.024984191,0.06439051872,0.0006395869259,-0.001967262374,0.08521001589,0,0.03609615906,0.001341669892,0.02888989714,0,0.09454542046,0.003016289136,0.2187285156,-0.07976119261,-0.004148870106,-0.1532142184,-0.2592041123,0,-0.1079414422,-0.01009332892,0.009609273254,0.001881664674,0.003016289136,-0.006884949787,0.001241978627,0.001005914216,0.001341669892
1,1,1,1,3,1500,500,v1,0.09462820271,0,0.05886325925,0.1090985141,0.00298210104,0.006358888115,0,0.0007349381179,0.0005651310945,0.0245323142,0.002296965951,0.001193645445,0.03273605462,0,5.661276106e-05,0.01849819207,0.005996553718,0.0127867613,0,0.001477849289,0.001136393073,1.718231223e-06,0.004618850779,0.002400240277,0,0,3.098772322e-06,0,0,0.006478866205,0,0,6.22019371e-05,9.404959691e-08,0.00270018316,0.0001313802401,0,0.0294570902,5.094221733e-05,0,0.1712235408,0.1065092159,0.01664534467,0.1974066224,0.01150599195,1.546126823e-06,0.04438961726,0.004156209586,0,0.001979017991,0,0,0.01150332451,0,0.001118285491,0.01326238453,0.0003625142929,0,0,8.93415644e-05,-0.4970419119,0.1978666195,0,0.08036276601,0.0005504830114,0.00782525984,0.0008131503696,0,0.01362433248,0,6.258054694e-05,0,0.008124342214,0,1.695954391e-06,-0.00254857484,-0.006962290097,0,-2.03278595e-05,-0.00512033016,-0.006567783563,-0.003214516183,0,0.09828050515,0,0.06213417066,0,0.1134375498,0,0.02574543982,-0.07012199448,0,0,1.247686299e-06,0,0.009090122778,0.0001698748282,0.008124342214,0.1134375498,0.005040905651,0.004697567312,0.01362433248,0.09828050515,0.00118700925,0.0005650641354,0.3092994926,0,-0.01060402335,-2.377082771e-05,-0.3636486714,-0.1480392957,-0.004765897244,0,0,0.00118700925,0.0009679180512,0,0,0.005040905651,0.00237931842,-0.1879182123,0,0.00306719697,0,0.02463668203,0,0.0004179038766,1.695954391e-06,0.02574543982,0.0005650641354,0.00237931842,6.258054694e-05,0.06213417066,0.004697567312,0.0009679180512
1,1,1,1,1,1500,500,v1,0,0,0,0,0,0,0,0,0,0,0,0,0,0.7899420565,0,0,0,0,0.07054206573,0,0,0,0,0,0,0.03389942787,0,0,0,0,0.003027229212,0,0,0,0,0,0,0,0,0,0,0,0,0,0,0,0,0,0,0,0.09417900679,0,0,0,0,0,0,0.008410213929,0,0,0,0,0,0,0,0,0,0,0,0.992829267,0,0,0,0.08869690419,0,0.1394439472,0,-0.8604613956,0,0,0,0,0,0,0,0,0,0,0,0,-0.7579264746,0,0.03690902637,0,0,0,0,0,0,0,0,0,0,0,0,0,0,0,0,0,0,0,0.08869690419,0,0,0,0.992829267,0,0,0,-0.8235523693,0,0,0.1025349208,0,0,0,0,0,0,0,0,0,0,0
1,1,1,1,1,1500,500,v1,0.03812194588,0.202358567,0.003953349937,0.0728786938,0.008439688044,0.01070295118,0.03481593759,0.000104224942,0,0.0008281089518,0.01036409464,0,0.1877118418,0,0,0.09572512186,0.02711978197,0.03439246818,0,0.0003349125806,0,0,0.03330359908,0,0.0004897007619,0,0,0.0004952174986,0.01194967036,0.0002334530692,0,0.002055949414,0,0,4.890145813e-05,0,0.006590623746,0.04642607194,0,0.006664870589,0.03029738385,0.003141921477,0.02367533849,0.05792027949,0.008506161288,0,0.0006581388804,0.00823685534,0.0005650742988,0.003980530685,0,0.0005714401581,0.002597671115,0.01378893423,0.002029902755,0.004966033958,0.0005750895802,0,0.002372396092,7.102001615e-06,0.01408370418,-0.08398935819,-0.2370279439,-0.003079728735,0.008049869848,0.02076895425,0,0.00825382955,0.2055261669,0,0,0.009077994147,0.1047722792,0,0,0.1212181211,-0.2823291477,0,0,-0.02664397432,-0.06676661195,0,0.009077994147,0.01296999833,0.2651400251,0.002757304658,0.00825382955,0.02333372007,0.04561972642,0.0004870071171,-0.2353531127,0.0003128665179,0,0,0.01387859024,0.0002710659274,0,0.1047722792,0.02333372007,0.02669103833,0.02249393657,0.2055261669,0.01296999833,0.0003343556922,0.02196464235,-0.4004791771,-0.01276859089,0.06945834763,0,0.05236043956,0.0006457882873,0.01635860506,0,0.04561972642,0.0003343556922,0,0,0.2651400251,0.02669103833,0,-0.4986988956,0.0009011752688,0.006005169379,0,0.007426439612,0.01597618614,0.0005771751538,0,0.0004870071171,0.02196464235,0,0,0.002757304658,0.02249393657,0
1,1,1,1,2,1500,500,v1,0.0005415849772,0.002920822087,0.03051212924,0.0004843620321,0.01015662347,0.0007586764081,0.0001944495426,0.01383883628,0,0.002923102456,0.00339729767,0,0.2568153495,0.003425388219,0.007765605,0.05499972236,0.01270645531,0.0009491429806,0.002103023353,0.01731309182,0,7.431004686e-06,0.004250193102,0,0.0004947610282,0.01356179946,0.03074558882,0.001992663887,0.01446730653,0.1511315354,0.008326291549,0.0009631401893,0,2.942083902e-05,0.01447860157,0,3.829009363e-05,0.07868998104,0.00237943453,0.0001542144236,0.0002076061111,0.01169623376,0.01685229142,0.0001856708035,0.0002908239064,2.276910703e-06,0.001120514709,0.00130228826,7.955142815e-05,0.16348616,0.002180568909,0.0003203956031,0.000431322075,0.002326163199,0.03501228967,0.0003857493201,0.008088806182,0.001338764264,0.0001548609797,0.01102134629,-0.1624336679,-0.0004725072044,0.003023902416,0.03315512977,-0.007022245269,-0.0008496029071,0,0.0005644438296,0.01794123483,0.01200346759,0.03100307463,0.002283281749,0.003934315145,0.007357118082,3.022827986e-05,0.2394629146,-0.2897227908,0.005244788511,0.007268679928,-0.01201045163,-0.003334787876,0,0.002283281749,0.0005186033693,0.01384094971,0.1632518806,0.0005644438296,0.0003247026479,0.0009363420536,0.01565797688,0.06990420101,-0.002354958105,-0.02149329057,-0.03031943548,-0.01527246315,-0.1650832302,0,0.003934315145,0.0003247026479,5.524493603e-05,0.0008670008177,0.01794123483,0.0005186033693,0.002425697284,0.004020085841,-0.2712031057,0.0001820326447,0.09455852875,0.002361886947,0.000254913512,0.01265486205,0.0009263330177,0.007357118082,0.0009363420536,0.002425697284,0,0.01200346759,0.01384094971,5.524493603e-05,0,-0.2450845375,0.0002744417438,0.1805805619,0.003341444955,-0.0003446103182,0.002397032895,0.0173787354,3.022827986e-05,0.01565797688,0.004020085841,0,0.03100307463,0.1632518806,0.0008670008177,0
1,1,1,1,4,1500,500,v1,0.02938155758,0.008245162854,0.004629116023,0.008154901454,0,0,0.004204022429,0,0,0.01924372462,0,0,0.05087009747,0.04852962466,0.002270634484,0.008873306703,0,0,0.1128332302,0,0,0.001535854938,0,0,4.674360263e-05,0.004282927153,0.000200392279,0.0005264990232,0.001573379564,0.000883349023,0.009957969148,0.0008022307254,0,0.000135545141,0.003672175262,0,0.0001813555443,0.01741826849,0.0007774807413,0.002042707698,0.02175292877,0.003427212149,0.003038280763,0.006037562507,0,0.0005258872108,0.01424728318,0,0.0009620017771,0.09239532937,0.08814432993,0.01083555754,0.1153885657,0.03238077195,0.01611658196,0.03202629335,0,0.2049389324,0.01651022472,0,-0.1586197187,0.03583405423,0.01209337555,-0.01689960664,0,0,0,0.001119681764,0.03565250689,0.05346203772,0.002232523022,0.01242983739,0.006988593797,0.1238784414,0.001520173301,-0.3591868031,0.05540345749,0.1579503939,-0.003323232523,0,0,0,0.01242983739,0.09644731101,0.03389673105,0.004459968012,0.001119681764,0.02683687439,0.0173167629,0.01243019594,-0.1961652975,0.0005105789863,0.01415609251,0.0002967508092,0.002340338538,0.003697301338,0,0.006988593797,0.02683687439,0,0,0.03565250689,0.09644731101,0,0,-0.1852950855,0.002037810735,0.02011579226,0.0005246841644,0.02726282554,0.001942196017,0,0.1238784414,0.0173167629,0,0,0.05346203772,0.03389673105,0,0,0.3277047193,-0.01158140249,-0.1039466502,-0.2903334726,-0.1452863368,-0.04857604341,0,0.001520173301,0.01243019594,0,0,0.002232523022,0.004459968012,0,0
1,1,1,1,3,1500,500,v1,0,0,0.0233786033,0,0,0,0,0,0,0.1213281269,0,0,0,0,0,0,0,0,0,0,0,0,0,0,0,0,0,0,0,0.1325976683,0,0,0,0,0.6881431936,0,0,0,0,0,0,0.005582235423,0,0,0,0,0.0289701724,0,0,0,0,0,0,0,0,0,0,0,0,0,-0.7861049555,0,0,0.1441994481,0,0,0,0,0,0,0,0,0,0,0,0,0,0,0,0,0,0,0,0,0,0.1558003249,0,0,0,0.8070579355,0.1787380584,0,0,0,0,-0.8206435659,0,0,0,0,0,0,0,0,0,-0.6764441178,0,0,0,0,0.0345386104,0,0,0,0,0,0,0,0,0,0,0,0,0,0,0,0,0,0.8070579355,0,0,0,0.1558003249,0,0
1,1,1,1,1,1500,500,v1,0,0,0,0,0,0,0,0,0,0,0,0,0,0,0,0,0,0,0,0,0,0,0,0,0.01360015627,0,0,0.6899456169,0,0,0,0,0,0,0,0,0.0004990791739,0,0,0.02531864205,0,0,0,0,0,0,0,0,0.005231640798,0,0,0.2654048648,0,0,0,0,0,0,0,0,0,0,0,0,0,0,0,0.01182054588,0,0,0,0.6018883253,0,0,0,0,0,0,0,0,0,0,0.6018883253,0,0,0,0.01182054588,0,0,0,0.2923229808,-0.7014622296,0,0,0,0,0,0,0,0,0,0,0,0,0,-0.4348775879,0.02573833959,0,0,0,0,0,0,0,0,0,0,0,0,0,-0.6757238911,0.2665846414,0,0,0,0,0,0,0,0,0,0,0,0,0
1,1,1,1,3,1500,500,v1,0.09030791223,0.06150193232,0.008016341041,0.001742994022,3.644397324e-05,0.000954410995,0.1544972341,0.0001144478271,0.03894012533,0.02145803917,0.004895802165,0.0833444785,0.06615128705,0.04401575411,0,0.04275204954,4.692791078e-05,0.001228969018,0.02529020289,0.0001473713468,0.05014213777,0,0.006304190974,0.1073204128,0.0001377976925,0.01349383881,0,0.001148153525,0.02427848781,0.003164528835,0.00775317675,0.06098929048,0.01537199438,0,0.00847077031,0.03290104601,1.181593473e-05,0.00173896887,0,9.845235333e-05,0.003056925202,0.0002713533549,0.001123855432,5.900039343e-05,3.230683726e-05,0,0.0007263551897,0.0001657230319,1.225752481e-05,0.001803958347,0.001200318098,0.0001021317561,0.003171169898,0.002159645502,0.00116585663,6.120538097e-05,1.279733171e-06,0.000689668707,0.00542518331,4.018845029e-06,0.05011176087,-0.09174892982,-0.2125229701,-0.0283334808,-5.298872153e-05,0.0007038426619,0.04893308135,0.000154850627,0.09376524618,0.04579474308,0,0.001267038746,0.0604938857,0.02761880963,0,0.1221324321,-0.1085470314,-0.06776618802,0,-0.0001041519091,-0.004745358265,-0.09932377587,0.001267038746,0.1257415364,0.05286477909,0.006996960712,0.000154850627,0.002427958393,0.1326446398,0.01883022957,-0.3487931246,-0.001076152366,0.01709555634,0,0.08144906647,0.01015259433,0.04782161746,0.0604938857,0.002427958393,5.679819931e-05,0.0009654189904,0.09376524618,0.1257415364,0.0001761285197,0.004806462008,-0.2174894086,8.805254729e-05,0.002843104632,0,0.003102171358,0.0009627596098,0.0001935949384,0.02761880963,0.1326446398,0.0001761285197,-0.001036886848,0.04579474308,0.05286477909,5.679819931e-05,0.004890502393,-0.3772404551,4.017356997e-05,0.00286450521,0.001728263233,0.003200428422,0.007400957741,1.856151227e-06,0,0.01883022957,0.004806462008,0.004890502393,0,0.006996960712,0.0009654189904,-0.001036886848
1,1,1,1,4,1500,500,v1,0,0,0,0,0.002095980227,0.08343650717,0,0.007766370321,0.001725628599,0,0.04424076312,0.002828162357,0,0,0,0,0.01082358577,0.430863889,0,0.04010532839,0.00891109988,0,0.2284581162,0.01460455469,0,0,0,0,0,0,0,0,0.003738154943,0,0,0.006126526359,0,0,0,0,0,0,0,0,0.06211140974,0,0,0.03293349948,0,0,0,0,0,0,0,0,0.004086914951,0,0,0.01514350879,-0.609298893,0,0,0,0.009856195456,0.1275519135,0.004511749349,0,0,0,0,0,0,0,0,0.265737972,0,0,0,-0.05080839296,-0.6589530171,-0.02335561296,0,0,0,0,0,0,0,0,-0.01884386363,0,0,0,0,0,0.009640315039,0,0,0.006948664665,0.4276274809,0,0,0.0257520809,0.2269350217,-0.5314011035,0,0,0,0,0,0.09502609942,0,0,0.0257520809,0.005234173001,0,0,0.006948664665,0.008571149951,-0.04095219752,0,0,0,0,0,0.01915170047,0,0,0.2269350217,0.008571149951,0,0,0.4276274809,0.005234173001
1,1,1,1,0,1500,500,v1,0,0,0.453199784,0,0,0,0,0,0,0.2538040024,0,0,0,0,0,0,0,0,0,0,0,0,0,0,0,0,0,0,0,0.01973773982,0,0,0,0,0.0110536623,0,0,0,0,0,0,0.1680771252,0,0,0,0,0.09412768627,0,0,0,0,0,0,0,0,0,0,0,0,0,0.2928949083,0,0,-0.7068681913,0,0,0,0,0,0,0,0,0,0,0,0,0,0,0,0,0,0,0,0,0,0.3980566163,0,0,0,0.2229033082,-0.4447640094,0,0,0,0,0.03079072652,0,0,0,0,0,0,0,0,0,-0.6760774623,0,0,0,0,0.2621041818,0,0,0,0,0,0,0,0,0,0,0,0,0,0,0,0,0,0.2229033082,0,0,0,0.3980566163,0,0
1,1,1,1,4,1500,500,v1,0.00176713356,3.842320317e-05,0.006571366874,0.000287146072,0.0005569437807,0,2.321662554e-05,0.002775635151,0.002824720729,0.001259525176,0,0.00446604767,0.001126500585,0.004649315835,0.003970840013,0.0007239769324,0.002148935793,0,0.03581686073,0.01070962983,0.01089902373,0.0007689576651,0,0.01723199006,0.001575507298,0.007766913283,0.006633485685,0.04696331344,0.0002476652387,0.04235719595,0.05983384679,0.0001496478854,0.01820736107,0.001284582015,0.008118547585,0.02878689622,0.006912424666,0.008256591923,0.02910394013,0.2060481514,0.04997477583,0.185839143,0.005306328442,0.008120529711,0,0.005636010964,0.03561954213,0,0.001313086886,0.001568425423,0.006473236901,0.03914098722,0.009493227913,0.000206413501,0.001007992221,0.001542578992,0.002991960746,0.04986777254,0.0001247221617,0.01491100485,-0.2680641841,0.001292442348,-4.162579505e-06,0.00766581153,0.001411882034,0,0.004187286268,0.006413402617,0.008885853413,-0.003483713764,0.03003274953,0.1890890174,0.005779268825,-0.02152256546,0.006105149237,-0.09591238018,0.001310884179,0.0312960579,0.00207137344,-0.004405829766,0,0.006693242669,0.1890890174,0.06139940523,0.000332696359,0.2062040338,0.006413402617,0.01003297448,0.0001746438999,0.03949939852,-0.3541506101,0.03832597443,-0.03070195166,0.006637134008,-0.0002296650049,0.04910310585,-0.03821670228,0.005779268825,0.01003297448,0.003780127235,0,0.008885853413,0.06139940523,0.0178388488,0,0.1525428897,-0.2057072411,-0.01305538069,-0.03280043993,-0.05603612414,-0.2205712056,0,-0.02152256546,0.0001746438999,0.0178388488,0.01661272859,-0.003483713764,0.000332696359,0.003780127235,0.02439153138,-0.2365031141,0.03704632021,0.001967748347,0.01607674654,0.00712209542,-0.0001043992548,-0.01141870295,0.006105149237,0.03949939852,0,0.02439153138,0.03003274953,0.2062040338,0,0.01661272859
1,1,1,1,4,1500,500,v1,0.0003583487496,0,0,0.0003497719927,0,0,0,0,0,0,0,0,0.001461171959,0,0,0.001010080728,0,0,0,0,0,0,0,0,0.0003944503172,0,0,0.0007369513455,0,0,0,0,0,0,0,0,0.0001624150055,0.06399460866,0,0.0003034398798,0.008731940451,0,0.04423827088,0.008522949263,0,0,0,0,0.001121508915,0.4418958946,0,0.002095314589,0.06029583926,0,0.3054743312,0.05885271225,0,0,0,0,-0.1017385045,0.0007039087462,0,0,0,0,0,0.0009019765987,0.5646224549,0,0,0.001599575538,0.3903023707,0,0,-0.6390846553,0.00246810348,0,0,0,0,0,0.001599575538,0.07666021744,0,0,0.0009019765987,0.07489167673,0,0,-0.002651842424,0.0009841409971,0,0,0,0,0,0.3903023707,0.07489167673,0,0,0.5646224549,0.07666021744,0,0,-0.8651016347,0.0004609000862,0.1081324426,0,0.01718944327,0,0,0,0,0,0,0,0,0,0,0.1299389389,-0.003112742512,-0.7472170978,0,-0.1189279478,0,0,0,0,0,0,0,0,0,0
1,1,1,1,1,1500,500,v1,0.0005937796006,0,0.02277768145,0.000155481825,1.026679181e-05,0.002469953068,0,5.922295909e-07,0.09145691533,0.003420342479,0.0006218127883,0.1574249045,0.003575852968,0,2.993705517e-06,0.00552344229,1.900054212e-06,0.0004571091747,0,1.09602722e-07,0.01692574471,4.327345782e-07,0.000115077624,0.02913430586,0,0,1.990209191e-05,0,0,0.02802401789,0,0,0.1125219982,2.876810461e-06,0.004208142916,0.1936842584,0,0.07843582324,6.56665022e-05,0,0.002410412196,0.09246461331,0.1211559164,0.0006311690178,0.01002662435,9.49197106e-06,0.01388467239,0.002524211218,0,0.002036193588,0,0,6.257428883e-05,0,0.003145206997,1.638514462e-05,1.081945549e-06,0,0,6.241094413e-08,-0.2953758964,0.000211264537,0,0.02566679003,-8.707432251e-06,0.0004429715969,0.1877898475,0,0.108912034,0,9.467703519e-05,0,0.1681107346,0,1.342657137e-05,-0.2710867204,0.008913768308,0,2.615948695e-06,1.584407851e-06,0.0005031189585,0.04602665933,0,0.00266492927,0,0.06279648807,0,0.0006930703193,0,0.009428515039,0.1542788538,0,0,-1.399878873e-05,0,0.03132958017,-0.2554417776,0.1681107346,0.0006930703193,1.053060871e-05,0.01099679575,0.108912034,0.00266492927,5.850649774e-07,0.002881771228,0.07218275642,0,-0.1986945692,-6.068623102e-05,-0.002477620766,-0.1051463722,-0.01019846855,0,0,5.850649774e-07,0.01246377191,0,0,1.053060871e-05,0.01997413382,-0.19205428,0,0.005098954902,0,2.768982969e-05,0,-2.874247241e-07,1.342657137e-05,0.009428515039,0.002881771228,0.01997413382,9.467703519e-05,0.06279648807,0.01099679575,0.01246377191
1,1,1,1,2,1500,500,v1,0,0,0.003173128556,0,0,0.0144470075,0,0,0.0109695796,0.003095950496,0.005937476915,0.0368224838,0.02124641001,0.02107339931,0.004215447115,0.002683547072,0,0.01914935897,0.004067104242,0,0.01454006427,0.002004082844,0.007870064223,0.04880782132,0.001229113034,0.07666923285,0.01533663799,0.0004811387474,0,0.01530208222,0.01479693701,0,0.05289965594,0.007291253396,0.01492989906,0.1775725958,0.001962910028,0.123447031,0.02449281692,0.0007683850438,0,0.02443763089,0.01559208913,0,0.1112626326,0.01164422963,0.02384324938,0.04572706926,0.0001378228583,0.008667652834,0.008597071651,5.395103266e-05,0,0,0.001094775746,0,0,0.001659209607,0,0,-0.3160204566,0,0,0.006087361637,0,0.02008731861,0.04722556571,0.001256713782,0.1405316785,0.07024422655,0.01023624833,0.0005365859335,0.01773468986,0.01380346055,0.006600486711,-0.5447782815,0.02352672756,0.02439109949,0.005886110812,0,0.02644658783,0.06256219822,0.0005365859335,0,0,0.009832044608,0.001256713782,0,0,0.01030072374,0.0876625767,7.846166349e-05,-0.09039522905,0.01027238623,0,0.020295908,-0.2292076184,0.01773468986,0,0,0.1166758117,0.1405316785,0,0,0.04799195383,0.122482796,-0.001419930697,-0.1386936373,-0.02738298706,0,-0.03980511524,-0.1563124169,0.01380346055,0,0,0.04101648576,0.07024422655,0,0,0.1381132959,-0.1825125078,0.0001459358905,0.009655997348,0.00997233823,0,0,0,0.006600486711,0.01030072374,0.04799195383,0.1381132959,0.01023624833,0.009832044608,0.1166758117,0.04101648576
1,1,1,1,1,1500,500,v1,0.02993067926,0.002982290439,2.468549732e-05,0.08122348895,0.01069904755,0.01699862063,0.01408708487,0.0476392867,0,0.01428642385,0.01719508327,0,0.003226476878,0,0,0.02931700983,0.002348341476,0.003731039204,0,0.01045638056,0,0,0.003774160927,0,0.02129193687,0,0,0.003711496797,0.0002016204104,1.668885108e-06,0,0.0009523699618,0,0,0.0009658464522,0,0.1156359168,0.005397275199,0,0.02015703586,0.01098951964,9.063668596e-06,0.04904171828,0.02982248145,0.006241310919,0,0.005245485214,0.006313445266,0.1949090232,0.009097326039,0,0.03397550067,0.01852328063,0.001845658171,0.08266180325,0.05026700085,0.00662134857,0,0.008718112409,0.02948265454,0.1237869027,-0.08750144745,-0.009724178251,-0.01212537731,-0.04966183338,-0.03147140059,0,0.09386642816,0.0008931201065,0,0,0.01517587599,0.006467318483,0,0,-0.08569050078,0.0294668553,0,0,0.01132732444,0.006332306861,0,0.01517587599,0.003692757664,0.003765681512,2.683966018e-05,0.09386642816,0.01252466677,0.014967336,0.01458313705,-0.1214419872,0.02486703629,0,0,0.001053501185,0.0005979174097,0,0.006467318483,0.01252466677,0.005331440943,0.01224330553,0.0008931201065,0.003692757664,0.02013852024,0.01277231599,-0.330697414,0.1222951159,0.04334612938,0,0.03997617033,0.001787475417,0.008462012649,0,0.014967336,0.02013852024,0,0,0.003765681512,0.005331440943,0,0.1254446742,-0.2198570218,-0.07771994375,0,0.03671366088,-0.003818001287,0.02135453491,0,0.01458313705,0.01277231599,0,0,2.683966018e-05,0.01224330553,0
1,1,1,1,2,1500,500,v1,0,0,0,0,0.2424358046,0.1188004893,0,0.0975152059,0.05654301205,0,0.1707449488,0.007624817638,0,0,0,0,0.0210948101,0.01033706125,0,0.008484987413,0.004919917269,0,0.01485684953,0.0006634501879,0,0,0,0,0,0,0,0,0.01123450251,0,0,0.001514971166,0,0,0,0,0,0,0,0,0.05471661873,0,0,0.07864097465,0,0,0,0,0,0,0,0,0.07122334057,0,0,0.02864823837,0.3050303757,0,0,0,-0.339626289,-0.2887714702,-0.06399344308,0,0,0,0,0,0,0,0,-0.4475923389,0,0,0,0.02954722434,0.02510991859,0.005574375345,0,0,0,0,0,0,0,0,-0.05841906777,0,0,0,0,0,0.01269498756,0,0,0.2251986848,0.0809840297,0,0,0.09056823529,0.1157041686,-0.2636615516,0,0,0,0,0,0.1325360861,0,0,0.09056823529,0.06043257265,0,0,0.2251986848,0.008153547679,-0.3100790645,0,0,0,0,0,0.09956778397,0,0,0.1157041686,0.008153547679,0,0,0.0809840297,0.06043257265
1,1,1,1,4,1500,500,v1,0.02227728802,0,0.05168311601,0.01876833764,0.06830600967,0.003866510276,0,0.006389657218,0.004990623091,0.01714147206,0.002818394248,0.1261510286,0.007462353831,0,0.09959824914,0.0002802569806,0.04782354402,0.002707085735,0,0.004473633502,0.003494118369,0.02949722423,0.001973261241,0.08832296455,0,0,0.07017936187,0,0,0.0254970093,0,0,0.002462041246,0.0207844655,0.008456461338,0.06223452063,0,0.005643726673,0.07532546807,0,0.01179601447,0.0273666518,0.0002119564191,0.00993799524,0.002047350248,0.022308547,0.009076556006,0.00149236385,0,0.003123084709,0,0,0.0065275933,0,0.0001172909125,0.005499416037,0.02001472758,0,0,0.001872269354,0.1945345132,-0.03782863775,0,-0.05460605162,-0.06319888889,-0.004751742222,-0.1083836947,0,0.009053572068,0,-0.04140017032,0,0.000354248176,0,-0.01114577759,-0.008516097404,-0.004142424065,0,-0.05909029239,0.02187689412,0.002089506512,0.05002437866,0,0.02525727476,0,0.01783625136,0,0.01989267935,0,0.008590368318,-0.1299380054,0,0,0.06796119768,0,0.02103037692,0.05912640856,0.000354248176,0.01989267935,0.03188827086,0.001769240095,0.009053572068,0.02525727476,0.004817556801,0.002450750403,-0.06110330231,0,-0.002563612909,0.02615972665,-7.193971755e-05,0.01595792826,-0.0001510912811,0,0,0.004817556801,0.0003184743619,0,0,0.03188827086,-0.001469113064,-0.0859286095,0,0.0004341568142,0,0.007800608109,0,0.01685144308,-0.01114577759,0.008590368318,0.002450750403,-0.001469113064,-0.04140017032,0.01783625136,0.001769240095,0.0003184743619
1,1,1,1,0,1500,500,v1,0.0003877998878,9.952590411e-06,0.01321131543,0.01174076211,0.03444798015,0.0022545034,6.170920048e-06,0.03829086995,8.605971586e-06,0.01633307561,0.003098120017,1.908316953e-05,0,4.32042316e-05,1.077321033e-05,0,0.0008606663697,5.632769319e-05,0.0003714468646,0.0009566791402,2.150160994e-07,6.058076429e-05,7.740505238e-05,4.767838976e-07,0.0006900897882,0.0001056459573,2.634339454e-05,0.0007625461796,6.080423097e-07,0.0008071304471,0.0009082874097,3.770054151e-07,5.257721482e-07,0.0001481362497,0.000997850872,1.165864765e-06,0.005017879616,0,0.00019155186,0.005544734897,0.000172274098,0.005868922403,0,0.005215651852,0.001001528242,0.001077149496,0.007255716048,0.001376291867,0.0758030959,0,0.01160470822,0.08376208744,0.002602475741,6.679056885e-05,0,0.07879076179,0.231176015,0.09977107154,4.141225986e-05,0.2569651598,-0.5475879415,0.01205856915,1.603666973e-05,-0.02687131633,0.07259516103,-0.004203213933,-2.016589976e-05,0.1051658767,0,0.0171707973,0.0002492512831,0.1161394782,0,0.147616469,0.001467377044,-0.5293112406,0,0.0004132562579,1.993937354e-05,0.001813748394,0.0001061079694,3.605358253e-07,0.1161394782,0.003056637924,6.973564954e-05,0.01004388891,0.1051658767,0.09257068288,4.480247158e-05,0.01130071164,-0.2770835466,0.001438177254,0.0009982490128,5.987840924e-05,8.187522115e-07,0.001721025588,7.562111621e-07,0,0.09257068288,0.2936502701,0.001538328125,0,0.003056637924,0.3262229532,0.002492721248,-0.256231545,0.0105063737,0,-0.001224236668,0.005269141276,0.01092055706,0.001409739712,0.147616469,4.480247158e-05,0.3262229532,8.048525005e-06,0.0171707973,6.973564954e-05,0.2936502701,2.052520415e-05,0.1051095313,-0.1594814544,0,-0.1112696828,-0.08107925777,-9.321416933e-05,-0.4876577255,0.001467377044,0.01130071164,0.002492721248,2.052520415e-05,0.0002492512831,0.01004388891,0.001538328125,8.048525005e-06
1,1,1,1,1,1500,500,v1,0,0,0,0,0,0,0,0,0,0,0,0,0,0,0,0,0,0,0,0,0,0,0,0,0.2263049501,0,0,0.2467479532,0,0,0,0,0,0,0,0,0.1139956736,0,0,0.1242933445,0,0,0,0,0,0,0,0,0.1380918531,0,0,0.1505662254,0,0,0,0,0,0,0,0,0,0,0,0,0,0,0,-0.04205571181,0,0,0,-0.04365528413,0,0,0,0,0,0,0,0,0,0,-0.04365528413,0,0,0,-0.04205571181,0,0,0,0.5244036615,-0.4672629977,0,0,0,0,0,0,0,0,0,0,0,0,0,-0.1805923776,0.2377330414,0,0,0,0,0,0,0,0,0,0,0,0,0,-0.2295299563,0.2866706201,0,0,0,0,0,0,0,0,0,0,0,0,0
1,1,1,1,1,1500,500,v1,0.004541660195,0.002911975645,0.001279925406,0.001330159117,0,0,0.002214474538,0,0,0.01593322934,0,0,0.2301395647,0.0005652691455,0.01018817564,0.2272934719,0,0,0.002394223913,0,0,0.03142076636,0,0,0.06464524757,0.0003730011273,0.006722816959,0.05966526744,0.0106157159,0.004666015836,0.001579863726,0.008072949578,0,0.02073345302,0.05808518223,0,0.005335458794,0.01253375837,0.0005548638796,0.004924438962,0.001366505404,0.000385106967,0.01237875573,0.0004002214043,0,0.00171122377,0.004794027526,0,0.02626713265,0.06170526407,0.0001515605626,0.02424363048,0.006727477448,0.004313455794,0.06094216665,0.001970340157,0,0.0006419418539,0.003280260273,0,-0.07244601864,-0.001418229455,0.004497989829,0.01688826824,0,0,0,0.04952728127,0.233696164,8.495283523e-05,0.004784982148,0.04541201516,0.2306950613,0.0002098917311,0.01681868171,0.1707777317,-0.456375823,-0.002166768212,-0.03642829434,0,0,0,0.04541201516,0.00735505818,0.005245075218,0.004507092566,0.04952728127,0.001621241895,0.003985373404,0.05600314355,0.0564983141,-0.1223826983,0.001230753833,0.0197709479,-0.01712871293,-0.06237426532,0,0.2306950613,0.001621241895,0,0,0.233696164,0.00735505818,0,0,-0.4777024075,0.01023283576,0.02490149697,0.002254903852,0.00155352411,0.005145839738,0,0.0002098917311,0.003985373404,0,0,8.495283523e-05,0.005245075218,0,0,-0.5570556317,0.04885699824,0.121880178,0.0007394513352,-0.006119494698,0.006477090648,0,0.01681868171,0.05600314355,0,0,0.004784982148,0.004507092566,0,0
1,1,1,1,4,1500,500,v1,0.004338062107,0.001684935204,0.07055355741,0.008769530314,0.05728116481,0,0.01540907579,0.05236737544,0.06043265625,0.002711171338,0,0.01792449819,0,0.0004999494619,0,0,0.002978289428,0,0.001217964074,0.002722800787,0.003142148764,0,0,0.0009319702845,0.008749419423,0.002899810146,0,0.00498885706,0.0005081380576,0.02127734499,0.007064443207,0.004647026083,0.01822511186,0,0.0008176274874,0.005405620153,0.007938314421,0,0,0.004526370726,0.001186979845,0.01930485286,0,0.002399517453,0,0,0.0007418302588,0,0.07787489131,0,0.02580998682,0.04440371212,0.0116442763,0.004522722491,0,0.02353927433,0.1537547627,0.06287762883,0.0413612188,0.1405651126,-0.2895668984,0.0127267874,0.01656233845,-0.07227040303,0.1081945722,0,-0.07764247693,0.09172940224,0,0.03357122748,0,0.05224715995,0,0.08175655481,0,-0.3172175068,0,0.001712603984,0,0.00568152225,0,0.004027829837,0.05224715995,0.00921205759,0.003427490996,0.04520407019,0.09172940224,0.01862957703,0.03141072346,0.001744658058,-0.3510652594,0.01359326372,0.009881232344,0,0.00511153525,0.02147039124,0.02322159828,0,0.01862957703,0.1398625669,0,0,0.00921205759,0.1279134036,0,-0.1812403194,0.01236532918,0,0,0.003529514071,0.01950085957,0,0.08175655481,0.03141072346,0.1279134036,0.05829176783,0.03357122748,0.003427490996,0.1398625669,0.01729780538,0.189358697,-0.1219429676,0,-0.08847902469,-0.0348173912,-0.04489934996,-0.2923934079,0,0.001744658058,0,0.01729780538,0,0.04520407019,0,0.05829176783
1,1,1,1,2,1500,500,v1,0,0.0004866592105,0,0,0.001935532928,0,0.004538041113,0.005892981812,0.002225708125,0,0,0.00446199278,0.1474148612,0.01668508969,0.0392703862,0.04985609979,0.008163380478,0,0.0435530191,0.02485447391,0.009387234902,0.001767135953,0,0.01881907779,9.128663847e-06,0.00575206127,0.0135381752,8.128616334e-06,0.0007076025338,0,0.01501458122,0.006598312168,0.003236179805,0.0006092070502,0,0.006487737884,2.80173822e-06,0.01559755642,0.004155090332,2.494807065e-06,0,0,0.005275135243,0,0,0.0001869757399,0,0,4.616194457e-05,0.2569881546,0.0290870973,4.110489146e-05,0,0.00357821358,0.0869140803,0,0.01423121161,0.07592592713,0.0333664297,0.04332877522,-0.07323728364,0,0.004809750873,0,0.007465433088,0,0.006234387721,4.872557182e-05,0.1416033482,0.01026076378,0.03150864147,4.412322865e-05,0.04851361772,0.02620991245,0.00143702885,-0.4124960383,0.1899945241,0.05785166027,-0.03980190186,0.02912042629,0,-0.02775087928,4.412322865e-05,0,0.003585226381,0,4.872557182e-05,0,0.03341633808,0,-0.1341929117,1.551053421e-05,0.02065644752,0.01373204716,0.007265242541,0,0.009538273648,0.04851361772,0,0.007000793398,0,0.1416033482,0,0.02012188346,0,-0.1737073691,3.600616483e-06,0.020827372,0.004106074464,0,0,0,0.02620991245,0.03341633808,0.02012188346,0.005987997059,0.01026076378,0.003585226381,0.007000793398,0.0119793298,0.3380099662,-8.101035099e-05,-0.3375665403,-0.102821892,0,-0.03674270312,-0.0546676439,0.00143702885,0,0,0.0119793298,0.03150864147,0,0,0.005987997059
1,1,1,1,4,1500,500,v1,0.04964003758,0.008529904003,0.0145035995,0.01934883477,0,0,0.01912148664,0,0,0.0205769615,0,0,0.04223432846,0.06606705164,0.1917718099,0.06630757272,0,0,0.01695885421,0,0,0.0186761599,0,0,0.01054275545,0.01465493844,0.04253866338,0.0135813934,0.0026749968,0.004548360947,0.003761798935,0.005996540588,0,0.004142730254,0.006452980731,0,0.0009960551904,0.0008851032511,0.00401895469,0.001283138687,0.001470755547,0.0004297186396,0.001389605336,0.0005732752727,0,0.0003913955884,0.0006096627189,0,0.03756163926,0.03337759729,0.0522124898,0.04838767266,0.05546277943,0.009530455803,0.05240257252,0.02161843962,0,0.01340250519,0.02136442371,0,-0.04898271791,-0.01510638179,-0.0004012770671,-0.03086705759,0,0,0,0.0401418246,0.02267946386,0.02602752914,0.2181224916,0.05037124434,0.03977720746,0.004155688329,0.02141584665,0.1042339647,-0.07330904616,-0.04299214151,-0.2093849284,0,0,0,0.05037124434,0.07503691553,0.002001582917,0.01736968128,0.0401418246,0.02221914918,0.002946621094,0.02346220161,-0.3660761233,0.02172966612,0.01798691121,0.04532459402,0.007630344223,0.002728132825,0,0.03977720746,0.02221914918,0,0,0.02267946386,0.07503691553,0,0,-0.3654954849,0.002221348332,0.002268648583,0.004368108901,0.001989024708,0.0009176694949,0,0.004155688329,0.002946621094,0,0,0.02602752914,0.002001582917,0,0,-0.07798290349,-0.08429306049,0.02940261663,0.004883085337,-0.05172001937,-0.01052786983,0,0.02141584665,0.02346220161,0,0,0.2181224916,0.01736968128,0,0
1,1,1,1,3,1500,500,v1,0.03516443558,0,0,0.02328320772,0,0,0,0,0,0,0,0,0.1873209464,0,0,0.1758445851,0,0,0,0,0,0,0,0,0.02416192974,0,0,0.005669505237,0,0,0,0,0,0,0,0,0.00242527539,0.03888641131,0,0.0005690816784,0.008143333121,0,0.03650400553,0.005391894209,0,0,0,0,0.01204815662,0.1931778864,0,0.002827054287,0.04045402565,0,0.1813426952,0.02678557089,0,0,0,0,-0.02451774219,0.003650256973,0,0,0,0,0,0.04383864729,-0.0161142985,0,0,0.009628595666,-0.02123280852,0,0,-0.02053055731,0.04542862927,0,0,0,0,0,0.009628595666,0.01547842461,0,0,0.04383864729,0.01582280316,0,0,-0.009877904996,-0.02576692365,0,0,0,0,0,-0.02123280852,0.01582280316,0,0,-0.0161142985,0.01547842461,0,0,-0.1191317124,-0.0006418605579,0.07536154514,0,0.01279778607,0,0,0,0,0,0,0,0,0,0,0.1108294317,-0.009236044439,-0.09589210271,0,-0.03731552826,0,0,0,0,0,0,0,0,0,0
1,1,1,1,3,1500,500,v1,0,0,0,0,0,0,0,0,0,0,0,0,0,0,0.9327314978,0,0,0,0,0,0,0.05507121394,0,0,0,0,0.01072011046,0,0,0,0,0,0,0.0006329468858,0,0,0,0,0.0007971640097,0,0,0,0,0,0,4.706691028e-05,0,0,0,0,0,0,0,0,0,0,0,0,0,0,0,0,0,0,0,0,0,0,0,0,1.381822,0,0,0,0.0815873419,0.01219581926,0,0,-0.9878020475,0,0,0,0,0,0,0,0,0,0,0,-0.9869579126,0,0,0.01135168414,0,0,0,0,0,0,0,0,0,0,0,-0.9764503628,0,0,0.000844135135,0,0,0,0,0,0,0,0,0,0,0,0,0,0,0,0,0,0,0.0815873419,0,0,0,1.381822,0,0,0
1,1,1,1,4,1500,500,v1,0.0243154675,0.0001186254863,0.04710130264,0.07774024232,0.01648990506,0,0.0005951803367,0.0002144010733,0.06518978905,0.02199658811,0,0.03253782221,0.0004733899491,7.195473495e-05,0.001526927264,0.001209661646,0.000783845438,0,2.189688814e-05,1.019152642e-05,0.003098787928,0.0004398612243,0,0.001546681039,0.002927846405,8.889426052e-05,0.001886395247,0.004386475537,6.966339395e-06,0.002766046914,2.705183586e-05,3.495225484e-05,0.003828302079,0.0005434129984,0.001291760339,0.00191079944,0.08898522103,0.01777472827,0.05733268578,0.1333169303,0.0433989119,0.0840676941,0.04542007516,0.1387529122,0,0.01651580004,0.0392601125,0,0.003542234552,0.0007075585801,0.0001075481011,0.005306946833,0.001727580417,8.428177129e-06,0.00180803686,0.005523336957,0.001171585003,3.272847493e-05,4.228674174e-05,1.523290044e-05,-0.2779420003,0.09978192386,-0.0006165282428,0.06713159925,-0.01632082629,0,-0.09760695342,0.1235891699,0.02468998461,6.178365959e-05,0.08084780177,0.1852678434,0.06336814606,2.544110884e-05,0.0232741322,-0.2387881132,0.001641582624,-9.074793327e-06,0.001957491042,0.0007303800028,0,0.004634802035,0.1852678434,0.026140613,0.0001352913426,0.05156461934,0.1235891699,0.0835874164,0.000686301965,0.02376282257,-0.4325775043,0.007218484447,-1.529158094e-05,0.002317238272,2.120414427e-05,0.003920247607,0.00572818189,0.06336814606,0.0835874164,0.02133954205,0,0.02468998461,0.026140613,0.0002766133406,0,0.2025725192,-0.2219682526,-0.06285763111,-0.07368935179,-0.180182176,-0.1212701412,0,2.544110884e-05,0.000686301965,0.0002766133406,0.08729677964,6.178365959e-05,0.0001352913426,0.02133954205,0.0435691747,-0.3725762029,0.00884509286,0.002510627828,-3.378347131e-05,0.007248232608,4.75952272e-05,0.001179676075,0.0232741322,0.02376282257,0,0.0435691747,0.08084780177,0.05156461934,0,0.08729677964
1,1,1,1,1,1500,500,v1,0,0.08686060286,0,0,0.04520165923,0,0.1217428047,0.02633176877,0.009986627292,0,0,0.01949287678,0.000572300635,0.0005062685253,0.1711317808,0.0002137279581,0.03679438263,0,2.441048942e-05,0.02143419494,0.008129165875,0.00306133345,0,0.01586730175,0.01301072209,0.0002720794391,0.09196984722,0.003408394397,0.03799835345,0,1.311871455e-05,0.05325804762,0.00436878609,0.0016452255,0,0.008527424371,0.01690410454,0.0003996039685,0.1194912858,0.004428336475,0,0,0.0001492336982,0,0,0.002137549604,0,0,0.006955128526,0.0001644155095,0.0001454452301,0.00182202194,0,0.0203127413,6.140162876e-05,0,0.01057061061,7.012857946e-06,0.02847010056,0.006157802151,0.1563628722,0,-0.2002261559,0,-0.05049629283,0,-0.02388262815,0.0146973291,0.0005464736985,0.0005427225201,-0.04502187285,0.00534521749,0.0002268211128,2.82988509e-05,-0.0007422227613,0.1057278264,-0.000515698218,-0.0004500197369,-0.1234805349,0.005986125077,0,-0.001130130513,0.00534521749,0,0.04464845475,0,0.0146973291,0,0.06750142536,0,-0.2416359844,-0.005538043998,4.285830423e-05,0.08445210478,0.07966673887,0,0.01060493573,0.0002268211128,0,0.02598373037,0,0.0005464736985,0,0.0176179623,0,-0.04175227183,-0.01112338594,-3.000001447e-05,0.06953782728,0,0,0,2.82988509e-05,0.06750142536,0.0176179623,0.005910201483,0.0005427225201,0.04464845475,0.02598373037,0.01570153291,-0.1826838737,0.003299732207,3.016835891e-05,2.648051833e-05,0,0.04579283034,0.01544237267,-0.0007422227613,0,0,0.01570153291,-0.04502187285,0,0,0.005910201483
1,1,1,1,4,1500,500,v1,0.007884227387,0.01072159036,0.0007786415775,0.0115278105,0.001466487442,0.001886198945,0.003025492049,0.006611333724,0,0.002512658192,0.005790705496,0,0.0005612476643,0,0,0.0004802737959,4.221005418e-05,5.42906522e-05,0,0.0001902946774,0,0,0.0001666744534,0,0.1674224287,0,0,0.2008996736,0.06249104516,0.004538331008,0,0.01763415258,0,0,0.01464508821,0,0.006898078233,0.004682632137,0,0.008277395545,0.001893355638,0.0001869866695,0.004007046539,0.002768342911,0.0004529607317,0,0.000603401617,0.001390607394,0.09141639263,0.06205631822,0,0.1096957175,0.02509158878,0.03412150908,0.0531031582,0.03668730826,0.004667102815,0,0.009628641923,0.02104059902,-0.133608504,0.01859005624,0.01351439679,0.003145612835,0.007715459874,-0.00755959735,0,0.1022184658,0.08490102452,0,0,0.1236223498,0.07257785144,0,0,-0.12946485,0.00103131354,0,0,0.0002278630224,0.0002122446062,0,0.1236223498,0.02283402271,0.02622846206,0.005387673183,0.1022184658,0.03349539775,0.0075427569,0.0173042852,0.270161751,-0.3614474318,0,0,-0.07786402985,-0.01905295214,0,0.07257785144,0.03349539775,0.004770471126,0.002056711065,0.08490102452,0.02283402271,0.02136171021,0.00632237453,-0.3446809254,0.01514059283,0.008650473889,0,0.004535759131,0.0007793670424,0.001761295673,0,0.0075427569,0.02136171021,0,0,0.02622846206,0.004770471126,0,-0.369905545,0.1957462952,-0.114667705,0,-0.06067876233,0.04183548702,-0.02536477708,0,0.0173042852,0.00632237453,0,0,0.005387673183,0.002056711065,0
1,1,1,1,1,1500,500,v1,0,0,0.0005043876082,0,0,9.108874591e-05,0,0,0.0002204717728,0.0001756710318,0.0001694891755,0.0002058058579,0.1160015081,0.007685417736,0.05117087936,0.001042721565,0,0.02464740837,0.08163603924,0,0.05965674204,0.02578349039,0.04586152639,0.05568833971,0.00764467279,0.0007124702246,0.004743753582,0.01458572515,0,0.01265232057,0.007568000754,0,0.005530428386,0.002390236916,0.004406623346,0.005162540966,0.0006115465068,0.0008602673982,0.0003794833359,0.001166805893,0,0.001012140436,7.732825052e-06,0,0.0001827852261,0.0001912104124,0.0003525141217,0.0003401091645,0.08482751364,0.1193275469,0.00790577692,0.1618474502,0,0,0.001072618869,0,0,0.08397673842,0,0,-0.1897931858,0,0,0.0006684966832,0,0.0002556290713,0.0004212720413,0.1148289783,0.007340710349,0.001492195999,0.06886015988,0.2190633448,0.0003407157624,0.007981237859,0.03473267198,0.01057525064,-0.005545439894,0.002822736215,-0.07660330488,0,-0.07019551633,-0.1150423477,0.2190633448,0,0,0.01662467414,0.1148289783,0,0,0.005811765613,-0.4478547094,0.02205689348,0.00819871243,0.006981902102,0,-0.01693389246,0.01055469427,0.0003407157624,0,0,0.03644124165,0.007340710349,0,0,0.06769442754,-0.3861839698,0.001775526496,0.0008659267079,0.0005595148591,0,0.001307769302,0.0005161078729,0.007981237859,0,0,0.08076477861,0.001492195999,0,0,0.07533479297,0.03017435539,-0.2464273016,-0.0004414375136,-0.01733707121,0,0,0,0.03473267198,0.005811765613,0.06769442754,0.07533479297,0.06886015988,0.01662467414,0.03644124165,0.08076477861
1,1,1,1,1,1500,500,v1,0.001569436198,0,0,0.001035155918,0,0,0,0,0,0,0,0,0.001727655391,0,0,4.235339387e-05,0,0,0,0,0,0,0,0,0.1352463933,0,0,0.2333844682,0,0,0,0,0,0,0,0,0.1248569253,0.005264122276,0,0.2154561493,0.02708816681,0,0.0001290497198,0.01786659198,0,0,0,0,0.07553320596,0.003184573312,0,0.1303419387,0.01638720542,0,7.806967091e-05,0.0108085392,0,0,0,0,-0.0199230836,0.002545098688,0,0,0,0,0,-0.1067419908,0.0006187784069,0,0,-0.1526193468,1.365993086e-05,0,0,-0.002100798132,0.001679172575,0,0,0,0,0,-0.1526193468,0.01589357974,0,0,-0.1067419908,0.01017339761,0,0,0.3650324357,-0.192124877,0,0,0,0,0,1.365993086e-05,0.01017339761,0,0,0.0006187784069,0.01589357974,0,0,0.04282172341,0.1603741485,-0.005012695972,0,-0.04307522769,0,0,0,0,0,0,0,0,0,0,-0.07561438016,0.2046582872,0.002911897842,0,0.02315214412,0,0,0,0,0,0,0,0,0,0
1,1,1,1,3,1500,500,v1,0.04290597542,0.0002693415494,0,0.03160939645,0.03364214863,0.01106626126,0.003971542041,0.01014754996,0.0001179344811,0,0.004304380761,0.001611344443,0.0009060458748,0.0004902106652,7.18783542e-06,0.002670889994,0.03097089864,0.01018757927,5.436033982e-05,0.009341815375,0.0001085702611,0.0001294279003,0.003962604818,0.001483400658,0.1045397484,0.0007660071055,1.123176911e-05,0.04591519102,0.0003874569704,0,8.49439017e-05,0.005713198171,0.0001696527583,0.0002022450719,0,0.002317973731,0.04985273029,0.0006751615904,5.356186181e-06,0.02189595506,0.02943373677,0,0.001990277078,0.02168422103,0.007591516514,9.644627211e-05,0,0.002952829041,0.1580592165,0.002140615195,0.001158166963,0.06942162408,0.0933203326,0.0005858168408,0.006310218794,0.06875031651,0.07317154473,0.0001284312116,0.008638088766,0.02207088239,-0.180679249,0.06250958437,0.002572176859,0,0.03596296158,-0.007884321706,-0.0008146619205,0.02661853222,0.001401693386,0.0007796213701,1.184213088e-05,0.009986203892,0.004665799008,0.0001071984637,0.0002025924005,-0.06332747556,0.000659154682,0.0002933974988,-7.066153253e-05,0.02416916308,-0.00726712555,-0.000342361506,0.009986203892,0.03671140257,0.0003116172599,0,0.02661853222,0.02941759559,0.004399532717,0,-0.1426896845,0.1115518682,0.0002094568289,-0.0001296018088,0.001622844187,0,-0.001092346673,0.004665799008,0.02941759559,0.03034396916,0.01473629812,0.001401693386,0.03671140257,0.008435216117,0.004770577927,-0.2068870078,0.06863964343,0.002437855564,5.730698722e-05,0.04792364794,0,0.002146863224,0.0001071984637,0.004399532717,0.008435216117,0.0002370565175,0.0007796213701,0.0003116172599,0.03034396916,0.003136998633,0.3585517534,-0.204594669,-0.007142005177,-0.001094067548,-0.1545192312,-0.007335787699,-0.08598491489,0.0002025924005,0,0.004770577927,0.003136998633,1.184213088e-05,0,0.01473629812,0.0002370565175
1,1,1,1,4,1500,500,v1,0.001566341431,0.01299183008,0.001069097509,0.001669452431,0.01605578855,0.03932975882,0.01529360761,0.02265427913,0,0.0437847735,0.04727151169,0,0.004353069961,0,0,0.01857608656,0.04640462625,0.113671325,0,0.06547566022,0,0,0.1366246712,0,8.738560108e-05,0,0,0.0004809100553,0.02266287673,0.001864927798,0,0.02667808475,0,0,0.07637791738,0,3.733140849e-05,0.001122393675,0,0.0002054463149,0.001167254718,0.0007967031245,0.00478965012,0.00124409416,0.02930896524,0,0.03262889078,0.0352272461,0.0001139422275,0.003425749003,0,0.0006270594036,0.003562673042,0.02955016185,0.0146188806,0.00379720095,0.03651919301,0,0.03478559811,0.05152758392,-0.3349169924,0.0001295005487,0.01685355253,0.02047075534,0.03783139744,0.082329484,0,0.0001573965064,0.003496126349,0,0,0.0008385582953,0.01504749545,0,0,0.2216141102,-0.01920256816,0,0,-0.0892437847,-0.2468235654,0,0.0008385582953,0.004015903483,0.01195214403,0.001346149494,0.0001573965064,0.004457253502,0.02000581738,0.04223609725,0.008319753014,-9.685664946e-05,0,0,0.004932189313,-0.06417919431,0,0.01504749545,0.004457253502,0.01235917809,0.06959221202,0.003496126349,0.004015903483,0.01716768845,0.08282101222,-0.231520523,-4.918745712e-05,0.004544263757,0,0.0001477718235,0.01465360783,0.06288526533,0,0.02000581738,0.01716768845,0,0,0.01195214403,0.01235917809,0,-0.04415372149,-0.0005179257618,0.002295889873,0,-0.005926043695,-0.04309104949,0.03172780953,0,0.04223609725,0.08282101222,0,0,0.001346149494,0.06959221202,0
1,1,1,1,2,1500,500,v1,0,0.103260087,0,0,0.0617236934,0,0.2362199212,0.004606127569,0.01033491378,0,0,0.003107882757,0.005831765183,0.0002588748431,0.004824509244,0.01044245662,0.05239688998,0,0.0009454911401,0.003910115325,0.008773249142,0.03418262659,0,0.002638263881,0.05927207421,0.0001117328875,0.002082304878,0.003586296197,0.0378335649,0,0.0004080831259,0.08654884944,0.003786619231,0.01475355243,0,0.001138700222,0.164939305,0.007004308033,0.005794531808,0.009979762142,0,0,0.01254203152,0,0,0.04105543321,0,0,0.001543701371,6.555478038e-05,2.910008025e-06,9.340267623e-05,0,0.0009853497922,0.00011738349,0,0.0005889926132,1.062825098e-05,0.002254106665,4.395354465e-05,0.1241087056,0,-0.3346572057,0,-0.03676442367,0,-0.00939786265,0.1608582934,0.01019182445,0.0003135232432,0.003182335427,0.00973344269,0.0180909145,0.001035718226,0.03227552936,-0.06941625672,-0.004420267025,-0.0009640257298,-0.009915962621,-0.006981514075,0,0.003374422821,0.00973344269,0,0.09664912988,0,0.1608582934,0,0.2210214901,0,-0.5434392412,0.05484618215,5.359536436e-05,0.012815601,0.1196541148,0,0.004216024359,0.0180909145,0,0.05964976506,0,0.01019182445,0,0.005034671634,0,0.05512750208,-0.1701974158,-0.01461343143,-0.02653821487,0,0,0,0.001035718226,0.2210214901,0.005034671634,0.001647559929,0.0003135232432,0.09664912988,0.05964976506,0.001063563279,-0.3940443913,0.00162340944,0.0001785391618,1.093605218e-05,0,0.003222677772,0.0006229799646,0.03227552936,0,0,0.001063563279,0.003182335427,0,0,0.001647559929
1,1,1,1,3,1500,500,v1,0.02096137298,0,0,0.01949856184,0.2223730519,0.03384805261,0,0.03056493293,0,0,0.02688566619,0,0.0001742989259,5.456927759e-05,0.0004226987177,0.0004567916233,0.003073114649,0.0004677677686,0.0001721149911,0.0004223962495,0,7.233155086e-05,0.0003715501222,0,0.01444498595,0.001218736449,0.009440446288,0.02333656272,0,0,0.003843972694,0,0,0.001615434569,0,0,0.07018028465,0.0189127337,0.04586596414,0.113379592,0.0314322832,0,0.04956529871,0.02923874874,0.05075629237,0.007848512849,0,0.04031595996,0.0126126525,0.003398956546,0.001064140828,0.02037634076,0.005648943534,0,0.008907770776,0.005254726156,0.0599279835,0.003356368221,0,0.00823703583,-0.05231199189,0.03340776031,0,0,-0.2523966625,0.04939207722,0,0.06450402008,0.02292127467,0.001663265155,0.05416142452,0.1040384662,0.06011865483,0.004511564279,0.009219168597,-0.3199070485,0.0006114144451,0.0001608599439,0.0004844718543,0.003484449425,0.0008320239339,0,0.1040384662,0.007016377026,0,0,0.06450402008,0.006941461564,0,0,-0.2036542565,0.03746588289,-0.003072133877,0.01052856797,0,0,0,0.06011865483,0.006941461564,0.238868765,0.02702932764,0.02292127467,0.007016377026,0.03284801008,0.02015928318,0.1885227716,-0.182757016,-0.0680971625,-0.05326676858,-0.05345828981,0,-0.08168317509,0.004511564279,0,0.03284801008,0,0.001663265155,0,0.238868765,0,-0.4846509014,0.03292947548,0.01212579511,-0.001205279023,0.01074530382,0,0.06776769645,0.009219168597,0,0.02015928318,0,0.05416142452,0,0.02702932764,0
1,1,1,1,1,1500,500,v1,0,0.02462011676,0,0,0.001746279667,0,0.01244043585,0.01178827664,0.002287517669,0,0,0.000623522281,0.065575028,0.04712265492,0.09012802326,0.09267309214,0.02261442013,0,0.2693985606,0.152658847,0.02962348278,0.002826633141,0,0.00807464869,0.01250182607,0.00707264868,0.01352733299,0.003083260609,0.0478535435,0,0.04043408371,0.02418018338,0.004446194441,0.0004242499322,0,0.001211925633,0.00152635969,0.001201639664,0.001651564794,0.0003764381844,0,0,0.001698202299,0,0,5.17970728e-05,0,0,0.0003076588362,0.0002422070388,0.0001740516025,7.587630521e-05,0,0.001177633205,0.0003422960829,0,8.352831712e-05,0.0009950468891,0.0005950528377,0.000563858658,-0.2727106939,0,0.03355281959,0,0.01346402749,0,0.002866973803,0.01586739293,0.09595595694,0.05966226582,0.1115322074,0.003989499266,0.135487066,0.3410204979,0.003502126664,0.09013328361,-0.1577634128,-0.3156666304,-0.09226861334,-0.1746413712,0,-0.03726979792,0.003989499266,0,0.03330528496,0,0.01586739293,0,0.0168803356,0,-0.4022926853,-0.01519053825,0.0473764625,0.01389135973,-0.0686938327,0,0.005564680276,0.135487066,0,0.03108385313,0,0.09595595694,0,0.2097136215,0,-0.250383765,0.001588837669,0.002884396596,0.00168769763,0,0,0,0.3410204979,0.0168803356,0.2097136215,0.03400786011,0.05966226582,0.03330528496,0.03108385313,0.009249355735,-0.6330892401,0.000363772412,0.0005836679261,0.001168325026,0,0.001683932743,0.0006456940691,0.003502126664,0,0,0.009249355735,0.1115322074,0,0,0.03400786011
1,1,1,1,4,1500,500,v1,0.0005622725725,0.07211542814,0,0.005368569249,0.07934498192,0,0.1234251059,0.001891373289,0,0,0,0,0,0,0,0,0.3431599114,0,0,0.008180019387,0,0,0,0,0,0,0,0,0.0708616789,0,0,0.1212793219,0,0,0,0,0,0,0,0,0.001420844228,0,0,0.01356619725,0,0,0,0,0,0,0,0,0.0003158829264,0.04051421604,0,0.003016044971,0.04457575615,0,0.06933982831,0.001062567443,-0.2126218675,-0.0009664058057,-0.01271508173,0,0.07986175603,0,0,0,0,0,0,0,0,0,0,0.1249709778,0,0,0,-0.3498950021,0,0,0,0.001264917539,-0.04925256788,0,0,0.01195364626,-0.08168962512,0,0.09461619604,0,0,0,-0.00732140071,0,0,0,0.01195364626,0.3295433707,0,0,0.001264917539,0.007842665632,0,0.001894506877,0,0,0,-0.01070688274,0,0,0,-0.08168962512,0.007842665632,0,0,-0.04925256788,0.3295433707,0,-0.3017430174,0,0,0,0.002860912684,0.1073312778,0.04510922222,0,0,0,0,0,0,0,0
1,1,1,1,1,1500,500,v1,0.06114149932,0.08998911125,0.06846294322,0.2365156014,0,0,0.2081252789,0,0,0.02430720755,0,0,0.006187633654,8.654627423e-06,0.0001364721616,0.001029953005,0,0,8.324056544e-05,0,0,0.002911563112,0,0,0.002213928446,6.97014899e-05,0.001099101385,0.006428339239,0.003138985875,0.002388113503,0.0006703918202,0.007259792898,0,0.02344876064,0.0008478801502,0,0.003147960884,0.07085720621,0.001562800359,0.009140385957,0.003032502936,0.003395632731,0.01179442684,0.01173072731,0,0.03334153884,0.001205591605,0,0.002616008798,0.05888353816,8.236025475e-05,0.0075958155,0.002520061288,0.003709069587,0.009801368416,0.009748433022,0,0.0007921443455,0.008578272766,0,0.05689001549,-0.2972807044,-0.2980251984,-0.0927281308,0,0,0,-0.001337611319,0.01597157722,0.0001026949015,0.001052709709,-0.008015781121,0.002437960977,0.0009100053283,0.01826612708,-0.03608866015,0.007209441512,8.203321899e-05,0.002969801939,0,0,0,-0.008015781121,0.08345794555,0.1247057488,0.09402284994,-0.001337611319,0.3227259227,0.2884294326,0.0333741225,-0.3973721335,0.004376597874,-0.0001517285059,0.01188868669,0.01036284614,0.003222199311,0,0.002437960977,0.3227259227,0,0,0.01597157722,0.08345794555,0,0,-0.2958056382,-0.003571626926,-0.06666592478,-0.02773771317,0.0145690718,0.004574615613,0,0.0009100053283,0.2884294326,0,0,0.0001026949015,0.1247057488,0,0,-0.6290951902,0.005430624012,0.04718345782,-0.0006054382007,0.01192238442,0.01223889819,0,0.01826612708,0.0333741225,0,0,0.001052709709,0.09402284994,0,0
1,1,1,1,3,1500,500,v1,0,0,0,0,0,0,0,0,0.05088224425,0,0,0.0830080861,0,0,0,0,0,0,0,0,0.144331978,0,0,0.2354597647,0,0,0,0,0,0,0,0,0.1848150458,0,0,0.3015028811,0,0,0,0,0,0,0,0,0,0,0,0,0,0,0,0,0,0,0,0,0,0,0,0,-0.1401688445,0,0,0,0,0,0.1326970308,0,0,0,0,0,0,0,0,-0.2242780909,0,0,0,0,0,0.2168062771,0,0,0,0,0,0,0,0,0.3495033071,0,0,0,0,0,-0.3569751217,0,0,0,0,0,0,0,0,0,0,0,0,0,0,0,0,0,0,0.005409002734,0,0,0,0.005798718134,0,0,0,0,0,0,0,0,0,0,0.005798718134,0,0,0,0.005409002734
1,1,1,1,1,1500,500,v1,0.001826141068,0.0189484017,0.01363782588,0.02847632053,0,0,0.07773056229,0,0,0.005420062751,0,0,0.01988949636,0.006000713184,0.001407118958,0.005887575385,0,0,0.00173540641,0,0,0.003627214086,0,0,0.069624196,0.01351317647,0.00316873115,0.01084872185,0.01685500757,0.01213113709,0.003908010989,0.06914299354,0,0.008168226431,0.004821261454,0,0.009411637724,0.006054570965,0.0004283417453,0.001466505118,0.0002195814766,0.001639859043,0.001792239599,0.003424090625,0,0.00110416195,0.0006517269683,0,0.1494110651,0.09611716082,0.02899879935,0.02328097385,0.00348588665,0.03617025085,0.02845205428,0.05435791754,0,0.008386453532,0.1483784216,0,-0.1407038342,0.02165159601,0.08188902133,-0.007714861369,0,0,0,0.1073859465,0.1052739299,0.01502538377,0.00379837828,0.0168842946,0.03166616669,0.004571748908,0.0103153725,-0.1436299806,0.02407680692,0.006834855493,-0.001049001867,0,0,0,0.0168842946,0.002580191321,0.001034579675,0.01747175635,0.1073859465,0.03942797295,0.001470946661,0.005331670902,-0.2751646943,0.07561656459,0.01509418848,-0.009655058705,0.08112038369,-0.009204768502,0,0.03166616669,0.03942797295,0,0,0.1052739299,0.002580191321,0,0,-0.2519015981,0.01075669573,0.007793736154,0.001294893389,0.003581808046,0.001717345041,0,0.004571748908,0.001470946661,0,0,0.01502538377,0.001034579675,0,0,0.3284156558,-0.1692200877,-0.1231639408,-0.0349937991,-0.05323884689,-0.1646797556,0,0.0103153725,0.005331670902,0,0,0.00379837828,0.01747175635,0,0
1,1,1,1,0,1500,500,v1,3.61413264e-05,0.01028058329,0.005949092445,0.000303272729,0,0,0.008460862568,0,0,0.0005821448378,0,0,0.1823770392,0.003743442408,0.05666718012,0.07180978215,0,0,0.09550186536,0,0,0.02352568582,0,0,0.001544698349,0.0006664141858,0.01008799083,0.0001889542573,0.009969116126,0.005768854915,0.01700140964,0.008204526836,0,0.004188083867,0.0005645078036,0,0.002998811168,0.06303019858,0.01958439303,0.0003668276964,6.803751195e-05,0.01119940768,0.0248177339,0.0005709232056,0,0.008130566517,0.001095911255,0,0.006514935875,0.1369334976,0.002810675425,0.0007969354473,0.000147811917,0.04204584821,0.05391668094,0.001240334208,0,0.07170532272,0.034603498,0,-0.06125305115,-3.898622901e-05,0.01048045741,-0.001321753114,0,0,0,0.004544229827,-0.01460420629,0.0009808335527,0.04580300805,0.0006276489873,-0.003547856523,0.02274910466,0.01818851475,0.2913812046,-0.1902365967,-0.06971956843,-0.07780463846,0,0,0,0.0006276489873,0.0001567180571,0.03746046391,0.008446245161,0.004544229827,0.00125348942,0.0301226142,0.0007604688534,-0.1520519056,0.001288380789,0.01554731688,0.01228205253,0.01040669328,-0.000594626293,0,-0.003547856523,0.00125348942,0,0,-0.01460420629,0.0001567180571,0,0,-0.1481174405,0.001127936462,0.08700053919,0.02286157065,0.0002633181876,-0.004221429939,0,0.02274910466,0.0301226142,0,0,0.0009808335527,0.03746046391,0,0,-0.1338805094,-0.005864236455,0.1153374326,0.03835229277,-0.001164470276,-0.06594253612,0,0.01818851475,0.0007604688534,0,0,0.04580300805,0.008446245161,0,0
1,1,1,1,3,1500,500,v1,0.01761478165,0.02678152797,0,0.009955792264,0.1009374903,6.911240437e-06,0.004156247273,0.06705321759,0.003234875276,0,0.006598137176,0.001444542147,0.002293999461,0.0001401296519,0.0003290716156,2.413515269e-05,0.05326426919,3.647031146e-06,3.407645238e-05,0.03538368767,0.001707029439,0.001580181687,0.003481807934,0.0007622785303,0.02497808327,0.00027713823,0.0006508138989,0.01261233847,0.02795021914,0,6.73939282e-05,0.004337617414,0.003376038625,0.00312516837,0,0.001507579016,0.0001592439898,2.892435269e-05,4.149165521e-06,8.040805525e-05,0.0001172009336,0,3.043129174e-07,6.624141994e-05,4.598432429e-08,1.992403799e-05,0,4.390107426e-05,0.05228506396,0.009496820771,0.0005801161731,0.02640062156,0.03848093932,0.05850645062,9.991598656e-05,0.02174924706,0.2205062497,0.0001410715069,0.009079664017,0.1464832689,-0.3713773537,0.0254088499,0.02982440624,0,0.1655568516,-0.004374089861,-0.001327722112,0.04334300566,0.01085885915,0.000333485409,0.0007460843667,0.02181165933,0.000118047646,0.00010263565,0.003922864806,-0.2177180121,0.001961400065,0.0001524693529,-0.0005491326197,0.08759486126,-0.0004723609974,0.0006040463198,0.02181165933,0.03207436168,0.00528412849,0,0.04334300566,0.01849916747,0.002017809919,0,-0.1122651613,0.03265680049,0.0001447798348,-0.002584748247,0.0296168716,0,-0.001381577592,0.000118047646,0.01849916747,0.09958750041,7.704512506e-06,0.01085885915,0.03207436168,0.06659524047,0.007209795033,-0.09288766313,0.0002313979356,2.869973477e-05,2.124808577e-05,0.0001771665565,0,3.478449903e-05,0.00010263565,0.002017809919,0.06659524047,0.002128173387,0.000333485409,0.00528412849,0.09958750041,0.001029706689,0.3733545541,-0.07632464167,-0.009308037657,-0.0005879965607,-0.05930170255,-0.06430923674,-0.3639402066,0.003922864806,0,0.007209795033,0.001029706689,0.0007460843667,0,7.704512506e-06,0.002128173387
1,1,1,1,4,1500,500,v1,0,0,0,0,0.08331844921,0,0,0.06985374694,0,0,0,0,0,0,0,0,0.1969935225,0,0,0.1651583269,0,0,0,0,0,0,0,0,0,0,0,0,0,0,0,0,0,0,0,0,0,0,0,0,0,0,0,0,0,0,0,0,0,0,0,0,0.2636408559,0,0,0.2210350985,-0.1184067342,0,0,0,0.1530330408,0,0,0,0,0,0,0,0,0,0,-0.2677151967,0,0,0,0.3023415036,0,0,0,0,0,0,0,0,0,0,0,0,0,0,0,0,0,0,0,-0.02292690627,0,0,0,-0.02901255311,0,0,0,0,0,0,0,0,0,0,-0.02901255311,0,0,0,-0.02292690627,0,0.4553745448,0,0,0,0,0,-0.4207482376,0,0,0,0,0,0,0,0
1,1,1,1,1,1500,500,v1,0,0.005125169217,0.007338258163,0,0.03875262477,0.1012602643,0.001702839521,0.0434001074,0.004289604522,0.00823740506,0.001138402558,0.002322439251,0,0.03344123491,0.01438361164,0,0.09586264717,0.2504882456,0.02306636043,0.1073591584,0.01061122562,0.01524069736,0.002816074612,0.005745034713,0,0.01347691543,0.00579663754,0,0.005109338777,0.007315592012,0.009295810682,0.00169757985,0.004276354944,0.006142045587,0.008211961656,0.002315265784,0,0,0.005660357671,0,0,0.007143601282,0,0,0.09857420358,0.00599764512,0.008018897134,0.001108204944,0,0,0.004506647883,0,0,0.001708550514,0,0,0.01291875725,0.003108496581,0.0005676665911,0.01446806391,-0.344749328,0,-0.003911905334,-6.574400196e-05,0.08013424768,0.1006137931,0.005303896281,0,0,0.02815397832,0.007479539794,0,0,0.02184163047,0.007390918497,0.3488057769,0,-0.05400775053,-0.02590687404,-0.2006076165,-0.2465430964,-0.01468836896,0,0,0.007127139788,0.005204398791,0,0,0.002103252512,0.005021937973,-0.08266538544,0,0.01347651368,0.008280431722,-0.002585427606,-0.002105802461,0.002958308972,0,0,0.06630165756,0.07349101033,0,0,0.0742503363,0.000873580327,-0.1657272923,0,0,0.007712803479,0,-0.004646011379,0.09635290964,0.02184163047,0.002103252512,0.0742503363,0.006214394001,0.02815397832,0.007127139788,0.06630165756,0.003424851577,-0.1675019389,0,0,0.007200830957,0,0.0003437380699,0.02677203956,0.007390918497,0.005021937973,0.000873580327,0.003424851577,0.007479539794,0.005204398791,0.07349101033,0.006214394001
1,1,1,1,2,1500,500,v1,0,0.2008900407,0.07278586657,0,0,0,0.1108655606,0,0.04180569305,0.02949048078,0,0.02988822766,0,0,0,0,0,0,0,0,0.001235310298,0,0,0.0008831628598,0,0,0,0,0.0003602526586,0.000130525644,0,0.0001988133052,7.496943111e-05,0,5.288477253e-05,5.359804518e-05,0,0,0,0,0,0.3417931532,0,0,0,0,0.1384835393,0,0,0,0,0,0,0.0199809803,0,0,0,0,0.01102694078,0,-0.442318621,0,-0.3107661864,0.1012557818,0,0,-0.07136504936,0,0,0,0,0,0,0,0,-0.0712367003,0,0,0,0,0,0.00210150247,0,0,0.2699229717,0.4000203078,0,0,0.1490737597,0.1620712747,-0.7240642301,0,0,0,0.0005584435205,0.0001833623354,0.0001283490411,0,0,0,0,0,0,0,0,0.1014391443,0,0,0,0,-0.4761668666,0,0,0.1490737597,0,0.06046460856,0,0.2699229717,0,0.04323818789,-0.3102077428,0,0,0,0,0.03087658929,0,0,0.1620712747,0,0.04323818789,0,0.4000203078,0,0.06046460856
1,1,1,1,1,1500,500,v1,0,0,0,0,0,0,0,0,0,0,0,0,0,0,0.1533456741,0,0,0,0,0,0,0.0005361343084,0,0,0,0,0.1136252094,0,0,0,0,0,0,0.0003972617643,0,0,0,0,0.729545051,0,0,0,0,0,0,0.002550669484,0,0,0,0,0,0,0,0,0,0,0,0,0,0,0,0,0,0,0,0,0,0,0,0,0.6937928368,0,0,0,0.002425797871,-0.6179974353,0,0,0.1538516796,0,0,0,0,0,0,0,0,0,0,0,-0.5781480947,0,0,0.1140023389,0,0,0,0,0,0,0,0,0,0,0,0.2678540185,0,0,-0.7319997741,0,0,0,0,0,0,0,0,0,0,0,0,0,0,0,0,0,0,0.002425797871,0,0,0,0.6937928368,0,0,0
1,1,1,1,4,1500,500,v1,0.001221371817,0.0004633099999,0.02465357449,5.333170002e-05,0.005890697078,0.01479251774,0.0007012337404,0.001999307053,0.001536263275,0.001407912201,0.00741141667,0.007585398678,0.0004645445222,0.001156133736,0,0.0002785116717,0.003647549828,0.009159602818,0.00174587167,0.001237981176,0.0009512620951,0,0.004589187195,0.004696917746,0.002227672691,0.006413754406,0,0.001688020958,0.001591514021,0.08468737882,0.009685377884,0.002408804754,0.005277210815,0,0.00483631264,0.02605656765,0.009486727769,0.01097480097,0,0.007188576386,0.01786700451,0.3606481831,0.006579800251,0.000780170061,0.2163943671,0,0.02059583601,0.1084189215,2.051724963e-05,2.373555315e-05,5.907178411e-05,1.554696412e-05,3.864154223e-05,1.465811859e-05,1.42303445e-05,1.687298749e-06,0.0001863688165,8.920400052e-05,2.218550717e-05,6.325371757e-05,-0.6458473602,0.001247292934,0.001122856955,0.02573904838,-0.007383659032,0.02212452801,0.008932478782,0.01078823443,0.01564672563,0.007782900842,0,0.008180359668,0.009383605289,0.01175222044,0,-0.3651178359,0.0007338909575,0.002799354221,0,0.004224986826,0.01373622925,0.005583137426,0.008180359668,0.02472738348,0.001647674046,0.3771362502,0.01078823443,0.001081879711,0.002488728104,0.02152040412,-0.3529161316,0.003746650179,-0.01597002842,0,-0.003916976953,0.08937425496,-0.03105618475,0.009383605289,0.001081879711,0.003227318963,0.2886652859,0.01564672563,0.02472738348,0.001145545547,0.1446459051,0.1568160383,-0.01642833614,-0.01745869426,0,-0.01849374021,-0.3808844065,-0.3247348835,0.01175222044,0.002488728104,0.001145545547,0.004177780658,0.007782900842,0.001647674046,0.003227318963,0.02063307213,-0.06577640316,3.595647979e-05,3.791600891e-05,0.0001472599912,4.0271841e-05,3.651856377e-05,0.000243429199,0,0.02152040412,0.1446459051,0.02063307213,0,0.3771362502,0.2886652859,0.004177780658
1,1,1,1,3,1500,500,v1,0,0.4299121484,0,0,0,0,0.1281507144,0,0,0,0,0,0,0,0,0,0,0,0,0,0,0,0,0,0,0,0,0,0.01773683622,0,0,0.005287099332,0,0,0,0,0,0,0,0,0,0,0,0,0,0,0,0,0,0,0,0,0,0.322716107,0,0,0,0,0.09619709471,0,0.3494212072,0,-0.4758086397,0,0,0,0,0,0,0,0,0,0,0,0,0,0,0,0,0,0,0,0,0,0.1437855699,0,0,0,0.04579557839,0,-0.149401882,0,0,0,0.02301444975,0,0,0,0,0,0,0,0,0,0,0,0,0,0,0,0,0,0,0.04579557839,0,0,0,0.1437855699,0,0,-0.4527941907,0,0,0,0,0.3264067578,0,0,0,0,0,0,0,0,0
1,1,1,1,3,1500,500,v1,0,0.0001825827519,0,0,0,0,0.0008178770458,0,0,0,0,0,0,0.0001504851826,0,0,0,0,0.0009072803245,0,0,0,0,0,0.1208736748,0.01439198413,0,0.18125207,0.02568346987,0,0.08676976567,0.1150487669,0,0,0,0,0.07598983523,0,0,0.1139480119,0,0,0,0,0,0,0,0,0.05865364441,0,0.006983673833,0.0879521077,0,0.01246283868,0,0,0,0.04210480893,0.05582712264,0,-0.07269646004,0,0.0009943569701,0,0,0,0,-0.02193754768,0,0.01093911179,0,-0.03215575672,0,0.06584919815,0,-0.0522440325,0,0.001051825724,0,0,0,0,-0.03215575672,0,0.01970486161,0,-0.02193754768,0,0.08784829322,0,0.4511327783,-0.2971192013,-0.1005280931,0,-0.1403175943,0,0,0,0,0,0,0,0,0,0,-0.1510053339,0.1870675366,0,0,0,0,0,0.06584919815,0.08784829322,0,0,0.01093911179,0.01970486161,0,0,-0.3488511645,0.1461138674,0,0.04828406068,0,0.06762113421,0,0,0,0,0,0,0,0,0
1,1,1,1,1,1500,500,v1,0.00231941837,0,0,0.0001627564535,0.002161481565,0.0009830846165,0,0.0001152728508,0,0,0.00480946348,0,0.009540155221,0.1069437678,0.04171399784,0.0738845526,0.01592842702,0.007244564018,0.1777238563,0.0008494706697,0,0.3291872582,0.03544198077,0,0.006262048305,0.02070266412,0.008075186656,0.01196729436,0,0,0.03440459766,0,0,0.06372557636,0,0,0.00200093094,0.0005901221043,0.002580288435,0.003823945199,0.001057272383,0,0.00457025139,7.419010977e-05,0.0004481245079,0.02036242315,0,0.00219232243,0.0005303134457,0.0001564020428,0.001753244404,0.001013473036,0.0002802124499,0,0.001211269072,1.966285391e-05,0.0002611318651,0.002913618651,0,1.392628788e-05,-0.05510788444,-0.001972693463,0,0,0.002126868828,0.005653068907,0,0.00560859668,0.01317476388,0.1266338524,0.04657273005,0.01072723077,0.1019024037,0.2103864643,0.3675062152,0.1713688523,-0.08320083771,-0.2843212067,-0.3706684462,-0.01644417881,-0.04225384129,0,0.01072723077,0.001665647778,0,0,0.00560859668,0.0001822563686,0,0,-0.6203375705,-0.01795721806,0.05498168328,0.0716897087,0,0,0,0.1019024037,0.0001822563686,0.02004924409,0.008695459777,0.01317476388,0.001665647778,0.001089961302,0.04226839019,-0.4355712395,0.005543925344,0.005124636269,0.02292610613,0.0004825692572,0,0.002624872323,0.2103864643,0,0.001089961302,0,0.1266338524,0,0.02004924409,0,-0.3356364512,0.001522741089,0.001358089806,0.004659312521,0.0002581881085,0,0.0002245064133,0.3675062152,0,0.04226839019,0,0.04657273005,0,0.008695459777,0
1,1,1,1,1,1500,500,v1,0,0,0.2968297714,0,0,0,0,0,0,0.4149796484,0,0,0,0,0,0,0,0,0,0,0,0,0,0,0,0,0,0,0,0.009023928308,0,0,0,0,0.01261580528,0,0,0,0,0,0,0.1111536665,0,0,0,0,0.1553971801,0,0,0,0,0,0,0,0,0,0,0,0,0,0.2876640087,0,0,-0.7112655049,0,0,0,0,0,0,0,0,0,0,0,0,0,0,0,0,0,0,0,0,0,0.2649051151,0,0,0,0.3704971289,-0.4452293302,0,0,0,0,0.02162783368,0,0,0,0,0,0,0,0,0,-0.6896376723,0,0,0,0,0.2660361746,0,0,0,0,0,0,0,0,0,0,0,0,0,0,0,0,0,0.3704971289,0,0,0,0.2649051151,0,0
1,1,1,1,4,1500,500,v1,0,0,0,0,0,0,0,0,0,0,0,0,0,0.05162870685,0,0,0,0,0.1902061106,0,0,0,0,0,0,0.04527106615,0,0,0,0,0.166783829,0,0,0,0,0,0,0,0,0,0,0,0,0,0,0,0,0,0,0,0.1165877115,0,0,0,0,0,0,0.4295225758,0,0,0,0,0,0,0,0,0,0,0,0.02926228759,0,0,0,0.1075867986,0,-0.3324140695,0,0.2411813455,0,0,0,0,0,0,0,0,0,0,0,0,-0.3028005467,0,0.2115678226,0,0,0,0,0,0,0,0,0,0,0,0,0,0,0,0,0,0,0,0.1075867986,0,0,0,0.02926228759,0,0,0,0.4527491686,0,0,-0.5439818923,0,0,0,0,0,0,0,0,0,0,0
1,1,1,1,2,1500,500,v1,0,0,0,0,0,0,0,0,0,0,0,0,0,0.2055961253,0,0,0,0,0.5872066754,0,0,0,0,0,0,0.01756440017,0,0,0,0,0.05016598934,0,0,0,0,0,0,0,0,0,0,0,0,0,0,0,0,0,0,0,0.03616767711,0,0,0,0,0,0,0.1032991327,0,0,0,0,0,0,0,0,0,0,0,0.2277942222,0,0,0,0.6507953426,0,0.2067255842,0,-0.7924519612,0,0,0,0,0,0,0,0,0,0,0,0,-0.6534506769,0,0.06772430005,0,0,0,0,0,0,0,0,0,0,0,0,0,0,0,0,0,0,0,0.6507953426,0,0,0,0.2277942222,0,0,0,-0.7247276603,0,0,0.139001284,0,0,0,0,0,0,0,0,0,0,0
1,1,1,1,0,1500,500,v1,0,0,0,0,0,0,0,0,0,0,0,0,0,0,0,0,0,0,0,0,0,0,0,0,0.3260529955,0,0,0.3463232778,0,0,0,0,0,0,0,0,0.0564610809,0,0,0.05997119142,0,0,0,0,0,0,0,0,0.1024123085,0,0,0.1087791459,0,0,0,0,0,0,0,0,0,0,0,0,0,0,0,0.2506477989,0,0,0,0.2664109057,0,0,0,0,0,0,0,0,0,0,0.2664109057,0,0,0,0.2506477989,0,0,0,0.3272599273,-0.6719657295,0,0,0,0,0,0,0,0,0,0,0,0,0,-0.4610420108,0.1163362082,0,0,0,0,0,0,0,0,0,0,0,0,0,-0.5556295212,0.2109237191,0,0,0,0,0,0,0,0,0,0,0,0,0
1,1,1,1,0,1500,500,v1,0.2672122187,0,0.1302339129,0.03184604145,0,0.07637696551,0,0,0,0.0006290735586,0.2941509774,0,0,0,0,0,0,0.007055349077,0,0,0,0,0.02717230009,0,0,0,0,0,0,0.1105722878,0,0,0,0,0.000534101303,0,0,0,0,0,0.0009601585162,0.0004679621356,0,0.0001144305753,0.0002744410201,0,2.260414354e-06,0.001056956031,0,0,0,0,0.04587342248,0,0,0.005467141139,0,0,0,0,0.1450178599,-0.2986534011,0,-0.08241072693,0,-0.3696321797,0,0,0,0,0,0,0,0,0,-0.368302103,0,0,0,0,0.03398917036,0,0,0.3303003489,0,0.03694725834,0,0.03937712101,0,0.0004235478871,-0.08194246231,0,0,0,0,0.05702859163,0,0,0.03937712101,0,0.1032899563,0,0.3303003489,0,0.3981794314,-0.6085496757,0,0,0,0.001072885196,0.0004682646134,0.001330079468,0,0,0,0,0,0,0,0,-0.2975805157,0,0,0,0.05112886872,0,0,0,0.0004235478871,0.3981794314,0,0,0.03694725834,0.1032899563,0
1,1,1,1,2,1500,500,v1,0.0745222918,0.009180309575,0.003097558537,0.07104269479,0,0,0.01011613605,0,0,0.00657626388,0,0,0.01213254543,0.01789719158,0.00208865251,0.01200773374,0,0,0.03189131881,0,0,0.0870669038,0,0,0.0002574645701,0.008851518505,0.001032997063,0.0004362778476,0.01236160361,0.004170969451,0.01577267569,0.01362172625,0,0.04306118681,0.008855166227,0,0.0004284491523,0.009985426856,0.001719019886,0.0007260139674,0.1669880922,0.006940948515,0.009882703315,0.1591910794,0,0.07165851589,0.01473596333,0,0.000110933854,0.002585422049,0.003813857035,0.0001879791967,0.0432364787,0.005326248694,0.002558824918,0.04121767978,0,0.006795978576,0.0058691982,0,-0.2704012627,0.1418005844,-0.004676570216,0.008159345327,0,0,0,0.0004580516482,0.008339688779,0.01739974721,0.0008080692935,0.0007658983884,0.0107238997,0.02742586061,0.01572718234,0.06037264413,-0.009868452588,-0.04141767602,-0.06270281385,0,0,0,0.0007658983884,0.07447178628,0.01131170209,0.005619766066,0.0004580516482,0.07221935759,0.01399553934,0.01005870333,-0.08704437318,-0.0001231986098,0.008010134205,0.03110235633,-0.01823776323,-0.002754168506,0,0.0107238997,0.07221935759,0,0,0.008339688779,0.07447178628,0,0,0.1939978091,-0.0008854513701,-0.007590087633,0.02057695665,-0.3230366722,-0.01585748976,0,0.02742586061,0.01399553934,0,0,0.01739974721,0.01131170209,0,0,-0.2560251533,0.0001926832874,0.004749481219,0.003523803282,0.08344199198,0.006042839146,0,0.01572718234,0.01005870333,0,0,0.0008080692935,0.005619766066,0,0
1,1,1,1,2,1500,500,v1,0,0,0,0,8.551673429e-05,0,0,0.0007724824507,0,0,0,0,0,0,0,0,0.01366037369,0,0,0.1233957194,0,0,0,0,0,0,0,0,0,0,0,0,0,0,0,0,0,0,0,0,0,0,0,0,0,0,0,0,0,0,0,0,0,0,0,0,0.08592405773,0,0,0.77616185,-0.7250862975,0,0,0,0.0008578744608,0,0,0,0,0,0,0,0,0,0,-0.8611884647,0,0,0,0.1369600421,0,0,0,0,0,0,0,0,0,0,0,0,0,0,0,0,0,0,0,0.1083005912,0,0,0,0.9780420415,0,0,0,0,0,0,0,0,0,0,0.9780420415,0,0,0,0.1083005912,0,0.1378179166,0,0,0,0,0,-0.8620463395,0,0,0,0,0,0,0,0
1,1,1,1,0,1500,500,v1,3.914081099e-05,0.1399433831,0.009759015084,1.898742859e-05,0.01802157331,0,0.2891941308,0.005959595054,2.675705112e-05,0.02318982865,0,2.969614931e-05,0.0004264248762,0.00601382989,0.2158380586,0.001097062222,0.01866845493,0,0.005834846951,0.006173513809,2.771749139e-05,0.07533494729,0,3.076208805e-05,0.0001608753816,0.0001752235788,0.006288823887,3.786564545e-05,0.004223859354,0.0002945527414,0.0001700085941,0.008728639446,8.075981738e-07,0.002195017038,0.0006999300179,8.963078868e-07,0.001160163889,8.960117243e-05,0.04535228637,0.0002730707087,8.519549942e-06,0.002124187371,0.0002305167141,4.13288182e-06,0,0.01582951647,0.005047593505,0,0.00102927576,7.949248872e-05,0.001121075086,0.0002422632388,7.558385781e-06,0.02702412267,0.0002045101286,3.666615655e-06,0.003480101716,0.001087709773,0.0558455676,0.001150842749,0.1037491751,-5.250948223e-05,-0.4284820044,-0.0324815298,-0.00141995406,0,-3.88905003e-05,0.001213977851,0.0004121041343,0.007063262122,0.2461936964,0.0003277517428,0.001031340497,0.006828289097,0.08588467801,0.07540340315,-0.001466817503,-0.01165901772,-0.2907817933,-0.003687422155,0,4.722037345e-06,0.0003277517428,4.556974666e-05,0.1629840677,0.01125619771,0.001213977851,2.347426182e-05,0.3367849426,0.02612730152,-0.6125474127,4.411816672e-05,0.0003238120159,0.008472366995,0.01292676108,0.0009700832883,1.405958148e-06,0.001031340497,2.347426182e-05,-0.0002577724245,0,0.0004121041343,4.556974666e-05,0.001075645047,0,-0.3153251717,-0.0008072233424,0.0002731713771,0.06092384242,2.203624133e-06,0.006589113644,0,0.006828289097,0.3367849426,0.001075645047,2.218549038e-05,0.007063262122,0.1629840677,-0.0002577724245,2.695826686e-05,-0.4340048797,-0.0002647145518,0.0002313497041,0.002074171571,4.276519115e-06,0.08237590339,0.004562127807,0.08588467801,0.02612730152,0,2.695826686e-05,0.2461936964,0.01125619771,0,2.218549038e-05
1,1,1,1,1,1500,500,v1,0,0,0,0,0,0,0,0,0,0,0,0,0,0,0.02264816529,0,0,0,0,0,0,0.07194726514,0,0,0,0,0.08247431645,0,0,0,0,0,0,0.2619992143,0,0,0,0,0.1342988644,0,0,0,0,0,0,0.4266321744,0,0,0,0,0,0,0,0,0,0,0,0,0,0,0,0,0,0,0,0,0,0,0,0,0.04372389355,0,0,0,0.1386287683,-0.2160745511,0,0,0.0945061101,0,0,0,0,0,0,0,0,0,0,0,-0.4634641207,0,0,0.3418956796,0,0,0,0,0,0,0,0,0,0,0,0.4364017889,0,0,-0.5579702312,0,0,0,0,0,0,0,0,0,0,0,0,0,0,0,0,0,0,0.1386287683,0,0,0,0.04372389355,0,0,0
1,1,1,1,0,1500,500,v1,0,0,0,0,0,0,0,0,0.01723825424,0,0,0.007705267935,0,0.02243986028,0.001772514647,0,0,0,0.1173788675,0,0.02347374773,0.02168316036,0,0.01049244971,0,0.05683769651,0.004489584532,0,0,0,0.2973077535,0,0.05945641964,0.05492105889,0,0.02657622039,0,0,0.0005295329932,0,0,0,0,0,0,0.006477773722,0,0,0,0,0.04352875579,0,0,0,0,0,0,0.2276910817,0,0,-0.0518270129,0,0,0,0,0,0.0245404697,0,0,-0.0126972989,0.003397398713,0,0,-0.0685123246,0.04109950832,-0.1944783523,0,0.1371772264,0.02237578287,0,0,0.03211394479,0,0,0,0,0,0,0,0,0.4069731992,0,-0.2670910478,-0.05875259253,0,0,-0.08394095764,0,0,0,0,0,0,0,0,-0.03637680967,0,0,0.006712204981,0,0,0,-0.0685123246,0,0,0.02825171953,-0.0126972989,0,0,0.01267809514,-0.1299138214,0,0,0.1840535703,0,0,0,0.04109950832,0,0,0.01267809514,0.003397398713,0,0,0.02825171953
1,1,1,1,2,1500,500,v1,0.006095930112,0.004236263084,0.03084027069,0.007041063354,0,0,0.03357042866,0,0,0.04405655728,0,0,0.001730272469,5.051480759e-05,0.0004382857783,0.005645584296,0,0,0.0006273600052,0,0,0.000151174142,0,0,0.002169448102,0.0004598534763,0.003989864524,0.0007707036801,0.005833585599,0.04246888245,0.005711071526,0.04622847196,0,0.001376189637,0.0606684932,0,0.004834542303,0.03510115182,0.008891279216,0.001717487291,0.01870676671,0.09464047954,0.1145290785,0.02160712593,0,0.003066792429,0.1351977014,0,0.00381627848,0.0277080563,0.0008089287427,0.001355745669,0.01476669905,0.01026186668,0.09040666736,0.0170561771,0,0.01004635204,0.08132055454,0,-0.1919868432,0.01083399427,0.01954093356,0.07222749138,0,0,0,0.002979276238,0.03728422063,0.0007832500813,0.008636241491,0.001127936541,0.09503151502,0.008500580916,0.003443997533,-0.1105598363,0.007206383331,0.0004576862201,0.0004425629791,0,0,0,0.001127936541,0.005399535432,0.005364630258,0.03325628857,0.002979276238,0.005865424264,0.04010511024,0.04408564744,-0.2199107398,0.002100786716,0.002638823259,0.002351531205,0.01645542226,0.09750887012,0,0.09503151502,0.005865424264,0,0,0.03728422063,0.005399535432,0,0,0.2166449629,-0.004229541382,-0.1155316451,-0.01084758687,-0.02281192597,-0.221297652,0,0.008500580916,0.04010511024,0,0,0.0007832500813,0.005364630258,0,0,-0.08333908288,-0.0006093871839,0.02011477139,-0.009285730142,0.00446795856,-0.06630951616,0,0.003443997533,0.04408564744,0,0,0.008636241491,0.03325628857,0,0
1,1,1,1,4,1500,500,v1,0,0,0,0,0,0,0,0,0,0,0,0,0.08198209215,0,0,0.03357964285,0,0,0,0,0,0,0,0,0,0,0,0,0,0,0,0,0,0,0,0,0,0.521883007,0,0,0,0,0.2137618658,0,0,0,0,0,0,0.1055573766,0,0,0,0,0.0432360155,0,0,0,0,0,0,0,0,0,0,0,0,0,0.5014976372,0,0,0,0.2054469042,0,0,-0.5867820017,0.1154856401,0,0,0,0,0,0,0,0,0,0,0,0,0,0,0,0,0,0,0,0,0.2054469042,0,0,0,0.5014976372,0,0,0,0.2642723172,0,-0.7355686783,0,0,0,0,0,0,0,0,0,0,0,0,-0.6200830395,0,0.1487866768,0,0,0,0,0,0,0,0,0,0,0,0
1,1,1,1,3,1500,500,v1,0,1.498442913e-06,0,0,0.0004085598943,0,1.269973452e-05,0.001739446946,6.924830965e-06,0,0,6.339802641e-06,0.08785460234,0.0002554965197,0.0002133056207,0.01027174189,0.0003590350788,0,0.00136640567,0.001528594657,6.085416767e-06,0.001984138205,0,5.57130441e-06,4.90109345e-05,0.0003761759793,0.0003140569228,0.0002543078018,1.938775056e-06,0,0.002011804278,1.643167605e-05,8.959760448e-06,0.002921312327,0,8.202815815e-06,4.158401609e-05,0.1097498754,0.0002664660094,0.0002157710281,0,0,0.01283168283,0,0,0.002478628495,0,0,0.0002491776843,0.6576377746,0.001912525447,0.001292932482,0,9.856973425e-06,0.07688937518,0,0.002687565864,0.01022826307,8.35406839e-05,0.01144233269,-0.01232787002,0,7.48528452e-06,0,0.00212441747,0,-5.20538018e-06,0.0002446453219,0.6897164965,0.001927231679,-0.0001731680733,0.001257506704,0.08067812655,0.01032809374,-0.00212795149,-0.6330674916,0.09799095989,0.00160741536,0.001418347072,0.001696305266,0,-1.826133621e-07,0.001257506704,0,1.228281756e-05,0,0.0002446453219,0,0.0001063313673,0,-0.009323036827,0.0002646779083,0.002322964542,-0.0009861907845,-4.508794008e-07,0,-8.598788203e-06,0.08067812655,0,0.00288518221,0,0.6897164965,0,0.0122769824,0,-0.6369027813,0.0002476069965,0.12248948,0.001101923422,0,0,0,0.01032809374,0.0001063313673,0.0122769824,1.137111077e-05,0.001927231679,1.228281756e-05,0.00288518221,9.609061853e-06,0.2287508583,-0.00151371959,-0.7340768544,-0.01210059684,0,-8.611052848e-05,-0.01392883247,-0.00212795149,0,0,9.609061853e-06,-0.0001731680733,0,0,1.137111077e-05
1,1,1,1,3,1500,500,v1,0.001366785852,0.01295176146,0,0.001558692511,0.003212476196,3.099875927e-05,0.01026247562,0.005088513642,0.002557916029,0,1.408710088e-05,0.0003838730106,0.001166661776,6.363130114e-05,0.06404176253,0.0005947217387,0.002637108722,2.544675616e-05,0.002397853948,0.004177140277,0.002099782927,0.04136154196,1.156404416e-05,0.0003151198025,0.001080726035,0.0002597958435,0.261471688,0.00696192683,0.04340885681,0,0.009790032231,0.03439550179,0.008573058651,0.1688721823,0,0.001286580872,0.0007040830517,0.003103234824,0.1703463949,0.004535631167,0.00298440846,0,0.00158191624,0.00340344108,6.768650649e-05,0.1100186704,0,3.075950998e-05,8.297381473e-05,0.0003657057654,1.994608392e-05,0.000534508847,0.0003517024789,0.003332758095,0.0001864234975,0.000401084061,0.0008266370626,0.000751639448,0.002640748812,0.001309380588,-0.0845508109,-0.001289640613,0.02097855817,0,-0.006003323089,-3.548021239e-06,0.001296728458,0.0008961900775,0.003428521214,0.0002745278364,0.0421193946,0.00502172376,0.001630512155,0.01002695202,0.02705337468,-0.1763489185,0.0001411103798,0.002377262528,0.1046842043,-0.003491723776,7.110071872e-06,0.001891786659,0.00502172376,0.004000518192,0.0413978188,0,0.0008961900775,0.004256960485,0.03312728177,0,0.4059672001,-0.007122590839,-0.009994580257,-0.4162250983,-0.076047925,0,-0.008812869594,0.001630512155,0.004256960485,0.005642884746,4.802832985e-05,0.003428521214,0.004000518192,0.007417103919,3.092639756e-05,-0.3185632418,0.00261016079,-0.003733810253,0.2654257144,-0.004673391065,0,-5.619853556e-05,0.01002695202,0.03312728177,0.007417103919,0.007306808261,0.0002745278364,0.0413978188,0.005642884746,0.001129723453,-0.08624989296,0.0005671541556,0.0002200109574,0.0007496645165,0.0004580458964,0.005385966439,0.0007883877473,0.02705337468,0,3.092639756e-05,0.001129723453,0.0421193946,0,4.802832985e-05,0.007306808261
1,1,1,1,3,1500,500,v1,0.001370848372,0.003003438215,0.03367013583,0.0007517982592,0.0006766376394,0.0002851166475,0.002362822396,0.0003604346707,0,0.009069917651,7.604032799e-05,0,0.0008138552613,0,0,0.001143596195,0.0002153064601,9.072427032e-05,0,0.0001146905057,0,0,2.419607319e-05,0,0.01849574469,0,0,0.1158858181,0.01262786571,0.1415650742,0,0.00993441575,0,0,0.03813419618,0,0.000792973294,0.0004610460007,0,0.004968405461,0.0002471083452,0.006069359469,0.0006478430224,0.0001355187251,5.139496417e-05,0,0.00163493818,1.370698613e-05,0.05605558166,0.03259151593,0,0.3512184587,0.01746818226,0.03827163325,0.04579626795,0.009579869867,0.008622127617,0,0.03010851754,0.004592877409,-0.2563008545,0.002081383083,0.005322897539,0.04228509255,0.001022169074,-0.0002326461058,0,0.05511864276,0.04666019534,0,0,0.3447244757,0.06562955109,0,0,-0.08912027497,0.001922854354,0,0,0.0003262435185,9.894055489e-06,0,0.3447244757,0.02369690255,0.03388800458,0.1524505023,0.05511864276,0.01298634625,0.02664398698,0.04106501628,-0.4113786322,0.1320480126,0,0,0.02237896817,-0.1789754371,0,0.06562955109,0.01298634625,0.01156990174,0.0002159110103,0.04666019534,0.02369690255,0.006161266053,5.509942872e-05,-0.5100320149,0.005755852071,0.001106316664,0,0.0003793414953,0.007679999112,4.207842425e-05,0,0.02664398698,0.006161266053,0,0,0.03388800458,0.01156990174,0,0.1723440356,-0.4043659442,-0.07788900187,0,-0.02691622371,-0.06805652674,-0.01316919118,0,0.04106501628,5.509942872e-05,0,0,0.1524505023,0.0002159110103,0
1,1,1,1,4,1500,500,v1,0.0001381559193,5.101587786e-06,0.0005794396956,0.0002619770118,2.995487735e-05,6.086408712e-05,7.383160041e-05,0.0001110154015,0.00013296741,0.0004667159508,2.258512656e-05,0.001226277539,3.319255668e-05,1.443990759e-05,1.267067705e-05,7.701971724e-05,7.536417793e-06,1.531293832e-05,9.577443934e-05,2.793062504e-05,3.34535823e-05,4.946917399e-05,5.68224492e-06,0.00030852204,0,0.004442544428,0.00389822756,0,0.0003948845577,0.04485109294,0.02946571502,0.005714879386,0.01029224216,0.01521955746,0.03612579643,0.09491908874,0,0.04467361714,0.01705337075,0,0.0467818433,0.1962077136,0.1036602692,0.08870968088,0.0206095707,0.06658019629,0.1580376186,0.007647691513,0,8.152214738e-05,3.546494733e-05,0,8.536932016e-05,3.15237366e-06,0.0001891632754,0.0001618808626,1.850972096e-05,0.0002352255668,4.562203028e-05,6.859864857e-05,-0.5461414637,0.0003968890092,5.067101611e-05,0.001044564804,-7.225310406e-05,8.296221123e-05,0.001354138861,0,0.06652597779,0.006535645962,0.01968895277,0,0.1546281885,0.0433979015,0.07701376021,-0.37738749,0.0001093332119,0.0001057043593,6.179808224e-05,-7.904628507e-06,2.092049398e-05,0.0003409022082,0,0.06951834086,0.0005231702186,0.2260251153,0,0.1318381247,0.007812359799,0.181864946,-0.4339837944,0,-0.0336637781,0.01889329695,-0.005655964363,0.08086404639,-0.1050427366,0.1546281885,0.1318381247,1.998608935e-05,0.03078434977,0.06652597779,0.06951834086,9.579029319e-05,0.01142300882,0.1019901581,0,-0.1478150014,-0.08342357043,-0.1348813214,-0.3538353189,-0.02824212208,0.0433979015,0.007812359799,9.579029319e-05,0.01516116515,0.006535645962,0.0005231702186,1.998608935e-05,0.1398603782,-0.3214336254,0,0.0002695580554,0.0002690421281,0.0002467889007,4.827334252e-05,2.973477527e-06,0.07701376021,0.181864946,0.01142300882,0.1398603782,0.01968895277,0.2260251153,0.03078434977,0.01516116515
1,1,1,1,4,1500,500,v1,0,0,0,0,0,0.008947324394,0,0,0,0,0.003836017236,0,0,0,0,0,0,0.05106202024,0,0,0,0,0.02189199599,0,0,0,0,0,0,0,0,0,0,0,0,0,0,0,0,0,0,0,0,0,0.6399112749,0,0,0.2743513672,0,0,0,0,0,0,0,0,0,0,0,0,-0.8413573386,0,0,0,0,0.01275996404,0,0,0,0,0,0,0,0,0,-0.9014736848,0,0,0,0,0.07287631016,0,0,0,0,0,0,0,0,0,0,0,0,0,0,0,0,0,0,0,0.8699347083,0,0,0,0.3729613529,0.08563627424,0,0,0,0,0,-0.914233648,0,0,0,0,0,0,0,0,0,0,0,0,0,0,0,0,0,0.3729613529,0,0,0,0.8699347083,0
1,1,1,1,0,1500,500,v1,0,0.004934601521,0,0,0.001573450046,0,0.004491447937,0.001248730537,0.002197509246,0,0,0.0006445664655,0.002438879467,0.03053223714,0.03023630411,0.0114522819,0.006100006766,0,0.001295918448,0.004841122693,0.008519381537,0.02658156418,0,0.002498878062,0.04055077341,0.07707686259,0.0763297968,0.04360380316,0.04829418564,0,0.003271470993,0.04395710971,0.02150668479,0.06710361772,0,0.006308272797,0.04148929842,0.006299305747,0.07809640732,0.04461298883,0,0,0.02957974192,0,0,0.06865669348,0,0,0.02077746546,0.003154635354,0.03949275724,0.02234178137,0,0.02474504651,0.01481326726,0,0.007890220597,0.001676241163,0.02252280911,0.006261882559,-0.09509017657,0,0.00783164734,0,-0.001576064834,0,0.001616581959,-0.001761358954,0.00477370722,0.02914811894,0.00213313633,0.008598510776,0.0184419279,0.001171157944,0.008283983433,-0.1642600641,0.009356853043,0.02325106114,0.05405894079,-0.006284310177,0,0.00464184145,0.008598510776,0,0.04343065722,0,-0.001761358954,0,0.0324948761,0,0.1491625483,-0.03218091724,-0.07308111058,-0.03240045861,-0.08757435968,0,-0.02563443545,0.0184419279,0,0.01475791854,0,0.00477370722,0,0.01107954826,0,0.04003783327,-0.008137311892,-0.03027723049,-0.02860322867,0,0,0,0.001171157944,0.0324948761,0.01107954826,0.02253314947,0.02914811894,0.04343065722,0.01475791854,0.006530868572,-0.1986717435,0.03576012795,0.005443287375,0.02961719821,0,0.02912569016,-0.009364602865,0.008283983433,0,0,0.006530868572,0.00213313633,0,0,0.02253314947
1,1,1,1,2,1500,500,v1,0.0004919653724,0,0.03286709881,0.1942064863,0,0.04689124158,0,0,0,0.2122035536,0.01405774992,0,0,0,0,0,0,0.04743334834,0,0,0,0,0.0142202707,0,0,0,0,0,0,0.01900537446,0,0,0,0,0.1227065407,0,0,0,0,0,0.0002396187624,0.01600838999,0,0.09459104342,0.02283904906,0,0.1033567721,0.006847027913,0,0,0,0,0.0001314810503,0,0,0.05190298797,0,0,0,0,0.3961136892,-0.191720442,0,-0.2356005769,0,-0.008115272905,0,0,0,0,0,0,0,0,0,0.01920385036,0,0,0,0,-0.02531185204,0,0,0.000249466478,0,-0.002834686301,0,0.07209354601,0,-0.01968642805,-0.1195469022,0,0,0,0,0.1345609783,0,0,0.07209354601,0,0.01007023672,0,0.000249466478,0,-0.0009082341739,-0.275372308,0,0,0,0.09267690931,0.1160536749,0.02731912326,0,0,0,0,0,0,0,0,-0.09904353605,0,0,0,0.05081485719,0,0,0,-0.01968642805,-0.0009082341739,0,0,-0.002834686301,0.01007023672,0
1,1,1,1,0,1500,500,v1,0.03913080512,0,0,0.001733142755,0.01950511507,0.04518810337,0,0.007076913079,0,0,0.003679908888,0,0.003984977461,0.003463272003,0.01521705212,7.950054608e-05,0.04867995037,0.1127783467,0.04619661379,0.01766222738,0,0.0750106484,0.009184143819,0,0.002246919911,0.0005820941649,0.002557626787,0.01668373885,0,0,0.007764558865,0,0,0.01260751703,0,0,0.002204447037,0.0006571198548,0.002509280711,0.01636837098,0.01610419845,0,1.310958162e-05,0.0007132711629,0.01859706649,0.01236920079,0,0.001514458566,0.01749269543,0.005214367726,0.004531712897,0.1298860546,0.1277897967,0,0.0001040269577,0.005659938754,0.06369801701,0.0604485557,0,0.02311113409,-0.2555076461,0.03533374632,0,0,0.02467788738,0.03982030032,0,0.0199879118,0.003939263865,0.003830084917,0.01538611184,0.1454649767,0.0001007732814,0.03949251821,0.07528373024,0.0003310810344,-0.0002958823722,0.01312234466,-0.08950326197,0.02172597536,-0.1151486105,0,0.1454649767,0.1116895427,0,0,0.0199879118,0.00520397758,0,0,-0.2399652576,0.01836847328,0.007361241068,0.01460532073,0,0,0,0.0001007732814,0.00520397758,0.02271637741,0.07835521918,0.003939263865,0.1116895427,0.009066369056,0.006482082315,-0.3757469136,0.01795878435,0.0006263755305,0.01445137986,0.01601120511,0,0.0187701091,0.03949251821,0,0.009066369056,0,0.003830084917,0,0.02271637741,0,0.1548901505,-0.1466291834,-0.003023851256,-0.04936532119,-0.129273965,0,-0.06759236034,0.07528373024,0,0.006482082315,0,0.01538611184,0,0.07835521918,0
1,1,1,1,0,1500,500,v1,0,0,0,0,0,0,0,0,0,0,0,0,0,0,0,0,0,0,0,0,0,0,0,0,0.3494054588,0,0,0.1606696541,0,0,0,0,0,0,0,0,0.018868853,0,0,0.008676601949,0,0,0,0,0,0,0,0,0.3167335429,0,0,0.1456458893,0,0,0,0,0,0,0,0,0,0,0,0,0,0,0,0.05718418574,0,0,0,0.03367864164,0,0,0,0,0,0,0,0,0,0,0.03367864164,0,0,0,0.05718418574,0,0,0,0.2127133355,-0.2732885534,0,0,0,0,0,0,0,0,0,0,0,0,0,-0.08778990917,0.02721469119,0,0,0,0,0,0,0,0,0,0,0,0,0,-0.2460738622,0.1854986442,0,0,0,0,0,0,0,0,0,0,0,0,0
1,1,1,1,4,1500,500,v1,0,0,0,0,0,0,0,0,0,0,0,0,0.3795628578,0,0,0.3106347377,0,0,0,0,0,0,0,0,0,0,0,0,0,0,0,0,0,0,0,0,0,0.1495912225,0,0,0,0,0.1224256515,0,0,0,0,0,0,0.0207795333,0,0,0,0,0.01700599714,0,0,0,0,0,0,0,0,0,0,0,0,0,0.3137376629,0,0,0,0.2567838984,0,0,0.3097257488,-0.6900734565,0,0,0,0,0,0,0,0,0,0,0,0,0,0,0,0,0,0,0,0,0.2567838984,0,0,0,0.3137376629,0,0,0,-0.6522888977,0,0.2719411904,0,0,0,0,0,0,0,0,0,0,0,0,-0.4181322659,0,0.03778455848,0,0,0,0,0,0,0,0,0,0,0,0
1,1,1,1,0,1500,500,v1,0,2.539824702e-05,0.0001801844882,0,3.87290598e-06,4.114792792e-05,4.850143664e-05,5.21376315e-06,8.204284435e-07,2.778886678e-05,2.925586605e-05,8.228562057e-06,0.009355756712,0.001046713073,0.003990242214,0.03329307811,0.0001863915119,0.001980328088,0.0001537602297,0.0002509230023,3.948479481e-05,0.0004674494879,0.001407998318,0.0003960163583,1.233824083e-06,2.564158295e-05,9.774992719e-05,5.236544219e-06,2.994401995e-05,0.0002124338702,3.766701481e-06,5.718221361e-05,9.672685545e-07,1.1451223e-05,3.276251233e-05,9.701308371e-06,9.059390006e-06,0.001682836088,0.0007177317459,3.844948158e-05,0,0.001559802006,0.005988483355,0,0.0003562050272,8.408094523e-05,0.0002405597206,0.0002532590847,0.0009795689377,0.1819608118,0.02035760082,0.004157445236,0,0.02377343109,0.6475195653,0,0.003625142449,0.002990494203,0.04539862773,0.004880220231,-0.08083011781,0,7.3709429e-05,0.0001457618888,9.058826704e-06,5.671704819e-05,7.632805967e-06,0.001451730077,0.2563669627,0.02902257127,0.004815218707,0.006161275649,0.9122543655,0.004275202386,0.0006364006072,-0.8522917971,0.04251840043,0.0009973358125,-0.004227391267,0.0004038045461,-0.003073627427,-0.0003547716745,0.006161275649,0,0.03535967246,0.0009849156425,0.001451730077,0,0.06757591412,0.0002140100637,-0.1009832071,6.458081604e-06,2.881385602e-05,8.064100337e-05,8.685088184e-05,0.0001020309905,8.556843444e-06,0.9122543655,0,0.005142617473,0.002436436628,0.2563669627,0,0.006919940712,0.001664477555,-0.798782261,4.723103495e-05,0.007662941015,0.0005123373972,0,-0.001047076681,0.00028296759,0.004275202386,0.06757591412,0.006919940712,4.885156879e-05,0.02902257127,0.03535967246,0.005142617473,0.0004590214687,0.05183460379,-0.005129026322,-0.8292622256,-0.02322466545,0,-0.06878428405,-0.00845456884,0.0006364006072,0.0002140100637,0.001664477555,0.0004590214687,0.004815218707,0.0009849156425,0.002436436628,4.885156879e-05
1,1,1,1,3,1500,500,v1,0,0,0,0,0,0,0,0,0,0,0,0,0.0619194144,0,0,0.003584488541,0,0,0,0,0,0,0,0,0,0,0,0,0,0,0,0,0,0,0,0,0,0.1129146673,0,0,0,0,0.006536582022,0,0,0,0,0,0,0.7704441631,0,0,0,0,0.04460068463,0,0,0,0,0,0,0,0,0,0,0,0,0,0.8933558916,0,0,0,0.05172128232,0,0,-0.6955394626,0.06548801203,0,0,0,0,0,0,0,0,0,0,0,0,0,0,0,0,0,0,0,0,0.05172128232,0,0,0,0.8933558916,0,0,0,-0.7494723503,0,0.1194208991,0,0,0,0,0,0,0,0,0,0,0,0,0.1849089113,0,-0.8149603619,0,0,0,0,0,0,0,0,0,0,0,0
1,1,1,1,0,1500,500,v1,0.001572145108,0,0.002413357613,0.03066290889,0.0008073529268,0.01321653528,0,0.01307648163,0.001785642193,0.04159568152,0.149369618,0.0005224500787,0.002513898129,0,0.0678993315,0.001893306005,0.001609610171,0.02634965317,0,0.02607042983,0.003560014138,0.02370502752,0.2977964757,0.001041602665,0,0,0.104212764,0,0,0.007384725904,0,0,0.005463955315,0.03638277998,0.1272802278,0.001598665117,0,1.333437696e-05,0.0003601559153,0,1.66255096e-05,2.5521372e-05,1.004259309e-05,0.0003242617258,0.0001397654917,0.0001257377016,0.0004398763184,0.001579590843,0,0.000187339746,0,0,0.0002335781232,0,0.0001410922193,0.004555676619,0.0001199507478,0,0,0.001942810509,-0.4659291362,-0.03138519897,0,0.0419918373,0.005521293305,0.1564398663,0.001878899306,0,0.003450920079,0,0.05716825406,0,0.002596590251,0,0.01999481069,0.04738866873,-0.004373215263,0,0.06397632192,-0.02163259801,-0.3178932378,0.002188171833,0,0.001996519065,0,0.007343899764,0,0.03891769436,0,0.1266572877,0.1109796655,0,0,-0.1158997977,0,-0.131788965,-0.004849967561,0.002596590251,0.03891769436,0.001380749577,0.01941199077,0.003450920079,0.001996519065,0.02014278812,0.2201983819,-0.3348291518,0,2.173915321e-05,0.0004814325925,0.0003256235934,0.0004630026775,0.001713122626,0,0,0.02014278812,0.000871947448,0,0,0.001380749577,0.0003023971796,-0.05152235633,0,0.0003198025586,0,0.003783433086,0,0.001762279538,0.01999481069,0.1266572877,0.2201983819,0.0003023971796,0.05716825406,0.007343899764,0.01941199077,0.000871947448
1,1,1,1,0,1500,500,v1,1.823907197e-05,0.004391500386,1.814245082e-05,9.292789013e-05,2.402450094e-06,0.002301675262,0.001538917582,0.000384834368,0,0.000143223267,0.002795711062,0,0.0007188748549,0.05641696197,0.03324666645,0.004054371986,0.0001034977701,0.09915638108,0.05803388739,0.01657869982,0,0.01872455655,0.1204394886,0,0.02992322993,0.0590369843,0.03479065261,0.00349642683,0.1979721102,0.0008178752036,0.06072900027,0.0693755515,0,0.01959413113,0.006456611614,0,0.001009845589,2.538716846e-05,0.001174110788,0.0001179969949,2.774855211e-05,2.760155465e-05,0.0001431807274,0.0001413785968,0.0035017218,0.0006612603964,0.0002178969573,0.00425333779,0.005834071714,0.000146666543,0.01151032161,0.0006816912784,0.0001603087093,0.03859822255,0.0008271825327,0.0008167712784,2.11158591e-05,0.01184021055,0.01352601118,0.00338242543,-0.4466594838,7.309441619e-05,0.005913800828,0.0001597206188,0.0003834625419,0.005080413716,0,0.03464148641,0.0008354705889,0.005850770625,0.005615918151,0.004067046944,0.004666811661,0.002526389734,0.007230350227,-0.006738602365,-0.004696590296,0.006380871751,0.003578435186,-0.01615570123,-0.2188044963,0,0.004067046944,0.0001319550488,0.2322037555,0.001131462343,0.03464148641,0.0007553031387,0.08140538685,0.009017212441,0.1002800875,-0.03320368644,-0.03502307795,-0.01395343762,-0.2667499185,-0.007143153649,0,0.004666811661,0.0007553031387,0.0001166557884,0.1396589483,0.0008354705889,0.0001319550488,0.0187007847,0.1694520229,-0.2624768534,0.001093702988,0.0001522291682,0.001810823532,8.302065029e-05,0.0002176498364,0.007650100941,0.002526389734,0.08140538685,0.0187007847,0,0.005850770625,0.2322037555,0.0001166557884,0,-0.3417487914,0.006304294543,0.0008761729684,0.02305743264,-0.0007476205249,0.05176335611,0.003227278343,0.007230350227,0.009017212441,0.1694520229,0,0.005615918151,0.001131462343,0.1396589483,0
1,1,1,1,0,1500,500,v1,0,0,0,0,0,0,0,0,0,0,0,0,0.005690143552,0,0,0.05782479625,0,0,0,0,0,0,0,0,0,0,0,0,0,0,0,0,0,0,0,0,0,0.03952582717,0,0,0,0,0.4016722745,0,0,0,0,0,0,0.04437151169,0,0,0,0,0.4509154469,0,0,0,0,0,0,0,0,0,0,0,0,0,4.737469502e-05,0,0,0,0.01105095821,0,0,-0.07088661539,0.06348772573,0,0,0,0,0,0,0,0,0,0,0,0,0,0,0,0,0,0,0,0,0.01105095821,0,0,0,4.737469502e-05,0,0,0,-0.2777480322,0,0.2703491427,0,0,0,0,0,0,0,0,0,0,0,0,0.3338368688,0,-0.3412357583,0,0,0,0,0,0,0,0,0,0,0,0
1,1,1,1,2,1500,500,v1,0.03965275505,0,0.07322649554,0.02372285944,0.04562971313,0.03791460156,0,0.00498605089,0.002310178395,0.09233864151,0.05991692125,0.01518373532,0.0007878186002,0.003386278404,0.006859276937,0.01009526786,0.002817820239,0.002341380743,0.00574379519,0.0003079089074,0.0001426629052,0.006004428248,0.003700113409,0.0009376573678,0.000492548341,0.01628053459,0.03297800184,0.0001053229596,0,0.02174101403,0.02761499354,0,0.0006858940952,0.02886806402,0.02741542779,0.004508065016,0.0007681143227,0.005906758749,0.05142820194,0.0001642479875,0.01835954509,0.03390445745,0.07569040862,0.01098387507,0.01755476602,0.04501887754,0.04275353503,0.02774201732,0.0002677550801,0.002059022485,0.008850290376,5.725480146e-05,0.006399908608,0,0.02638473313,0.003828841959,0.007364582699,0.01501183578,0,0.0008047428223,0.1995779944,-0.05919329708,0,-0.1580871422,-0.04951001083,-0.09380561824,-0.01653707731,0.000836049878,0.005350168928,0.02023977617,0.0370212637,0.0001436870583,0.06180618933,0.02863368967,0.03591168086,-0.2648852914,0.0100950261,0.004601178314,0.01177669113,0.002922817267,0.005774186568,0.0008484657533,0.0001436870583,0.02994814936,0,0.02915146532,0.000836049878,0.01687529327,0,0.03602019692,-0.1772784772,1.184815831e-05,-0.03259558353,0.02273091822,0,0.04613747676,0.003958945437,0.06180618933,0.01687529327,0.05404365666,0.02883878141,0.005350168928,0.02994814936,0.005876260123,0.04798442385,-0.1832304042,-0.0007303897255,-0.07654042679,-0.08312957244,0.01838804062,0.06850189049,0.03681596143,0.02863368967,0,0.005876260123,0.00236343338,0.02023977617,0,0.05404365666,0.01523106581,-0.1825507975,6.538360945e-05,0.02167449522,-0.004587905344,0.009589628056,0,0.006640582336,0.03591168086,0.03602019692,0.04798442385,0.01523106581,0.0370212637,0.02915146532,0.02883878141,0.00236343338
1,1,1,1,3,1500,500,v1,0.04150983081,0,0.0973812327,0.01841840645,0,0.002579645226,0,0,0,0.07769112585,0.002075657306,0,0,0,0,0,0,0.003443863778,0,0,0,0,0.002771032596,0,0,0,0,0,0,0.363305739,0,0,0,0,0.2898467303,0,0,0,0,0,0.0009249355565,0.002169880313,0,0.0004104049254,5.74804943e-05,0,0.001731138945,4.625047146e-05,0,0,0,0,0.06624357975,0,0,0.02939306552,0,0,0,0,-0.7426166143,0.05673620241,0,0.1738528793,0,-0.0009600766927,0,0,0,0,0,0,0,0,0,-0.0008678812065,0,0,0,0,-0.00311685668,0,0,0.03580582139,0,0.3960175318,0,0.01589324662,0,0.3157877131,0.1777505534,0,0,0,0,-0.6522873844,0,0,0.01589324662,0,0.003458903611,0,0.03580582139,0,0.00251820322,-0.5183086829,0,0,0,0.001331199676,0.00389767401,9.219548615e-05,0,0,0,0,0,0,0,0,0.05806740211,0,0,0,-0.09253344748,0,0,0,0.3157877131,0.00251820322,0,0,0.3960175318,0.003458903611,0
1,1,1,1,2,1500,500,v1,0.0008698134729,0,0,0.0003094325708,0,0,0,0,0,0,0,0,0.1544930818,0,0,0.3146445279,0,0,0,0,0,0,0,0,0.002433778596,0,0,0.004402974891,0,0,0,0,0,0,0,0,0.006084058003,0.0096798371,0,0.01100673441,0.003127137885,0,0.01971420169,0.00111246646,0,0,0,0,0.05662788219,0.09009589892,0,0.1024461074,0.02910609919,0,0.1834915924,0.01035437526,0,0,0,0,-0.03523565471,0.001170314249,0,0,0,0,0,0.07212532032,0.0815861873,0,0,0.1304566081,0.1657878375,0,0,0.297567439,-0.4624834558,0,0,0,0,0,0.1304566081,0.0376921868,0,0,0.07212532032,0.01340582387,0,0,-0.1418864304,0.006831811961,0,0,0,0,0,0.1657878375,0.01340582387,0,0,0.0815861873,0.0376921868,0,0,-0.3846541625,0.0170495586,0.02937047949,0,0.004198149876,0,0,0,0,0,0,0,0,0,0,-0.4038631457,-0.1589359891,0.2681969595,0,-0.03943380458,0,0,0,0,0,0,0,0,0,0
1,1,1,1,4,1500,500,v1,1.21986064e-05,5.26585281e-06,1.576714452e-05,4.557775272e-05,5.222679526e-05,0.0002652166227,1.625266977e-06,3.799888253e-05,2.729105076e-05,0.000145479135,0.0001273794743,4.060052573e-05,0,0.0008383593951,0.02570679302,0,0.001638800623,0.0083221106,0.02970273366,0.001192349484,0.0008563533482,0.002742372121,0.003996982023,0.001273985251,0.06097314502,0.003338401,0.1023661022,0.01882657912,0.0006579755028,0.001970126249,0.1182781947,0.0002030793293,0.003410054077,0.01092030206,0.01817781667,0.005073091158,0.1269443289,0,0.2131232715,0.03919639458,0.003173408166,0.004101746012,0,0.01185683084,0.06899481532,0.02273575384,0.03784568987,0.03313715111,0.004874162264,0,0.0002668700814,0.001504987179,0.0001218463753,5.259822771e-05,0,0.0004552556068,0.0005216698927,0.009455098847,1.62340585e-05,0.0003795536922,-0.1349938187,5.682537387e-05,4.106297444e-06,0.0001591432342,5.931777561e-05,0.0003904920126,6.718443341e-05,0.09135046986,0,0.00334995681,0.127403134,0.02799297877,0,0.1186939356,0.01358509963,-0.3429467368,0,0.02983934013,0.02836841659,-0.002359240285,0.01221357626,0.002003086165,0.02799297877,0.004537775872,0.0008175254637,0.003177757591,0.09135046986,0.01697303871,0.0002608966274,0.02932791554,-0.3639444873,0.0786071612,-0.1208500571,0.1118825307,-0.0007771444128,0.01984582102,-0.008367875998,0,0.01697303871,0.001585654961,0.0906843129,0,0.004537775872,0.001030754323,0.04354308267,0.2584753753,-0.1645461544,0,-0.2342431029,-0.01497208548,-0.04167541301,-0.1020889991,0.1186939356,0.0002608966274,0.001030754323,0.003828128899,0.00334995681,0.0008175254637,0.001585654961,0.005618279216,-0.1949379305,0.00637669419,0,0.009648122016,0.0005747170935,5.409005352e-05,0.0005556496516,0.01358509963,0.02932791554,0.04354308267,0.005618279216,0.127403134,0.003177757591,0.0906843129,0.003828128899
1,1,1,1,3,1500,500,v1,0,0.004192905812,0.01498487832,0,0.0006871588277,8.313215783e-05,0.0331949376,0.0004079572155,4.145975404e-05,0.0008297952143,2.017615667e-05,0.0009835567019,0.002833812956,0.005718847676,0.001848474726,0.01020446663,0.0003581214471,4.332536739e-05,0.0001291455934,0.0002126120228,2.160727115e-05,0.001941040203,1.051505727e-05,0.0005125929191,0.002714149605,0.03272986976,0.01057911322,0.0001197068208,0.01250616215,0.04469533218,0.0007391206573,0.09901039776,0.0001236618303,0.01110888008,0.002475026621,0.002933650349,0.002640440106,0.01577790976,0.01029181103,0.0001164558837,0,0.04348151901,0.05681573068,0,0.0002412240143,0.01080719075,0.002407811103,5.854501595e-05,0.006714436639,0.04012201418,0.08096924219,0.0002961383788,0,0.03093854267,0.1444780447,0,0.005070395965,0.001828483888,0.2449382455,0.003010227819,-0.2038571316,0,0.03525592222,0.01277296547,0.0005733059398,-4.742663704e-05,-0.0002088252709,0.003934770196,0.03527238925,0.07139059988,0.01163039682,0.0001682193073,0.1305223302,0.001630215886,0.0118900838,-0.2020902278,0.01110259874,0.004029697004,0.002408960555,-0.0002104826121,-2.219072138e-05,0.0001277048635,0.0001682193073,0,0.02203736393,0.02533397044,0.003934770196,0,0.1699035589,0.001346996407,-0.3183778409,0.002032964833,0.02255238141,-0.0102988048,0.1045043466,-0.01333828483,-0.002104842497,0.1305223302,0,0.006910009095,0.0003538230164,0.03527238925,0,0.004015867365,8.62521277e-05,-0.1795622285,0.001231921352,0.05654038719,-0.007790476184,0,-0.0172219918,-0.0002237660713,0.001630215886,0.1699035589,0.004015867365,0.0001519421548,0.07139059988,0.02203736393,0.006910009095,0.003127002198,0.2376130425,-0.006000212513,-0.1781727988,-0.07526262229,0,-0.2677208843,-0.007646740973,0.0118900838,0.001346996407,8.62521277e-05,0.003127002198,0.01163039682,0.02533397044,0.0003538230164,0.0001519421548
1,1,1,1,3,1500,500,v1,1.041923949e-05,9.218798693e-05,0,5.343770778e-05,2.460005038e-06,0.0004239835309,3.124940104e-05,0.0003395935379,3.468741061e-06,0,0.0001706821514,3.101778308e-06,0.0009730533175,0.3570930909,0,0.001082209356,0.001275553476,0.2198425037,0.138179805,0.1760848905,0.00179859986,0,0.08850153076,0.001608323577,0,0.006610340162,0,0,0.0008848697866,0,0.002557919875,0.0002999485264,3.329483878e-05,0,0,2.977253328e-05,0,8.552042289e-07,0,0,4.74823163e-06,0,9.511400881e-07,2.435250813e-05,0.0001932167903,0,0,7.778287377e-05,0,2.158159386e-06,0.000792005733,0,1.198244854e-05,0.0001060190439,2.400259306e-06,6.145502117e-05,2.829082084e-06,0.0003064724592,3.593778031e-05,0.0003905431001,-0.4891157079,-3.233678628e-05,0.0001188431523,0,0.0003418009052,0.0005909813858,6.536783599e-06,0,0.001431923173,0.5244752408,0,0,0.001601677402,0.2029497873,0,0.01193394575,-0.002028698877,-0.4952116258,0,-0.1773511822,-0.3080229368,-0.003404048162,0,2.074920238e-05,0.00102101174,0,0,8.323911052e-05,0.0003416428923,0,-0.4972605227,0,0.009164379198,0,-0.001159823042,0,6.26951155e-05,0.001601677402,8.323911052e-05,0.001905251205,0.328477853,0.001431923173,2.074920238e-05,0.2630189385,0.1322639342,-0.3095239637,0,1.79759715e-06,0,-1.514358256e-06,0,0.0002707708293,0.2029497873,0.0003416428923,0.2630189385,0.002640783743,0.5244752408,0.00102101174,0.001905251205,0.002361440677,-0.6661583607,0,4.500898093e-06,0.001097228703,-3.547439742e-05,0.0001325434687,0.0003932543633,0,0,0.1322639342,0.002361440677,0,0,0.328477853,0.002640783743
1,1,1,1,2,1500,500,v1,0.0002889001084,0,0.0009779724742,0.001395200306,0.0003242804497,0.002439544141,0,4.944012256e-06,0.005613106782,0.0006674374287,0.00360204762,0.03746978001,0.00465131995,0.02131272486,0.001282738557,0.0004938815635,0.000225314668,0.001695029962,0.03004236581,3.435170024e-06,0.003900066416,0.006728976205,0.002502753911,0.026034536,0.001853000952,0.05594404591,0.003367076955,0.0009129180931,0,0.001783652403,0.07885859284,0,0.01023733455,0.01766297628,0.001217290267,0.06833838878,0.002071469236,0.01364878375,0.003764054369,0.001020550876,0.0005890255618,0.001993944514,0.001449240803,0.002844611754,0.004973877879,0.01974543616,0.001360808442,0.007344054439,0.006554365295,0.04318631095,0.1978831758,0.003229139554,0.001863744164,0,0.004585563454,0.009000676542,0.002091988816,0.2789356496,0,3.189467129e-05,-0.05538802641,0.001350437169,0,0.000810717231,0.0003029850496,0.0005687027386,0.02097475643,0.004855642318,0.03864001552,0.1810516625,0.002091994083,0.002295599476,0.004210246176,0.255345799,0.01071101779,-0.4432257658,0.004978450388,0.0512998341,0.006791682365,0.0001678816553,0.002676160307,0.0257953154,0.002295599476,0.001798201356,0,0.001701886586,0.004855642318,0.007256725978,0,0.001089898013,-0.3847618227,0.001816205897,0.1330886343,-0.007918660895,0,-0.0015499513,-0.06245603795,0.004210246176,0.007256725978,0.002375868422,0.00358033115,0.03864001552,0.001798201356,3.614082177e-05,0.00570264051,-0.05599006902,0.002217499575,0.01282912391,-0.007408362735,0.002951142047,-0.001121955662,-0.009433510822,0.255345799,0,3.614082177e-05,0.002643357896,0.1810516625,0,0.002375868422,0.02088559137,0.2110021923,-0.008801199995,-0.04637441545,-0.4753201093,-0.01033819742,0,-0.002078872867,0.01071101779,0.001089898013,0.00570264051,0.02088559137,0.002091994083,0.001701886586,0.00358033115,0.002643357896
1,1,1,1,1,1500,500,v1,0.02289867403,0.03437728401,0.004135100246,0.1159687951,0.0009548273475,0,0.001802741905,0.0129816248,0.02801476096,0.001311436471,0,0.000199572882,0,0.008679699491,0,0,0.002898038148,0,0.03102926732,0.03940109591,0.08502882347,0,0,0.0006057323629,0.001231632576,0.0002687572549,0,0.001565327958,0.003230772057,0.0003886161083,0.0009607868008,0.0001694214171,0.002632823084,0,0.0001232486052,1.875582988e-05,0.02297866207,0,0,0.02920444202,0.04015028771,0.007250440108,0,0.2033384328,0,0,0.002299458544,0,0.01661424267,0,0.003625430456,0.0211156631,0.02902982868,0.04358185388,0,0.1470196157,0.001210483816,0.01296063889,0.00228542878,0.01645747451,-0.1968868927,0.1241735955,0.004961896324,0.0003909927195,0.009510076051,0,0.01922002033,0.02009968303,0,0.008486187148,0,0.02025136439,0,0.0306728239,0,0.05108161266,0,-0.03372305732,0,-0.0341913735,0,-0.08119091872,0.02025136439,-0.01590202855,0.04148763441,0.00862787447,0.02009968303,-0.08829779794,0.002332932737,0.001820258692,-0.1585205531,0.002540167512,0.001176672743,0,0.003274687442,0.0003722877227,0.002542611194,0,-0.08829779794,0.0014259227,0,0,-0.01590202855,0.01730824081,0,0.2767039308,-0.04274757,0,0,-0.1906272268,-0.007728702549,0,0.0306728239,0.002332932737,0.01730824081,0.0885108966,0.008486187148,0.04148763441,0.0014259227,0.0006315343038,-0.1556521298,0.01330670423,0,0.006440377193,0.1359201824,-0.03745029519,0.01219185512,0,0.001820258692,0,0.0006315343038,0,0.00862787447,0,0.0885108966
1,1,1,1,0,1500,500,v1,0.04293479631,0.0007667819796,0.007132785311,0.01024022412,0,0.004064697226,0.03246866251,0,0.0006472569975,0.003946764296,0.001298879127,0.0004486176666,0.03557416745,0.04706962559,0.05512930139,0.0170881688,0,0.01479866005,0.01833813851,0,0.002356519007,0.004103173133,0.004728930492,0.00163331731,0.0008867138192,0.008011165739,0.009382908084,0.003353477297,0.0004751394202,0.004419858014,0.003121118239,0.02011933234,0.0004010753027,0.0006983526979,0.002445627766,0.0002779876728,0.002866045586,0.01956993282,0.03032753264,0.01083914403,0.08599202762,0.01428591083,0.00940048185,0.02050964977,0.008140985544,0.00225722282,0.007904783382,0.002601462203,0.00486101012,0.0331919499,0.0439176168,0.01838393259,0.1458483838,0.002604738395,0.01594386273,0.03478577437,0,0.01711012845,0.1102952001,0,-0.1961478904,0.05132536302,0.02712990164,0.002146568849,0,-0.0004812146901,7.334873957e-05,0.003788468756,0.01888009655,0.03280031976,0.05466472276,0.0114302229,0.01072857936,0.01557111723,0.003933960136,0.008853214097,-0.02485977286,-0.02111483549,-0.05034376136,0,-0.01457799967,-0.003329701169,0.0114302229,0.02936596999,0.002154865685,0.01248706907,0.003788468756,0.00876147259,0.09294771931,0.006733298619,-0.2042829399,0.002694041983,0.01073175064,0.008965676826,0.0186975337,0.002263074843,0.000155177069,0.01072857936,0.00876147259,0,0.01239931862,0.01888009655,0.02936596999,0,0.004429407202,-0.2130958159,0.00643750398,0.02660483636,0.00231229595,0.0727226133,-0.01722322215,0.003840063806,0.01557111723,0.09294771931,0,0.002743755855,0.03280031976,0.002154865685,0,0.001908007185,0.1703689362,-0.01927734038,-0.02148418079,-0.0218645398,-0.1494662714,-0.1092291587,0,0.003933960136,0.006733298619,0.004429407202,0.001908007185,0.05466472276,0.01248706907,0.01239931862,0.002743755855
1,1,1,1,2,1500,500,v1,0.007125564582,0,0,0.0284376626,0,0,0,0,0,0,0,0,0.003163851973,0,0,0.002240495298,0,0,0,0,0,0,0,0,0.001951958904,0,0,0.002067035857,0,0,0,0,0,0,0,0,0.03757690765,0.00624090106,0,0.03979223916,0.06035423188,0,0.004419520762,0.2408697954,0,0,0,0,0.05461607881,0.009070824754,0,0.05783594781,0.08772173366,0,0.006423543323,0.3500917065,0,0,0,0,-0.1446191323,0.03547221629,0,0,0,0,0,0.0233957413,-0.0005376563814,0,0,0.02385472997,-0.0002865372033,0,0,-0.004204765633,0.004754228022,0,0,0,0,0,0.02385472997,0.03601112552,0,0,0.0233957413,0.1277092489,0,0,-0.03550892909,0.004008615123,0,0,0,0,0,-0.0002865372033,0.1277092489,0,0,-0.0005376563814,0.03601112552,0,0,-0.4976523526,0.07490533371,0.009546244502,0,0.2731030075,0,0,0,0,0,0,0,0,0,0,0.4017896426,-0.1104142627,-0.01375101013,0,-0.4177221397,0,0,0,0,0,0,0,0,0,0
1,1,1,1,4,1500,500,v1,0.007516305832,0.00421057345,0.002920873306,0.003106472499,0.009159616015,0.00504293583,0.001710857148,0.005508437931,0.002313147361,0.002100288502,1.620875225e-05,0.02433761489,0.01173069536,0,0.02392818493,0.004906559813,0.02504120467,0.01378673386,0,0.01505935635,0.006323845496,0.01298517996,4.431263078e-05,0.06653588912,0.007835674548,0,0.05859769345,0.03587014751,0.0281896681,0.01955516275,0,0.01145413938,0.01548645503,0.03179938623,0.0140613711,0.1629396315,0.004944735083,0.01812847037,0.03697831869,0.02263600609,0.03175556158,0.01234036696,0.007582536367,0.01312450304,0.02130584663,0.02006713522,0.008873486839,6.848018719e-05,0.004489673917,0.01646011752,0,0.02055282729,0.02883311526,0.01615207687,0.006884719845,0.01191666247,0.03513697688,0,0.00656297687,0.02113078277,-0.2800249361,0.004229741961,0.005679830801,0.004143319295,0.01007977474,0.003302930066,0.02617056018,0.005249894089,0.01697133029,0,0.009992085205,0.020910374,0.006769717204,0,0.004733994286,-0.2493448922,0.0007052446695,0,0.03385488078,-0.01621357589,-0.001198952553,0.06625108507,0.020910374,0.04356773751,0.02893147155,0.0156736959,0.005249894089,0.02045761527,0.009593005505,0.0109524549,0.1948213654,-0.03327371713,0,-0.07666559311,-0.03451170224,-0.02864002446,-0.1751127809,0.006769717204,0.02045761527,0.0446088308,0.01957271205,0.01697133029,0.04356773751,0.02216297557,7.096559889e-05,-0.109166939,0.007448452473,-0.01371902053,0.03299332602,-0.0257170451,0.006745937978,-0.01519976262,0,0.009593005505,0.02216297557,0.01083390644,0,0.02893147155,0.0446088308,0.1132027972,-0.09529201622,0.008385085954,-0.002813589132,0,-0.02119626536,0.003148886696,-0.03838073641,0.004733994286,0.0109524549,7.096559889e-05,0.1132027972,0.009992085205,0.0156736959,0.01957271205,0.01083390644
1,1,1,1,1,1500,500,v1,0,0.0735469361,0,0,0,0,0.06670787185,0,0,0,0,0,0,0.01542480904,0,0,0,0,0.03023451857,0,0,0,0,0,0.04995501634,0.02346943914,0,0.05126638314,0.1350186081,0,0.04600298076,0.1224633477,0,0,0,0,0.02138548835,0,0,0.0219468778,0,0,0,0,0,0,0,0,0.03996834184,0,0.01877758502,0.04101754891,0,0.1080265863,0,0,0,0.03680637092,0.09798129003,0,-0.06319548667,0,0.1262390811,0,0,0,0,-0.001155505499,0,-0.007433718042,0,0.007400881018,0,-0.01641044188,0,-0.001378821009,0,0.01727492761,0,0,0,0,0.007400881018,0,-0.047193431,0,-0.001155505499,0,-0.047371961,0,0.3395035969,-0.0462228863,-0.03934818014,0,-0.1791564128,0,0,0,0,0,0,0,0,0,0,-0.02544467477,0.02128109113,0,0,0,0,0,-0.01641044188,-0.047371961,0,0,-0.007433718042,-0.047193431,0,0,-0.09993237913,0.02077821152,0,0.03796935912,0,0.1159609261,0,0,0,0,0,0,0,0,0
1,1,1,1,2,1500,500,v1,0,0,0,0,0,0.003871114046,0,0,0,0,0.0006775375694,0,0.05321574568,0,0.0003260450136,0.02024365325,0,0.02386117291,0,0,0,0.007793484299,0.004176276106,0,0,0,0.0002177720901,0,0,0,0,0,0,0.005205426533,0,0,0,0.3907744095,0.002394217088,0,0,0,0.1486534022,0,0.1752176096,0.05722919383,0,0.03066727353,0,0.05467637835,0,0,0,0,0.02079928845,0,0,0,0,0,-0.1780196104,0,0,0,0,0.004519756823,0,0,0.4241552466,0,0.002774514619,0,0.1614016191,0,0.06624864319,-0.7192040327,0.07342155608,0,0.008113165506,0,0.02778277744,0,0,0,0,0,0,0,0,0,-0.05142620198,0,0,0.005410763746,0,0,0,0.1614016191,0,0,0.2214794318,0.4241552466,0,0,0.03877034809,0.1946896946,0,-0.539234476,-0.05953936701,0,0,-0.2058023878,0,0,0,0,0,0,0,0,-0.4658129195,0,0.07544167612,0,0,0,0,0.06624864319,0,0.03877034809,0,0.002774514619,0,0.2214794318,0
1,1,1,1,1,1500,500,v1,0,0,0.001050182927,0,0,0,0,0,0,0.0001475426251,0,0,0,0,0.07345989052,0,0,0,0,0,0,0.1216119494,0,0,0.09364277196,0,0.08861392815,0.009843358533,0,0.04023276708,0,0,0,0.1466992732,0.005652394375,0,0.07827807971,0,0.07407435711,0.008228282736,0,0.0336314665,0,0,0,0.1226291913,0.004724962409,0,0.08820756993,0,0,0.009272031551,0,0,0,0,0,0,0,0,-0.04621854015,0,0,0.001077794153,0,0,0,-0.07698533586,0,0,-0.1132423399,-0.003055194323,0,0,-0.1863608373,0.09459471715,0,0,0.105140734,0,0,0,-0.003055194323,0,0,0.06009448998,-0.07698533586,0,0,0.00761662914,0.3123371455,0.00161291353,0,-0.06890275528,0,-0.03709224656,0,0,0,0,0,0,0,0,0,-0.006940239961,0.06052411971,0,0.1634974725,0,-0.009126293639,0,0,0,0,0,0,0,0,0,0.06213703323,-0.008776679654,0,0,0,0,0,-0.1863608373,0.00761662914,0,0,-0.1132423399,0.06009448998,0,0
1,1,1,1,3,1500,500,v1,0.0003952764278,6.617302686e-05,0.007970508249,0.00182134063,0,0.002214218691,0.0008597167512,0,0.01657364083,0.00244102104,0.0003722486375,0.008854109225,0.0004399678785,0.02709135497,0.002020265975,0.0004758079691,0,0.001233479175,0.04744083844,0,0.009232710798,0.007856071226,0.000207369283,0.004932376096,0.006384817017,0.01194823918,0.0008910082608,0.1189924216,1.625793903e-05,0.001958260689,0.02092307621,0.0002112223543,0.004071949779,0.003464803371,0.00059973033,0.002175351118,0.02627527279,0.0007985331125,0.003666743315,0.4896864437,0.0003996540189,0.008058779704,0.0008635821774,0.001841511538,0.002238740628,0.01425861595,0.002468054759,0.0003763712013,0.005403914876,0.0001642306438,0.01011262614,0.1007115655,8.219500954e-05,1.376022497e-05,0.0001776089867,0.0003787352342,0,0.01770865515,0.0001787721746,0,0.001233971007,-0.0002516681622,-0.0008031505759,-0.002329074103,0,-0.0004837851104,-0.01670330741,0.0220122837,0.0007492112871,0.0095924921,0.003430984751,0.4041192393,0.0009212592373,0.0133079118,0.01323339358,0.02552383067,-0.0001076259548,-0.06478313693,-0.00143238966,0,0.0007824281639,0.003378276264,0.4041192393,0.0003821830337,7.050150547e-05,0.009378764093,0.0220122837,0.001871017683,0.0009977547514,0.002582627059,-0.4900603089,0.1246024261,0.02631115878,0.004117123577,8.326441024e-05,0.002470670207,0.005534036445,0.0009212592373,0.001871017683,0,0.001654815282,0.0007492112871,0.0003821830337,0,0.0003813660672,0.233515233,-0.5141697393,-0.001296706278,-0.01379431948,-0.001627276771,-0.00811585687,-0.001656097287,0.0133079118,0.0009977547514,0,0.007828753761,0.0095924921,7.050150547e-05,0,0.003857738287,-0.4320424541,0.1054796313,0.0002906852171,0.02320504223,0.0003768111216,7.715329254e-06,0,0.01323339358,0.002582627059,0.0003813660672,0.003857738287,0.003430984751,0.009378764093,0.001654815282,0.007828753761
1,1,1,1,2,1500,500,v1,0.004521790157,0,0,0.03237463073,0,0,0,0,0,0,0,0,0.134802861,0,0,0.3372360851,0,0,0,0,0,0,0,0,0.0005380526761,0,0,0.001905015119,0,0,0,0,0,0,0,0,0.01293758548,0.04979338182,0,0.04580647405,0.01355056109,0,0.1245680175,0.09701786157,0,0,0,0,0.005456548052,0.02100082592,0,0.01931931016,0.005715076265,0,0.05253773001,0.04091819329,0,0,0,0,-0.06341532028,0.03630675479,0,0,0,0,0,0.01072063369,0.09651575553,0,0,0.0366955025,0.241858488,0,0,0.2442095924,-0.4697924217,0,0,0,0,0,0.0366955025,0.00505174374,0,0,0.01072063369,0.03561110453,0,0,-0.03403763739,0.002426879611,0,0,0,0,0,0.241858488,0.03561110453,0,0,0.09651575553,0.00505174374,0,0,-0.2898944378,-0.05686774111,0.1709701933,0,-0.1085101674,0,0,0,0,0,0,0,0,0,0,-0.4254664985,0.02283010372,0.07323939911,0,0.04509484713,0,0,0,0,0,0,0,0,0,0
1,1,1,1,0,1500,500,v1,2.909831477e-06,0,0.002628806865,6.423662637e-07,0.02610233131,0.02267790314,0,0.008665364527,9.241889292e-06,0.0002363042885,0.003438825536,9.413333802e-06,0.01654888785,0.003257217463,0.002231877332,0.01623474853,0.01640298675,0.01425103913,0.01272594231,0.005445408607,5.807702993e-06,0.0006666939603,0.002160995087,5.915440574e-06,0.0005404263281,0.001363115844,0.0009340203375,0.0001127911052,0,0.0006913346557,0.00532569096,0,2.430470811e-06,0.0002790053507,6.214429296e-05,2.475558007e-06,0.0007443607555,0.009538976827,0.00128648078,0.0001553537789,1.054009329e-06,0.0009522156118,0.009357903165,2.326801535e-07,0.008214469349,0.0003842903701,8.55949654e-05,0.001245623406,0.01440275075,0.1845711298,0.03632801869,0.003005964163,2.039418863e-05,0,0.1810675077,4.502164079e-06,0.1829438827,0.1419334986,0,0.06073309746,-0.1973955011,2.535056905e-06,0,-0.002114487045,0.03450383226,-0.02279574766,7.415320064e-06,0.01975669465,0.2376853222,0.04758192124,0.001209723882,0.004128167932,0.2331337944,0.1859681544,0.0003073484337,-0.7399557046,0.03268602197,0.01586189656,-0.001654377002,0.0217695032,0.01392142367,-8.719175623e-07,0.004128167932,1.927144246e-05,0,0.001383550549,0.01975669465,4.72761586e-06,0,0.0001084801158,-0.1818463631,0.0005514346684,0.006591305328,0.0006550776064,0,0.0004257283447,-7.166833058e-07,0.2331337944,4.72761586e-06,0.2107446399,-0.0006912256008,0.2376853222,1.927144246e-05,0.06993547336,0.0001917525944,-0.3610998703,0.0008583312804,0.01885975655,-1.208214938e-05,7.493212523e-07,0.0006940715913,0.009207306002,0.1859681544,0,0.06993547336,-5.993297722e-06,0.04758192124,0,0.2107446399,-2.746781105e-06,0.1316853651,-0.01733300765,-0.3654251898,-0.1781532521,-1.928375037e-05,0,-0.243393411,0.0003073484337,0.0001084801158,0.0001917525944,-2.746781105e-06,0.001209723882,0.001383550549,-0.0006912256008,-5.993297722e-06
1,1,1,1,4,1500,500,v1,0.08485966054,0.2136100911,0,0.1539399647,0.08507503214,0,0.009668729516,0.04429151351,0,0,0,0,0,0,0,0,0.002754033448,0,0,0.00143379681,0,0,0,0,0,0,0,0,0.08629071031,0,0,0.003905815186,0,0,0,0,0,0,0,0,0.009722178706,0,0,0.01763655236,0,0,0,0,0,0,0,0,0.04115135416,0.1035868451,0,0.07465075828,0.04125579522,0,0.004688697905,0.02147847101,0.3982092313,-0.2363580184,-0.2159076795,0,-0.1283899502,0,0,0,0,0,0,0,0,0,0,-0.06686960848,0,0,0,0.004154051744,0,0,0,0.05097356474,0.03423089266,0,0,0.0927621983,0.001629633111,0,-0.1105636367,0,0,0,0.08665661945,0,0,0,0.0927621983,0.06192315755,0,0,0.05097356474,0.03215017767,0,-0.1230595671,0,0,0,0.02723572511,0,0,0,0.001629633111,0.03215017767,0,0,0.03423089266,0.06192315755,0,-0.4626092523,0,0,0,0.1132984513,0.1053440427,0.06152034173,0,0,0,0,0,0,0,0
1,1,1,1,0,1500,500,v1,0,2.421233652e-07,0,0,0,0,3.377136455e-08,0,0,0,0,0,0,0.3437007942,0,0,0,0,0.009475259755,0,0,0,0,0,0.005884154476,0.05220298457,0,0.1157878656,0.001475849896,0,0.001439149537,0.0002058515288,0,0,0,0,0.01912095045,0,0,0.376260353,0,0,0,0,0,0,0,0,0.002474943664,0,0.02195718118,0.04870172009,0,0.0006207595951,0,0,0,0.0006053229979,8.658354211e-05,0,-0.0007952906283,0,2.427684315e-07,0,0,0,0,0.01615071219,0,0.4042720491,0,0.3174599539,0,0.01114342747,0,0.07617497113,0,-0.3531186219,0,0,0,0,0.3174599539,0,0.001017824844,0,0.01615071219,0,0.0001747469442,0,-0.673470249,0.1210808524,0.05362517498,0,-0.001381591499,0,0,0,0,0,0,0,0,0,0,0.1721441138,-0.3945512248,0,0,0,0,0,0.01114342747,0.0001747469442,0,0,0.4042720491,0.001017824844,0,0,-0.5743451627,0.05106326134,0,0.02254979617,0,0.000586300871,0,0,0,0,0,0,0,0,0
1,1,1,1,2,1500,500,v1,0,0,0,0,0,0,0,0,0,0,0,0,0,0.1786116015,0,0,0,0,0.440051274,0,0,0,0,0,0,0.002749352577,0,0,0,0,0.006773670321,0,0,0,0,0,0,0,0,0,0,0,0,0,0,0,0,0,0,0,0.1073449124,0,0,0,0,0,0,0.2644691892,0,0,0,0,0,0,0,0,0,0,0,0.1026189233,0,0,0,0.2542387629,0,0.3751875623,0,-0.6130926858,0,0,0,0,0,0,0,0,0,0,0,0,-0.2474262786,0,0.009521155538,0,0,0,0,0,0,0,0,0,0,0,0,0,0,0,0,0,0,0,0.2542387629,0,0,0,0.1026189233,0,0,0,-0.6035715299,0,0,0.3656664073,0,0,0,0,0,0,0,0,0,0,0
1,1,1,1,1,1500,500,v1,0,0,0.0390168322,0,0,0.0206576892,0,0,0.009645462385,0.0168771362,0.03751631645,0.2486082202,0.005332787312,0.02219366246,0.02936863031,0.0002752387889,0,0.009830666794,0.0007769652373,0,0.004590122635,0.04388335673,0.01785342024,0.1183087107,0.01584556542,0.003263631905,0.004318728333,0.006075762083,0,0.002730394727,0.000114254623,0,0.0006749886689,0.006453154067,0.001181060611,0.01739758292,0.1208371188,0.005980246388,0.03293430528,0.04633331568,0,0.02082178977,0.0003086558073,0,0.01102421795,0.04921127925,0.009006681533,0.02002102196,0.0004434074538,2.194429866e-05,9.132641689e-05,0.0001700184325,0,0,1.132601364e-06,0,0,3.197194303e-06,0,0,0.1762067295,0,0,-0.04774494345,0,-0.04615166596,-0.2494068783,0.156799061,0.0037484906,0.02874973585,0.01560732511,0.06013205067,0.000197611438,0.001031220155,0.01946759664,-0.2738033415,-0.00162580882,-0.02271101179,-0.01900466668,0,0.0224620517,0.1099069734,0.06013205067,0,0,0.02813010735,0.156799061,0,0,0.01415330312,-0.3944197975,0.02179353357,0.002773112521,0.0106224215,0,0.003683892551,0.01776284988,0.000197611438,0,0,0.006739870145,0.0037484906,0,0,0.01901627374,-0.05534186996,-0.167023854,-0.001018662137,-0.01500103599,0,0.01587211059,0.006518851653,0.001031220155,0,0,0.006921228121,0.02874973585,0,0,0.1756843544,-0.1678126904,0.0006095788002,1.37362617e-05,8.392856262e-05,0,0,0,0.01946759664,0.01415330312,0.01901627374,0.1756843544,0.01560732511,0.02813010735,0.006739870145,0.006921228121
1,1,1,1,0,1500,500,v1,0,0.0006989286609,0.002426647111,0,0,0,0.001443805601,0,0.004273324386,0.0008997303836,0,0.002902027394,0,0,0,0,0,0,0,0,0.3986506791,0,0,0.2707248706,0,0,0,0,0.001103058161,0.00382976554,0,0.002278632485,0.006744215259,0,0.001419966011,0.004580016789,0,0,0,0,0,0.2042718504,0,0,0,0,0.07573807888,0,0,0,0,0,0,0.005876035571,0,0,0,0,0.01213836768,0,-0.9447602209,0,0.002131209897,0.003317823507,0,0,0.00715518132,0,0,0,0,0,0,0,0,0.01844252075,0,0,0,0,0,-0.6673718172,0,0,0.006049604984,0.2964883564,0,0,0.0124828157,0.1098192814,-0.9520356975,0,0,0,0.003354439518,0.005237916556,0.01128733943,0,0,0,0,0,0,0,0,0.008555740063,0,0,0,0,-0.279427499,0,0,0.0124828157,0,0.579701281,0,0.006049604984,0,0.3936926662,0.005485649414,0,0,0,0,-0.01784059654,0,0,0.1098192814,0,0.3936926662,0,0.2964883564,0,0.579701281
1,1,1,1,1,1500,500,v1,0.01474426161,0.01365699777,0.0002869990309,0.05594580538,0.002945342097,0.02767644965,0.1443196894,0.007106848205,0.005481524024,0.0008095584519,0.01290926232,0.0009298609852,0.001861185588,0.064465318,0.001542307558,0.002376614244,0.001724085452,0.01620068659,0.007722495045,0.004160064671,0.003208664908,0.0004080532879,0.0075565658,0.0005443034271,0,0.04876656327,0.001166720982,0,0.006047478075,0.0001270865219,0.005841893826,0.06390644356,0.002427282841,0.0003086831354,0.000358481935,0.0004117533015,0,0.009227404176,0.007646467546,0,0.04278937407,0.0008329009086,0.01178280142,0.1623605208,0.08031992299,0.002023050595,0.002349422463,0.03746401609,0,0.0009923939534,0.03437324692,0,0.004601935202,0.004262581637,0.001267223226,0.01746163884,0.0009192914392,0.004117675011,0.04504463339,0.002218168382,-0.1889733918,0.06813660972,-0.1323318033,0.0007890396146,-0.007230040286,0.03763693786,-0.005268554696,0,0.01042753409,0.02933593312,0.01009190246,0,0.01307796631,0.003758274433,0.002648219367,-0.0856920196,0.001889860704,-0.04978560133,0.0005073820488,-0.0009190084435,0.01664136018,0.0001088905595,0,0.03541738282,0.006100630661,0.0008162911602,0,0.1345332916,0.0556358999,0.001824434109,-0.1497200302,0,0.02173598298,-0.0001134787681,0.04909874913,0.0003647224956,0.001045182281,0.01307796631,0.1345332916,0.00234597841,0.06226907096,0.01042753409,0.03541738282,0.006333131085,0.02941397079,0.1491164865,0,-0.01925515814,-0.008887317829,-0.2030061482,-0.002914245622,-0.1154003258,0.003758274433,0.0556358999,0.006333131085,0.005218945916,0.02933593312,0.006100630661,0.00234597841,0.0009527768632,-0.2716665573,0,0.001694963833,0.005986813338,0.02156908879,0.04207536719,0.002362975736,0.002648219367,0.001824434109,0.02941397079,0.0009527768632,0.01009190246,0.0008162911602,0.06226907096,0.005218945916
1,1,1,1,1,1500,500,v1,0,0,0,0,0,0.07488029966,0,0,0,0,0.009011709815,0,0.01015843676,0,0.01493591192,0.005023236037,0,0.005239283054,0,0,0,0.02818556818,0.0006305383223,0,0,0,0.001714879492,0,0,0,0,0,0,0.003236150099,0,0,0,0.09765155513,0.1435767196,0,0,0,0.04828762755,0,0.05036445567,0.2709437121,0,0.006061271944,0,0.1539647549,0,0,0,0,0.07613388983,0,0,0,0,0,0.05906618866,0,0,0,0,-0.08025666728,0,0,0.06886865666,0,0.1900426757,0,0.03422668633,0,0.3586809554,-0.5198573487,0.01517031003,0,0.04308597329,0,0.005864608625,0,0,0,0,0,0,0,0,0,-0.370736423,0,0,0.004920672807,0,0,0,0.03422668633,0,0,0.0285144112,0.06886865666,0,0,0.003271306521,-0.238325872,0,0.1432102298,-0.413822396,0,0,0.05320158003,0,0,0,0,0,0,0,0,0.15838054,0,-0.2271107686,0,0,0,0,0.3586809554,0,0.003271306521,0,0.1900426757,0,0.0285144112,0
1,1,1,1,0,1500,500,v1,0,0.1265134032,0.1179847716,0,0,0,0.1039366213,0,0.00900331082,0.1002695101,0,0.09504752318,0,0,0,0,0,0,0,0,0.0006589982489,0,0,0.006957013103,0,0,0,0,0.004197905868,0.003914912988,0,0.003448774134,0.0002987434562,0,0.003327093844,0.003153820428,0,0,0,0,0,0.2140597987,0,0,0,0,0.1819189956,0,0,0,0,0,0,0.0138941311,0,0,0,0,0.01141467233,0,-0.3368711406,0,-0.2288852103,0.2108531829,0,0,-0.1038681783,0,0,0,0,0,0,0,0,-0.1004381201,0,0,0,0,0,0.007516023789,0,0,0.1614275559,0.1373998968,0,0,0.1333655583,0.1165808631,-0.4769717426,0,0,0,0.007531609489,0.007238728026,0.003430058207,0,0,0,0,0,0,0,0,0.218091911,0,0,0,0,-0.3874124175,0,0,0.1333655583,0,0.01207073667,0,0.1614275559,0,0.1273124078,-0.2213535996,0,0,0,0,0.02482485698,0,0,0.1165808631,0,0.1273124078,0,0.1373998968,0,0.01207073667
1,1,1,1,1,1500,500,v1,0.000100069333,9.824706935e-06,0,3.268058053e-05,0.000214899525,1.948864504e-05,3.601790402e-06,0.0003103477152,1.584235673e-05,0,0.0006877411545,0.0001427602924,0.0007121866197,0.001491084812,0,0.001084888997,0.02442248444,0.002214807735,0.02516438739,0.03526979524,0.001800421432,0,0.07815907289,0.01622414484,0,0.0009755815135,0,0,0.0007305252069,0,0.01646446328,0.0002678144698,0.001177973145,0,0,0.01061507411,0,0.00510493705,0,0,0.08151771017,0,0.007776458982,0.02662200309,0.01587569009,0,0,0.5602424083,0,0.0005748010167,0.001203444494,0,0.009178656314,0.0009011512884,0.0008756065914,0.002997559871,0.01971122245,0.02031000732,0.000330366909,0.02846601382,-0.6094572901,0.0001326577212,1.221566635e-05,0,0.0004936704123,0.0007070863988,0.0001560225079,0,0.005719039774,-0.0007696940198,0,0,0.00871057575,-0.01621317772,0,-0.5458563505,0.001776766297,-0.01375565421,0,-0.01824616677,0.07969748789,-0.01345867447,0,0.1082879632,0.0007078887995,0,0,0.03536589807,0.000254569945,0,-0.01785411958,0,0.01508579381,0,0.0001459491693,0,0.005831543387,0.00871057575,0.03536589807,0.007501692484,0.02041048127,0.005719039774,0.1082879632,0.008047353794,0.7201509534,0.09585048091,0,-0.01283789554,0,-0.1079969964,0,-0.5741121923,-0.01621317772,0.000254569945,0.008047353794,0.001232281415,-0.0007696940198,0.0007078887995,0.007501692484,0.009974381446,-0.13518966,0,0.001441385568,0.009991774921,0.0120950982,-0.0007998039974,0.007386465493,0,0,0.7201509534,0.009974381446,0,0,0.02041048127,0.001232281415
1,1,1,1,1,1500,500,v1,0,0,0,0,0,0,0,0,0.03066034127,0,0,0.01516636579,0,0,0,0,0,0,0,0,0.04946288522,0,0,0.02446718396,0,0,0,0,0,0,0,0,0.5889264006,0,0,0.2913168231,0,0,0,0,0,0,0,0,0,0,0,0,0,0,0,0,0,0,0,0,0,0,0,0,-0.8062938268,0,0,0,0,0,0.0457790806,0,0,0,0,0,0,0,0,-0.8344390924,0,0,0,0,0,0.07392434626,0,0,0,0,0,0,0,0,0.1197034269,0,0,0,0,0,-0.880218173,0,0,0,0,0,0,0,0,0,0,0,0,0,0,0,0,0,0,0.7632303719,0,0,0,0.3775417556,0,0,0,0,0,0,0,0,0,0,0.3775417556,0,0,0,0.7632303719
1,1,1,1,1,1500,500,v1,0.000424622743,0.06230431299,0.009643751294,0.03703662494,0.001879871245,0.03131019809,0.02202772299,0.05448032827,0,0.01768470107,0.01328967502,0,0.001712977696,0,0,0.01428726065,0.003996395305,0.06656196748,0,0.1158190641,0,0,0.02825235772,0,0.05032030357,0,0,0.0008042461983,0.1047517853,0.01621396845,0,0.03703504942,0,0,0.02973315845,0,0.042019906,0.001131270648,0,0.000671584773,0.0005961539112,0.0135394539,0.009435475221,0.05199798923,0.04395830737,0,0.02482863644,0.01865818983,0.01019305738,0.0002744200957,0,0.0001629109339,0.0001446131513,0.02121888945,0.00228882807,0.01261350961,0.0006402250215,0,0.007501949651,0.01855428633,-0.3077301619,-0.008049378354,0.03062631919,0.01491046554,0.04733465602,0.04027868605,0,0.06338203297,0.002348301487,0,0,0.001058573655,0.01851547412,0,0,0.1156631712,-0.01179907775,0,0,-0.1137231337,-0.08093556781,0,0.001058573655,0.0005583031498,0.07417959228,0.005251044647,0.06338203297,0.05476650828,0.02179008348,0.002070450856,0.05802805966,-0.03112349727,0,0,-0.1227502485,-0.01597549924,0,0.01851547412,0.05476650828,0.002682906418,0.03456050543,0.002348301487,0.0005583031498,0.06913103272,0.008953691687,-0.0686140203,-0.02177676864,-0.0043656861,0,-0.04071823635,-0.003815963308,0.01164741704,0,0.02179008348,0.06913103272,0,0,0.07417959228,0.002682906418,0,-0.2763450511,0.009939861537,0.002255580116,0,0.01188440705,0.02814414532,0.01851251809,0,0.002070450856,0.008953691687,0,0,0.005251044647,0.03456050543,0
1,1,1,1,0,1500,500,v1,0,0,0,0,0,0,0,0,0.1358048967,0,0,0.175892003,0,0.0005503872393,0.00930505519,0,0,0,0.004016412452,0,0.1418987308,0.03900323889,0,0.1837846247,0,0.0004051375672,0.006849409203,0,0,0,0.002956463111,0,0.1044510164,0.02871010843,0,0.1352830342,0,0,0.003762734109,0,0,0,0,0,0,0.01577194485,0,0,0,0,0.001392576117,0,0,0,0,0,0,0.01016222699,0,0,0.1826087831,0,0,0,0,0,0.008103418043,0,0,0.001124207748,0.003681907834,0,0,0.006580884256,0.01349060857,0.2419973204,0,-8.877426217e-05,-0.03300155867,0,0,-0.03477985853,0,0,0,0,0,0,0,0,-0.06647530819,0,0.001161184359,0.02205261113,0,0,0.2173886416,0,0,0,0,0,0,0,0,-0.01094894757,0,0,-0.000499396729,0,0,0,0.006580884256,0,0,-0.1200607958,0.001124207748,0,0,-0.1660075061,0.001072410096,0,0,-0.006209138099,0,0,0,0.01349060857,0,0,-0.1660075061,0.003681907834,0,0,-0.1200607958
1,1,1,1,1,1500,500,v1,0,0,0,0,0,0,0,0,0.02693197678,0,0,0.1463368161,0,0,0,0,0,0,0,0,0.01590129619,0,0,0.08640082664,0,0,0,0,0,0,0,0,0.112601392,0,0,0.6118276922,0,0,0,0,0,0,0,0,0,0,0,0,0,0,0,0,0,0,0,0,0,0,0,0,-0.6220839588,0,0,0,0,0,0.1731814457,0,0,0,0,0,0,0,0,-0.5512015932,0,0,0,0,0,0.1022990802,0,0,0,0,0,0,0,0,0.275480526,0,0,0,0,0,-0.7243830393,0,0,0,0,0,0,0,0,0,0,0,0,0,0,0,0,0,0,0.1046488874,0,0,0,0.56870488,0,0,0,0,0,0,0,0,0,0,0.56870488,0,0,0,0.1046488874
1,1,1,1,3,1500,500,v1,0.1584810977,0,0,0.1951656188,0,0,0,0,0,0,0,0,0.0008867180982,0,0,0.01216577383,0,0,0,0,0,0,0,0,0.003936292794,0,0,0.1988586151,0,0,0,0,0,0,0,0,0.0006767859538,0.0002036689186,0,0.03419072832,0.05375974597,0,0.002794337913,0.06620382014,0,0,0,0,0.00116926372,0.0003518729609,0,0.05907034265,0.09287917431,0,0.004827697629,0.1143784451,0,0,0,0,0.3180695059,-0.3444574132,0,0,0,0,0,0.003105790836,0.0007491865555,0,0,0.1583609351,0.008813195223,0,0,0.00257899301,-0.008953914192,0,0,0,0,0,0.1583609351,0.01773228757,0,0,0.003105790836,0.02184957319,0,0,0.09062631932,-0.1982708031,0,0,0,0,0,0.008813195223,0.02184957319,0,0,0.0007491865555,0.01773228757,0,0,-0.2958962688,0.03462178256,0.001688568313,0,0.1191786091,0,0,0,0,0,0,0,0,0,0,-0.3961931714,0.05600453677,0.0008904246958,0,0.1988908968,0,0,0,0,0,0,0,0,0,0
1,1,1,1,3,1500,500,v1,0.05274297969,0,0,0.06205412349,0,0,0,0,0,0,0,0,0,0,0,0,0,0,0,0,0,0,0,0,0,0,0,0,0,0,0,0,0,0,0,0,0,0,0,0,0.1575252282,0,0,0.1853344279,0,0,0,0,0,0,0,0,0.2491770065,0,0,0.2931662342,0,0,0,0,-0.1978546987,0.1147386977,0,0,0,0,0,0,0,0,0,0,0,0,0,0,0,0,0,0,0,0,0,0.05643400605,0,0,0,0.0682399946,0,0,0,0,0,0,0,0,0,0,0.0682399946,0,0,0,0.05643400605,0,0,-0.4194112569,0,0,0,0.3362952561,0,0,0,0,0,0,0,0,0,0,0.451033954,0,0,0,-0.5341499553,0,0,0,0,0,0,0,0,0,0
1,1,1,1,3,1500,500,v1,0,0,0,0,0.06386075363,0,0,0.08713478461,0,0,0,0,0.005590964188,0.003950166984,0,0.006686591647,0.01108464499,0,0.005486922725,0.01512444026,0,0,0,0,0,0.03491228784,0,0,0,0,0.04849441209,0,0,0,0,0,0,0.02755454967,0,0,0,0,0.03295424822,0,0,0,0,0,0,0.07666738843,0.0541675776,0,0,0,0.09169143315,0,0.1520007559,0.07524069583,0,0.2073973822,-0.3320067206,0,0,0,0.149702376,0,0,0,0.0652520402,0.02717056451,0,0,0.07795875465,0.04860594948,0,-0.3760410463,0.01219193168,0.009403423871,0,0.02614980567,0,0,0,0,0,0,0,0,0,0,-0.1015254979,0,0.0510078219,0,0,0,0,0.07795875465,0,0.1155446625,0,0.0652520402,0,0.1579118544,0,-0.1558941246,0,0.06042026181,0,0,0,0,0.04860594948,0,0.1579118544,0,0.02717056451,0,0.1155446625,0,0.3088756188,0,-0.1680860563,-0.1109289218,0,0,-0.3581565263,0,0,0,0,0,0,0,0
1,1,1,1,1,1500,500,v1,0.003132083143,0,0.002274794718,0.00106727405,0,0.007817816721,0,0,0,0.06185492481,0.001785294213,0,0,0,0,0,0,0.006387377189,0,0,0,0,0.001458635823,0,0,0,0,0,0,0.003416623847,0,0,0,0,0.09290289339,0,0,0,0,0,0.03286389274,0.02386865425,0,0.01119854688,0.08202971584,0,0.6490228777,0.01873249043,0,0,0,0,0.0001388055605,0,0,4.729873572e-05,0,0,0,0,-0.7129949393,0.004184050374,0,0.06388375774,0,0.009434755439,0,0,0,0,0,0,0,0,0,-0.09110911788,0,0,0,0,0.007826805822,0,0,0.04438944165,0,0.02726641992,0,0.0151225019,0,0.7415367361,-0.6087834649,0,0,0,0,0.09624802925,0,0,0.0151225019,0,0.1015654688,0,0.04438944165,0,0.02335799903,0.1817614232,0,0,0,-0.04404270364,-0.6726672226,-0.1005438733,0,0,0,0,0,0,0,0,-0.03985865325,0,0,0,0.000184024166,0,0,0,0.7415367361,0.02335799903,0,0,0.02726641992,0.1015654688,0
1,1,1,1,3,1500,500,v1,0.0003147882579,0.001326750216,0.1402285258,0.0387878843,0,0.02521181128,0.0333985319,0,0.03476069528,0.002195058987,0.01486231832,0.00532833762,0,0,0.04209269102,0,0,0.01434704746,0,0,0.01978094074,0.06029805925,0.008457559197,0.003032146793,7.243453804e-05,0,0.0001013327545,9.005918357e-05,1.817568598e-06,0.0001921047097,0,4.575399505e-05,4.762007756e-05,0.0001451598433,3.007099783e-06,7.299504475e-06,3.019406879e-05,0,4.224018324e-05,3.754083698e-05,1.797612642e-07,8.007813646e-05,0,2.214999747e-05,1.439731932e-05,6.050934283e-05,1.253498403e-06,8.48719437e-06,0.1523715266,0,0,0.1894463009,0.0009071483024,0.003823392949,0,0.1117778777,0,0,0.09624698747,0,-0.1849727805,0.03836949682,0.03299359208,-0.1421421341,0,-0.03255902641,-0.03100640109,0.2279541684,0,0,0.06222660071,0.2832988162,0,0,0.08933459781,-0.0631451417,0,0,-0.1013870361,0,0.01544537669,0.008948386775,0.2832988162,0.000884427376,0.003734668989,0.2095239807,0.2279541684,0.1086253073,0.09428501461,0.00327605666,-0.6717941705,0.0001620369148,0,0.0002442084459,4.62798432e-05,0.0001943629177,5.148384569e-05,0,0.1086253073,0,0.01615778757,0,0.000884427376,0,0.009478840593,-0.6741358922,6.752108405e-05,0,0.0001020293085,2.231307843e-05,8.107938458e-05,2.256429264e-05,0,0.09428501461,0,0.02804525334,0,0.003734668989,0,0.004964542294,0.07166123939,-0.3410648802,0,0,-0.1113982996,-0.09838632758,0,0.08933459781,0.00327605666,0.009478840593,0.004964542294,0.06222660071,0.2095239807,0.01615778757,0.02804525334
1,1,1,1,0,1500,500,v1,0.004332910524,0,0.09819676806,0.09857833437,0,0.2417971432,0,0,0,0.009672377211,0.1863368707,0,0,0,0,0,0,0.1204189322,0,0,0,0,0.09279880938,0,0,0,0,0,0,0.04780790083,0,0,0,0,0.004709076069,0,0,0,0,0,0.0005148859149,0.01166886149,0,0.01171420356,0.02873309813,0,0.001149382329,0.02214267515,0,0,0,0,0.000817974683,0,0,0.0186097962,0,0,0,0,0.3526362436,-0.1026530376,0,-0.1048999546,0,-0.42373798,0,0,0,0,0,0,0,0,0,-0.3729346791,0,0,0,0,0.2090349472,0,0,0.004500571167,0,0.05900437792,0,0.1024767268,0,0.006150817864,-0.09220133839,0,0,0,0,0.04876454118,0,0,0.1024767268,0,0.138861786,0,0.004500571167,0,0.1069878118,-0.3542943192,0,0,0,0.01213767138,0.0126986162,0.0508033008,0,0,0,0,0,0,0,0,-0.09051536626,0,0,0,0.01919716755,0,0,0,0.006150817864,0.1069878118,0,0,0.05900437792,0.138861786,0
1,1,1,1,4,1500,500,v1,0.2084607738,0.0208868051,0.002430724183,0.08096191796,0,0.09821239763,0.01069938362,0,0.09190503165,0.0008500776042,0.02009694119,0.004730444337,0,0,0.008861319401,0,0,0.05183867649,0,0,0.04850950917,0.04110521983,0.01060761022,0.002496833185,0.002590050423,0,0.0004725238698,0.0001881863518,0.0005878749664,6.841457518e-05,0,0.0003011422645,0.002586736801,0.002191908074,2.392607872e-05,0.0001331419426,0.007382908361,0,0.00134692375,0.000536422989,0.01672463148,0.0001950149443,0,0.006495506167,0.007879497554,0.006248008264,6.820100684e-05,0.001612360585,0.05255685933,0,0,0.0038186452,0.119057973,0.01192905807,0,0.04623969135,0,0,0.006110727223,0,0.2929895519,-0.2755565406,-0.02793205509,-0.003268945942,0,-0.1154825762,-0.09187779435,0.06398452554,0,0,0.01057602072,0.00460048543,0,0,0.04909489796,-0.1864758783,0,0,-0.04878315276,0,0.05834749145,0.04246754819,0.00460048543,0.1200903648,0.0130325005,0.003279281882,0.06398452554,0.04551545522,0.006639479586,0.001140391354,-0.1568687507,0.002446201994,0,0.002481382173,0.0008754920407,9.03730358e-05,0.002683002855,0,0.04551545522,0,0.05907998545,0,0.1200903648,0,0.01282421643,-0.292327012,0.006604761644,0,0.006521158144,0.02297960339,0.0002321240816,0.009198950256,0,0.006639479586,0,0.06658163058,0,0.0130325005,0,0.003509234374,-0.2705825367,-0.05477430423,0,0,0.1421730573,0.01394190965,0,0.04909489796,0.001140391354,0.01282421643,0.003509234374,0.01057602072,0.003279281882,0.05907998545,0.06658163058
1,1,1,1,3,1500,500,v1,0,0,0,0,0,0,0,0,0.06770041965,0,0,0.9260274748,0,0,0,0,0,0,0,0,0.0003335974517,0,0,0.004563050087,0,0,0,0,0,0,0,0,9.37068267e-05,0,0,0.001281751229,0,0,0,0,0,0,0,0,0,0,0,0,0,0,0,0,0,0,0,0,0,0,0,0,0.006261854714,0,0,0,0,0,-0.9937219854,0,0,0,0,0,0,0,0,-0.9923471767,0,0,0,0,0,0.004887045189,0,0,0,0,0,0,0,0,-0.9888349405,0,0,0,0,0,0.001374809524,0,0,0,0,0,0,0,0,0,0,0,0,0,0,0,0,0,0,0.1009100485,0,0,0,1.380280149,0,0,0,0,0,0,0,0,0,0,1.380280149,0,0,0,0.1009100485
1,1,1,1,4,1500,500,v1,0.005996911033,0,0.02785553516,0.0006001751489,0.0008048261226,8.855642333e-05,0,0.003660692153,0.002021938625,0.0188727918,0.005532274363,0.001997466022,0.01609860083,0.02872368099,0.01161066695,0.01273754245,0.002769847315,0.0003047711357,0.0005218169051,0.01259844586,0.006958597784,0.01406114023,0.0190395849,0.006874374158,0.004269057474,0.08650391771,0.03496655525,0.0204615951,0,0.28870942,0.001571497979,0,0.02095643557,0.04234637329,0.1956075425,0.02070278864,0.0004158706444,0.004722914437,0.003406270343,0.001993268254,0.006054849007,0.02812465592,0.003736866563,0.0006059736228,8.941199376e-05,0.004125176027,0.01905512756,0.005585723342,8.500526757e-05,0.0009653785638,0.001722461858,0.0004074302997,0.001237630178,0,0.0007638272774,0.0001238629142,0.0001660983617,3.129159235e-05,0,0.0007554861259,-0.4914518439,-0.001221787015,0,0.04665569031,0.00438770291,0.00554318645,0.00381819424,0.005627794597,0.01539069239,0.08325954312,0.0300602408,0.02695497097,0.01224695678,0.001517799813,0.03637494552,-0.1661198135,-0.02845875754,0.02878186456,0.02539265686,-0.01525248519,-0.01920494073,0.01354465509,0.02695497097,-0.0002843353829,0,0.3490139443,0.005627794597,6.449020907e-05,0,0.2364841361,0.1774175184,-0.02457742585,-0.08705136497,-0.07716993692,0,-0.4841181922,-0.04147767581,0.01224695678,6.449020907e-05,0.002677408922,0.0001875492897,0.01539069239,-0.0002843353829,0.01223931691,0.01184853905,-0.5536726171,0.002370233947,0.008369871083,0.007487155833,3.059756502e-05,0.04713044844,0.005637695427,0.001517799813,0,0.01223931691,0.01818513159,0.08325954312,0,0.002677408922,0.01798710814,-0.1126215508,0.0004853483571,0.001663786998,0.001751271719,0.001337752896,0,0.0009202983841,0.03637494552,0.2364841361,0.01184853905,0.01798710814,0.0300602408,0.3490139443,0.0001875492897,0.01818513159
1,1,1,1,0,1500,500,v1,0.06882639629,0.03399380632,0.03564503462,0.009446582715,0.02355276522,0.003627690102,0.006323039312,0.03902067529,0,0.1002369247,0.001962615941,0,0.0001982791379,0,0,0.007000118996,0.02827454932,0.004354957974,0,0.04684341723,0,0,0.002356074996,0,0.00355043806,0,0,0.02470593788,0.02178331961,0.022841431,0,0.004051820056,0,0,0.06423208234,0,4.584281e-05,1.366585447e-06,0,0.0003189999648,0.0005694670346,0.0002949256863,4.824643101e-05,7.816067287e-05,3.001537253e-05,0,0.0008293565742,1.623861106e-05,0.0106602585,0.0003177849289,0,0.07418005321,0.1324235097,0.06540483569,0.01121919503,0.01817543421,0.04531604153,0,0.01216566757,0.07507664283,-0.2151154251,0.06095717823,0.02985482491,-0.1241271652,0.05731754399,-0.003086360164,0,0.01171260719,0.0003570762016,0,0,0.0779156999,0.01268068696,0,0,-0.06297805153,0.0008738388548,0,0,0.04251219841,-0.003551184339,0,0.0779156999,0.1101443615,0.01959253207,0.02769864394,0.01171260719,0.01556907744,0.004070363811,0.09254709201,-0.2443979555,0.02223214632,0,0,0.02359378882,0.04288072773,0,0.01268068696,0.01556907744,0.006832614007,0.006992882143,0.0003570762016,0.1101443615,0.004941891136,0.00290964714,-0.2411713804,0.0003523628879,4.80787602e-05,0,0.0006339507575,0.001082613596,3.585831698e-05,0,0.004070363811,0.004941891136,0,0,0.01959253207,0.006832614007,0,0.2383759086,-0.08233671396,-0.00961375972,0,-0.1454000882,-0.06922387763,-0.1076794125,0,0.09254709201,0.00290964714,0,0,0.02769864394,0.006992882143,0
1,1,1,1,2,1500,500,v1,0,0,2.011731255e-05,0,0,0.0001578519542,0,0,3.691685929e-06,1.471711941e-05,1.043211833e-05,2.973669381e-06,0.002565038179,0.2720687944,0.0595492977,0.01014699285,0,0.1178437539,0.06386272901,0,0.002756013573,0.1658602459,0.007788056799,0.00221998115,0.0004682015034,0.05046893437,0.01104643259,0.00191051492,0,0.002785941366,0.01184657684,0,0.0005112422704,0.03076718109,0.00203809687,0.000411807915,2.975125483e-05,3.023512166e-05,0.0007019311742,0.0001214011827,0,0.0001770290162,0.0001196066265,0,0.001389071034,0.001955060457,0.0001295082116,9.180091226e-05,0.001243808761,0.00126403775,0.1340741162,0.005075411289,0,0,0.005000386396,0,0,0.03147122758,0,0,-0.1324121696,0,0,3.203067248e-05,0,0.0001676846272,6.387865407e-06,0.001108280124,0.001910117032,0.1319778701,0.07156592416,0.0040336211,0.007534959466,0.03128149152,0.1993903657,0.2780983531,-0.0124108575,-0.3341308111,-0.2247990637,0,-0.1255637994,-0.004819727581,0.0040336211,0,0,0.003743208746,0.001108280124,0,0,0.002787760775,-0.4027565705,0.001488716953,0.06225488429,0.04158311555,0,-0.004642494175,0.0009015370657,0.007534959466,0,0,0.1743885733,0.001910117032,0,0,0.01152185327,-0.323202712,0.0001094123003,0.0001461225412,0.002578421811,0,0.000256483826,0.001455829918,0.03128149152,0,0,0.003253442679,0.1319778701,0,0,0.002614261296,-0.2825425305,-0.005026063406,0.005968017286,0.1630363526,0,0,0,0.1993903657,0.002787760775,0.01152185327,0.002614261296,0.07156592416,0.003743208746,0.1743885733,0.003253442679
1,1,1,1,0,1500,500,v1,0.002145814776,0,0,0.001368603608,0.1096059828,0.05945379544,0,0.005939599502,0,0,0.0226425859,0,0.1341700713,0.06060230335,0.001294526387,0.09024642211,0.2155068254,0.1168978042,0.02209919612,0.01167841572,0,0.001917804805,0.04451975778,0,2.101258292e-05,0.001736354046,3.709027556e-05,0.0007405187851,0,0,0.0006331777255,0,0,5.49482107e-05,0,0,0.0001243311431,0.02274601333,0.0002194626132,0.004381638725,0.000715267742,0,0.01529958433,0.0004561987472,0.01981782514,0.000325127752,0,0.007547488007,3.236128186e-05,0.005920400394,0.00267414258,0.001140466035,0.0001861720276,0,0.003982221577,0.0001187407746,0.009509473174,0.0009751510759,0,0.0005153228017,-0.3481626571,-0.00294676924,0,0,0.1145963257,0.08164440127,0,0.0001075420836,0.1585196038,0.08430957019,0.001562321044,0.003717295294,0.1065812694,0.03073967987,0.002307509159,0.2877016026,-0.2243258744,-0.08267347076,-0.003202850639,-0.2262595407,-0.160045794,0,0.003717295294,0.001877660641,0,0,0.0001075420836,0.001236455921,0,0,-0.08500389121,0.0007267157463,0.002356753602,9.114494977e-05,0,0,0,0.1065812694,0.001236455921,0.1446776745,0.05536089886,0.1585196038,0.001877660641,0.007831123575,0.02131923915,-0.2967892421,-0.004416607332,0.03775361448,0.000531818885,0.0005792544133,0,0.02728130077,0.03073967987,0,0.007831123575,0,0.08430957019,0,0.1446776745,0,-0.3846095962,0.001139999998,0.009838344458,0.003617217724,0.0002914371189,0,0.009990682684,0.002307509159,0,0.02131923915,0,0.001562321044,0,0.05536089886,0
1,1,1,1,4,1500,500,v1,0,0.01576636435,0,0,0,0,0.01574316709,0,0,0,0,0,0,0,0,0,0,0,0,0,0,0,0,0,0,0,0,0,0.3887244213,0,0,0.388152486,0,0,0,0,0,0,0,0,0,0,0,0,0,0,0,0,0,0,0,0,0,0.09587731341,0,0,0,0,0.09573624787,0,-0.5852644391,0,0.03147766069,0,0,0,0,0,0,0,0,0,0,0,0,0,0,0,0,0,0,0,0,0,0.4156448462,0,0,0,0.4150353274,0,0.2230661168,0,0,0,-0.7768528953,0,0,0,0,0,0,0,0,0,0,0,0,0,0,0,0,0,0,0.4150353274,0,0,0,0.4156448462,0,0,-0.7453752348,0,0,0,0,0.1915884562,0,0,0,0,0,0,0,0,0
1,1,1,1,2,1500,500,v1,0,0.01629371731,0.008039776412,0,0,0,0.03149117037,0,0.008710774275,0.1527810706,0,0.00508241997,0,0,0,0,0,0,0,0,0.006659380229,0,0,0.003885506155,0,0,0,0,0.01588032923,0.007835799156,0,0.03069220754,0.008489773126,0,0.1489048604,0.004953473837,0,0,0,0,0,0.01529613568,0,0,0,0,0.2906747483,0,0,0,0,0,0,0.08331138834,0,0,0,0,0.1610174692,0,-0.3347872716,0,0.04718515624,0.1538808617,0,0,1.99211131e-05,0,0,0,0,0,0,0,0,-0.001122156487,0,0,0,0,0,-0.0005409227387,0,0,0.07664626711,-0.0001146390293,0,0,0.1479319258,-0.02640617346,-0.3285363719,0,0,0,0.04611332463,0.1498637927,-0.001142077601,0,0,0,0,0,0,0,0,0.3037446543,0,0,0,0,-0.2860641131,0,0,0.1479319258,0,0.001135321055,0,0.07664626711,0,0.001359297789,0.0932984809,0,0,0,0,-0.2430172757,0,0,-0.02640617346,0,0.001359297789,0,-0.0001146390293,0,0.001135321055
1,1,1,1,4,1500,500,v1,0.004683312728,0,0,0.007607201678,0.003949927213,0.01080297305,0,0.01097174656,0,0,0.003042632844,0,0.008244878428,0.0341157379,0.03609253158,0.02910055419,0.005121752221,0.01400789135,0.001249998949,0.0142267349,0,0.02232164378,0.003945290808,0,0.06579720599,0.06678531451,0.07065510586,0.05055745009,0,0,0.002447010619,0,0,0.04369707624,0,0,0.06282997843,0.01541238756,0.06746880374,0.04827748307,0.01135189316,0,0.05439850001,0.01843911474,0.02618535278,0.04172648848,0,0.007375045185,0.02752397484,0.006751715946,0.0279373157,0.0211489525,0.004972932183,0,0.02383039089,0.008077636547,0.004194193577,0.001023621865,0,0.01165024733,-0.05385178351,-0.001783225572,0,0,-0.00964533073,-0.0007756154894,0,-0.0002577761601,0.005923901389,0.021995541,-0.005221434473,0.001615611215,0.01430899,0.0009639877102,-0.0009300281263,-0.1714995397,0.02594692741,0.02530580829,0.05355964368,-0.01348864872,0.01019975171,0,0.001615611215,0.01105806592,0,0,-0.0002577761601,0.02010273859,0,0,0.1520514031,-0.0465724148,-0.06305640681,-0.0545331823,0,0,0,0.01430899,0.02010273859,0.01075221466,0.02230366238,0.005923901389,0.01105806592,0.02717815101,0.007689100367,0.06118807189,0.0001514176198,-0.06207080829,0.005074513652,-0.02598577074,0,-0.02941931138,0.0009639877102,0,0.02717815101,0,0.021995541,0,0.01075221466,0,-0.1711984522,0.04551577388,0.0226352866,0.02244424609,0.006995126647,0,-0.002152930998,-0.0009300281263,0,0.007689100367,0,-0.005221434473,0,0.02230366238,0
1,1,1,1,2,1500,500,v1,0,0,0,0,0,0,0,0,0.3775211361,0,0,0.2024394176,0,0.006980833695,0.000233000304,0,0,0,0.005574231497,0,0.0134907106,0.000965674859,0,0.007234168725,0,0.03295247247,0.001099859478,0,0,0,0.02631271822,0,0.06368183072,0.004558391676,0,0.03414832042,0,0,0.00971602907,0,0,0,0,0,0,0.04026829512,0,0,0,0,0.09609253086,0,0,0,0,0,0,0.07673037857,0,0,0.1179271346,0,0,0,0,0,-0.5773142172,0,0,0.08318240209,0.01249177277,0,0,0.06595306833,0.05169799086,-0.6359694491,0,0.01248488174,0.001193274732,0,0,0.02068738601,0,0,0,0,0,0,0,0,-0.7614073125,0,0.05696241714,0.005601237982,0,0,0.09723974862,0,0,0,0,0,0,0,0,0.006794512708,0,0,-0.0495876885,0,0,0,0.06595306833,0,0,0.4486348909,0.08318240209,0,0,0.2404457296,0.0694472989,0,0,-0.1688709457,0,0,0,0.05169799086,0,0,0.2404457296,0.01249177277,0,0,0.4486348909
1,1,1,1,4,1500,500,v1,0,0,0,0,0,0,0,0,0,0,0,0,0,0,0.00935342652,0,0,0,0,0,0,0.00822582252,0,0,0,0,0.40642769,0,0,0,0,0,0,0.3574307274,0,0,0,0,0.1162909019,0,0,0,0,0,0,0.1022714315,0,0,0,0,0,0,0,0,0,0,0,0,0,0,0,0,0,0,0,0,0,0,0,0,0.4214933553,0,0,0,0.3705934372,-0.5454657945,0,0,0.01740793304,0,0,0,0,0,0,0,0,0,0,0,0.2354114057,0,0,-0.7634692672,0,0,0,0,0,0,0,0,0,0,0,-0.7460613344,0,0,0.2180034727,0,0,0,0,0,0,0,0,0,0,0,0,0,0,0,0,0,0,0.3705934372,0,0,0,0.4214933553,0,0,0
1,1,1,1,2,1500,500,v1,0.03753187776,0.07676797897,0,0.09625882668,0.000377577744,0,0.06229646184,0.001364148645,0,0,0,0,0,0,0,0,2.307995316e-05,0,0,8.338544139e-05,0,0,0,0,0,0,0,0,0.01699239266,0,0,0.01378915995,0,0,0,0,0,0,0,0,0.003225974349,0,0,0.008273726876,0,0,0,0,0,0,0,0,0.09335448977,0.1909479604,0,0.239428299,0.000939163712,0,0.1549523966,0.003393099636,-0.6398008618,0.1333264144,0.1386387022,0,0.001725264918,0,0,0,0,0,0,0,0,0,0,-0.002590186149,0,0,0,0.0001049197191,0,0,0,0.07896895309,0.1457990659,0,0,0.2024327806,0.1182370173,0,-0.2067896835,0,0,0,0.03076562783,0,0,0,0.2024327806,0.0008078042,0,0,0.07896895309,0.002920095452,0,-0.1990848418,0,0,0,0.01148368601,0,0,0,0.1182370173,0.002920095452,0,0,0.1457990659,0.0008078042,0,0.3160446138,0,0,0,-0.3324112561,-0.3454283857,-0.004315451067,0,0,0,0,0,0,0,0
1,1,1,1,2,1500,500,v1,0,0.2339906111,0,0,0,0,0.0292421951,0,0,0,0,0,0,1.329188972e-05,0,0,0,0,7.872929457e-05,0,0,0,0,0,0.2400718275,0.0005926766731,0,0.128549996,0.2393339931,0,0.003510487777,0.02990996642,0,0,0,0,0.0587357034,0,0,0.03145089748,0,0,0,0,0,0,0,0,0.001690166618,0,4.172594254e-06,0.0009050246093,0,0.001684972076,0,0,0,2.471472523e-05,0.0002105737575,0,-0.02391394179,0,-0.04232702164,0,0,0,0,0.2693906228,0,0.0008502508734,0,0.1442393197,0,0.004964179283,0,-0.003952372743,0,7.608597076e-05,0,0,0,0,0.1442393197,0,0.09003264657,0,0.2693906228,0,0.009328798417,0,0.05198386119,-0.3680791183,-0.003972861979,0,-0.025802427,0,0,0,0,0,0,0,0,0,0,-0.3654864754,0.08973318119,0,0,0,0,0,0.004964179283,0.009328798417,0,0,0.0008502508734,0.09003264657,0,0,-0.3503721614,0.002592642658,0,2.048923302e-05,0,0.001888485318,0,0,0,0,0,0,0,0,0
1,1,1,1,3,1500,500,v1,0,0,0,0,0.0130070431,0.1109995859,0,0.04025783652,0.006800961544,0,0.08101420715,0.01864080534,0,0,0,0,0.02158551384,0.1842065932,0,0.0668088881,0.01128636604,0,0.1344451061,0.03093488339,0,0,0,0,0,0,0,0,0.0008146274232,0,0,0.002232818275,0,0,0,0,0,0,0,0,0.157744836,0,0,0.1151317162,0,0,0,0,0,0,0,0,0.0009983228874,0,0,0.003089889014,-0.1558098993,0,0,0,0.05009706908,0.1859018521,0.02230617997,0,0,0,0,0,0,0,0,0.3860057804,0,0,0,-0.08569539643,-0.1577632064,-0.04005197819,0,0,0,0,0,0,0,0,-0.01774579826,0,0,0,0,0,0.002975359094,0,0,0.01199710731,-0.1380790306,0,0,0.035386909,-0.08520344386,0.02813864576,0,0,0,0,0,0.1207163371,0,0,0.035386909,0.005830780453,0,0,0.01199710731,0.01632487829,-0.0355983274,0,0,0,0,0,0.004008983209,0,0,-0.08520344386,0.01632487829,0,0,-0.1380790306,0.005830780453
1,1,1,1,0,1500,500,v1,0.004333342688,0.0002559502726,0.003918994299,0.000511689436,0,0.0001381074901,0.0003787564993,0,0.002433931262,0.003647460868,0.0005906819212,0.003953796875,0.006517108935,0.006597454518,0.0001302700328,0.002123125292,0,3.63997971e-05,0.004177548717,0,0.000641490219,0.0007061413854,0.0001556809269,0.001042068058,0.003111163776,0.1931286443,0.003813421488,0.02238717023,0.001974729498,0.03023616097,0.1222902436,0.002922214631,0.01877847524,0.02067102215,0.02814120295,0.03050467279,0.002550815974,0.1564161247,0.003126590931,0.0183550451,0.02741140566,0.02479036398,0.05095680215,0.003236791481,0.0008736259069,0.0169479903,0.02307272622,0.003736473877,0.0007251927507,0.04446884483,0.04501707493,0.005218308879,0.007793017164,0.0004602970526,0.01448693433,0.0009202144496,0,0.0285050883,0.000681149891,0,-0.09190300267,0.004702569807,0.0005262154411,0.007464667789,0,0.0006586512832,0.006269027143,0.0004443813683,0.1580262456,0.2122289826,0.002210096557,0.006331074349,0.0515092605,0.1344922629,0.0109329656,-0.4462067922,0.008539828381,0.0105671074,0.0008239235199,0,0.0001674444303,0.001647726909,0.006331074349,0.02302779996,0.002088101291,0.004538888208,0.0004443813683,0.002735912175,0.002977418951,0.005763351584,0.1402352416,-0.01339099803,-0.3144079022,-0.01408442345,-0.004630696789,-0.0404761494,-0.04908631776,0.0515092605,0.002735912175,0,0.001057596191,0.1580262456,0.02302779996,0,0.004479393112,0.02635362414,0.003179828031,-0.2063891241,0.00449845848,-0.0299733297,0.02614332176,-0.004517421916,0.1344922629,0.002977418951,0,0.02353566573,0.2122289826,0.002088101291,0,0.03821867987,-0.541276501,0.005694199523,0.05815895848,0.07269329821,0.00809495184,0.0007274678489,0,0.0109329656,0.005763351584,0.004479393112,0.03821867987,0.002210096557,0.004538888208,0.001057596191,0.02353566573
1,1,1,1,2,1500,500,v1,0,0,0,0,0,0,0,0,0,0,0,0,0.003062566101,0,0,0.006089638602,0,0,0,0,0,0,0,0,0,0,0,0,0,0,0,0,0,0,0,0,0,0.01507603662,0,0,0,0,0.02997734956,0,0,0,0,0,0,0.3164874465,0,0,0,0,0.6293069627,0,0,0,0,0,0,0,0,0,0,0,0,0,0.4475391761,0,0,0,0.8898761976,0,0,-0.9007372945,0.009127039833,0,0,0,0,0,0,0,0,0,0,0,0,0,0,0,0,0,0,0,0,0.8898761976,0,0,0,0.4475391761,0,0,0,-0.9366263601,0,0.04501610524,0,0,0,0,0,0,0,0,0,0,0,0,0.0541431451,0,-0.9457533997,0,0,0,0,0,0,0,0,0,0,0,0
1,1,1,1,1,1500,500,v1,0.00988366539,0.003838335616,0,0.1298570067,0.3263981747,0.01065470108,0.003409946567,0.005425540184,0.09409250705,0,0.0005576406548,0.01940174105,0.0401663488,0.002719885689,0,0.01371200355,0.239165187,0.007807131822,0.003919843449,0.003975513447,0.06894539794,0,0.0004086059354,0.01421644294,0,2.173744093e-05,0,0,2.247765242e-05,0,3.132755387e-05,1.996896607e-05,0.000551014523,0,0,0.0001136184105,0,7.009170712e-05,0,0,1.263783144e-05,0,2.392793385e-05,0.000166042748,1.362372268e-05,0,0,7.130318889e-07,0,3.878328807e-05,2.626230996e-06,0,6.992790982e-06,2.715660398e-06,1.323985375e-05,9.187511608e-05,0.0002309299357,3.784870227e-06,2.41257091e-06,3.838623322e-06,0.293761737,-0.1397295141,-0.007243212437,0,-0.3108741618,-0.007959007797,-0.09804419096,0,0.05975942345,0.00401934333,0,0,0.0203999016,0.005787175705,0,-0.4157751209,-0.05358206795,-0.006595398497,0,0.2180899916,0.007463800407,0.06698154146,0,0.0147942517,0.005716083042,0,0,0.1943839511,0.005078206193,0,-0.0448901982,0,5.176805772e-05,0,4.190850284e-05,0,0.0006578699631,0.0203999016,0.1943839511,0.1363994764,0.0006921898153,0.05975942345,0.0147942517,0.00242502136,3.617540288e-05,-0.193657197,0,9.173102936e-05,0,0.0001785731331,0,9.630586017e-06,0.005787175705,0.005078206193,0.00242502136,0.03708998575,0.00401934333,0.005716083042,0.1363994764,0.008517183669,-0.2995703802,0,5.078683705e-05,5.950940597e-06,9.880453616e-05,5.111095574e-06,0.0002345049578,0,0,3.617540288e-05,0.008517183669,0,0,0.0006921898153,0.03708998575
1,1,1,1,4,1500,500,v1,0,0,0,0,0.04280112412,0,0,0.1993781806,0,0,0,0,0,0,0,0,0.1274756856,0,0,0.5938131482,0,0,0,0,0,0,0,0,0,0,0,0,0,0,0,0,0,0,0,0,0,0,0,0,0,0,0,0,0,0,0,0,0,0,0,0,0.006456392872,0,0,0.03007546859,-0.6839562273,0,0,0,0.2409351404,0,0,0,0,0,0,0,0,0,0,0.2774634105,0,0,0,-0.7204844982,0,0,0,0,0,0,0,0,0,0,0,0,0,0,0,0,0,0,0,0.117808044,0,0,0,0.5467235849,0,0,0,0,0,0,0,0,0,0,0.5467235849,0,0,0,0.117808044,0,-0.4795493565,0,0,0,0,0,0.03652826997,0,0,0,0,0,0,0,0
1,1,1,1,1,1500,500,v1,0.003434281979,0,0.01249738014,0.0003026889187,0.005341136691,0.007525389335,0,0.001508815259,0.003733671414,0.02187095947,0.007121359525,0.007239228122,0.0005670607113,0.002007145064,0.0001136096571,0.001815528509,0.0005946306015,0.0008378042065,0.0006129524864,0.0001679769264,0.0004156709343,0.0001799963348,0.0007928234276,0.0008059457793,0.01534000732,0.03307942248,0.001872381778,0.07811118454,0,0.02293040368,0.01010196753,0,0.006850603226,0.002966489523,0.04012920498,0.01328265775,0.04415498586,0.02690065772,0.005389501401,0.224836806,0.01813772672,0.06600333555,0.08612642354,0.001598613312,0.03974439375,0.008538803157,0.1155087114,0.03761056132,0.001672744812,0.001019090704,0.003607132069,0.008517602111,0.000687120326,0,0.003262769206,6.056104588e-05,0.001068637813,0.001101564909,0,0.0003018790067,-0.2291488115,0.003688507353,0,0.03395148467,-0.006606149567,0.01448266477,0.009922290521,0.0407097462,0.0378466046,0.04103881368,0.005129538243,0.2070889702,0.1209850293,0.01254593162,0.008165367193,-0.2326306883,0.002371172652,0.002384638055,0.0002891663531,0.0007128945212,0.001626044649,0.001111516472,0.2070889702,0.02105937728,0,0.04633536887,0.0407097462,0.001855811136,0,0.08082287088,-0.4006459965,0.09311937847,-0.04274560067,0.004508491878,0,0.06223979431,-0.01931604594,0.1209850293,0.001855811136,0.005405774879,0.04675867628,0.0378466046,0.02105937728,0.00150602835,0.04439775895,0.2314255835,-0.2684993507,-0.1124909522,-0.01366092853,-0.01970132743,-0.1809634393,-0.07687966657,0.01254593162,0,0.00150602835,0.004261846348,0.04103881368,0,0.005405774879,0.008161512037,-0.3477667891,0.01018082786,0.004232023626,0.004637799081,0.0007360277885,0,0.001285386227,0.008165367193,0.08082287088,0.04439775895,0.008161512037,0.005129538243,0.04633536887,0.04675867628,0.004261846348
1,1,1,1,4,1500,500,v1,0.08379855097,0,0,0.09825523319,0.01041407443,0.02895584589,0,0.004547083866,0,0,0.02207187544,0,0.01307358267,0.06987527066,0.02666258868,0.03525463338,0.005303979652,0.01474746684,0.06611836975,0.002315869784,0,0.02186255773,0.01124140018,0,0.003806062714,0.1492083529,0.05693403265,0.007895450762,0,0,0.1411860441,0,0,0.04668427325,0,0,0.0003380991972,0.002479890187,0.005057549541,0.0007013666785,0.008095720638,0,0.006687349715,0.00949237081,0.002797404447,0.004147045515,0,0.002132348775,0.0002325704371,0.001705857777,0.009117414626,0.0004824535414,0.005568854654,0,0.004600069623,0.006529577258,0.0006920700442,0.008627209393,0,0.0003021776493,0.06421116441,-0.1814542452,0,0,-0.012889132,-0.04870506397,0,0.004771041934,0.01323829807,0.1040118967,0.03788800557,0.009921636698,0.03576102252,0.0995070609,0.031048927,-0.4028737901,-0.04784795884,0.1337334047,0.04692671826,0.005462213204,0.02345087084,0,0.009921636698,0.1049077594,0,0,0.004771041934,0.1230805563,0,0,0.2092121372,-0.01146894172,-0.2871366362,-0.1020389369,0,0,0,0.03576102252,0.1230805563,0.006779801834,0.01730587047,0.01323829807,0.1049077594,0.002877598393,0.01330432906,-0.3021570345,0.0009669856017,0.00894275796,0.009154263598,0.0174273375,0,0.004847393497,0.0995070609,0,0.002877598393,0,0.1040118967,0,0.006779801834,0,-0.3742642139,0.0007068370274,0.006238987141,0.01772392649,0.01203469713,0,0.0009886519765,0.031048927,0,0.01330432906,0,0.03788800557,0,0.01730587047,0
1,1,1,1,4,1500,500,v1,0,0,0,0,0,0,0,0,0,0,0,0,0.01230900964,0,0,0.1845316006,0,0,0,0,0,0,0,0,0,0,0,0,0,0,0,0,0,0,0,0,0,0.0192723672,0,0,0,0,0.2889233878,0,0,0,0,0,0,0.03095150003,0,0,0,0,0.4640121348,0,0,0,0,0,0,0,0,0,0,0,0,0,-0.001321348605,0,0,0,-0.02558032227,0,0,-0.1780539891,0.1959884366,0,0,0,0,0,0,0,0,0,0,0,0,0,0,0,0,0,0,0,0,-0.02558032227,0,0,0,-0.001321348605,0,0,0,-0.2836131203,0,0.3015475678,0,0,0,0,0,0,0,0,0,0,0,0,0.4975360047,0,-0.4796015569,0,0,0,0,0,0,0,0,0,0,0,0
1,1,1,1,4,1500,500,v1,0,0,0.01014789512,0,0,0.004019031194,0,0,0.0002389554335,0.04254469308,0.02463613176,0.0002744393694,0.001913325675,0.0006183356116,0.0001629124072,0.004351819551,0,0.001079130169,0.002502780726,0,6.416074048e-05,2.346391444e-05,0.006614925775,7.368835643e-05,0.1153850072,0.008891641192,0.002342673855,0.1266467754,0,0.0391819546,0.03598988605,0,0.0009226288641,0.0003374101446,0.1642689654,0.001059635598,0.0188931398,0.004505067741,0.000383589391,0.02073714161,0,0.006415652812,0.01024668311,0,0.002540892321,5.524753334e-05,0.02689739858,0.01557533519,0.09165087475,0.02185414408,0.007062674025,0.1005961523,0,0,0.0497067973,0,0,0.02858694226,0,0,-0.1635483648,0,0,0.05135168018,0,-0.02096163681,9.639822137e-05,0.01736067913,0.02313953875,0.003781695448,0.002745597163,0.01455482663,0.0526529819,0.0119920659,0.0003968858991,-0.08930685243,0.006142195479,0.003062654133,0.0001644530494,0,0.001605904028,6.631199296e-05,0.01455482663,0,0,0.03422270514,0.01736067913,0,0,0.1426809449,0.268166379,-0.1811581358,-0.03367418056,-0.002628236814,0,-0.2023667158,-0.001809793127,0.0526529819,0,0,0.003010891473,0.02313953875,0,0,0.01720772007,-0.2987223703,0.03948841884,0.01459404911,0.0003687950537,0,0.03307926896,0.005876658408,0.0119920659,0,0,0.001190123869,0.003781695448,0,0,0.001280500501,-0.1515449988,0.1203927131,-0.07126459171,0.02009568551,0,0,0,0.0003968858991,0.1426809449,0.01720772007,0.001280500501,0.002745597163,0.03422270514,0.003010891473,0.001190123869
1,1,1,1,1,1500,500,v1,0.0003255983696,0.01304264686,0,4.248187805e-05,7.653169628e-05,0.001079447343,0.01099559975,0.0001412194072,0.2018067657,0,7.842099066e-05,0.05682265383,0.0001106499536,0.1003600681,0,0.0003175170943,5.294281184e-05,0.0007467360627,0.02456402952,9.769223558e-05,0.1396051328,0,5.424978087e-05,0.03930856385,0,0.1124726383,0,0,0.01011154072,0,0.02752869006,0.008524531544,0.1564542344,0,0,0.04405275893,0,7.966629895e-05,0,0,0.0001621702891,0,0.0002286075224,2.115888496e-05,0.0005376387106,0,0,3.905902459e-05,0,3.897852196e-05,0.03535371673,0,7.934544791e-05,0.003178377884,0.0001118513531,1.03524586e-05,1.865009868e-05,0.008653140219,0.002679530577,3.441392268e-05,0.3001694989,-0.0002919970939,-0.01656650012,0,-0.0001885370538,-0.000524752983,-0.1930196396,0,0.0001158201765,-0.009803077611,0,0,0.0004243917086,0.002461204608,0,-0.1080321604,-0.0002736007758,0.05028386547,0,3.770870718e-05,0.0004100249289,0.1651429512,0,0.0005308271919,0.009829204149,0,0,6.824562299e-05,0.009756141341,0,0.04250870155,0,-0.08213966595,0,0.003591960944,0,0.1315115016,0.0004243917086,6.824562299e-05,7.101069632e-05,0.0006413717908,0.0001158201765,0.0005308271919,0.0001331992036,5.511619025e-05,-0.0007113632458,0,-6.727370589e-05,0,-9.561423521e-05,0,-0.0003495972663,0.002461204608,0.009756141341,0.0001331992036,-0.1244518128,-0.009803077611,0.009829204149,7.101069632e-05,-0.03100040658,-0.04570965366,0,-1.926677505e-05,0.03675038252,-1.177054718e-05,-8.235781034e-05,1.468841328e-05,0,0,5.511619025e-05,-0.03100040658,0,0,0.0006413717908,-0.1244518128
1,1,1,1,1,1500,500,v1,0.07798522172,0.005411414421,0,0.07109956014,0.03115871686,0,0.1958201062,0.01390124903,0,0,0,0,0,0,0,0,0.1382046244,0,0,0.0616590506,0,0,0,0,0,0,0,0,0.003199103138,0,0,0.115764321,0,0,0,0,0,0,0,0,0.1259297121,0,0,0.1148108185,0,0,0,0,0,0,0,0,0.008887003046,0.0006166714075,0,0.008102330078,0.003550770333,0,0.02231517513,0.001584151968,-0.2587790049,0.1248397557,-0.1941347714,0,0.04472535941,0,0,0,0,0,0,0,0,0,0,0.04985890488,0,0,0,-0.1989822783,0,0,0,0.05844967059,0.003594331721,0,0,0.05446611052,0.08482781935,0,-0.1713265981,0,0,0,0.1123784974,0,0,0,0.05446611052,0.1546822905,0,0,0.05844967059,0.06900276885,0,0.1418140696,0,0,0,-0.2170912567,0,0,0,0.08482781935,0.06900276885,0,0,0.003594331721,0.1546822905,0,-0.3282646934,0,0,0,0.01697431341,0.02280817362,0.005133545501,0,0,0,0,0,0,0,0
1,1,1,1,2,1500,500,v1,0.2395701823,0.01499189028,0,0.005655432859,0.1000698755,0,0.02723290162,0.04350695113,0,0,0,0,0,0,0,0,0.01723373249,0,0,0.007492636055,0,0,0,0,0,0,0,0,0.005069801483,0,0,0.009209339346,0,0,0,0,0,0,0,0,0.03467641898,0,0,0.0008185916856,0,0,0,0,0,0,0,0,0.2748336925,0.01719862014,0,0.006487883761,0.1147996513,0,0.03124144599,0.04991095267,-0.1699424201,0.07530630477,0.02261556677,0,0.04939666957,0,0,0,0,0,0,0,0,0,0,-0.03774867242,0,0,0,0.02447816333,0,0,0,0.01907143115,-0.001106881918,0,0,0.0006310042115,-0.004565499167,0,-0.01042606457,0,0,0,0.01420765196,0,0,0,0.0006310042115,0.01289090514,0,0,0.01907143115,0.007014858236,0,-0.04834376146,0,0,0,0.03520880448,0,0,0,-0.004565499167,0.007014858236,0,0,-0.001106881918,0.01289090514,0,0.2212131615,0,0,0,-0.1236500663,-0.03304163134,-0.08714534205,0,0,0,0,0,0,0,0
1,1,1,1,4,1500,500,v1,0.02508252007,0,0.0009181892584,0.01910903754,0.2745971443,0.06728611824,0,0.09490415383,0.0004136844834,0.007707857609,0.1251975794,0.005913607908,0.001058399439,0.0005894833832,0.001001450686,0.003661537209,0.00341619364,0.0008370895837,0.0008157546079,0.001180678581,5.146544058e-06,0.001402487789,0.001557551429,7.356970073e-05,0.007286506733,0.0006495905107,0.001103564377,0.01400895044,0,1.258771136e-05,0.0008989336551,0,5.671315389e-06,0.001545493538,0.0001056691591,8.107129196e-05,0.005287796671,0.000846394986,0.000800853448,0.01016625445,0.0002495405414,9.134865396e-06,0.002928106933,0.0001901116618,0.0006694149681,0.00112156015,7.668380033e-05,0.001245563511,0.06785457502,0.01086119147,0.006049220793,0.130456392,0.00320217823,0,0.03757433652,0.002439569224,0.03505664483,0.008371193958,0,0.01211600806,0.06198489001,-0.0435987153,0,-0.008557324109,-0.3683961107,-0.1923862264,-0.006315099932,0.08241530866,0.01336134677,0.006994443143,-0.0003196064548,0.1584674691,0.04631491754,0.009767444183,-0.0006645459483,-0.5746809059,0.004652495502,0.001249543435,0.0002370706072,0.004542830524,0.002363861849,7.80295901e-05,0.1584674691,0.03206776308,0,0.001346268169,0.08241530866,0.0243876197,0,0.01121960698,-0.2076798179,0.02097469526,0.001365056948,-0.0004855907216,0,0.0001043277526,8.603579175e-05,0.04631491754,0.0243876197,0.3534350621,0.09865695735,0.01336134677,0.03206776308,0.1220472667,0.1835157815,-0.4561917486,0.01530296604,0.003747517098,0.0009046217165,0.0004077680745,7.57462022e-05,0.001907205174,0.009767444183,0,0.1220472667,0.0006030634158,0.006994443143,0,0.3534350621,0.008623488347,-0.359751958,-0.1968661796,-0.04818418883,-0.01378919193,0.005554025438,0,0.04686505969,-0.0006645459483,0.01121960698,0.1835157815,0.008623488347,-0.0003196064548,0.001346268169,0.09865695735,0.0006030634158
1,1,1,1,2,1500,500,v1,0,0,0,0,0.0101308646,0.005576066418,0,0.009928084005,0.04281241602,0,0.01187860553,0.0208497973,0,0,0,0,0.001072154867,0.0005901181179,0,0.001050694487,0.00453086109,0,0.001257119233,0.002206545298,0,0,0,0,0,0,0,0,0.4013909833,0,0,0.1954788217,0,0,0,0,0,0,0,0,0.06177864726,0,0,0.1316060688,0,0,0,0,0,0,0,0,0.04942573166,0,0,0.04843642032,-0.8759690047,0,0,0,0.01994009414,0.01737389409,0.06361413589,0,0,0,0,0,0,0,0,-0.7857378093,0,0,0,0.00211621558,0.001844507451,0.006736206044,0,0,0,0,0,0,0,0,0.07035034194,0,0,0,0,0,-0.596492385,0,0,0.05708684123,0.08304390554,0,0,0.05600658757,0.1772109242,0.01921840155,0,0,0,0,0,-0.1927216218,0,0,0.05600658757,0.5306895433,0,0,0.05708684123,0.2585235223,0.02205630973,0,0,0,0,0,-0.09745192824,0,0,0.1772109242,0.2585235223,0,0,0.08304390554,0.5306895433
1,1,1,1,0,1500,500,v1,0.001757198583,0.01186845038,0.09961689071,0.004705386765,0.0001973010472,0.0002114620511,0.003061214239,0.0001913685605,0.0006982076206,0.01908011454,0.0006116467206,0.02568739768,0.01419857272,0,0.01181696045,0.000404265619,0.0002105850124,0.0002256994542,0,0.0002042531008,0.0007452168276,0.0007728887159,0.00065282792,0.02741688925,0.0005975780019,0,0.04296832929,0.03466035394,0.04606114955,0.3866105813,0,0.01188049344,0.002709725752,0.002810345096,0.07404943198,0.09969212727,6.307374799e-05,0.005449308715,0.004535263287,0.003658364971,0.0007198062864,0.04080635214,0.0001551541979,0.001927481052,8.66218054e-05,0.0002966290556,0.007815841944,0.0002505505972,2.716997539e-05,0.002347372534,0,0.001575896302,0.0003100674957,0.002094254299,6.68350284e-05,0.0008302917521,3.481487078e-05,0,0.000540168335,3.376805039e-05,-0.5375750741,-0.005796330212,0.01474905005,0.1181470316,-0.000145489425,-0.0002466755772,0.02620033044,0.0007613998297,0.009724457033,0,0.04016607315,0.04414584045,0.0002849503648,0,0.002625563499,-0.1096695024,-0.01349807387,0,0.0123107441,-0.000153843755,-0.0002700882763,0.02761538294,0.04414584045,0.001143660283,0.04812169976,0.3687513265,0.0007613998297,0.003176086502,0.01243296706,0.07067796728,0.2602120263,-0.03521729809,0,-0.04557052538,-0.05773615927,-0.459660894,-0.1016887556,0.0002849503648,0.003176086502,0.0001712873419,0.0001063111605,0.009724457033,0.001143660283,0.0001948984509,0.000414970373,-0.4249623332,0.003685578202,0.00464259387,0.004732023477,0.001852828073,0.04856099818,0.000169242831,0,0.01243296706,0.0001948984509,0.001946727406,0,0.04812169976,0.0001712873419,0.0698628357,-0.08761714465,0.001593559355,0.002182541726,0,0.001063670945,0.002617331369,5.520931818e-05,0.002625563499,0.07067796728,0.000414970373,0.0698628357,0.04016607315,0.3687513265,0.0001063111605,0.001946727406
1,1,1,1,1,1500,500,v1,0.05568589221,0,0,0.001124907815,0.03505746383,0.0652872258,0,0.1674695828,0,0,0.05208906272,0,0.0001520858126,0.0009327595143,0.0004489875504,8.309194023e-05,0.0002854069397,0.0005315109904,0.0005031590704,0.001363389587,0,0.0001626831299,0.0004240631912,0,0.002116249152,0.1075570215,0.05177300565,0.02866928501,0,0,0.05801955392,0,0,0.01875908272,0,0,0.001047804362,0.008683027706,0.02563402381,0.01419483233,0.02588282649,0,0.004743963996,0.0005228576331,0.03034553045,0.009288059813,0,0.02421101861,0.0009379427129,0.00777261754,0.04767034373,0.01270651281,0.0231690279,0,0.004246562261,0.0004680363288,0.01458623226,0.02571484447,0,0.069678464,0.174166433,-0.0536682437,0,0,-0.1997531825,-0.1126904407,0,0.0004949169048,0.01202295644,0.09297167739,0.04617670812,0.008005286627,0.006411192353,0.04946388236,0.01539807706,-0.3350183961,0.0002092534213,0.001431778579,0.0005907240744,0.001645943418,0.0009492213929,0,0.008005286627,0.01477527085,0,0,0.0004949169048,0.0003001594465,0,0,0.1102039533,-0.0274377422,-0.1607574855,-0.06368242449,0,0,0,0.006411192353,0.0003001594465,0.03045010187,0.05330422654,0.01202295644,0.01477527085,0.1463445329,0.04274385916,-0.2349314587,0.01233935504,-0.004457598312,0.02204184353,0.02421026059,0,0.04770916228,0.04946388236,0,0.1463445329,0,0.09297167739,0,0.03045010187,0,-0.4062376611,0.009431584806,-0.008041087628,0.06436866722,0.0194076962,0,0.08024414918,0.01539807706,0,0.04274385916,0,0.04617670812,0,0.05330422654,0
1,1,1,1,4,1500,500,v1,0.001319293272,0,2.607094944e-06,0.001798274934,0.00433378248,0.01276189532,0,0.005663556383,0.000421163427,6.462266687e-07,0.006563914194,0.0006885916232,0.001170234585,0,0.006713130259,0.003221769527,0.02253062847,0.0663470129,0,0.02944390617,0.002189559985,0.009421500184,0.03412471962,0.003579875571,0,0,0.005486988758,0,0,1.107827241e-05,0,0,0.001789640683,0.007700679653,2.74599707e-06,0.002926017559,0,0.006353498101,0.03644727382,0,0.0372381005,7.358732558e-05,0.01749179766,0.05075773837,0.3602146321,0.05115169582,1.824026102e-05,0.1852716918,0,0.0003993838692,0,0,0.002340804455,0,0.001099542601,0.00319065523,0.007689372448,0,0,0.01004877255,-0.563610921,0.003108717542,0,3.002669225e-06,0.009904949262,0.01930617155,0.001059980156,0,0.007172932833,0,0.03643815796,0,0.0197387943,0,0.05113645219,-0.5930052037,0.004269577773,0,0.01597712192,-0.05161132303,0.1002330512,-0.003174225687,0,0.05023953339,0,9.209155259e-05,0,0.06850693425,0,2.342941618e-05,-0.07368716537,0,0,0.01310733829,0,5.494356604e-06,0.00101373642,0.0197387943,0.06850693425,0.01571574394,0.4217411362,0.007172932833,0.05023953339,0.02047955305,0.2168929618,0.1629981612,0,-0.02370540175,-0.08746753362,-0.08776604304,-8.551100498e-05,-0.5452952902,0,0,0.02047955305,0.0007211162754,0,0,0.01571574394,0.00092964739,-0.1457995232,0,0.001494672551,0,0.00549301403,0,0.01757617574,0.05113645219,2.342941618e-05,0.2168929618,0.00092964739,0.03643815796,9.209155259e-05,0.4217411362,0.0007211162754
1,1,1,1,0,1500,500,v1,0,0.05329895364,0,0,0.001902716167,0,0.0700105141,0.01645437152,0.0165790588,0,0,0.02176687132,0.01728155382,0.0007178359745,0.02893631514,0.01566329567,0.0005708100775,0,0.0007857251537,0.004936270183,0.004973676055,0.05205479557,0,0.006530006797,0.01907439353,0.0003103837707,0.01251171984,0.002775722185,0.006913693022,0,0.0003397382475,0.009081439122,0.0021505586,0.02250787688,0,0.002823497574,0.1250851357,0.04900174423,0.08204875143,0.01820249674,0,0,0.04441318278,0,0,0.1476010668,0,0,0.04937882661,0.01934401413,0.0008035058294,0.0071856494,0,0.01789781931,0.0175326256,0,0.0006389331839,0.0008794972163,0.02350957093,0.005525387426,0.0680064408,0,-0.1199935142,0,-0.01577082714,0,-0.03604486599,0.08594307531,0.02148192717,0.0003721427322,0.06093159569,0.01230396572,0.01753530847,0.0004559994877,0.1096246118,-0.2887021807,0.02912809545,-0.0005410620668,0.07694802152,0.001247005704,0,0.00698440819,0.01230396572,0,0.04419909146,0,0.08594307531,0,0.05950307583,0,-0.3491609624,0.02128718256,0.0003529947707,0.03467602206,0.01489526681,0,0.004273201571,0.01753530847,0,0.00164067282,0,0.02148192717,0,0.01318042529,0,0.2450635632,-0.1373602512,-0.08758878678,-0.2253281819,0,0,0,0.0004559994877,0.05950307583,0.01318042529,0.01605979713,0.0003721427322,0.04419909146,0.00164067282,0.02112108719,-0.2943438967,0.05057504111,0.03244920084,-0.0003640275168,0,0.03596346918,0.004643089378,0.1096246118,0,0,0.02112108719,0.06093159569,0,0,0.01605979713
1,1,1,1,3,1500,500,v1,0,0,0.1590893033,0,0,0.02985612011,0,0,0.1164394355,0.01358000916,0.008688829168,0.1413528753,0.002434725849,0.006260596379,0.009001659562,0.01241690731,0,0.0191858776,0.002877844468,0,0.07482528705,0.0001025870429,0.005583539065,0.0908349429,0.000432507199,0.0004342505025,0.0006243774477,0.0004310865355,0,0.007091104806,0.0001996144346,0,0.005190067613,7.115691895e-06,0.0006053032241,0.006300537075,0.01030527477,0.004023842059,0.01487693424,0.01027142486,0,0.1689585366,0.02052127302,0,0.03170826862,0.000169544369,0.01442245599,0.0092278477,0.0002854332433,0.000111451496,0.0002865837369,0.0002844956761,0,0,0.0005683937253,0,0,0.0001317356003,0,0,0.122935864,0,0,-0.01529915943,0,2.015613262e-05,-0.2390988338,0.01439956238,0.005148212633,0.008786203676,0.02262320551,0.01440437931,0.02436813951,0.003830208048,0.0002612850217,-0.2705363569,1.796248219e-05,-0.008648858201,-0.002783115177,0,0.01663365596,0.1410293499,0.01440437931,0,0,0.06887934135,0.01439956238,0,0,0.006869830219,-0.200313079,0.0006607566996,0.0001608146937,0.000387861541,0,0.007664821057,0.01145782963,0.02436813951,0,0,-0.007187116575,0.005148212633,0,0,-0.001316576279,0.008066393778,-0.02017569677,-0.02014667215,-0.01286107337,0,-0.04286510942,-0.01098468352,0.003830208048,0,0,0.0571858199,0.008786203676,0,0,0.07273166186,-0.04813169327,0.0003123122897,0.0004511415602,7.710234279e-05,0,0,0,0.0002612850217,0.006869830219,-0.001316576279,0.07273166186,0.02262320551,0.06887934135,-0.007187116575,0.0571858199
1,1,1,1,2,1500,500,v1,0.003447278374,0,0.02481383368,0.001939838737,0.003455984243,0.02604530484,0,0.01056664475,0.1007454492,0.0005717407038,0.03066509429,0.02406934983,0.02378128553,0,0.02058510702,0.1187806083,0.00482678922,0.03637609079,0,0.01475787022,0.1407058059,0.03645932963,0.0428283048,0.03361637961,0,0,0.007511588249,0,0,0.01264617222,0,0,0.05134411382,0.01330415585,0.0002913830849,0.01226675197,0,0.01031190916,0.00892599996,0,0.002087693248,0.01502741218,0.05150498873,0.001174778418,0.01577319878,0.01580929235,0.0003462497301,0.01857097204,0,0.008979489291,0,0,0.001817938741,0,0.04484993879,0.001022983238,0.001822529823,0,0,0.005572370654,-0.1261127875,-0.003651150903,0,-0.01839277088,0.003387665614,0.02413990633,0.07308120131,0,0.00907832405,0,0.0120558724,0,0.04467151477,0,0.02097759231,0.3246847637,-0.1368375156,0,-0.0522230832,-0.0165910975,-0.0641845151,-0.1386005322,0,0.00399849442,0,0.02542731957,0,0.00251535825,0,0.0005360651804,-0.1251913994,0,0,0.01606540828,0,0.004275427164,0.05838671522,0.04467151477,0.00251535825,0.002793427703,0.006162815284,0.00907832405,0.00399849442,0.009083010181,0.01010648958,-0.1854287558,0,0.05528836869,0.01413536513,-0.0003550346489,-0.00319157947,0.0291984055,0,0,0.009083010181,0.002166269515,0,0,0.002793427703,0.008532654082,-0.0987587643,0,0.04571592106,0,-0.0003363828893,0,0.005285806615,0.02097759231,0.0005360651804,0.01010648958,0.008532654082,0.0120558724,0.02542731957,0.006162815284,0.002166269515
1,1,1,1,2,1500,500,v1,0.001592513016,0,0,0.03280064657,0.003183481908,2.738377516e-05,0,0.01992093403,0,0,4.917011546e-05,0,0.008009572372,0.0002613750397,0.0135919668,0.005701647423,0.04013939956,0.000345272354,0.003192391465,0.2511760248,0,0.005422885319,0.0006199686281,0,0.000715470087,2.596590145e-05,0.001350273044,0.001593019862,0,0,0.0003171432217,0,0,0.0005387282043,0,0,0.001623917736,0.001806014225,0.003064743565,0.003615711201,0.004527550603,0,0.001285618741,0.09325298171,7.785269348e-05,0.001222762911,0,0.0001397917528,0.004693691368,0.005220014037,0.0001703438477,0.01045067252,0.01308620794,0,0.003715888714,0.2695337981,0.02615972731,0.002080551555,0,0.1636969259,-0.2906166637,0.034089462,0,0,0.02303986764,7.055777628e-05,0,0.003565695892,0.001747146207,0.0001174480444,0.01369458167,0.007853891633,0.001244854647,0.001318828913,0.005460814782,0.2083765758,-0.01184281517,-0.002768155501,-0.01885259238,-0.2720451014,-0.0009496207857,0,0.007853891633,0.0104690349,0,0,0.003565695892,0.2161172528,0,0,-0.02580018439,0.002262472573,0.00033264842,0.001864222864,0,0,0,0.001244854647,0.2161172528,0.01795454954,0.0003627804417,0.001747146207,0.0104690349,0.1045719765,0.0006495826283,-0.2832632634,0.005057088686,0.003017390265,0.004218105263,0.09665610236,0,0.0002041542961,0.001318828913,0,0.1045719765,0,0.0001174480444,0,0.01795454954,0,-0.1222010352,-0.0149326196,0.006830757664,0.001477989108,-0.2818030889,0,0.1673208827,0.005460814782,0,0.0006495826283,0,0.01369458167,0,0.0003627804417,0
1,1,1,1,1,1500,500,v1,0,0,0,0,0,0,0,0,0.3473178805,0,0,0.1313766614,0,0,0,0,0,0,0,0,0.06343854758,0,0,0.02399630152,0,0,0,0,0,0,0,0,0.3147957771,0,0,0.1190748318,0,0,0,0,0,0,0,0,0,0,0,0,0,0,0,0,0,0,0,0,0,0,0,0,0.214072134,0,0,0,0,0,-0.2147740769,0,0,0,0,0,0,0,0,-0.08805731344,0,0,0,0,0,0.08735537085,0,0,0,0,0,0,0,0,-0.1274187056,0,0,0,0,0,0.1267167634,0,0,0,0,0,0,0,0,0,0,0,0,0,0,0,0,0,0,-0.007787393266,0,0,0,0.008840306831,0,0,0,0,0,0,0,0,0,0,0.008840306831,0,0,0,-0.007787393266
1,1,1,1,1,1500,500,v1,0.01323501669,9.800321621e-05,0,0.001460522072,0.008167810438,0.004179223387,0.0002612077802,0.00340557284,0.01651779275,0,0.0039708763,0.05004965367,0.005995709392,0.006698478096,0,0.04650939399,0.008878564974,0.004542895145,0.1244047582,0.003701922316,0.01795515423,0,0.004316417906,0.0544049235,0,0.01718942814,0,0,0.0002733774844,0,0.319243658,0.0007286324736,0.04607596366,0,0,0.1396122387,0,0.005982573388,0,0,0.01435519448,0,0.04640749652,0.001584136906,0.004532942112,0,0,0.004306961063,0,0.0005910560106,0.0006603348298,0,0.001418239849,1.050184294e-05,0.004584888137,0.0001565068373,0.0008752474228,0.01226379987,2.799054143e-05,0.0003649348713,-0.1278610977,-0.003857848935,0.0001198251161,0,-0.0002081191456,0.001669688332,0.06179320524,0,0.004662935794,0.01518904897,0,0,0.04071059682,0.2739562058,0,-0.444655727,-0.02242346857,0.1280262159,0,-0.007067063229,0.002101438443,0.06563713942,0,0.01591675614,0.0003068046716,0,0,0.002370434624,0.0008691126349,0,0.2684532964,0,-0.3336462512,0,-0.0009241495586,0,-0.1766240911,0.04071059682,0.002370434624,0.006131505404,-0.001164323359,0.004662935794,0.01591675614,0.003255235853,0.001040375867,-0.01630470985,0,-0.01276140266,0,-0.009603242929,0,-0.003688495115,0.2739562058,0.0008691126349,0.003255235853,0.02033915311,0.01518904897,0.0003068046716,0.006131505404,0.05345146655,-0.262345504,0,0.004935849499,0.01285653193,0.001269631345,2.037957034e-05,0.001017354869,0,0,0.001040375867,0.05345146655,0,0,-0.001164323359,0.02033915311
1,1,1,1,0,1500,500,v1,4.169161729e-05,0,0,3.675851882e-05,8.148533144e-07,2.456134239e-05,0,3.778182329e-07,0,0,1.042833346e-05,0,0.05264062697,0.07247532437,0.03886974128,0.1091545631,0.001049996036,0.03164902405,0.04463101836,0.0004868454724,0,0.04549305813,0.01343764405,0,6.758335469e-05,7.067632295e-05,3.790490641e-05,2.350414965e-05,0,0,4.352317557e-05,0,0,4.436381756e-05,0,0,0.03677620079,0.02793392409,0.02062635771,0.01279003285,0.02850807291,0,0.05792323256,0.02513489768,0.01679466006,0.02414104287,0,0.007130730587,0.04843924796,0.0367927694,0.05065608164,0.01684620922,0.03754900133,0,0.07629275902,0.03310607172,0.0007338868141,0.03119451384,0,0.000340276973,-0.06120127987,7.101942766e-05,0,0,3.913231949e-07,3.177452141e-05,0,0.04078988014,-0.01553606729,0.04566726575,0.03305026328,0.01223423349,-0.02638773505,0.02962136722,0.03626012169,0.2488257161,-0.1266619261,-0.09884865465,-0.07535756667,-0.001147775869,-0.03931279632,0,0.01223423349,0.02960917132,0,0,0.04078988014,0.02595868196,0,0,-0.1320307094,8.769242686e-05,0.0001133547412,8.090789772e-05,0,0,0,-0.02638773505,0.02595868196,0.001301095065,0.02368429225,-0.01553606729,0.02960917132,0.0005288633684,0.01056503792,-0.2703809824,0.01321034613,0.08141093843,0.02906973544,0.01675657498,0,0.01644813506,0.02962136722,0,0.0005288633684,0,0.04566726575,0,0.001301095065,0,-0.1150080384,-0.04864744764,0.07320018933,0.04854287779,-0.05387282995,0,-7.258774324e-05,0.03626012169,0,0.01056503792,0,0.03305026328,0,0.02368429225,0
1,1,1,1,3,1500,500,v1,0,0,0,0,0,0,0,0,0.05692252528,0,0,0.02659003743,0,0.0004725919707,0.001058381708,0,0,0,0.0007776980557,0,0.001857011645,0.0003570638238,0,0.0008674599189,0,0.05375046048,0.1203755199,0,0,0,0.08845183838,0,0.2112080553,0.0406108147,0,0.09866094429,0,0,0.1456254025,0,0,0,0,0,0,0.04912931002,0,0,0,0,0.03904022755,0,0,0,0,0,0,0.06424465701,0,0,-0.3055167933,0,0,0,0,0,0.08174925864,0,0,0.02322610077,0.0515163206,0,0,0.03849778418,0.0185298966,-0.3169938071,0,0.001246998782,0.00141457022,0,0,0.002717968963,0,0,0,0,0,0,0,0,0.1030438745,0,-0.1241112624,0.01768788023,0,0,-0.3082347623,0,0,0,0,0,0,0,0,0.0191024505,0,0,-0.06579992861,0,0,0,0.03849778418,0,0,0.2288516798,0.02322610077,0,0,0.1067996223,-0.1228642636,0,0,0.08171500702,0,0,0,0.0185298966,0,0,0.1067996223,0.0515163206,0,0,0.2288516798
1,1,1,1,2,1500,500,v1,0,0,0,0,0,0,0,0,0,0,0,0,0,0,0,0,0,0,0,0,0,0,0,0,0.1762767891,0,0,0.01897685974,0,0,0,0,0,0,0,0,0.5513563769,0,0,0.05935558892,0,0,0,0,0,0,0,0,0.1751760268,0,0,0.01885835853,0,0,0,0,0,0,0,0,0,0,0,0,0,0,0,0.2996245852,0,0,0,0.03225746112,0,0,0,0,0,0,0,0,0,0,0.03225746112,0,0,0,0.2996245852,0,0,0,-0.4164659802,0.1952112827,0,0,0,0,0,0,0,0,0,0,0,0,0,0.3891805826,-0.6104352802,0,0,0,0,0,0,0,0,0,0,0,0,0,-0.4152239979,0.1939693,0,0,0,0,0,0,0,0,0,0,0,0,0
1,1,1,1,3,1500,500,v1,0.01708042133,0.04820629711,0,0.00789166794,0.2915563743,0.01146380797,0.001931421228,0.04255712721,0.005452960813,0,0.004032118642,0.003771833472,0.0003817098065,0.0002555741119,0,2.499915734e-05,0.001154889247,4.540949788e-05,6.673710421e-07,0.0001685738092,2.159982207e-05,0,1.597169836e-05,1.494067804e-05,0,0.01420183759,0,0,0.01061082744,0,3.708472302e-05,0.0004251307107,0.001200266971,0,0,0.0008302291709,0,0.08861535694,0,0,0.01570695683,0,0.005803647726,0.007257086064,0.0105419845,0,0,0.003707889413,0,0.06769254713,0.04532360007,0,0.01199841599,0.03386328678,0.004433359079,0.00554362875,0.2048084525,0.000118351808,0.001356757827,0.02989493675,0.2510837417,-0.006997164788,-0.04257552263,0,-0.3024533464,-0.01208712252,-0.008944164091,0,0.08100780047,0.04670706304,0,0,0.005296656911,0.0001253267025,0,-0.2115382178,0.0004012671793,0.0002514638885,0,0.001310440264,6.058480972e-05,1.92513044e-05,0,-0.006060053611,0.009336821533,0,0,-0.001939423137,0.0005170553418,0,-0.07085039831,0,0.01341162715,0,0.01072301425,0,0.001388778753,0.005296656911,-0.001939423137,0.1362368802,0.006441197295,0.08100780047,-0.006060053611,0.0241807291,0.002942958788,-0.01672103615,0,-0.04479014711,0,-0.002718674869,0,0.00577043365,0.0001253267025,0.0005170553418,0.0241807291,0.006726985725,0.04670706304,0.009336821533,0.1362368802,0.004577215341,-0.3734370443,0,-0.01314742496,-0.04488468421,0.01504882416,0.02528325707,0.194197833,0,0,0.002942958788,0.004577215341,0,0,0.006441197295,0.006726985725
1,1,1,1,1,1500,500,v1,0,0.001739118559,0,0,0,0,1.918528984e-05,0,0,0,0,0,0,0.2170607885,0,0,0,0,0.01155010301,0,0,0,0,0,0.001172310683,0.004337538062,0,0.005335038312,0.0009365796432,0,0.0002308063642,1.03319879e-05,0,0,0,0,0.1133366057,0,0,0.5157806223,0,0,0,0,0,0,0,0,0.01252900998,0,0.04635721439,0.05701794689,0,0.01000964665,0,0,0,0.002466731117,0.000110422588,0,-0.009084439871,0,0.001730762954,0,0,0,0,0.1493773133,0,0.2493655365,0,0.6800076589,0,0.0132825834,0,0.05316621243,0,-0.2282649573,0,0,0,0,0.6800076589,0,0.01091021471,0,0.1493773133,0,0.0001203006709,0,-0.7473744104,0.006503827809,0.004562662949,0,0.0009321941302,0,0,0,0,0,0,0,0,0,0,0.07601233162,-0.6289356428,0,0,0,0,0,0.0132825834,0.0001203006709,0,0,0.2493655365,0.01091021471,0,0,-0.843471153,0.06950850382,0,0.04860354947,0,-0.010016634,0,0,0,0,0,0,0,0,0
1,1,1,1,1,1500,500,v1,0.3242531521,0.02165050369,0,0.182711992,0.03521616256,0,0.04430730436,0.04273796059,0,0,0,0,0,0,0,0,0.008002532437,0,0,0.00971178831,0,0,0,0,0,0,0,0,0.004045984056,0,0,0.008280022007,0,0,0,0,0,0,0,0,0.1328227335,0,0,0.07484370175,0,0,0,0,0,0,0,0,0.05550516882,0.003706100787,0,0.03127636507,0.00602824995,0,0.007584457983,0.007315820068,0.3460750056,-0.5049693189,-0.0656286783,0,-0.07783089079,0,0,0,0,0,0,0,0,0,0,-0.06449588066,0,0,0,0.01761900084,0,0,0,0.2044865268,0.020904765,0,0,0.1150938745,0.04273033505,0,-0.05448933074,0,0,0,0.01206593073,0,0,0,0.1150938745,0.03177018931,0,0,0.2044865268,0.03854513064,0,-0.4183727468,0,0,0,0.2053191454,0,0,0,0.04273033505,0.03854513064,0,0,0.020904765,0.03177018931,0,-0.4134248095,0,0,0,0.08659657226,0.01113934758,0.01333501006,0,0,0,0,0,0,0,0
1,1,1,1,3,1500,500,v1,0.003557440734,3.739858238e-05,0.003315798082,4.693113322e-05,0.0006266246108,0,2.066828153e-05,0.003223935398,0.0003881664448,0.002798832965,0,0.0003529558893,0,0.05453728583,0,0,0.04054993089,0,0.3678445047,0.2086262737,0.02511890252,0,0,0.02284036834,0.0002891888479,0.00268602207,0,0.003636683963,0.0001191938553,0.01056785396,0.01811675156,6.587234063e-05,0.001237133926,0,0.008920222911,0.00112491358,0.00177557425,0,0,0.02232867017,0.06961353652,0.06488496877,0,0.0009183686815,0,0,0.0547687721,0,3.006501218e-05,0,0.0002792475811,0.0003780814801,0.001178735174,1.239178045e-05,0,1.555033004e-05,0.0002076280464,0.001883476351,6.848302545e-06,0.00106823032,-0.4618250499,0.003565482117,-2.043501988e-05,0.006104313352,0.003820238657,0,0.0007325092737,0.002115025954,0,0.07733892098,0,0.02691671865,0,0.5216786097,0,0.03104411548,0,-0.422243315,0,-0.248975514,0,-0.04787591455,0.02691671865,0.09675856502,0.0001605771505,0.07600040722,0.002115025954,0.001269800851,9.98448792e-05,0.06408680836,-0.6030594342,0.003777726989,0.02074603838,0,-0.0001478632598,0.01927552365,0.002342514156,0,0.001269800851,0.05953208523,0,0,0.09675856502,0.3063249877,0,0.03431699185,-0.02353753286,0,0,-0.07010636185,-0.1187713139,0,0.5216786097,9.98448792e-05,0.3063249877,0.0351949899,0.07733892098,0.0001605771505,0.05953208523,0.03200634695,-0.7331215299,0.0004053093965,0,0.002152255526,0.001188636152,-5.316406686e-06,0.001250559709,0,0.06408680836,0,0.03200634695,0,0.07600040722,0,0.0351949899
1,1,1,1,3,1500,500,v1,0.05270481311,0,0.02261599023,0.009016858912,0.001450484334,0.0002288487336,0,3.380311033e-05,8.046757207e-06,0.002174454793,0.0001331819245,3.340620709e-06,0.01366512727,0.002599680657,0.01846752761,0.0370324758,0.0006173352699,9.739946269e-05,0.0001336751794,1.43868167e-05,3.424750559e-06,0.001229539957,5.668306605e-05,1.421789218e-06,0.02079152973,0.0426953675,0.3032979748,0.07523475664,0,0.1580827232,0.002195389228,0,5.624574823e-05,0.02019311879,0.0151991459,2.335048846e-05,0.002086316402,0.02251998843,0.03043429453,0.007549396742,0.03696688082,0.0158627375,0.06102913717,0.006324377777,0.0001605133073,0.002026269134,0.001525151242,9.341310668e-05,0.0001963103083,0.002119000678,0.0004031228518,0.0007103545752,0.003478369706,0,0.005742488876,0.0005950873749,9.572789404e-05,2.072851502e-05,0,2.230910386e-06,-0.1389469881,-0.03680250054,0,0.02230515415,-0.001179848384,-0.0001692953349,-7.385902974e-06,0.02752764664,0.01230572486,0.05964454725,0.3822177063,0.1000831229,0.03054841715,0.003084788099,0.0255076837,-0.4019283525,0.0367459598,0.002472883702,0.01909141387,-0.0001309850904,-1.774401658e-05,-3.262454963e-06,0.1000831229,0.02643388879,0,0.1812841646,0.02752764664,0.004664064355,0,0.0174729183,0.1028366524,-0.09538934399,-0.04470047808,-0.3223850124,0,-0.1715875187,-7.536047485e-05,0.03054841715,0.004664064355,0.001830122511,0.0001952988607,0.01230572486,0.02643388879,5.16508975e-05,0.0001401765884,-0.5356967408,0.009416504391,-0.07296553806,0.03147667173,0.01210752856,0.01677764275,-3.661094794e-05,0.003084788099,0,5.16508975e-05,9.090204566e-05,0.05964454725,0,0.001830122511,3.811120366e-05,-0.1904258173,0.0008989932084,0.007650150212,0.0004080375135,0.003963003201,0,5.631787115e-05,0.0255076837,0.0174729183,0.0001401765884,3.811120366e-05,0.3822177063,0.1812841646,0.0001952988607,9.090204566e-05
1,1,1,1,2,1500,500,v1,0.2134039378,0,0,0.06970360439,0,0,0,0,0,0,0,0,0.01131860713,0,0,0.005307312865,0,0,0,0,0,0,0,0,0.004571692742,0,0,0.142165554,0,0,0,0,0,0,0,0,0.002630842205,0.01005401265,0,0.08181108416,0.06360140108,0,0.004714342507,0.02077396953,0,0,0,0,0.005301412869,0.02025985138,0,0.1648576009,0.1281632496,0,0.009499876498,0.04186164764,0,0,0,0,0.2408321699,-0.270717035,0,0,0,0,0,-0.001203965353,0.005708124803,0,0,-0.02227297605,0.002654942372,0,0,-0.002966642453,-0.002608735668,0,0,0,0,0,-0.02227297605,0.03164982238,0,0,-0.001203965353,0.01317747545,0,0,0.02392138623,-0.008270091926,0,0,0,0,0,0.002654942372,0.01317747545,0,0,0.005708124803,0.03164982238,0,0,-0.1983397919,0.08278727397,0.01176167477,0,0.0839818958,0,0,0,0,0,0,0,0,0,0,-0.1030650174,-0.05886588775,-0.01472831723,0,0.1568502742,0,0,0,0,0,0,0,0,0,0
1,1,1,1,3,1500,500,v1,0.0494629687,0,0,0.01307987497,0.09349598464,0.02025209141,0,0.09369216729,0,0,0.1715748959,0,5.114660622e-05,0.004402816832,0.001519347926,0.0001491624686,0.0009355833458,0.0002026559698,0.02322565261,0.0009375464806,0,0.0008047546157,0.001716893145,0,0.01599941666,0.02386597853,0.00823580139,0.02611067816,0,0,0.1258973398,0,0,0.004362265595,0,0,0.02452118102,0.0004249156085,0.01262243374,0.04001800062,0.004112023271,0,0.001239211471,0.001087374084,0.001683624606,0.006685737774,0,0.01426359928,0.01653103938,0.0002864583338,0.02465898848,0.02697827416,0.002772134776,0,0.0008354187187,0.0007330570167,0.005239949748,0.1300806102,0,0.005250944736,0.03687213184,-0.06222040368,0,0,-0.1866140197,-0.1905519061,0,-0.00546163444,0.0007174158467,0.006026513542,0.01142925775,-0.0174817315,0.002050009412,0.03384952505,0.005710406204,-0.4208461217,-3.888974797e-05,0.027346376,0.001570311938,0.00177927665,0.001713849292,0,-0.0174817315,0.06393303838,0,0,-0.00546163444,0.01690858799,0,0,-0.0249135604,0.02495002158,-0.0219335948,-0.0008177574787,0,0,0,0.002050009412,0.01690858799,0.1309402159,0.02770453236,0.0007174158467,0.06393303838,0.1312592837,0.2330256386,-0.1979300085,-0.03433822971,-0.00127651706,-0.0121789971,0.00501546255,0,0.01501794323,0.03384952505,0,0.1312592837,0,0.006026513542,0,0.1309402159,0,-0.2473305161,0.02468378538,-0.0005295433628,-0.03199680696,0.003310523579,0,0.01003507669,0.005710406204,0,0.2330256386,0,0.01142925775,0,0.02770453236,0
1,1,1,1,3,1500,500,v1,0,0,0,0,0,0,0,0,0.004088258947,0,0,0.003558701984,0,0,0,0,0,0,0,0,0.3988345988,0,0,0.3471730867,0,0,0,0,0,0,0,0,0.1317024639,0,0,0.1146428897,0,0,0,0,0,0,0,0,0,0,0,0,0,0,0,0,0,0,0,0,0,0,0,0,-0.500343814,0,0,0,0,0,0.007585918547,0,0,0,0,0,0,0,0,0.2526648439,0,0,0,0,0,-0.7454227398,0,0,0,0,0,0,0,0,-0.7378368208,0,0,0,0,0,0.2450789255,0,0,0,0,0,0,0,0,0,0,0,0,0,0,0,0,0,0,0.3952405295,0,0,0,0.3438963143,0,0,0,0,0,0,0,0,0,0,0.3438963143,0,0,0,0.3952405295
1,1,1,1,0,1500,500,v1,0,0.001388737445,0.000122349037,0,0,0,5.556372274e-05,0,0.0009158677548,5.918600927e-05,0,0.00245822933,0,0,0,0,0,0,0,0,0.1125722941,0,0,0.3021489879,0,0,0,0,0.09716690146,0.008560492746,0,0.003887671346,0.06408125035,0,0.004141114759,0.1719968939,0,0,0,0,0,0.04761138798,0,0,0,0,0.02303187764,0,0,0,0,0,0,0.1536534813,0,0,0,0,0.006147713135,0,-0.2946179002,0,0.001437158535,0.0001808387519,0,0,0.003338027411,0,0,0,0,0,0,0,0,0.2264989071,0,0,0,0,0,-0.4015611415,0,0,0.08245001888,0.05796264936,0,0,0.003652618179,0.02783418797,-0.6155546025,0,0,0,0.09052169655,0.01221014283,0.2231608798,0,0,0,0,0,0,0,0,0.0123909816,0,0,0,0,-0.06958887319,0,0,0.003652618179,0,0.07179377303,0,0.08245001888,0,0.1907995787,0.09195885509,0,0,0,0,-0.1493606129,0,0,0.02783418797,0,0.1907995787,0,0.05796264936,0,0.07179377303
1,1,1,1,4,1500,500,v1,0.08925469101,0,0.04070999353,0.1225074299,0,0.01566301588,0,0,0,0.06005967428,0.02848328802,0,0,0,0,0,0,0.01482267508,0,0,0,0,0.02695512325,0,0,0,0,0,0,0.08911706547,0,0,0,0,0.1314748901,0,0,0,0,0,0.04362908591,0.01989968018,0,0.05988354362,0.007656326606,0,0.0293581061,0.01392307571,0,0,0,0,0.08707991559,0,0,0.1195224198,0,0,0,0,-0.1079851017,-0.02028189638,0,0.09003939618,0,-0.01092741292,0,0,0,0,0,0,0,0,0,0.006875692374,0,0,0,0,-0.01573193853,0,0,-0.02273560917,0,0.04331954795,0,-0.02469898272,0,0.06456319696,0.1381463691,0,0,0,0,-0.2100681991,0,0,-0.02469898272,0,0.004321408611,0,-0.02273560917,0,0.00896296061,-0.216225883,0,0,0,0.1011607899,0.04810697293,0.01780310529,0,0,0,0,0,0,0,0,0.08087889353,0,0,0,-0.04925583232,0,0,0,0.06456319696,0.00896296061,0,0,0.04331954795,0.004321408611,0
1,1,1,1,4,1500,500,v1,0.00618770471,0.004883577309,0.01485560081,0.01163746825,0.0003931235639,3.938737935e-05,0.005063767859,0.000103685041,0,0.01632083357,3.629104938e-05,0,3.466209891e-06,0.0005554554138,0.002639327921,7.690750541e-05,0.0002754056643,2.759312432e-05,0.002383840256,7.263733395e-05,0,0.00950678676,2.542396712e-05,0,0.1461893446,0.004744126075,0.02254241132,0.02848546828,0.02922058302,0.08888756938,0.02036029974,0.03029874204,0,0.08119714712,0.09765469901,0,0.04055115044,8.212007469e-06,0.006252991387,0.007901523278,0.01026993868,0.02465633325,0.000182206222,0.01931509193,6.53725395e-05,0.02252310342,0.02708822863,6.023345798e-05,0.08561294488,1.733746478e-05,0.002778305117,0.01668196018,0.02168223797,0.01711246582,0.0003846798689,0.040778668,0.001377538047,0.01192361334,0.01774386867,0.0003633211083,-0.2036163708,0.007792332232,0.008715607942,0.02981731484,-9.935377015e-05,-1.7422119e-05,0,0.03204979553,1.310237239e-05,0.003306279084,0.02069293225,0.006637976356,0.0002708019248,0.01484641605,0.07413052604,-0.09017677592,1.472451042e-05,0.001922107863,0.01130625581,-7.676025182e-05,-2.892461392e-05,0,0.006637976356,0.01573608914,0.01808652584,0.07454415781,0.03204979553,0.02815140785,0.01564397747,0.08165067961,0.2942639202,-0.1608032983,-0.02059170668,-0.1029351574,-0.05361010024,-0.1840498349,0,0.0002708019248,0.02815140785,0.001702727967,8.740796941e-05,1.310237239e-05,0.01573608914,0.0004314008906,7.746419649e-05,-0.3678928286,0.0479659495,7.232477414e-05,0.02841326277,0.01870733807,0.05010262853,-6.356804441e-05,0.01484641605,0.01564397747,0.0004314008906,0,0.003306279084,0.01808652584,0.001702727967,0,-0.149990835,0.08704550098,-0.0002763188161,0.006567802079,-0.05575800166,0.02240749013,-0.001246638549,0.07413052604,0.08165067961,7.746419649e-05,0,0.02069293225,0.07454415781,8.740796941e-05,0
1,1,1,1,2,1500,500,v1,0,0,0,0,0,0,0,0,0.004067339553,0,0,0.007607161601,0,0.1367613939,0.004020269264,0,0,0,0.1728846802,0,0.003452155578,0.03164566123,0,0.006456580528,0,0.06193294729,0.001820595106,0,0,0,0.0782915228,0,0.001563322539,0.01433086497,0,0.002923888462,0,0,0.01120337218,0,0,0,0,0,0,0.08818765547,0,0,0,0,0.1646769347,0,0,0,0,0,0,0.2081736547,0,0,-0.00153397378,0,0,0,0,0,-0.007060188593,0,0,-0.04128085994,0.008876050885,0,0,-0.05861473538,0.06947406973,-0.2298555657,0,0.2135779807,0.02575926384,0,0,-0.003712191406,0,0,0,0,0,0,0,0,-0.1500200237,0,0.1397285137,0.01388277966,0,0,0.002178217627,0,0,0,0,0,0,0,0,0.03964204352,0,0,-0.09187545725,0,0,0,-0.05861473538,0,0,0.004361893105,-0.04128085994,0,0,0.008529350463,0.3533064943,0,0,-0.2867094303,0,0,0,0.06947406973,0,0,0.008529350463,0.008876050885,0,0,0.004361893105
1,1,1,1,1,1500,500,v1,0.001020677751,0.005049052629,0,0.004728582298,0.0003459284812,0.002710956433,0.001705067219,0.0001477648125,0.002833681157,0,0.01912285302,0.0009866925885,0.001707285275,3.046256476e-05,0.000121963186,0.0007219315449,4.959824586e-05,0.000388689255,9.413814325e-06,2.11861003e-05,0.0004062851784,0.0003890799025,0.002741780504,0.0001414691887,0.006605722012,0.0005003926508,0.002003425596,0.004129411025,0.01189143734,0,0.0001546358142,0.004015743443,0.006673834558,0.006391212471,0,0.00232384052,0.01647447826,0.06994262504,0.004996485073,0.0102986308,0.00599521108,0,0.02957548343,0.02777453408,0.015923494,0.01593949771,0,0.1123229542,0.04844651116,0.2056803324,0.003669890755,0.03028519168,0.01763012193,0.08721206413,0.08697264735,0.08167659418,0.005975207451,0.001134102477,0.02945155112,0.002552335112,-0.307036876,0.005664278352,0.006671852795,0,0.0004766304424,0.0216294652,0.002567817952,0.0381412221,0.2005814794,0.004651498579,0.004456282484,0.02380726297,0.08486851432,0.001435763875,0.01442286497,-0.3295325585,0.002425496772,3.950619007e-05,0.0005027806069,6.949271508e-05,0.003126399631,0.0005112030262,0.02380726297,0.01598461762,0.1054546086,0,0.0381412221,0.07410160921,0.03562929825,0,-0.1820656651,0.01062766509,0.0005181488668,0.006234017,0.01576565422,0,-0.008069563703,0.08486851432,0.07410160921,0.008200827114,0.01919554289,0.2005814794,0.01598461762,0.003508506983,0.135479424,-0.4177432658,0.02656294155,0.09791634389,-0.0193228959,0.03310017404,0,-0.1278725092,0.001435763875,0.03562929825,0.003508506983,0.005483298488,0.004651498579,0.1054546086,0.008200827114,0.002002515617,0.1998381838,-0.07848959665,-0.2906418365,-0.00461583003,-0.09882193696,-0.1164934451,-0.0083523459,0.01442286497,0,0.135479424,0.002002515617,0.004456282484,0,0.01919554289,0.005483298488
1,1,1,1,4,1500,500,v1,0.002397256124,0.04079976125,0.002034157764,0.007492701918,0.006867189821,0,0.001979785265,0.0270033459,0.004908886723,0.001255375637,0,0.0001894499431,0,0.003055667268,0,0,0.01307159157,0,0.008167427651,0.05140045897,0.009343991353,0,0,0.0003606150906,0.006681038078,0.004752605718,0,0.00560007026,0.1207904956,0.00602226378,0.01270313812,0.005861290262,0.01453309632,0,0.003716625801,0.0005608795694,0.02219994272,0,0,0.01860807221,0.02358291496,0.02001094881,0,0.07370916709,0,0,0.01234970957,0,0.01093449464,0,0.007778333414,0.009165332917,0.01161567219,0.1976912885,0,0.03630516089,0.03327430265,0.02079054093,0.009592857604,0.1308420952,-0.2805684705,0.009273763881,0.0425561742,0.002732940215,0.03302276632,0,0.001591666483,0.01435645789,0,0.00453934873,0,0.01235408998,0,0.01193131268,0,-0.1447952152,0,0.005483455379,0,0.05391694839,0,-0.001321647951,0.01235408998,0.01885064673,0.05529950469,0.02118394994,0.01435645789,0.06133001759,0.003693248093,0.01312534518,-0.2146233899,0.004972598691,0.00538568509,0,0.1117652155,0.001781070985,-0.007908135007,0,0.06133001759,0.02191478123,0,0,0.01885064673,0.08023207175,0,0.04962817799,-0.03513187505,0,0,-0.08124309988,-0.02738687461,0,0.01193131268,0.003693248093,0.08023207175,0.0110913965,0.00453934873,0.05529950469,0.02191478123,0.0003657782295,0.1500016325,0.01235224444,0,-0.0218495814,0.01851555978,-0.1936498917,-0.1550376167,0,0.01312534518,0,0.0003657782295,0,0.02118394994,0,0.0110913965
1,1,1,1,3,1500,500,v1,0,0,0,0,0.01620461213,0.3683121578,0,0.004586248239,0.1343451221,0,0.1238633311,0.1332328491,0,0,0,0,0.00167280263,0.03802087585,0,0.0004734385527,0.01386845126,0,0.01278641564,0.01375363128,0,0,0,0,0,0,0,0,0.01296575003,0,0,0.01285840372,0,0,0,0,0,0,0,0,0.08234105443,0,0,0.02769128598,0,0,0,0,0,0,0,0,0.002356601996,0,0,0.0006669682475,0.2191665099,0,0,0,-0.02076153444,-0.4920104899,-0.2675264368,0,0,0,0,0,0,0,0,-0.6415306634,0,0,0,0.002128829557,0.05068724705,0.0275826374,0,0,0,0,0,0,0,0,-0.2399437995,0,0,0,0,0,0.02580410029,0,0,0.01829861913,0.3720083147,0,0,0.005179304913,0.1250021382,-0.4413232428,0,0,0,0,0,0.109982941,0,0,0.005179304913,0.1612746837,0,0,0.01829861913,0.159934865,-0.01863270487,0,0,0,0,0,0.002980755558,0,0,0.1250021382,0.159934865,0,0,0.3720083147,0.1612746837
1,1,1,1,4,1500,500,v1,0.05600485029,0,0.0105257902,0.009399535538,0.00724087694,0.0008875317154,0,0.0008423295074,0.004129341595,0.02033300295,0.0002932627236,0.0002779098909,0.08211381074,0.0001582819099,0.0057367527,0.06414634046,0.01015187003,0.001244339145,0.001381970156,0.001180964647,0.005789428478,0.0001956638319,0.0004111608412,0.0003896358293,0.03832925398,0.0003236937392,0.01173192144,0.01266610481,0,0.03017953953,0.002826192124,0,0.01183964581,0.000400141478,0.0582987742,0.000796823077,0.01694608397,0.07424346153,0.005186903087,0.005599923124,0.07099414412,0.01334294195,0.05799811648,0.01191525336,0.001125073171,0.0001769100721,0.02577498438,0.0003717523742,0.01808527493,0.07923443646,0.0001527316516,0.005976374805,0.07576668551,0,0.06189700723,0.01271624956,0.009795888089,0.001333510472,0,0.001139553352,-0.1229414485,0.0111748628,0,0.01357636705,-0.004199751055,-0.0005374951467,-0.0008135640729,0.02500407322,-0.07467049801,0.0005364163298,0.02122171581,0.008363383642,-0.05485665046,0.004728398302,0.0006880073412,0.06246743047,-0.0117267008,-0.0006188834504,-0.003643790733,-0.006611548751,-0.001331416413,-0.003196862804,0.008363383642,0.02048276099,0,0.03066943617,0.02500407322,0.005395428869,0,0.04971864814,0.03645152986,-0.04429207249,-0.002608442412,-0.01019066796,0,-0.07732415996,-0.0110444919,-0.05485665046,0.005395428869,0.02005619912,0.003301825634,-0.07467049801,0.02048276099,0.002230080035,0.001174786701,-0.1203206373,0.01471956925,0.06536164921,-0.0007720234202,0.007642590572,0.01015573673,-0.00111549666,0.004728398302,0,0.002230080035,0.02125181748,0.0005364163298,0,0.02005619912,0.001330560699,0.02884127283,0.007327531966,0.03271648384,-0.0002825505551,-0.03606957991,0,-0.004046219631,0.0006880073412,0.04971864814,0.001174786701,0.001330560699,0.02122171581,0.03066943617,0.003301825634,0.02125181748
1,1,1,1,2,1500,500,v1,0.0009774069806,0.003555800897,0.003822399644,0.0008919077669,0.002172362148,0,0.01368384185,0.002316499402,0.009957618109,0.00143293441,0,0.002477380909,0,0.0001111450778,0,0,0.0007125605138,0,1.671849559e-06,0.0007598392404,0.003266216678,0,0,0.0008126102801,0.000111244927,0.0002742935337,0,0.000223106213,0.002878407624,0.00309421832,4.125936412e-06,0.01107701918,0.008060654889,0,0.001159955085,0.002005430648,0.0001435115557,0,0,0.0002878182455,0.001020697273,0.00399169739,0,0.0009314112172,0,0,0.001496400449,0,0.005170264424,0,0.01274817772,0.010369175,0.03677247295,0.1337780422,0,0.03355578064,0.08172964783,0.000191758697,0.5148200437,0.08715244856,-0.861768033,0.001854187146,0.01720987866,0.0008034965947,0.004478339311,0,-0.007307005755,0.007347376775,0,0.01792528842,0,0.01473318617,0,0.0002739243263,0,-0.1799703301,0,0.0001118214297,0,0.00146780652,0,0.003513421398,0.01473318617,0.05217828664,0.1910007406,-0.002045755526,0.007347376775,0.04761035774,0.735036304,-0.0008029401242,-0.6632613393,0.0003320551934,0.0002747135377,0,0.01392031391,0.002628586281,0.003952251054,0,0.04761035774,0.1182553838,0,0,0.05217828664,0.126099325,0,-0.0801696316,0.0004227662191,0,0,0.001932810131,-0.001532952441,0,0.0002739243263,0.735036304,0.126099325,-0.0002967949528,0.01792528842,0.1910007406,0.1182553838,5.87949123e-05,0.04200469183,-0.01547519671,0,-0.01251934344,-0.07031276025,-0.6484882251,-0.1688492848,0,-0.0008029401242,0,5.87949123e-05,0,-0.002045755526,0,-0.0002967949528
1,1,1,1,4,1500,500,v1,0.02682176139,0.1226795137,0,0.09528835052,0.2252797529,0,0.02854656913,0.4379407812,0,0,0,0,0,0,0,0,0.0007556623628,0,0,0.001468997375,0,0,0,0,0,0,0,0,0.003911202021,0,0,0.0009101063048,0,0,0,0,0,0,0,0,5.758202401e-05,0,0,0.0002045688204,0,0,0,0,0,0,0,0,0.001607637438,0.007353140469,0,0.005711374339,0.01350277335,0,0.001711018624,0.02624920808,0.06339327332,-0.1219432075,-0.1510123933,0,-0.6628430114,0,0,0,0,0,0,0,0,0,0,-0.623103471,0,0,0,0.00222023493,0,0,0,0.03768738499,0.1668856862,0,0,0.1338651729,0.03884490975,0,-0.1419509813,0,0,0,0.004797250517,0,0,0,0.1338651729,0.3164182379,0,0,0.03768738499,0.6149066206,0,-0.1146295113,0,0,0,0.0002611390028,0,0,0,0.03884490975,0.6149066206,0,0,0.1668856862,0.3164182379,0,-0.9285199945,0,0,0,0.007313696248,0.009061412014,0.0397395407,0,0,0,0,0,0,0,0
1,1,1,1,0,1500,500,v1,0.002560731288,0.001063170124,7.125982447e-05,0.004303997534,0.007386656631,0.03968654601,0.0007383245163,0.007702235275,0.001321874326,0.003655073977,0.08848568194,0.001146253832,0.0009986423888,0.02753131295,0.001165912616,0.0001674284525,0.02275543342,0.1222589055,0.07601633711,0.02372760922,0.004072183765,0.002027900442,0.2725901778,0.003531164919,0,0.04377987556,0.001854016528,0,0.005208198932,0.0003490836823,0.1208800243,0.003616863258,0.006475524752,0.003224736471,0.01790527401,0.005615204803,0,4.363186365e-05,5.094009715e-05,0,0.0003446632474,9.591261145e-06,7.315146534e-06,0.0005792992703,0.00534163576,8.860136176e-05,0.0004919569937,0.01190978633,0,0.0003214341787,0.008861535486,0,0.002539120234,0.001054197598,5.389038931e-05,0.004267674346,0.007324317627,0.02446746619,0.000732093495,0.007637232975,-0.4379109718,-0.002963197491,0.001247775087,0.00351583253,0.01254463363,0.1275759296,0.002135368857,0,0.000961174955,0.01212166393,0.001676805347,0,0.000169789633,0.03434833951,0.003534331634,0.03674623088,-0.001130239132,0.09298886577,-0.00116914356,-0.04155492108,-0.393920813,0.001396432071,0,0.002492132486,0.004775355944,0.0003326447601,0,0.004390490097,0.003374283201,0.0182637568,0.1351827741,0,-0.1569938214,-0.002404078596,-0.008263705026,-0.0162741551,-0.008402136137,0.000169789633,0.004390490097,0.01291213648,0.115679432,0.000961174955,0.002492132486,0.01317849728,0.2580777068,-0.2884052472,0,4.715629731e-05,9.913083521e-05,0.0003392725939,0.00036072155,0.01717345769,0.03434833951,0.003374283201,0.01317849728,0.004246895103,0.01212166393,0.004775355944,0.01291213648,0.003058607719,-0.1037381804,0,0.0003291064445,0.03302495336,-0.001964490156,0.001582837178,0.01161653162,0.003534331634,0.0182637568,0.2580777068,0.003058607719,0.001676805347,0.0003326447601,0.115679432,0.004246895103
1,1,1,1,4,1500,500,v1,0,0.009271222373,2.418739368e-07,0,0,0,0.005420004082,0,0.01052315427,1.362306284e-09,0,0.004972281236,0,0,0,0,0,0,0,0,0.47336569,0,0,0.2236693749,0,0,0,0,0.04012805127,1.046887815e-06,0,0.02345906429,0.04554670972,0,5.896384984e-09,0.02152121353,0,0,0,0,0,1.231275976e-07,0,0,0,0,6.934914199e-10,0,0,0,0,0,0,0.08968910456,0,0,0,0,0.05243270987,0,-0.7082698475,0,0.0146856287,9.221584519e-08,0,0,0.01547438631,0,0,0,0,0,0,0,0,0.08250329877,0,0,0,0,0,-0.6968952115,0,0,0.06032800128,1.024455955e-06,0,0,0.03524771357,6.198328821e-09,-0.8084566369,0,0,0,0.06331879835,-8.169267854e-07,0.06702891247,0,0,0,0,0,0,0,0,-7.247109402e-07,0,0,0,0,3.760808307e-08,0,0,0.03524771357,0,0.6258658121,0,0.06032800128,0,0.295722055,0.07800442705,0,0,0,0,-0.1417215703,0,0,6.198328821e-09,0,0.295722055,0,1.024455955e-06,0,0.6258658121
1,1,1,1,0,1500,500,v1,0,0.0001010171514,0,0,0,0,0.01777138729,0,0,0,0,0,0,0.02552703767,0,0,0,0,0.0229803001,0,0,0,0,0,0.1147967842,0.05746715566,0,0.2937235152,0.000197213247,0,0.05173387136,0.03469463295,0,0,0,0,0.09412160294,0,0,0.2408231927,0,0,0,0,0,0,0,0,0.009568723609,0,0.004790093494,0.02448290825,0,1.643843132e-05,0,0,0,0.00431220369,0.002891922067,0,-0.03056269024,0,0.01541165782,0,0,0,0,0.04010633161,0,0.0438177998,0,0.06752982055,0,0.03954922967,0,-0.09532073464,0,0.03974271508,0,0,0,0,0.06752982055,0,0.0001358653591,0,0.04010633161,0,0.02259068328,0,0.3231888856,-0.3280187196,-0.1042199759,0,-0.03343667922,0,0,0,0,0,0,0,0,0,0,-0.2939992695,0.2222418345,0,0,0,0,0,0.03954922967,0.02259068328,0,0,0.0438177998,0.0001358653591,0,0,-0.1882791668,0.03401945016,0,0.008899241293,0,0.002873988995,0,0,0,0,0,0,0,0,0
1,1,1,1,4,1500,500,v1,0,0,0.3791485608,0,0,0,0,0,0,0.2113940793,0,0,0,0,0,0,0,0,0,0,0,0,0,0,0,0,0,0,0,0.2222555302,0,0,0,0,0.1239184531,0,0,0,0,0,0,0.04063009094,0,0,0,0,0.02265328568,0,0,0,0,0,0,0,0,0,0,0,0,0,0.4070097376,0,0,-0.5882179968,0,0,0,0,0,0,0,0,0,0,0,0,0,0,0,0,0,0,0,0,0,0.1742176338,0,0,0,0.09759475356,-0.5249965608,0,0,0,0,0.3437883021,0,0,0,0,0,0,0,0,0,-0.2444296949,0,0,0,0,0.06322143585,0,0,0,0,0,0,0,0,0,0,0,0,0,0,0,0,0,0.09759475356,0,0,0,0.1742176338,0,0
1,1,1,1,3,1500,500,v1,0,0,0,0,0.09763340717,0,0,0.002524795324,0,0,0,0,0.0008495779941,0.02423611047,0,0.008319591208,0.01627609403,0,0.001129474272,0.0004208990272,0,0,0,0,0,0.05793377691,0,0,0,0,0.002699884974,0,0,0,0,0,0,0.01238026619,0,0,0,0,0.1212351949,0,0,0,0,0,0,0.01085129196,0.3095573478,0,0,0,0.1062625372,0,0.2078875036,0.01442628595,0,0.005375961078,-0.1934726371,0,0,0,0.09557825974,0,0,0,0.00352508714,0.3412609534,0,0,0.02110717383,0.01594758463,0,-0.4030758909,0.009142684129,0.0251214848,0,0.01635681218,0,0,0,0,0,0,0,0,0,0,-0.2981491681,0,0.0600101429,0,0,0,0,0.02110717383,0,0.1430636014,0,0.00352508714,0,0.003777964697,0,0.05111670078,0,-0.06753820814,0,0,0,0,0.01594758463,0,0.003777964697,0,0.3412609534,0,0.1430636014,0,0.1386711755,0,0.04197401668,-0.3232706533,0,0,-0.2098294491,0,0,0,0,0,0,0,0
1,1,1,1,2,1500,500,v1,0.000293468505,0.001014582735,0.002608424273,0.006839450807,0,0.0001228004341,0.001322254581,0,0.0002141101168,0.08032045159,4.776168921e-05,0.001951146893,0,0,0.0125595617,0,0,0.001204420702,0,0,0.002099981642,0.03746899166,0.0004684443316,0.01913675411,0.0312371481,0,0.007199254936,0.09967543059,0.005703991198,0.01466457942,0,0.007433724459,0.001203728567,0.02147756663,0.4515621378,0.01096936141,0.006644844156,0,0.001531443489,0.02120320652,0.0003509670147,0.003119485957,0,0.008179486353,0.000146860399,0.00456876161,0.09605742569,5.711951092e-05,0.00667328704,0,0,0.02129396567,0.0003524693094,0.001218561004,0,0.008214498188,0,0,0.001588089186,0,-0.3895734424,-0.000213230166,0.001621170954,0.08222485981,0,0.0001161666126,0.002060928978,0.02682694935,0,0,0.00698656214,0.0858745721,0,0,0.02225837308,0.02799252463,0,0,-0.03896282628,0,-0.001566753617,-0.01660712326,0.0858745721,0.0003435233009,0.005402516929,0.01351395324,0.02682694935,0.002073979711,0.007243522413,0.4125964928,0.1920699288,-0.1298455884,0,0.01347901707,-0.01234275375,-0.4650420914,0.006225005706,0,0.002073979711,0,0.001441513439,0,0.0003435233009,0,0.0005480360516,-0.5135352965,0.02732238751,0,0.005987185719,-0.0002847352263,0.09874360208,0.0001242206788,0,0.007243522413,0,0.001134362222,0,0.005402516929,0,0.01134742064,-0.1137427491,0.02738885327,0,0,-0.001113703286,0.002290889897,0,0.02225837308,0.4125964928,0.0005480360516,0.01134742064,0.00698656214,0.01351395324,0.001441513439,0.001134362222
1,1,1,1,0,1500,500,v1,0,0.0003115604043,0,0,0,0,0.0004828607095,0,0,0,0,0,0,0.01658487,0,0,0,0,0.01733059038,0,0,0,0,0,0.1875366823,0.03473831436,0,0.03937264952,0.1011333384,0,0.03630028434,0.1567378744,0,0,0,0,0.02244123305,0,0,0.004711455877,0,0,0,0,0,0,0,0,0.128996462,0,0.02389463008,0.02708234158,0,0.06956421901,0,0,0,0.02496902576,0.1078116079,0,-0.08304988517,0,0.0007903570926,0,0,0,0,0.05407131479,0,-0.009104763166,0,0.01174339954,0,-0.008654999517,0,-0.01000946928,0,0.02184931113,0,0,0,0,0.01174339954,0,0.05011776201,0,0.05407131479,0,0.07327153055,0,0.4094615347,-0.2204260641,-0.05433141885,0,-0.249000215,0,0,0,0,0,0,0,0,0,0,-0.07088551328,0.02700903711,0,0,0,0,0,-0.008654999517,0.07327153055,0,0,-0.009104763166,0.05011776201,0,0,-0.4741089931,0.1495405509,0,0.04432194954,0,0.1659503298,0,0,0,0,0,0,0,0,0
1,1,1,1,0,1500,500,v1,0,0,1.39839367e-05,0,0,0,0,0,0,4.927924836e-05,0,0,0,0,0.4216595464,0,0,0,0,0,0,0.3614126442,0,0,0.0007462665247,0,0.01776352392,0.003521068516,0,3.383019968e-05,0,0,0,0.01522546378,0.0001192172739,0,0.003201869912,0,0.07621471806,0.01510720763,0,0.0001451490786,0,0,0,0.06532512549,0.0005115038524,0,0.003313884058,0,0,0.01563571785,0,0,0,0,0,0,0,0,-0.0002919705042,0,0,2.754380199e-05,0,0,0,0.001044221656,0,0,0.4917617034,-0.001536034629,0,0,0.421377624,0.174097096,0,0,-0.7828566481,0,0,0,-0.001536034629,0,0,7.474314237e-05,0.001044221656,0,0,0.0003218969114,-0.6455494441,0.003876122052,0,0.03297284657,0,4.372480234e-06,0,0,0,0,0,0,0,0,0,-0.7474685071,-0.00205550842,0,0.1411242496,0,-0.0002963429846,0,0,0,0,0,0,0,0,0,0.001820613636,-0.001492738327,0,0,0,0,0,0.421377624,0.0003218969114,0,0,0.4917617034,7.474314237e-05,0,0
1,1,1,1,4,1500,500,v1,0.01797161792,0.0007244287369,0.001622218324,0.00185328439,0.004140860484,0.002716861773,0.002698972412,0.007609849283,0,0.0003801487511,0.003310829518,0,0.001372251212,0,0,0.001221287427,0.01409098893,0.009245244878,0,0.02589565682,0,0,0.01126646558,0,0.1884638758,0,0,0.1874932074,0.008918478874,0.01997121195,0,0.03322718607,0,0,0.00468003053,0,0.1132212302,0.002982480529,0,0.1126380932,0.132917464,0.01199787056,0.002654372566,0.01370682719,0.02009381562,0,0.002811567002,0.02448678049,0.003143596366,8.280880657e-05,0,0.003127405521,0.003690463846,0.0001487611229,7.369886316e-05,0.0003805711354,0.0008503238814,0,0.000554232799,0.001562679207,-0.2526586821,0.01861354212,0.003106368096,0.001920404793,0.0004502749026,0.005859418659,0,0.1140246263,0.002841539656,0,0,0.1093829224,0.002651742666,0,0,-0.03398585108,-0.0003814384175,0,0,-0.03449425331,0.0129640632,0,0.1093829224,0.1672048428,0.01210879765,0.01155631026,0.1140246263,0.01729291993,0.04506867869,0.002478522569,0.2297524362,-0.3631567768,0,0,-0.04189439929,-0.02111449898,0,0.002651742666,0.01729291993,0.01775528814,0.01350616947,0.002841539656,0.1672048428,0.03039813269,0.01669334689,-0.3349417972,0.2079634743,-0.003434424494,0,-0.1455569283,0.009837538967,-0.03895649273,0,0.04506867869,0.03039813269,0,0,0.01210879765,0.01775528814,0,-0.3587845617,0.006254937278,0.0001536746961,0,0.003944877865,0.0006697136772,0.001941697845,0,0.002478522569,0.01669334689,0,0,0.01155631026,0.01350616947,0
1,1,1,1,3,1500,500,v1,0.007290515204,0,0.01019598087,0.001176156202,0.01860971743,0.008312880577,0,0.0002405420573,0.03815375749,0.03615788619,0.002677770688,0.02529628219,0.003574842418,0,0.1034141375,0.0003457699744,0.0780195807,0.03485101048,0,0.001008451124,0.1599562257,0.02180627279,0.0112263148,0.1060524071,0,0,0.03480683732,0,0,0.01438724021,0,0,0.05383761315,0.007339493499,0.05102129952,0.03569481865,0,0.0010476292,0.03030613869,0,0.008957209779,0.0125268979,0.0001013299831,0.001445038867,0.01021329949,0.006390460181,0.04442398962,0.003289939479,0,0.0004782052922,0,0,0.004088646172,0,4.625351618e-05,0.0006596086034,0.01043664923,0,0,0.000134900118,-0.2971959552,-0.001960600381,0,0.03180418021,0.01566544237,0.006779159848,0.06224765246,0,0.004857707004,0,0.06881915768,0,0.0004632084804,0,0.01462458868,0.244743362,-0.003607202753,0,-0.1133124642,-0.07730980934,-0.04316199672,-0.2640390013,0,0.01331414178,0,-0.007501359276,0,0.002686280078,0,-0.03077488902,-0.2635910614,0,0,0.03732253214,0,-0.005634484845,0.08743347,0.0004632084804,0.002686280078,0.07781599373,0.03554568268,0.004857707004,0.01331414178,0.00102137679,0.01034613663,-0.09307624198,0,0.0001767536514,0.02036076793,-0.007517810003,-0.0006521965252,0.005788290653,0,0,0.00102137679,0.1032787595,0,0,0.07781599373,0.06825805875,-0.07455322644,0,-0.0001168278823,0,-0.001188537523,0,0.009086119876,0.01462458868,-0.03077488902,0.01034613663,0.06825805875,0.06881915768,-0.007501359276,0.03554568268,0.1032787595
1,1,1,1,3,1500,500,v1,0.001788451133,0.0004469570283,6.825516967e-05,0.00386448463,0,0,0.000218410339,0,0,0.0002778835966,0,0,0.07637769557,0.02694256861,0.2730089365,0.1482816954,0,0,0.02144716389,0,0,0.01029899583,0,0,0.0002613499044,0.000445028255,0.004509469472,0.0002459049869,0.0002468022399,3.768936987e-05,0.0003542570147,0.0001206025579,0,0.0001701153371,0.0001534427019,0,0.00505985679,0.02442480012,0.08730544508,0.004760835939,0.01911948912,0.0007296838868,0.04741895845,0.04131338591,0,0.003293512754,0.002970722713,0,0.005961685811,0.02877808412,0.01015159596,0.005609369839,0.02252719627,0.00562983719,0.05587054012,0.04867675842,0,0.008081001685,0.002751080242,0,-0.05670183231,0.004452080221,0.0004406273687,0.0002288808882,0,0,0,0.0074556365,0.03563000918,0.02758651633,0.2768713743,0.004758337353,0.06937804624,0.02187693915,0.01040721246,0.2430131351,-0.215272565,-0.04278464628,-0.2794559895,0,0,0,0.004758337353,0.01748427948,0.00741750162,0.0008837063751,0.0074556365,0.04456509174,0.003635933774,0.003383852885,-0.2485546501,0.0001404778159,0.0006237647283,0.004485144923,0.0003242620011,0.0001296603924,0,0.06937804624,0.04456509174,0,0,0.03563000918,0.01748427948,0,0,-0.4528441935,-0.002931701114,0.06854814656,0.08345178641,-0.006898824744,-0.003203580787,0,0.02187693915,0.003635933774,0,0,0.02758651633,0.00741750162,0,0,-0.1933583781,-0.005351425944,0.07671904828,0.009185244543,-0.03891950297,-0.0081338463,0,0.01040721246,0.003383852885,0,0,0.2768713743,0.0008837063751,0,0
1,1,1,1,0,1500,500,v1,0.01702606633,0.05999301621,0.09756386868,0.03653953235,0.005730023882,0.01461536275,0.03643417906,0.01703104003,0,0.4215623234,0.09993948394,0,0.0677313904,0,0,0.06025177639,0.001364303946,0.003479880272,0,0.004055046818,0,0,0.02379533403,0,0.0003717019221,0,0,0.002068057005,0.000359475761,0.0005845988109,0,0.0002183121482,0,0,0.002525984633,0,0.0002885657052,0.0013232872,0,0.001605507781,7.920145219e-05,0.000453845294,0.00117715588,0.0001699737313,6.798739834e-05,0,0.001961013634,0.0004648961248,0.001064069763,0.004879546914,0,0.00592021939,0.000292050888,0.001029069975,0.004340695914,0.0006267685477,9.82880326e-05,0,0.0006249614057,0.0002921362026,0.04204367622,-0.0533720273,-0.09611298088,-0.5187630367,-0.02240505771,-0.1139016454,0,0.0007269449094,0.09189055394,0,0,0.003478881194,0.08169717978,0,0,-0.1237666749,-0.1273701143,0,0,0.005298398564,0.02697774318,0,0.003478881194,0.02490187286,0.08765971858,0.1447127545,0.0007269449094,0.05343168061,0.05319796384,0.625159373,-0.6153605167,0.001724144541,0,0,0.0005747965995,0.003104479301,0,0.08169717978,0.05343168061,0.006324933348,0.01651542534,0.09189055394,0.02490187286,0.01875573487,0.1131071437,-0.7777302199,0.001663457179,0.002485172344,0,0.00024772404,0.002410468116,0.0005088562989,0,0.05319796384,0.01875573487,0,0,0.08765971858,0.006324933348,0,-0.2872664861,-0.006191485786,0.009159786169,0,0.0009019341173,0.001633062713,0.0003862136535,0,0.625159373,0.1131071437,0,0,0.1447127545,0.01651542534,0
1,1,1,1,4,1500,500,v1,0,0,0,0,0,0,0,0,0,0,0,0,0,0,0.006190623327,0,0,0,0,0,0,0.005592523893,0,0,0,0,0.3742417287,0,0,0,0,0,0,0.3380848259,0,0,0,0,0.1449470913,0,0,0,0,0,0,0.1309432069,0,0,0,0,0,0,0,0,0,0,0,0,0,0,0,0,0,0,0,0,0,0,0,0,0.3350953358,0,0,0,0.3025035899,-0.4367691815,0,0,0.01170323014,0,0,0,0,0,0,0,0,0,0,0,0.2867173067,0,0,-0.7117832585,0,0,0,0,0,0,0,0,0,0,0,-0.7000800278,0,0,0.2750140765,0,0,0,0,0,0,0,0,0,0,0,0,0,0,0,0,0,0,0.3025035899,0,0,0,0.3350953358,0,0,0
1,1,1,1,4,1500,500,v1,0,0.009109675546,0,0,0,0,0.009631903063,0,0,0,0,0,0,0.0001877390981,0,0,0,0,0.00179814343,0,0,0,0,0,0.2522867411,0.001419413525,0,0.4325803039,0.02171342814,0,0.01359497905,0.02295818704,0,0,0,0,0.04647368147,0,0,0.07968551644,0,0,0,0,0,0,0,0,0.03678491576,0,0.0002069589814,0.06307279554,0,0.003165947689,0,0,0,0.001982229256,0.003347440981,0,-0.03743659163,0,0.01798635206,0,0,0,0,0.2533701603,0,0.00154789219,0,0.4346945045,0,0.01473671026,0,-0.01274513857,0,0.001888736934,0,0,0,0,0.4346945045,0,0.0141553843,0,0.2533701603,0,0.01501997504,0,0.2542400695,-0.6844053838,-0.01491486884,0,-0.04393623647,0,0,0,0,0,0,0,0,0,0,-0.5846613054,0.1259515285,0,0,0,0,0,0.01473671026,0.01501997504,0,0,0.00154789219,0.0141553843,0,0,-0.597429872,0.09974407836,0,0.002169730278,0,0.006499644835,0,0,0,0,0,0,0,0,0
1,1,1,1,3,1500,500,v1,0,0,0,0,0,0,0,0,0,0,0,0,0,0,0,0,0,0,0,0,0,0,0,0,0.0269453792,0,0,0.06156537834,0,0,0,0,0,0,0,0,0.2676183637,0,0,0.6114601576,0,0,0,0,0,0,0,0,0.009866813897,0,0,0.02254390729,0,0,0,0,0,0,0,0,0,0,0,0,0,0,0,0.3462042465,0,0,0,0.7910157176,0,0,0,0,0,0,0,0,0,0,0.7910157176,0,0,0,0.3462042465,0,0,0,-0.8466545775,0.0885079344,0,0,0,0,0,0,0,0,0,0,0,0,0,0.1209180321,-0.8790646754,0,0,0,0,0,0,0,0,0,0,0,0,0,-0.790556741,0.03241009774,0,0,0,0,0,0,0,0,0,0,0,0,0
1,1,1,1,0,1500,500,v1,0,0,0.2920171491,0,0,0,0,0,0,0.012826147,0,0,0,0,0,0,0,0,0,0,0,0,0,0,0,0,0,0,0,0.05134188382,0,0,0,0,0.002255068071,0,0,0,0,0,0,0.6145664089,0,0,0,0,0.02699334312,0,0,0,0,0,0,0,0,0,0,0,0,0,-0.5876493944,0,0,0.3046974635,0,0,0,0,0,0,0,0,0,0,0,0,0,0,0,0,0,0,0,0,0,0.4066641006,0,0,0,0.0177637964,-0.336547136,0,0,0,0,0.0535952047,0,0,0,0,0,0,0,0,0,0.3582926685,0,0,0,0,-0.6412445993,0,0,0,0,0,0,0,0,0,0,0,0,0,0,0,0,0,0.0177637964,0,0,0,0.4066641006,0,0
1,1,1,1,4,1500,500,v1,5.883256573e-06,3.291926169e-06,0.02816916968,2.75425943e-08,0.002333558191,2.746240192e-05,8.888251808e-06,0.0009935458419,0.02935181883,0.01184799562,1.07055603e-05,0.01178029663,7.737473825e-06,0.003827499026,0,3.969416963e-06,0.0008026757328,9.446262652e-06,0.01569936766,0.0003417506964,0.01009616678,0,3.682399477e-06,0.004052077325,0.001605571213,0.04963764971,0,0.004626271568,1.468478882e-05,0.1256584403,0.2036002379,3.9649158e-05,0.1309340608,0,0.05285213115,0.05255013613,0.0007479755421,4.674693466e-05,0,0.002155206792,1.222624888e-05,0.05853956476,2.398173869e-05,5.723745149e-08,5.707080024e-05,0,0.02462182999,2.224768596e-05,0.001011010106,6.318605452e-05,0.03125626886,0.002913111092,1.652575583e-05,9.246846099e-06,3.241520453e-05,7.736568731e-08,0.006554841252,0.1282047763,2.496662815e-05,0.0027908176,-0.2713628189,-2.374704887e-06,-3.604724255e-06,0.03802228379,-0.000923397392,-6.604566343e-07,0.03842240221,0.001869671373,8.685521896e-05,0.02347387466,0,0.004966381506,4.244861202e-05,0.09254104502,0,-0.247589797,1.473940796e-08,0.01947020764,0,-0.0001446436133,-1.080316521e-05,0.01401921418,0.004966381506,2.146113459e-05,1.639622366e-05,0.06036395886,0.001869671373,1.250182232e-07,4.375864275e-05,0.02808707228,0.328006818,-0.004334128114,-0.2418286624,0,-4.951555102e-05,-0.1702610026,-0.1808966012,4.244861202e-05,1.250182232e-07,0.008318509179,8.618670819e-05,8.685521896e-05,2.146113459e-05,0.004120520505,3.179414012e-05,-0.1371678015,0.0002974886418,-3.454507812e-05,0,-3.285667118e-06,0.0732713646,-6.719027694e-05,0.09254104502,4.375864275e-05,0.004120520505,0.1375471371,0.02347387466,1.639622366e-05,0.008318509179,0.05513534023,-0.2275564462,-0.0005207291211,-5.167221533e-05,0.1450151747,-8.730396513e-06,1.301703101e-05,-0.007224645447,0,0.02808707228,3.179414012e-05,0.05513534023,0,0.06036395886,8.618670819e-05,0.1375471371
1,1,1,1,2,1500,500,v1,0.007730385518,0.009188576594,0.001678962633,0.003032505795,0.0003685267458,0,0.007911094224,0.001178043427,0.0007850369387,0.009095664233,0,0.004564287054,0.009737841492,0.005684713625,0.0109739008,0.006264931079,0.0006501047943,0,0.007948970071,0.002078144092,0.001384855464,0.01167909015,0,0.008051694836,0.004707404708,0.0156745802,0.030258567,0.005342364912,0.04469407189,0.008166626884,0.02191786202,0.03848028151,0.003818491038,0.03220300039,0.04424213772,0.02220110717,0.0009756975018,0.005565237251,0.006271652866,0.001107304857,0.007793570923,0.001692685873,0.003580447253,0.003057292412,0,0.006674672985,0.009170008938,0,0.01147538895,0.06545395673,0.0382104186,0.01302325147,0.0916618701,0.1089521489,0.04211041309,0.03595747607,0.004369749817,0.05342986364,0.09380459608,0.01396847069,-0.3083686423,0.01042543564,0.01684313251,0.009129138276,0.001403265971,0,0.003663167316,0.009608891284,0.07553157434,0.02691841463,0.02098337882,0.01100688261,0.0485349751,0.03626834713,0.02233655915,-0.2348562185,0.01559197514,0.01305275523,0.01682966329,0.00262008291,0,0.00633934983,0.01100688261,0.1148570605,0.08274969883,0.007503106123,0.009608891284,0.0449472201,0.07052943494,0.03970989513,-0.2212743204,0.006485934293,0.03348921194,-0.05718038922,0.07981158129,-0.04973923985,-0.02246399749,0.0485349751,0.0449472201,0.005125136953,0,0.07553157434,0.1148570605,0.01624298203,0,-0.3046693517,0.001796606618,0.008771838604,0.01147076732,0.01014901008,0.009134767397,0,0.03626834713,0.07052943494,0.01624298203,0.002923443951,0.02691841463,0.08274969883,0.005125136953,0.01576877656,0.2004408302,-0.02202639014,-0.1070748467,-0.08866647501,-0.1271106327,-0.1988408029,-0.01826876152,0.02233655915,0.03970989513,0,0.01576877656,0.02098337882,0.007503106123,0,0.002923443951
1,1,1,1,0,1500,500,v1,0,0,0,0,0,0.07316137348,0,0,0,0,0.1624016015,0,0,0,0,0,0,0.04865702322,0,0,0,0,0.1080075198,0,0,0,0,0,0,0,0,0,0,0,0,0,0,0,0,0,0,0,0,0,0.1887625572,0,0,0.4190099248,0,0,0,0,0,0,0,0,0,0,0,0,-0.4508874057,0,0,0,0,0.235466829,0,0,0,0,0,0,0,0,0,-0.3720114603,0,0,0,0,0.1565908837,0,0,0,0,0,0,0,0,0,0,0,0,0,0,0,0,0,0,0,0.1003321499,0,0,0,0.222798716,0.3920577124,0,0,0,0,0,-0.6074782897,0,0,0,0,0,0,0,0,0,0,0,0,0,0,0,0,0,0.222798716,0,0,0,0.1003321499,0
1,1,1,1,1,1500,500,v1,0,0,0.005436984016,0,0,0.04120815223,0,0,0.003510259806,0.04621793565,0.003628730251,0.02289457829,0.01492010014,0.01084564989,0.02200634157,0.001306089927,0,0.02860027852,0.01286926683,0,0.002436275414,0.02586856521,0.002518499137,0.01588984898,0.01913089246,0.03102979634,0.06296093862,0.06371570238,0,0.01079614035,0.03681943753,0,0.006970272016,0.07401090004,0.09177428489,0.04546143226,0.01150078128,0.02566180473,0.03784977547,0.03830351138,0,0.006490238188,0.002246407487,0,0.04919100783,0.04449260145,0.05517128799,0.004331688962,0.002128699328,0.004749787441,0.003452693424,0.007089662602,0,0,0.0004157914138,0,0,0.00409690829,0,0,-0.09526166459,0,0,0.02256946584,0,-0.009049869148,0.003519430053,0.01756725388,0.02244290376,0.02949047645,0.01050124195,0.05780463996,0.001896312282,0.0347089514,0.01049124182,-0.2167808105,0.005559608418,0.01646653436,0.04363356835,0,0.01435801283,0.0093875833,0.05780463996,0,0,0.004238057907,0.01756725388,0,0,0.03156377178,0.2306398619,-0.07495302904,-0.0654130711,-0.1244843285,0,-0.08379284336,-0.0443797293,0.001896312282,0,0,0.03100916194,0.02244290376,0,0,0.003313891289,-0.1971076905,0.01795122459,-0.02408360167,0.0668557711,0,0.03735549109,-0.02819017917,0.0347089514,0,0,0.007148636911,0.02949047645,0,0,0.04006043705,-0.1244723345,0.006753875167,0.002297849211,0.006146918122,0,0,0,0.01049124182,0.03156377178,0.003313891289,0.04006043705,0.01050124195,0.004238057907,0.03100916194,0.007148636911
1,1,1,1,0,1500,500,v1,0.002575554151,0.01121106026,0.002960208691,0.008944172511,6.549233203e-06,0,0.0004377239744,0.0003330685227,0.0005287226563,0.0005439875826,0,0.0002566822019,0,6.417127874e-05,0,0,5.384542848e-06,0,4.577393283e-05,0.0002738369022,0.0004346966598,0,0,0.0002110348298,0.0326192137,0.001648063698,0,0.03915356669,0.2367218624,0.0625048923,0.00117557821,0.009242554407,0.01116399421,0,0.01148631357,0.005419852132,0.000996282586,0,0,0.001195860116,0.001661006832,0.001909075317,0,0.005768207838,0,0,0.0003508243423,0,0.03131546394,0,0.001582192624,0.0375886469,0.05220928307,0.2272603814,0,0.1813081019,0.0001327600781,0.001128591798,0.008873140903,0.006751661104,-0.3518210971,0.01135831744,0.01162021715,0.003473849213,0.0003131852652,0,0.0007701392606,0.01019947738,0,0.0006084154443,0,0.01078016779,0,0.000375623452,0,-0.02274622505,0,0.0001046575809,0,0.0002488809201,0,0.0006190909582,0.01078016779,0.07170660135,0.0296634649,0.08626475114,0.01019947738,0.2493604211,0.001903073061,0.01585341793,0.04370011726,-0.0190462232,-0.0008062708221,0,-0.05249742817,-0.07372655898,-0.01641226193,0,0.2493604211,0.0001794253836,0,0,0.07170660135,0.008962381419,0,-0.3077916838,0.002169026328,0,0,0.007338835914,0.002173930387,0,0.000375623452,0.001903073061,0.008962381419,0.01515543222,0.0006084154443,0.0296634649,0.0001794253836,0.007379115344,-0.03919680132,0.002890766708,0,4.558731107e-05,-0.2327418351,0.01983285239,-0.006656604058,0,0.01585341793,0,0.007379115344,0,0.08626475114,0,0.01515543222
1,1,1,1,2,1500,500,v1,0.05954770273,0.03129477474,0.0001260801264,0.01098824564,0.005118535199,0.1448661454,0.01008456468,0.006227450464,0.024674434,0.000389176434,0.2169434464,0.01687524756,0.009583211606,0,6.250649498e-06,0.002364649815,0.001799694415,0.0509354303,0,0.002189592801,0.008675615063,1.651438101e-05,0.07627805488,0.005933394536,0.008924176911,0,1.073277451e-05,0.01485411524,0.01889347151,7.611785979e-05,0,0.006088314647,0.01489659918,2.835627363e-05,0.0002349559608,0.01018802696,0.003821323674,0.007046015431,4.595763365e-06,0.006360517367,0.01539396868,3.259359183e-05,0.001738598684,0.002840625271,0.03745005774,1.214212816e-05,0.0001006079086,0.05608311429,0.00826962702,0.01524809845,0,0.01376462995,0.03331368661,0.01750771685,0.003762456122,0.006147323153,0.002863540821,0,0.005641763023,0.003483918332,0.3135764172,-0.06275049551,-0.02907187357,-0.0004338725561,-0.009882582537,-0.3575553149,-0.03627365451,0.009409364679,0.014587924,0,1.534457046e-05,0.01804013765,0.00428288924,0,3.973690298e-05,-0.3096190447,0.0003713734392,0,-7.00509996e-06,0.003617550206,0.1234424745,0.01238335882,0.01804013765,0.0203863157,0.008403174105,0.0001322149427,0.009409364679,0.00508903065,0.003415117668,0.0003701637302,-0.04764772612,-0.01157185273,0,-2.902897492e-05,0.008802390065,5.752638772e-06,0.01163191258,0.00428288924,0.00508903065,0.002353668505,0.08550640907,0.014587924,0.0203863157,0.002168353944,0.1273750408,-0.3080600379,0.006084518115,0.001878736122,-6.869074021e-07,0.01765601625,9.3200802e-05,0.09219187407,0,0.003415117668,0.002168353944,0.01157062562,0,0.008403174105,0.002353668505,0.006816949023,-0.07486622022,-0.01281233361,-0.01483065173,0,0.02811091501,0.01239062232,0.003250350697,3.973690298e-05,0.0003701637302,0.1273750408,0.006816949023,1.534457046e-05,0.0001322149427,0.08550640907,0.01157062562
1,1,1,1,3,1500,500,v1,0,0,0,0,0,0.01126024442,0,0,0,0,0.04122875609,0,0,0,0,0,0,0.1326497349,0,0,0,0,0.4856895964,0,0,0,0,0,0,0,0,0,0,0,0,0,0,0,0,0,0,0,0,0,0.0706158129,0,0,0.2585558553,0,0,0,0,0,0,0,0,0,0,0,0,-0.2890170059,0,0,0,0,0.05243935993,0,0,0,0,0,0,0,0,0,0.3810356081,0,0,0,0,-0.6176132533,0,0,0,0,0,0,0,0,0,0,0,0,0,0,0,0,0,0,0,0.07603066822,0,0,0,0.2788357985,-0.5651738934,0,0,0,0,0,0.3285962483,0,0,0,0,0,0,0,0,0,0,0,0,0,0,0,0,0,0.2788357985,0,0,0,0.07603066822,0
1,1,1,1,0,1500,500,v1,0.0002629799978,0.000375114577,5.581016092e-05,6.462168592e-05,0,0.0001421505588,4.336542136e-05,0,3.385859924e-05,0.000100733667,4.31863172e-05,1.16134043e-05,0.003246332678,0.003562315162,1.570156514e-05,0.005608158185,0,0.008463970837,0.001449019607,0,0.002016018782,7.229873996e-06,0.002571412538,0.0006914887715,0.1170095954,0.0355399661,0.0001566489958,0.02518150373,0.2228302759,0.03315305328,0.01445635924,0.02576047266,0.02011311069,7.212991132e-05,0.05983907902,0.006898740392,0.06437696226,0.01781913819,8.618597866e-05,0.01385449381,0.08594922728,0.0182403234,0.03078321157,0.02112017651,0.04645878316,3.968481871e-05,0.03292258314,0.01411449777,0.01042152108,0.002884611478,0.003165385752,0.002242803859,0.01391369913,0.01984649559,0.00498327161,0.003418992711,0,0.00128756323,0.002294370031,0,-0.4303081086,0.0003260509186,0.000417883451,0.0001559040189,0,0.0001847541848,4.517749904e-05,0.064400112,0.01749899113,0.04346474052,0.0001149005243,0.01392461528,0.0302427359,0.01762223194,5.072391881e-05,-0.1730525511,0.008775479774,0.00485315463,1.885993583e-05,0,0.0109165756,0.002540751315,0.01392461528,0.1073654029,0.3033479158,0.02189202445,0.064400112,0.02637510784,0.0351078326,0.0397519579,0.1701913109,-0.1393799528,-0.04958754231,-0.0002024647656,-0.2479638187,-0.09025630454,-0.02661453292,0.0302427359,0.02637510784,0,0.05666659438,0.01749899113,0.1073654029,0,0.01721777114,-0.172636268,0.07531371905,-0.04840824243,7.318853452e-05,-0.1066565287,0.04900441277,-0.06035757337,0.01762223194,0.0351078326,0,0.02680582635,0.04346474052,0.3033479158,0,0.009237080016,-0.5023097962,0.01184974921,0.007804944672,0.004009739404,0.01717013699,0.02190877157,0,5.072391881e-05,0.0397519579,0.01721777114,0.009237080016,0.0001149005243,0.02189202445,0.05666659438,0.02680582635
1,1,1,1,2,1500,500,v1,0.1260057284,0.2013123046,0.09729979337,0.1846131677,0.01320166699,0,0.01026389665,0.008701712457,0.005311038461,0.177715787,0,0.01406203213,0.01913465375,0.005799976354,0.0179886184,0.03373580612,0.007648193223,0,0.009758392179,0.005041210195,0.00307687267,0.0003663728422,0,0.008146633216,0.01150935093,0.0003903813186,0.001210767104,0.01333510397,0.007849883329,0.003794065283,0.0006568119891,0.0004002258648,0.0002070962943,2.465960282e-05,0.006929771117,0.0005483286866,0.0007786140665,8.712741411e-05,8.190907582e-05,0.000902127287,0.0003323950776,0.0002566706511,0.0001536120584,0.0004869977656,0,1.668236006e-06,0.0004688029152,0,9.308355272e-05,1.041610933e-05,3.157265797e-06,0.0001078495965,3.973793444e-05,6.348707524e-05,1.836436915e-05,5.822073366e-05,4.163358158e-06,5.312062667e-06,3.236884999e-06,2.744225072e-06,0.03897263912,-0.310596303,-0.2110223818,-0.2747729231,-0.01930667841,0,-0.01768076933,0.01554426067,0.02853301502,0.007727847392,0.02381147472,0.01817202661,0.05030654624,0.01259817416,0.0005020237276,-0.03363671147,-0.05282871453,-0.01457091026,-0.01750968219,0.009047243472,0,0.008531881875,0.01817202661,0.18843413,0.2893691499,0.1397881679,0.01554426067,0.2760845949,0.01474809782,0.255214227,-0.5244631382,-0.02416334527,0.001012297512,0.001222338129,0.008211182283,0.01071481209,0.0007540105709,0.05030654624,0.2760845949,0.009212765802,0,0.02853301502,0.18843413,0.006166177565,0,-0.6676167932,0.001495493157,0.000240258534,7.834508891e-05,0.0008192055273,0.0007231817148,0,0.01259817416,0.01474809782,0.006166177565,0.003434635649,0.007727847392,0.2893691499,0.009212765802,0.009157679671,-0.6116626561,0.0001903272373,2.874875836e-05,7.931721973e-06,9.794759426e-05,6.636803794e-05,6.806026406e-06,0.0005020237276,0.255214227,0,0.009157679671,0.02381147472,0.1397881679,0,0.003434635649
1,1,1,1,2,1500,500,v1,0.004809679253,0.0001331854441,0.02580757858,0.00390515303,0.0005600004235,0.005467025365,0.02495432511,0.000919242469,0,0.007453025311,0.002130136094,0,0.003406187746,0.01604574746,0.002367318505,0.001108978989,0.0003632437824,0.003546181197,0.005956349755,0.0005962658195,0,0.001034692597,0.001381710905,0,0.002962435361,0.1284877838,0.01895651849,0.02878286129,0.0006917807662,0.13404758,0.04769601302,0.1296156817,0,0.008285395182,0.03871188472,0,0.001335502581,0.01229606971,0.008545833505,0.01297567064,0.01126221162,0.06043031063,0.004003326877,0.009144198087,0.01280143505,0.003735158847,0.01745179747,0.004987867632,0.001322995858,0.0121809194,0.05738143963,0.012854156,0.01115674319,0.0003089428044,0.003965836497,0.009058564446,0.001299001572,0.02130059225,0.05788514826,0.002132315195,-0.2052292422,0.00287124427,0.0230314487,0.0324734134,-0.0004560958738,-0.0005425234537,0,0.001247476908,0.01602943776,0.09240941668,0.01473433329,0.01628246568,0.005989112264,0.03277979023,0.00676994193,-0.1545927796,0.002324217573,0.02120195883,0.002516586091,0.0001700385868,-0.0001933004461,0,0.01628246568,0.01175680111,0.000408449083,0.0801177436,0.001247476908,0.01035534157,0.07248435186,0.02250705974,0.2926113942,-0.02871139587,-0.1707907477,-0.02574809025,-0.127165277,-0.1666899028,0,0.005989112264,0.01035534157,0.001435553242,0.01476587802,0.01602943776,0.01175680111,0.002480895545,0.005465559214,-0.1915028399,0.009196285728,-0.007178246417,0.008895320662,-0.009806106894,0.0657999538,-0.01275180094,0.03277979023,0.07248435186,0.002480895545,0,0.09240941668,0.000408449083,0.001435553242,0,-0.2853126765,0.007828481751,-0.009825004514,0.06612931755,-0.007806565831,0.05553862768,-0.002324908571,0.00676994193,0.02250705974,0.005465559214,0,0.01473433329,0.0801177436,0.01476587802,0
1,1,1,1,0,1500,500,v1,0.003815956333,0.0005277742447,0.002493759825,0.01539742726,0.002042437035,0.01094402748,0.002210450378,0.001781394555,0,0.003200437214,0.0009704225177,0,0.0007376669492,0.03853475413,0.01031273504,0.003744463227,0.01853479312,0.09931531881,0.01327238631,0.0161658739,0,0.0005623612728,0.008806430898,0,0.008023966934,0.03163380771,0.008465892276,0.006459173367,0.003931752189,0.01857772665,0.01089551824,0.01646716035,0,0.0004616515343,0.02384225102,0,0.01538731923,0.001161269547,0.01623478612,0.01238656183,0.05451489429,0.03562594573,0.005894707794,0.2199682193,0.1563467841,0.000885295215,0.04572156524,0.01386349223,0.001266233343,9.556168937e-05,0.004992017344,0.001019298902,0.004486069069,0.0006204556625,0.0004850796585,0.01810133978,0.002401105465,0.00171938252,0.002598623308,0.002094221819,-0.4192894562,0.01866412975,0.00145495686,0.00532088269,0.003130144525,0.01150864943,0,0.01380873776,0.001045261937,0.02504545285,0.004553636358,0.01171879418,0.004777315627,0.01646668933,0.0002461561814,-0.1532181583,0.0008318719273,-0.02815275497,0.004603279161,-0.03310402672,0.08567540045,0,0.01171879418,0.06942273804,0.004638632434,0.02747214,0.01380873776,0.2801462779,0.01824170216,0.03598247731,-0.1149208986,0.003665040225,-0.005555953292,0.005824630899,-0.01889987496,0.02443744328,0,0.004777315627,0.2801462779,0.02166708849,0.08285828555,0.001045261937,0.06942273804,0.01896434698,0.009422348555,0.1853146297,-0.0225746117,-0.005263040085,-0.01362777175,-0.2740527765,-0.07206140416,-0.1587044727,0.01646668933,0.01824170216,0.01896434698,0,0.02504545285,0.004638632434,0.02166708849,0,-0.3598568948,0.001891216821,0.0005494497832,0.006033946821,0.02234263579,0.002191361717,0.002886258569,0.0002461561814,0.03598247731,0.009422348555,0,0.004553636358,0.02747214,0.08285828555,0
1,1,1,1,0,1500,500,v1,0,0.000773531668,0,0,0,0,0.0004355785655,0,0,0,0,0,0,0.0001680706115,0,0,0,0,0.003423670863,0,0,0,0,0,0.0001895641728,0.0001920830677,0,0.0003010167835,0.0007068797605,0,0.003912814955,0.0003980466279,0,0,0,0,0.00639229838,0,0,0.01015059475,0,0,0,0,0,0,0,0,0.03235516757,0,0.03278509725,0.05137810761,0,0.1206515596,0,0,0,0.6678465748,0.06793934293,0,-0.1872352042,0,0.001207613764,0,0,0,0,0.03865780698,0,0.048635255,0,0.06137429045,0,0.9907066521,0,-0.6964858525,0,0.003591267632,0,0,0,0,0.06137429045,0,0.1784916373,0,0.03865780698,0,0.1005497494,0,-0.9513045865,0.0004888359314,0.004103731087,0,0.001101780145,0,0,0,0,0,0,0,0,0,0,-0.0832013936,0.01651332875,0,0,0,0,0,0.9907066521,0.1005497494,0,0,0.048635255,0.1784916373,0,0,0.02700655734,-0.08369022957,0,-0.7005895831,0,-0.1883369847,0,0,0,0,0,0,0,0,0
1,1,1,1,2,1500,500,v1,0,0,0,0,0,0.0001705276474,0,0,0,0,0.04563437282,0,0.006140140282,0,0.3167848075,0.1212349972,0,0.000179060543,0,0,0,0.07807520232,0.04791783445,0,0,0,0.03197308104,0,0,0,0,0,0,0.007880127808,0,0,0,0.001147795836,0.05921758563,0,0,0,0.02266284133,0,3.347235343e-05,0.01459484441,0,0.008957432292,0,0.01144370882,0,0,0,0,0.2259521677,0,0,0,0,0,-0.006354391244,0,0,0,0,0.000148985015,0,0,0.00628666912,0,0.3385780146,0,0.1238701277,0,0.08342691338,-0.08597518871,0.1213967867,0,-0.3945203123,0,-0.0152145098,0,0,0,0,0,0,0,0,0,-0.3211613507,0,0,0.03982473196,0,0,0,0.1238701277,0,0,0.0001191849052,0.00628666912,0,0,0.009188924246,-0.4803010616,0,0.02376876304,0.07335896178,0,0,0.00886011865,0,0,0,0,0,0,0,0,0.1451655497,0,-0.2319367475,0,0,0,0,0.08342691338,0,0.009188924246,0,0.3385780146,0,0.0001191849052,0
1,1,1,1,0,1500,500,v1,0.008962857145,0.1036803036,0.04411380109,0.01787542806,0,0,0.03894919094,0,0,0.04190286516,0,0,0.002224734077,0.03085621508,0.002070609637,0.005143291423,0,0,0.01150625247,0,0,0.08158730408,0,0,0.001937156065,0.03089087283,0.002072935349,0.02640525125,0.02315350773,0.009851333366,0.01151917631,0.008697991441,0,0.08167894305,0.009357595208,0,0.005171747186,0.005946183531,0.005534245666,0.07049575731,0.005343670682,0.02630072328,0.01374679116,0.01065736063,0,0.2180634031,0.02498255952,0,0.0003227089301,0.000371032546,0.005146080226,0.004398824924,0.0003334366872,0.003857120159,0.0008577782537,0.0006650026233,0,0.00191896829,0.001448989869,0,0.06582945189,-0.02181573685,-0.1402974295,-0.06150726941,0,0,0,0.004609075933,0.005722221048,0.0490524272,0.002108381579,0.05997080804,0.01256273397,0.01536953862,0.08122066146,-0.1604263603,0.005336562078,-0.03152462629,0.07592378171,0,0,0,0.05997080804,0.0118058544,0.1149005516,0.02618105333,0.004609075933,0.02159948105,0.0435519208,0.01864761457,-0.4169841745,0.02565013729,-0.01569945139,0.08136461404,0.02962571854,0.01896846639,0,0.01256273397,0.02159948105,0,0,0.005722221048,0.0118058544,0,0,0.1300397862,-0.07292798538,-0.01855418788,-0.2128410912,-0.001321469714,0.01265302434,0,0.01536953862,0.0435519208,0,0,0.0490524272,0.1149005516,0,0,-0.2415284695,0.004224592119,0.001027655794,0.004276100457,0.0008669829352,0.005036729391,0,0.08122066146,0.01864761457,0,0,0.002108381579,0.02618105333,0,0
1,1,1,1,3,1500,500,v1,0,1.740953208e-05,0.0001292876797,0,0.02710402263,0.00518061619,0.0006380049173,0.0009548499597,0.0001312291643,0.0004197308093,0.00358723215,0.001572416619,0,0.009068619436,1.142895865e-05,0,0.001030234605,0.0001969172674,0.005412537684,3.629422407e-05,4.988072361e-06,4.645145486e-05,0.0001363521108,5.976817668e-05,0,0.08647947647,0.0001089879631,0,6.310464899e-06,4.686314147e-05,0.05161462873,0.0002312588079,4.756687491e-05,0.0004429668183,0.0001521405933,0.0005699567244,0,0,3.88628864e-05,0,0,1.671044115e-05,0,0,0.0006695949849,0.0001579529395,5.425023483e-05,0.0004636499924,0,0,0.46771618,0,0,3.412956065e-05,0,0,0.05313459201,0.2791529039,0.001250741687,0.001871883142,-0.05224550192,0,0.0003651170494,-0.0005364231497,0.02745330379,-0.008603746889,-0.001626715734,0,0,0.558197123,8.039577627e-05,0,0,0.333170494,0.0002903718382,-0.6447278955,0,0.01447673887,3.412747596e-05,0.001054225045,0.000285350362,6.096694457e-05,0,0,2.29703846e-05,0.0001007153661,0,0,0.0008601742272,0.0003207415014,-0.7350200745,0,0.1380367468,-0.000355282935,0.0002258488448,0.0001850252999,0.0005408225186,0,0,0.03773348542,0.006404470923,0,0,0.001402461031,0.004408542132,-0.008990949775,0,0,7.397704978e-05,0,7.042660515e-05,0.001109721149,0.333170494,0.0008601742272,0.001402461031,0.0001234080201,0.558197123,2.29703846e-05,0.03773348542,0.001413981387,0.18161198,0,0,-0.7467585632,0,-0.001179728968,-0.05459815976,0.0002903718382,0.0003207415014,0.004408542132,0.001413981387,8.039577627e-05,0.0001007153661,0.006404470923,0.0001234080201
1,1,1,1,1,1500,500,v1,0,0,0,0,0,0.1369791803,0,0,0,0,0.2201338415,0,0,0,0,0,0,0.2419495541,0,0,0,0,0.3888275918,0,0,0,0,0,0,0,0,0,0,0,0,0,0,0,0,0,0,0,0,0,0.004645013823,0,0,0.007464818628,0,0,0,0,0,0,0,0,0,0,0,0,-0.6183140901,0,0,0,0,0.3568617427,0,0,0,0,0,0,0,0,0,0.3689714644,0,0,0,0,-0.6304238109,0,0,0,0,0,0,0,0,0,0,0,0,0,0,0,0,0,0,0,0.1503714662,0,0,0,0.2418070538,-0.2735620679,0,0,0,0,0,0.01210972177,0,0,0,0,0,0,0,0,0,0,0,0,0,0,0,0,0,0.2418070538,0,0,0,0.1503714662,0
1,1,1,1,0,1500,500,v1,0,0,0,0,0.04311157597,0,0,0.06302990672,0,0,0,0,0.4844672552,0.09899221433,0,0.0258269815,0.0921687985,0,0.03251330171,0.1347524566,0,0,0,0,0,0.0008638003354,0,0,0,0,0.0002837091898,0,0,0,0,0,0,0.001065066762,0,0,0,0,5.67787797e-05,0,0,0,0,0,0,0.01275308398,0.002605864501,0,0,0,0.0006798677525,0,0.002426245354,0.0008558780034,0,0.003547214755,-0.2206582155,0,0,0,0.1058863282,0,0,0,0.7059276263,0.1432490511,0,0,0.03763270015,0.04705156365,0,0.1310064441,-0.5102602015,-0.1314732364,0,-0.2266188552,0,0,0,0,0,0,0,0,0,0,-0.1280137137,0,0.001146638278,0,0,0,0,0.03763270015,0,0.06993052201,0,0.7059276263,0,0.1022273091,0,-0.4968284379,0,0.001121550486,0,0,0,0,0.04705156365,0,0.1022273091,0,0.1432490511,0,0.06993052201,0,-0.7601977796,0,0.01343176333,0.003459522696,0,0,0.005960639572,0,0,0,0,0,0,0,0
1,1,1,1,2,1500,500,v1,0.01643910973,0,0,0.1827776901,0,0,0,0,0,0,0,0,0.07249220941,0,0,0.2857012175,0,0,0,0,0,0,0,0,0.001651025056,0,0,7.566361544e-05,0,0,0,0,0,0,0,0,0.007653476259,0.04133536461,0,0.0003507455458,0.01197332868,0,0.1629080434,0.1331250534,0,0,0,0,0.001788731121,0.009660688894,0,8.197444564e-05,0.00279834482,0,0.03807403033,0.03111330303,0,0,0,0,0.1626375749,-0.1867439049,0,0,0,0,0,0.005729675741,0.03208754271,0,0,0.000259116043,0.1259396986,0,0,0.2472681473,-0.3526196412,0,0,0,0,0,0.000259116043,0.006053045628,0,0,0.005729675741,0.03010644934,0,0,-0.005511162693,0.001518634838,0,0,0,0,0,0.1259396986,0.03010644934,0,0,0.03208754271,0.006053045628,0,0,-0.454692476,-0.007143326851,0.1995583604,0,0.1288270864,0,0,0,0,0,0,0,0,0,0,-0.2166027852,0.001632164164,0.047709787,0,0.03381048851,0,0,0,0,0,0,0,0,0,0
1,1,1,1,4,1500,500,v1,0.0008446398951,6.701800053e-05,6.502393512e-09,0.006518427896,1.514467472e-07,0.01248113528,0.0001436051348,9.602483349e-06,0.004802570551,1.636711993e-08,0.0104707964,0.0003985808858,0.002936637233,0.003181515293,0.01558023014,0.002899159846,3.219300799e-06,0.2653112696,0.005433854828,0.0002041198169,0.1020881564,0.1113765856,0.2225775319,0.008472626765,0,3.840029035e-05,0.0001880504433,0,1.719465898e-05,1.668304606e-09,6.558560432e-05,3.684444927e-05,0.001232184819,0.00134429441,4.199275469e-09,0.0001022630092,0,0.0006711572628,0.003560802301,0,0.004103431532,3.158994351e-08,0.0006625919485,0.03166784179,0.0606358809,0.02545469473,7.951478065e-08,0.05086924779,0,0.0007280550583,0.0007887655567,0,0.004451302622,0.0003531888597,0.0007187636139,0.03435250377,7.981333903e-07,0.001347168608,0.000756807625,5.060565994e-05,-0.4986938838,0.006339408008,-6.263912135e-05,1.623236497e-08,-3.669339263e-06,0.02279162674,0.005045740553,0,0.002345088181,0.004158495594,0.01784011354,0,0.002531726844,0.007090323705,0.1271314696,0.173021782,-0.005483528792,-0.007769651311,-0.1268303758,-0.0001778233095,-0.48755489,-0.1104158995,0,0.0006132859947,0.0004927359972,3.279587994e-08,0,0.00802741206,0.001023198027,8.094422117e-08,-0.2120885144,0,4.621528253e-05,0.001520682373,-6.177478633e-06,3.423205072e-09,0.001312548436,0.002531726844,0.00802741206,4.296097512e-06,0.2884651876,0.002345088181,0.0006132859947,0.0002669407515,0.2418955229,-0.6045651033,0,0.001275334055,0.02866197125,0.004205156648,-9.5482304e-08,0.1111894566,0.007090323705,0.001023198027,0.0002669407515,0.1441252781,0.004158495594,0.0004927359972,4.296097512e-06,0.01196113764,-0.001637375303,0,0.0009569847256,0.0002242231621,-0.01630503001,-0.000941806083,6.680827842e-07,0.1271314696,8.094422117e-08,0.2418955229,0.01196113764,0.01784011354,3.279587994e-08,0.2884651876,0.1441252781
1,1,1,1,3,1500,500,v1,0,0,0,0,0,0,0,0,0,0,0,0,0.335356079,0,0,0.2765976276,0,0,0,0,0,0,0,0,0,0,0,0,0,0,0,0,0,0,0,0,0,0.1775723487,0,0,0,0,0.14645952,0,0,0,0,0,0,0.03508047461,0,0,0,0,0.02893395008,0,0,0,0,0,0,0,0,0,0,0,0,0,0.1837626385,0,0,0,0.1517385887,0,0,0.3878321412,-0.6114996263,0,0,0,0,0,0,0,0,0,0,0,0,0,0,0,0,0,0,0,0,0.1517385887,0,0,0,0.1837626385,0,0,0,-0.5474902747,0,0.3238227898,0,0,0,0,0,0,0,0,0,0,0,0,-0.2876768367,0,0.06400935139,0,0,0,0,0,0,0,0,0,0,0,0
1,1,1,1,0,1500,500,v1,0.00414339836,0,0,0.0002154832402,0,0,0,0,0,0,0,0,0.688167145,0,0,0.03635699547,0,0,0,0,0,0,0,0,0.005976393757,0,0,0.002703198876,0,0,0,0,0,0,0,0,0.01346605642,0.1976107755,0,0.006090868516,0.003817159288,0,0.01044010038,0.0001985167199,0,0,0,0,0.001791449793,0.02628904646,0,0.0008102955164,0.0005078137951,0,0.001388893309,2.64095683e-05,0,0,0,0,0.001504061947,-0.001723772106,0,0,0,0,0,0.008492084114,0.6962676885,0,0,0.00382180424,0.03678254607,0,0,0.2353014316,-0.7240015863,0,0,0,0,0,0.00382180424,0.0002485350364,0,0,0.008492084114,8.103019911e-05,0,0,-0.01672873844,0.008519479533,0,0,0,0,0,0.03678254607,8.103019911e-05,0,0,0.6962676885,0.0002485350364,0,0,-0.6864123586,-0.01932485197,0.2076362972,0,0.0009717832002,0,0,0,0,0,0,0,0,0,0,-0.5279226556,0.002596113533,0.02766513425,0,0.0005322787484,0,0,0,0,0,0,0,0,0,0
1,1,1,1,3,1500,500,v1,0.01504722418,0.006136324268,0.008882379304,0.01194415578,0.01158804849,0.01572934012,0.01696023037,0.0004894923068,0,0.02248675024,0.01553357059,0,0.009407886441,0,0,0.007372378387,0.006983323367,0.009478996268,0,0.0002949834967,0,0,0.009361019374,0,0.001748028963,0,0,0.002714907175,0.02107525283,0.03050659995,0,0.05825004147,0,0,0.07723091642,0,0.0001026938445,0.003149927066,0,0.0001594963591,0.003036104195,0.001792212885,0.002468402906,0.002409992768,0.003173735896,0,0.004537190109,0.003134235142,0.003438116641,0.1054573107,0,0.005339824301,0.1016466022,0.04145193186,0.08264036804,0.08068483831,0.07827927202,0,0.1145692898,0.003306605202,-0.4125680242,0.02657224754,0.0225567985,0.02659403807,0.01180880182,-0.02337936859,0,0.00320798766,0.139421155,0,0,0.005149835535,0.1091860418,0,0,-0.2694975276,0.01652652218,0,0,0.00716506045,0.008434334744,0,0.005149835535,0.1253139323,0.02248460027,0.03031759631,0.00320798766,0.0993430857,0.0621216502,0.07559218247,-0.09932176518,0.00200008358,0,0,0.06775750418,-0.1030183911,0,0.1091860418,0.0993430857,0.08989848822,0.007024598609,0.139421155,0.1253139323,0.003796573712,0.00673055777,-0.4235320316,0.000225095929,0.005518369283,0,0.005337820825,0.00581783383,0.005774929591,0,0.0621216502,0.003796573712,0,0,0.02248460027,0.08989848822,0,0.1654683043,-0.00779706164,-0.187783023,0,-0.1816814136,-0.1467184696,-0.08143723695,0,0.07559218247,0.00673055777,0,0,0.03031759631,0.007024598609,0
1,1,1,1,3,1500,500,v1,0,0,0.05230311212,0,0,0,0,0,0,0.01400183711,0,0,0,0,0,0,0,0,0,0,0,0,0,0,0,0,0,0,0,0.08408797214,0,0,0,0,0.02251082279,0,0,0,0,0,0,0.652435583,0,0,0,0,0.1746606729,0,0,0,0,0,0,0,0,0,0,0,0,0,-0.7204779428,0,0,0.06627979335,0,0,0,0,0,0,0,0,0,0,0,0,0,0,0,0,0,0,0,0,0,0.7740761142,0,0,0,0.2072211082,-0.7607932093,0,0,0,0,0.1065950603,0,0,0,0,0,0,0,0,0,0.1728748535,0,0,0,0,-0.8270730027,0,0,0,0,0,0,0,0,0,0,0,0,0,0,0,0,0,0.2072211082,0,0,0,0.7740761142,0,0
1,1,1,1,0,1500,500,v1,0,0,0,0,0.07834068275,0,0,0.119634773,0,0,0,0,0.0007568343541,0.003148364954,0,0.0001856177799,0.0004529965249,0,0.003188594051,0.0006917751357,0,0,0,0,0,0.06916609434,0,0,0,0,0.07004988309,0,0,0,0,0,0,0.002857219806,0,0,0,0,0.0007007488418,0,0,0,0,0,0,0.05847069103,0.2432329789,0,0,0,0.01434025795,0,0.03499711622,0.246340955,0,0.05344441621,0.08642505889,0,0,0,-0.1940672366,0,0,0,0.08220650198,0.2563893914,0,0,0.02016639518,0.259859697,0,-0.5284616847,0.000939769609,0.006321549227,0,0.001143530831,0,0,0,0,0,0,0,0,0,0,-0.4818247056,0,0.1376586468,0,0,0,0,0.02016639518,0,0.06398819528,0,0.08220650198,0,0.09747507133,0,-0.07179574286,0,0.003547144703,0,0,0,0,0.259859697,0,0.09747507133,0,0.2563893914,0,0.06398819528,0,-0.04445659816,0,-0.07273551248,-0.488146255,0,0,0.0852815281,0,0,0,0,0,0,0,0
1,1,1,1,4,1500,500,v1,0.02274918755,0.03501319892,0.02611497716,0.07736841068,0,0.1996856678,0.03942256402,0,0.01762082615,0.04911402311,0.2088376447,0.07544142452,0,0,0.000766608678,0,0,0.002483542744,0,0,0.0002191548118,9.398967029e-05,0.002597368269,0.000938284678,0.0003216568885,0,0.009897841222,0.0003276224068,0.005622420027,0.004193543438,0,0.006330475944,0.002829552537,0.001213519831,0.007886730595,0.01211438512,0.0004428578175,0,0.01362736667,0.0004510711545,0.005029546709,0.005773678602,0,0.01710513988,0.0441478796,0.001670776417,0.01085846572,0.04617126155,0.0005105105881,0,0,0.000519978628,0.005797880825,0.008923499099,0,0.01971819098,0,0,0.01004727432,0,0.2167513036,-0.09965404952,-0.07399702665,-0.07493588314,0,-0.4081005585,-0.09291510494,0.0001611423407,0,0,0.007499603297,8.695996451e-05,0,0,0.001499080707,-0.403260397,0,0,0.0006739022473,0,0.005053267982,0.001146797188,8.695996451e-05,0.01785384196,0.03071304424,0.02427594051,0.0001611423407,0.06070818662,0.03452259756,0.04562240369,-0.2149360289,3.468009103e-05,0,0.00326473657,0.01170529099,0.01190916707,0.01477631625,0,0.06070818662,0,0.2297542859,0,0.01785384196,0,0.2403386924,-0.5365299619,-4.827581229e-05,0,-0.009937761481,0.02190278698,0.01642781991,0.08965197227,0,0.03452259756,0,0.02188256402,0,0.03071304424,0,0.09360542322,-0.140056594,-0.0001518058157,0,0,0.02537657686,0.01880130777,0,0.001499080707,0.04562240369,0.2403386924,0.09360542322,0.007499603297,0.02427594051,0.2297542859,0.02188256402
1,1,1,1,4,1500,500,v1,0.0002828260773,2.348074227e-06,0.0008567095644,0.0003118751415,0.0001220481012,0.00830064022,1.253943215e-07,0.000254230771,0.002636168605,0.00586689334,0.0002143549155,0.00404132305,0.06436846064,0.003737144581,0.001044489058,0.001821885363,0.0006737410874,0.04582195309,0.01324473311,0.001403427947,0.01455241896,0.0006954746841,0.001183301603,0.02230928101,0,0.008149093476,0.002277578184,0,2.826462495e-05,0.01031252516,0.02888102557,1.509417134e-06,0.03173252194,0.001516529021,0.07062193264,0.04864687795,0,0.1920381935,0.003116150205,0,0.004657962038,0.01410945082,0.005435450381,0.005136381283,0.1367061602,0.002074893521,0.09662392774,0.003530286417,0,0.1022508674,0.005936545185,0,0.002480135072,2.059053853e-05,0.002894109272,0.002734869726,0.001070254126,0.02103958113,1.099597525e-06,0.002229379474,-0.2335540982,0.0002961538378,4.852234092e-07,0.006572636082,8.263315483e-05,0.008358824383,0.006044223439,0,0.042476563,0.003305459744,0.003195650591,0,0.001243102825,0.005124046944,0.002106377946,-0.3119655181,0.06343330684,0.0108946706,0.001577576478,-0.0008872216238,0.04361098355,0.01691728129,0,0.004777268898,3.325231236e-05,0.0114959034,0,0.005592509568,1.698824017e-06,0.08922090182,-0.03058545553,0,-0.02986933127,-0.001094672124,-2.222248767e-05,0.008210991694,-0.07209209519,0.001243102825,0.005592509568,0.001459103982,0.1261353403,0.042476563,0.004777268898,0.00254842051,0.003338428938,0.2208325807,0,-0.1804940182,-0.00401759004,-0.009161851959,-0.08192816462,-0.1382856541,0.005124046944,1.698824017e-06,0.00254842051,0.02756447526,0.003305459744,3.325231236e-05,0.001459103982,0.04613141044,-0.1457273957,0,0.08791426745,0.01335498955,0.001952512471,-1.563493329e-06,-0.001867094525,0.002106377946,0.08922090182,0.003338428938,0.04613141044,0.003195650591,0.0114959034,0.1261353403,0.02756447526
1,1,1,1,1,1500,500,v1,0.0004679860236,0.0006635713811,0.0003680080545,9.639093292e-05,0,2.018676705e-05,0.000241491363,0,0.001382290125,0.001053021519,0.0006634961597,0.001745219006,0,0,0.05434510845,0,0,0.0003866796309,0,0,0.02647791169,0.01194728969,0.01270933823,0.03342985232,0.0004185520263,0,0.007456466205,0.005582979664,0.001743993112,0.0009671958895,0,0.0006346857108,0.00363292409,0.001639237906,0.002767542918,0.004586770937,0.01499803482,0,0.2671886236,0.2000557115,0.04407323305,0.03465766911,0,0.00907774984,0.001901116794,0.05873904713,0.09916976254,0.06248567136,0.001367457453,0,0,0.0182402346,0.004018411193,0.005697825428,0,0.0008276708796,0,0,0.002073590978,0,-0.2858995957,0.0005630755468,0.0008548095257,0.001417704087,0,0.0006742767837,0.003053846048,0.01980549251,0,0,0.3079910965,0.2643312788,0,0,0.06768654137,-0.3685886627,0,0,0.0659656685,0,0.01291900351,-0.05928829348,0.2643312788,0.05936950602,0.004908149273,0.05001967853,0.01980549251,0.01222601011,0.001783697507,0.1428859942,-0.64982745,0.005956713979,0,0.008969650666,0.002066341241,0.00365901335,0.008035483721,0,0.01222601011,0,0.002227136983,0,0.05936950602,0,0.07328520842,0.1241416786,-0.2149048107,0,-0.3253870765,-0.05278641074,-0.1336804991,-0.06393484377,0,0.001783697507,0,0.03196074731,0,0.004908149273,0,0.04033769828,-0.2582502804,0.01952358278,0,0,0.00449299114,-0.007382381955,0,0.06768654137,0.1428859942,0.07328520842,0.04033769828,0.3079910965,0.05001967853,0.002227136983,0.03196074731
1,1,1,1,4,1500,500,v1,0.03223552867,0.04329277328,0.1744006958,0.01692627519,0.06634520164,0.01544071102,0.1156138314,0.1220753364,0,0.1075200441,0.02059599839,0,0.009852763677,0,0,0.003866843574,0.005701490787,0.001326924472,0,0.01049075726,0,0,0.001769953097,0,0.0006128288929,0,0,0.001544725325,0.004486982708,0.01807537025,0,0.0119825371,0,0,0.01114367461,0,0.001270187551,0.02462899925,0,0.003201694469,0.006924722993,0.03746414461,0.009665966893,0.003636042956,0.003316919283,0,0.02309707804,0.00442436,0.0008923204993,0.01730213849,0,0.00224922501,0.004864692835,0.006533351636,0.006790446337,0.002554359522,0.01001221448,0,0.01744738803,0.0184224996,0.2019056128,-0.04884713039,-0.15860825,-0.2816968297,-0.1880228133,-0.03590414574,0,0.0001780439917,-0.003309126362,0,0,-0.0001318040717,-0.001514471404,0,0,-0.1977029703,0.01271718075,0,0,0.01608063641,0.003057020101,0,-0.0001318040717,0.03070952429,0.0483839554,0.1786780764,0.0001780439917,0.01621940858,0.1291823308,0.1099912386,-0.3565847436,0.0003110973794,0,0,0.01636369311,0.02905539259,0,-0.001514471404,0.01621940858,0.07588145765,0.01626772646,-0.003309126362,0.03070952429,0.1397960712,0.02165054346,-0.2940324624,-0.001646399464,-0.02813999101,0,0.0102292374,0.06019522732,0.007568279059,0,0.1291823308,0.1397960712,0,0,0.0483839554,0.07588145765,0,-0.3695627371,0.00130447547,0.01863854213,0,0.007331937735,0.02386703277,0.02815715767,0,0.1099912386,0.02165054346,0,0,0.1786780764,0.01626772646,0
1,1,1,1,3,1500,500,v1,0,0.005601299184,0.006449250146,0,0.002789320243,0.004469552988,0.00240424143,0.003787775469,0.003542140987,0.0304785439,0.004250408818,0.001977243029,0.005766909285,0.001782914373,0.03713859595,0.002166767249,0.01200168285,0.01923126524,0.0007533097893,0.01629776286,0.01524086481,0.3465639381,0.01828834776,0.008507536487,0.0009540135858,0.0001303608136,0.002715451543,7.913542323e-06,0.001762175318,0.002028941689,5.507952514e-05,0.0007563771847,0.001114361725,0.02533961116,0.009588585795,0.0006220429848,0.006422270337,0.002838531509,0.01827999533,5.327272994e-05,0,0.0136585183,0.001066504917,0,0.009465824696,0.1705823015,0.06454886077,0.009001711104,0.01654450507,0.007312382767,0.00226071743,0.0001372366631,0,0.03055964708,0.002747439002,0,0.01521801271,0.0009551892095,0.0131170943,0.02066539882,-0.1652986432,0,0.004145514832,0.01800300301,0.005612242917,0.004200171067,0.004119205695,0.01831471723,0.007320984894,0.002676708439,0.02634426627,0.0001272037592,0.003070527818,0.001152452093,0.2292681408,0.2094084107,-0.004708264707,-0.001079537523,-0.3761290108,-0.007317289467,-0.0309885717,-0.02257147601,0.0001272037592,0,0.03603038297,0.009420376326,0.01831471723,0,0.01609250801,0.05203896318,-0.3214076588,0.0008659974723,0.0001723099312,0.0279736478,0.001985358381,0.01098093005,0.001556623285,0.003070527818,0,0.01442803607,0.00855839525,0.007320984894,0,0.02147563054,0.01043999567,-0.3674416139,-0.001342281899,0.003601776238,0.1777470913,0,-0.06995682608,0.01412280668,0.001152452093,0.01609250801,0.02147563054,0.01625879156,0.002676708439,0.03603038297,0.01442803607,0.00908467901,0.001935826165,-0.01181832956,-0.005821186677,-0.001645546094,0,-0.04087946719,-0.02223073118,0.2292681408,0.05203896318,0.01043999567,0.00908467901,0.02634426627,0.009420376326,0.00855839525,0.01625879156
1,1,1,1,3,1500,500,v1,0,0,0,0,0.09160512825,0,0,0.3987923575,0,0,0,0,0,0,0,0,0.01878812066,0,0,0.08179191572,0,0,0,0,0,0,0,0,0,0,0,0,0,0,0,0,0,0,0,0,0,0,0,0,0,0,0,0,0,0,0,0,0,0,0,0,0.07640446299,0,0,0.3326180149,0.2801989809,0,0,0,-0.2805113169,0,0,0,0,0,0,0,0,0,0,-0.09809462374,0,0,0,0.09778228794,0,0,0,0,0,0,0,0,0,0,0,0,0,0,0,0,0,0,0,-0.0009853412582,0,0,0,0.001453844732,0,0,0,0,0,0,0,0,0,0,0.001453844732,0,0,0,-0.0009853412582,0,-0.1827290289,0,0,0,0,0,0.182416693,0,0,0,0,0,0,0,0
1,1,1,1,2,1500,500,v1,0.01098364592,0,0.02986700043,0.008402269962,0,0.003047057765,0,0,0,0.2560458139,0.0009293603762,0,0,0,0,0,0,0.001790759843,0,0,0,0,0.0005461863115,0,0,0,0,0,0,0.01405082237,0,0,0,0,0.1204558274,0,0,0,0,0,0.01955427797,0.05317247415,0,0.01495863247,0.005424702779,0,0.4558405338,0.001654548159,0,0,0,0,0.001856160637,0,0,0.001419925851,0,0,0,0,-0.4013726579,0.0190622595,0,0.2815154594,0,0.003811026664,0,0,0,0,0,0,0,0,0,-0.002530628741,0,0,0,0,0.001696203193,0,0,0.01016403925,0,0.0138820899,0,0.007732177125,0,0.1124459249,-0.2185904432,0,0,0,0,0.1343717661,0,0,0.007732177125,0,0.0009700423513,0,0.01016403925,0,0.0002815959731,0.4437138346,0,0,0,-0.03425018979,-0.5001059023,-0.006341655404,0,0,0,0,0,0,0,0,-0.0151879303,0,0,0,0.003257119399,0,0,0,0.1124459249,0.0002815959731,0,0,0.0138820899,0.0009700423513,0
1,1,1,1,4,1500,500,v1,0.003539650142,0.05591771165,0,0.003566182498,0.003438617572,0.02662043277,0.02545605386,0.0127940708,0.0007992880169,0,0.02403806444,0.01233933235,0.0002149866984,7.388637389e-05,1.787698254e-08,3.842103343e-05,6.3671504e-05,0.000492919889,3.00976176e-05,0.0002369026835,1.4800096e-05,2.596335556e-08,0.0004451032091,0.0002284824737,0.0001210721673,0.009476362989,2.29282839e-06,4.161576785e-05,0.1327969056,0,0.003860196874,0.06045464093,0.001898199554,3.329953396e-06,0,0.02930422409,5.915065243e-05,0.01347113372,1.120177314e-06,2.033167386e-05,0.004106899978,0,0.002407473964,0.004137684301,0.03088651432,1.626871975e-06,0,0.02789030621,0.0002090102607,0.04760057674,0.01635930984,7.184246122e-05,0.01451183038,0.2292510034,0.008506867468,0.01462060753,0.01409761783,0.006663965573,0.1043645335,0.05245303291,-0.2928597889,0.005147737274,0.08073568216,0,0.01492948633,-0.02263072112,0.006784636286,0.0001199898512,0.05586424781,0.01366819683,3.503467942e-06,5.125300623e-05,0.01044452837,0.005181188331,4.698570483e-06,-0.1850343937,0.0002094033061,8.310502627e-05,1.293884681e-08,0.0002929600276,0.0006325504346,0.0001894345968,5.125300623e-05,0.01324422087,0.06419918019,0,0.0001199898512,0.0138834453,0.03023857744,0,-0.2518501016,4.259516754e-05,0.00531146446,-4.586391044e-06,0.1778303082,0,-0.02755314541,0.01044452837,0.0138834453,0.01650113078,0.04644204624,0.05586424781,0.01324422087,0.05931192719,0.0371503124,-0.09603455648,3.662093935e-06,0.008255250562,-8.945734194e-07,0.00336777622,0,-0.03373006839,0.005181188331,0.03023857744,0.05931192719,0.002014968269,0.01366819683,0.06419918019,0.01650113078,0.02885364359,0.2962094314,-0.0001604191665,-0.05267050466,-0.01796082625,-0.02660062428,-0.3215244954,-0.06576448496,4.698570483e-06,0,0.0371503124,0.02885364359,3.503467942e-06,0,0.04644204624,0.002014968269
1,1,1,1,2,1500,500,v1,0.000276221385,0.02860950032,0,0.002315419618,0.01318944127,0.09942528959,0.110923368,0.002952123602,0.004599502265,0,0.09069745872,0.002003517052,0.003857947674,0.1474179456,0.03662779,0.008981078894,0.01043076209,0.07862967961,0.09492595575,0.00233466288,0.003637478864,0.006680129682,0.07172734573,0.001584465125,0.0001260721061,0.00493773323,0.001226840159,0.0002176368278,0.0007578394031,0,0.003179525018,0.002938258202,0.0001218365932,0.0002237495454,0,5.307132769e-05,0.0001107201354,0.0001134857158,0.001077446175,0.0001911348972,6.42586812e-06,0,0.0002641881779,5.386469664e-05,0.002312977319,0.0001965032609,0,0.002109937681,0.001522055221,0.001560073294,0.05961273177,0.002627506436,8.833556871e-05,0.009149315072,0.003631760333,0.0007404709406,0.004217981876,0.03838606973,0.03547328094,0.0009440888049,0.1618296857,-0.00236814572,-0.1383213282,0,-0.009047056673,-0.1511813115,-0.003330877212,0.001748096095,0.003836770527,0.1242637865,0.05122554058,0.003121233097,0.008901308541,0.0805137501,0.009339503724,-0.04530266828,-0.01063697544,-0.2404447873,-0.04305983472,0.003376237159,0.1006028108,0.0006599376643,0.003121233097,0.0003161791613,0.02804483157,0,0.001748096095,0.002654209383,0.1084860715,0,-0.2872687105,0.0002510173772,0.008079627788,0.001439795176,0.003665456624,0,0.0001704312118,0.008901308541,0.002654209383,0.001015983755,0.03396047941,0.003836770527,0.0003161791613,8.976605053e-05,0.03531026873,-0.1065400276,0.0002166347597,0.0003570500555,0.001243343268,4.927172948e-05,0,0.004398001938,0.0805137501,0.1084860715,8.976605053e-05,0.002456121579,0.1242637865,0.02804483157,0.001015983755,0.001294640921,-0.3848229958,-0.003713871599,0.001787872688,0.09584680168,0.0003386149616,0.04363526925,0.004933652984,0.009339503724,0,0.03531026873,0.001294640921,0.05122554058,0,0.03396047941,0.002456121579
1,1,1,1,1,1500,500,v1,0.0004205836887,0.0005670175606,0,0.001172868158,0.001500193212,0.03300117774,0.0003171427454,0.01042630812,0.001589215543,0,0.003253189426,9.833377394e-05,0.00486422379,0.003062670901,0.0004051526725,0.0005866388557,0.0086932459,0.1912336029,0.00272178189,0.06041785791,0.009209108129,0.0006975022924,0.01885142221,0.0005698197206,0.03717407745,0.006154128897,0.0008141135138,0.06423249172,0.006602334648,0,0.00546914674,0.003692800157,0.01850477582,0.001401560648,0,0.001144995372,0.01518301625,0.003992065523,0.0003325085533,0.02623449007,0.002000190256,0,0.0004814541541,0.005577866009,0.1569453023,0.0005724397096,0,0.01547135081,0.03496379549,0.009193019371,0.005788219075,0.060413381,0.004606083659,0.006209775582,0.001108703587,0.01284483683,0.01642958495,0.005143964323,0.00347323507,0.1141852353,-0.2009793183,0.001291168978,0.0006687275797,0,0.01176646626,0.03594362017,0.001593410652,0.02696603068,0.003224937019,0.00593423774,0.0006151082471,0.05798920393,0.0005946906099,0.005639451121,0.001042863667,-0.05676783733,0.00269020406,0.00283901757,1.028535534e-06,0.03547991489,-0.1232853199,-0.004547177033,0.05798920393,0.00434870496,0.006658208952,0,0.02696603068,0.01148387423,0.003749133572,0,-0.03047979372,-0.03743170566,-0.005516347357,-0.001757791744,-0.0001642864978,0,-0.01483424173,0.0005946906099,0.01148387423,0.01344653404,0.06255364396,0.003224937019,0.00434870496,0.09051607148,0.005135703704,-0.2018189363,0.03581302229,0.003263165159,0.0006514485992,0.003905991503,0,0.04221546792,0.005639451121,0.003749133572,0.09051607148,0.02512643746,0.00593423774,0.006658208952,0.01344653404,0.001555574687,0.05460533881,-0.05501813971,-0.008499787636,-0.005038462791,-0.01575221327,-0.00744266943,-0.1165547848,0.001042863667,0,0.005135703704,0.001555574687,0.0006151082471,0,0.06255364396,0.02512643746
1,1,1,1,1,1500,500,v1,0,0,0.03007107933,0,0,0.1769114768,0,0,0.01591992656,0.07834960919,0.08855387227,0.06387233891,0.007836012366,0.005898515999,0.003409941444,0.007823387665,0,0.07642456834,0.008805521834,0,0.006877301219,0.004968011613,0.03825467735,0.0275924209,0.003385719932,0.007548732872,0.004363934433,0.02768095478,0,0.01662483327,0.01126902633,0,0.008801351017,0.006357903001,0.043315678,0.03531190129,0.0003606248858,0.001068147113,0.0004648179378,0.002948395424,0,0.001770769207,0.001066426207,0,0.01041763058,0.0006772025123,0.004613704544,0.005214594011,0.007997386662,0.02368773152,0.017830812,0.06538500023,0,0,0.0236495679,0,0,0.02661849258,0,0,0.2259337146,0,0,-0.09509800175,0,-0.2611681013,-0.06682202773,0.007666923514,0.02424169768,0.00768292247,0.004306692432,0.05540794932,0.02620013637,0.01196826275,0.006500864358,-0.3595218364,0.008876477564,0.0114685684,-0.000240001218,0,0.103710723,0.02888894865,0.05540794932,0,0,0.01911360088,0.007666923514,0,0,0.04729291705,-0.2156685828,0.0245689006,0.00972512985,-0.007740517282,0,0.04455523573,0.0271517393,0.02620013637,0,0,0.1404873477,0.02424169768,0,0,0.07266574908,-0.2969694288,0.003264359598,0.002046602481,0.0007754806371,0,0.006271754163,0.0153553137,0.01196826275,0,0,0.004096849506,0.00768292247,0,0,0.01207516018,0.05995003853,-0.06988317544,-0.04455096936,-0.03429448846,0,0,0,0.006500864358,0.04729291705,0.07266574908,0.01207516018,0.004306692432,0.01911360088,0.1404873477,0.004096849506
1,1,1,1,3,1500,500,v1,0.1675780752,0.006870360763,0,0.1118843166,0.1614179308,0.04030476057,0.07271488722,0.07633043252,0.01074970225,0,0.02163243688,0.0003924471657,0.002896765506,0.0005735495506,0,0.004408927421,0.04354294959,0.01087232471,0.0001073786119,0.020590353,0.002899762999,0,0.005835411865,0.000105863748,0,0.0007551422697,0,0,0.002440076535,0,0.0001413759781,0.02582541095,0.003817863009,0,0,0.00013938149,0,0.001660695858,0,0,0.02591552605,0,0.002527607944,0.01730262695,0.006233029417,0,0,0.003345401722,0,0.00254041157,0.0005029927039,0,0.03964368426,0.001625310545,0.00386655054,0.02646829852,0.03818638848,9.416912331e-05,0.01720204762,0.01805737154,0.2976263866,-0.2787983712,-0.07411240038,0,-0.2368745385,-0.06039159711,-0.01051946559,0,0.002019004579,0.0006164163804,0,0,0.003329891239,0.0001786675857,0,-0.2404067494,-0.003346006566,-0.0001899606598,0,0.06347704552,0.01540282749,0.002185755511,0,0.153067167,0.004577746588,0,0,0.1020817573,0.04670664693,0,-0.06578566095,0,-0.0002167780966,0,0.0229490775,0,0.003133270201,0.003329891239,0.1020817573,0.1196861711,0.03515360062,0.002019004579,0.153067167,0.05659051186,0.0189407176,-0.2625773708,0,0.0009109905203,0,0.0430123975,0,0.008925890823,0.0001786675857,0.04670664693,0.05659051186,0.00742202888,0.0006164163804,0.004577746588,0.1196861711,0.0003786309658,-0.4631885419,0,-0.001130914502,-0.0001233172217,0.0656866912,0.01697372717,0.05587970407,0,0,0.0189407176,0.0003786309658,0,0,0.03515360062,0.00742202888
1,1,1,1,2,1500,500,v1,0,0.01754240068,0.0006319591454,0,0.005341932296,0.01051577767,0.001202112827,0.01741605505,0.001468210822,0.001114366633,0.01151465707,0.0005319488896,0,0.02858607417,0.001493575409,0,0.06768665835,0.1332435177,0.009514954346,0.2206756848,0.01860343389,0.01027588564,0.145900138,0.006740228209,0,0.003410442933,0.0001781900399,0,0.02651856328,0.0009553224156,0.001135175422,0.001817214511,0.002219470546,0.001225957834,0.001684570009,0.0008041385299,0,0,0.0005892678649,0,0,0.003159215859,0,0,0.05256923937,0.004054197168,0.005570810652,0.05756271984,0,0,0.006414242616,0,0,0.04987519277,0,0,0.01518776751,0.002134998506,0.003417753936,0.04951597668,-0.4426519117,0,0.01524075431,0.001549914869,0.02263881391,0.02163127315,0.001915350529,0,0,0.02822411302,0.001225642527,0,0,0.009436048926,0.007769116705,0.2383105966,0,-0.03762132688,-0.0109606254,-0.2876657408,-0.2775954003,-0.02518417814,0,0,0.007843421529,0.002418241419,0,0,0.0007010160197,0.004130948018,-0.09466922461,0,0.004417719411,0.001152318219,0.02261682679,0.002047833836,0.002870089659,0,0,0.07107199997,0.1057324863,0,0,0.2311879744,0.1158295232,-0.2621746862,0,0,0.003811801033,0,-0.007963874996,0.1082561209,0.009436048926,0.0007010160197,0.2311879744,0.02244639749,0.02822411302,0.007843421529,0.07107199997,0.00815170949,-0.2603729527,0,0,0.008096832869,0,-0.04355387279,0.06352027722,0.007769116705,0.004130948018,0.1158295232,0.00815170949,0.001225642527,0.002418241419,0.1057324863,0.02244639749
1,1,1,1,0,1500,500,v1,0,0.3106543537,0,0,0,0,0.3539819433,0,0,0,0,0,0,0,0,0,0,0,0,0,0,0,0,0,0,0,0,0,0.1525079458,0,0,0.1737785368,0,0,0,0,0,0,0,0,0,0,0,0,0,0,0,0,0,0,0,0,0,0.004242738572,0,0,0,0,0.004834481881,0,0.3346894159,0,-0.6635826819,0,0,0,0,0,0,0,0,0,0,0,0,0,0,0,0,0,0,0,0,0,0.2308879595,0,0,0,0.2624519385,0,-0.6545104187,0,0,0,0.325617153,0,0,0,0,0,0,0,0,0,0,0,0,0,0,0,0,0,0,0.2624519385,0,0,0,0.2308879595,0,0,-0.3379655292,0,0,0,0,0.009072262994,0,0,0,0,0,0,0,0,0
1,1,1,1,4,1500,500,v1,0,0,0,0,0.3671700856,0,0,0.09922585263,0,0,0,0,0.04176552452,0.03803344775,0,0.01474237043,0.09857798302,0,0.08649831931,0.02664019973,0,0,0,0,0,0.01008132363,0,0,0,0,0.02292764928,0,0,0,0,0,0,0.01911195986,0,0,0,0,0.006746128419,0,0,0,0,0,0,0.02297613085,0.02092303359,0,0,0,0.008110101237,0,0.05422991002,0.04758462214,0,0.01465535803,0.1926539683,0,0,0,-0.4643594375,0,0,0,-0.001133730569,0.01051549773,0,0,-0.0003839168512,0.02405548625,0,-0.2456641844,-0.04940401678,-0.1226266583,0,0.1239538326,0,0,0,0,0,0,0,0,0,0,-0.05563362134,0,0.03258629875,0,0,0,0,-0.0003839168512,0,0.3209471323,0,-0.001133730569,0,0.08661107137,0,-0.02079114375,0,0.02180290866,0,0,0,0,0.02405548625,0,0.08661107137,0,0.01051549773,0,0.3209471323,0,-0.4580470706,0,0.02861287301,0.06699303684,0,0,0.0687001357,0,0,0,0,0,0,0,0
1,1,1,1,2,1500,500,v1,0,0.03421146045,0.001688287932,0,0.01015031858,0.02101810636,0.005972841279,0.004702992433,0.0006478911054,0.006174473487,0.01084979314,0.0002240590401,0,4.34960555e-06,0.00233467598,0,0.02524361219,0.052271554,7.367667869e-07,0.01169623556,0.001611290491,0.001461350205,0.02698318956,0.0005572297531,0,1.65020753e-05,0.008857584527,0,0.3227989628,0.0159296793,2.795237603e-06,0.05635617261,0.006113114557,0.005544252427,0.05825865402,0.002114087643,0,0,0.006664320967,0,0,0.01198526477,0,0,0.1492088908,0.004171416889,0.04383298498,0.07702338032,0,0,4.231795193e-07,0,0,0.008277862477,0,0,0.002455988146,7.168112397e-08,0.001445198716,0.001137943955,-0.581662793,0,0.03988692247,0.007752016931,0.01203363458,0.03162891645,0.000823719023,0,0,1.571962476e-05,0.006683709399,0,0,2.693629653e-06,0.004508915615,-0.1928448118,0,1.294405093e-06,0.002429466762,-0.03502559476,0.07632166777,0.001451995755,0,0,0.4204009912,0.009077645614,0,0,0.07340513044,0.02113467465,0.07869432658,0,-1.394758471e-05,-0.008154828934,-0.3787892824,-0.0462802073,-0.007514653539,0,0,0.01994619553,0.1139976547,0,0,0.009539302306,0.05894637505,0.06369703186,0,0,-0.001736387835,0,0.01838664349,-0.223246604,2.693629653e-06,0.07340513044,0.009539302306,0.005757835081,1.571962476e-05,0.4204009912,0.01994619553,0.002100573064,-0.3619069727,0,0,3.776766818e-07,0,0.009698278589,0.003334961624,0.004508915615,0.02113467465,0.05894637505,0.002100573064,0.006683709399,0.009077645614,0.1139976547,0.005757835081
1,1,1,1,3,1500,500,v1,0,0.06905052213,0.00217572174,0,0.01555308738,0.004255220598,0.02252937295,0.01131420053,0.0293476841,0.01429926588,0.03037034773,0.03430484646,0,0.0191342506,4.888896038e-05,0,0.007780849168,0.002128788249,0.02867769811,0.005660232316,0.01468196621,0.04253904439,0.01519358113,0.01716191966,0,0.01528739321,3.906004874e-05,0,0.02759938027,0.0008696324055,0.02291217234,0.009004953361,0.01173022113,0.03398675558,0.005715393083,0.01371159078,0,0,0.0002870436178,0,0,0.006390735286,0,0,0.01249883564,0.2497611138,0.04200115361,0.08920665237,0,0,0.01300842411,0,0,0.02348500092,0,0,0.005289811868,0.01949653881,0.007662539373,0.003848110076,-0.02893866185,0,-0.0848020416,0.007354361428,-0.02285933425,0.02937795092,-0.05161532388,0,0,0.01288849935,0.0002999978387,0,0,0.02635196131,0.2595093266,-0.3384569891,0,-0.02341147789,0.04180762968,0.004322504928,0.01652645862,0.01342345656,0,0,0.03805080167,0.00632440144,0,0,0.01319940119,0.04001712925,-0.3708450811,0,-0.0004881866263,0.03324820532,0.02920327829,0.006262237561,0.018055176,0,0,0.01092949589,0.01022640023,0,0,0.008166097937,0.07010580928,0.1345768435,0,0,-0.2482620515,0,-0.04451095279,-0.09945921586,0.02635196131,0.01319940119,0.008166097937,0.01384448351,0.01288849935,0.03805080167,0.01092949589,0.0163605535,-0.09803525708,0,0,-0.002260642598,0,0.0214319614,0.00580643345,0.2595093266,0.04001712925,0.07010580928,0.0163605535,0.0002999978387,0.00632440144,0.01022640023,0.01384448351
1,1,1,1,2,1500,500,v1,0.05986500232,0,0.0341478057,0.1118852938,0,0.1650165117,0,0,0,0.09502805425,0.003974055418,0,0,0,0,0,0,0.0221990847,0,0,0,0,0.0005346155479,0,0,0,0,0,0,0.01537397143,0,0,0,0,0.04278338128,0,0,0,0,0,0.04341572257,0.02476491441,0,0.08114224814,0.1196744478,0,0.06891692107,0.002882092722,0,0,0,0,0.03778228969,0,0,0.07061358753,0,0,0,0,0.4410170319,-0.1277805228,0,-0.1123046733,0,-0.1490546301,0,0,0,0,0,0,0,0,0,-0.04853754376,0,0,0,0,0.0224961665,0,0,-0.02661527399,0,-0.005750549356,0,-0.05697274334,0,-0.02753931087,-0.035498205,0,0,0,0,0.05769144507,0,0,-0.05697274334,0,0.03792863275,0,-0.02661527399,0,0.001133432587,-0.2201069962,0,0,0,0.09466065138,0.07680646828,0.1005170859,0,0,0,0,0,0,0,0,-0.03311987125,0,0,0,0.08884521598,0,0,0,-0.02753931087,0.001133432587,0,0,-0.005750549356,0.03792863275,0
1,1,1,1,3,1500,500,v1,0,0,0.00224172274,0,0,0.002942264888,0,0,7.448150533e-05,0.007829340909,0.03272573057,0.0003571888838,0.02352184751,0.002105679092,0.0003755766164,0.01933073224,0,0.002152872476,0.003930037888,0,5.449855432e-05,0.0002631260224,0.02394560901,0.0002613572013,0.1896376436,0.01172892349,0.002092013648,0.1028626622,0,0.009136595584,0.02189085406,0,0.0003035644777,0.001465648302,0.03191006644,0.001455795724,0.01893225259,0.01308022271,0.0002088537384,0.0102691737,0,0.0009121413458,0.01074959281,0,0.001197187059,0.0001463212859,0.003185704203,0.01331587149,0.1455171539,0.1005372589,0.00900010954,0.07893096309,0,0,0.08262356229,0,0,0.01679779773,0,0,-0.03356077762,0,0,0.007480515085,0,-0.02097817605,0.0001250816067,0.05046195656,0.09578251914,0.002113945044,0.002285562962,0.02630669363,0.07976134876,0.004012538552,0.001643484854,-0.1810322181,0.03931759311,0.005730729489,0.0002301072723,0,-0.007346210647,0.0001325911814,0.02630669363,0,0,0.01022573568,0.05046195656,0,0,0.03132258803,0.1997769745,-0.2211734609,-0.02156590522,-0.003192885534,0,-0.03916872041,-0.001592650203,0.07976134876,0,0,0.002740594117,0.09578251914,0,0,0.02410865183,-0.2838351449,0.0291571547,0.0234942747,0.0003434130496,0,0.003989322836,0.01042488941,0.004012538552,0,0,0.0003471154387,0.002113945044,0,0,0.001655350683,-0.1450396141,0.1408372061,-0.1798411129,0.01175085331,0,0,0,0.001643484854,0.03132258803,0.02410865183,0.001655350683,0.002285562962,0.01022573568,0.002740594117,0.0003471154387
1,1,1,1,2,1500,500,v1,0,0,0,0,0,0,0,0,0,0,0,0,0,0,0.05305748627,0,0,0,0,0,0,0.03891187714,0,0,0,0,0.2932469201,0,0,0,0,0,0,0.2150646201,0,0,0,0,0.2305995136,0,0,0,0,0,0,0.1691195828,0,0,0,0,0,0,0,0,0,0,0,0,0,0,0,0,0,0,0,0,0,0,0,0,0.01823528595,0,0,0,0.01758111518,-0.1155588943,0,0,0.0916812932,0,0,0,0,0,0,0,0,0,0,0,0.4267046061,0,0,-0.4505822071,0,0,0,0,0,0,0,0,0,0,0,-0.3589009136,0,0,0.3350233127,0,0,0,0,0,0,0,0,0,0,0,0,0,0,0,0,0,0,0.01758111518,0,0,0,0.01823528595,0,0,0
1,1,1,1,4,1500,500,v1,0.02118320106,0,0.1698132189,0.01413405486,0,0.05981761074,0,0,0,0.1478095446,0.0006313020568,0,0,0,0,0,0,0.009632129298,0,0,0,0,0.0001016553982,0,0,0,0,0,0,0.04573784823,0,0,0,0,0.03981133249,0,0,0,0,0,0.02463804653,0.1975086757,0,0.01643922938,0.06957348288,0,0.171916342,0.00073426341,0,0,0,0,0.006308707336,0,0,0.004209355107,0,0,0,0,-0.18177276,0.01912656245,0,0.1330963709,0,0.02992423357,0,0,0,0,0,0,0,0,0,-0.01342948122,0,0,0,0,0.009458347768,0,0,-0.003898475709,0,-0.0006201226045,0,-0.002305725722,0,0.0003060143759,-0.08458385442,0,0,0,0,0.08479325976,0,0,-0.002305725722,0,0.005831432552,0,-0.003898475709,0,0.0001252677018,0.2868650986,0,0,0,-0.02545674976,-0.2176802255,-0.04335371479,0,0,0,0,0,0,0,0,-0.006330187323,0,0,0,0.01046632161,0,0,0,0.0003060143759,0.0001252677018,0,0,-0.0006201226045,0.005831432552,0
1,1,1,1,4,1500,500,v1,0,0,0.01949773489,0,0,0.004071831019,0,0,0.02117670564,0.05087970296,0.002296397304,0.006765435245,0.007982668132,0.0004568575536,0.01617318869,0.0002697496283,0,0.001615822582,0.01185655661,0,0.008403541066,0.002005317167,0.0009112781456,0.002684724143,0.01405283969,0.002350568152,0.08321233163,0.004895204213,0,0.03980889526,0.06100291905,0,0.0432368817,0.01031751501,0.1038820549,0.0138131175,0.01672213039,0.04887284552,0.09901824041,0.005825032157,0,0.04737046402,0.001651506951,0,0.009892663219,0.01227729306,0.1236141096,0.005579181709,0.0107633339,0.03145740063,0.001800344303,0.003749328862,0,0,0.00106300575,0,0,0.04672328162,0,0,-0.1133361767,0,0,0.06507070955,0,0.001144429448,0.01686591845,0.007422423964,0.04570031965,0.002119228705,0.05714810735,0.00237077252,0.001465431283,0.040848822,0.008234035835,-0.1878361615,0.006794201855,0.01094499377,0.01734953636,0,0.001282306983,0.009360208737,0.00237077252,0,0,-0.007867912642,0.007422423964,0,0,-0.004390834428,-0.02331930642,0.005390479035,-0.0545448781,-0.0007697182513,0,0.02887978871,-0.05328048482,0.001465431283,0,0,0.01062729092,0.04570031965,0,0,0.006432598737,0.1274296013,-0.009716898992,-0.04272828106,-0.06016791357,0,-0.08577800019,-0.0137999962,0.040848822,0,0,0.03144992588,0.002119228705,0,0,0.009131610542,-0.08386038349,-0.002202377706,0.004490245248,0.01495451722,0,0,0,0.008234035835,-0.004390834428,0.006432598737,0.009131610542,0.05714810735,-0.007867912642,0.01062729092,0.03144992588
1,1,1,1,4,1500,500,v1,0.01292425666,0.002847648506,0.001487906669,0.4869352408,0.001778530857,0.01188073155,0.0009622209068,0.04525847466,5.195989782e-05,0.0001117466755,0.004819354341,0.001020537544,0.0008485096425,0.003473146337,0,0.00216870207,3.497604716e-05,0.0002336428549,0.0005059172509,0.0008900394043,1.021827555e-06,0,9.477595741e-05,2.006958111e-05,0.001494850083,0.09186849214,0,0.009381330301,0.001481286993,0.0007739778245,0.01338206066,0.0005005271229,2.702844844e-05,0,5.81282755e-05,0.000530862214,4.789136958e-05,0.0007190513487,0,0.0003005550602,0.0002153862716,2.479637153e-05,0.001837820185,0.00811490895,0.0001979956403,0,1.862288906e-06,8.031585805e-05,0.0009005379907,0.01352087155,0.05534405641,0.005651566291,0.004050072527,0.0008923672197,0.03455793624,0.1525908293,0.0005573379695,0.008061714121,0.0003015310329,0.01418264197,0.1800405158,-0.496880149,-0.00294746398,-0.001359919307,-0.04632772009,-0.01659491849,-0.0009194024792,0.001065179375,0.01779829162,0.04907010558,0,0.005428780739,0.04559558024,0.007250943391,0,-0.136243815,0.002957451412,0.003966896866,0,0.0007402729382,0.0002361782595,2.886850587e-06,0.005428780739,0.01294230338,0.001522911989,0.002265137884,0.001065179375,0.4873422397,0.0004598645595,0.0001558556194,0.06448838758,-0.00863750642,-0.1018087847,0,0.0004849396932,-0.0002560711477,-0.0001109999097,0.04559558024,0.4873422397,0.001774662293,0.01733138948,0.01779829162,0.01294230338,0.04515180767,0.006996140657,-0.4092435035,0.0003248894837,0.002523423253,0,0.008305549473,1.994787786e-06,0.0001403867973,0.007250943391,0.0004598645595,0.04515180767,7.778744464e-05,0.04907010558,0.001522911989,0.001774662293,0.001463485868,-0.6372982012,0.003983310188,-0.0477434559,0.06029452194,0.155051571,0.001140673252,0.01430313388,0,0.0001558556194,0.006996140657,0.001463485868,0,0.002265137884,0.01733138948,7.778744464e-05
1,1,1,1,2,1500,500,v1,0,0.0542425854,0,0,0,0,0.0566055989,0,0,0,0,0,0,0,0,0,0,0,0,0,0,0,0,0,0,0,0,0,0.2957719195,0,0,0.3086568702,0,0,0,0,0,0,0,0,0,0,0,0,0,0,0,0,0,0,0,0,0,0.139326712,0,0,0,0,0.1453963139,0,-0.3197322248,0,0.110815788,0,0,0,0,0,0,0,0,0,0,0,0,0,0,0,0,0,0,0,0,0,0.1533468751,0,0,0,0.1600277803,0,0.3946703111,0,0,0,-0.6035867481,0,0,0,0,0,0,0,0,0,0,0,0,0,0,0,0,0,0,0.1600277803,0,0,0,0.1533468751,0,0,-0.4927709599,0,0,0,0,0.2838545231,0,0,0,0,0,0,0,0,0
1,1,1,1,4,1500,500,v1,0,0,0,0,0.1140617802,0,0,0.576537226,0,0,0,0,0,0,0,0,0.001145681257,0,0,0.005790966024,0,0,0,0,0,0,0,0,0,0,0,0,0,0,0,0,0,0,0,0,0,0,0,0,0,0,0,0,0,0,0,0,0,0,0,0,0.04995608378,0,0,0.2525082627,0.3091465785,0,0,0,-0.6902624712,0,0,0,0,0,0,0,0,0,0,-0.3880478454,0,0,0,0.006931952723,0,0,0,0,0,0,0,0,0,0,0,0,0,0,0,0,0,0,0,0.09443009267,0,0,0,0.4772437461,0,0,0,0,0,0,0,0,0,0,0.4772437461,0,0,0,0.09443009267,0,-0.6833305178,0,0,0,0,0,0.3022146256,0,0,0,0,0,0,0,0
1,1,1,1,1,1500,500,v1,0.01601015479,0,0,0.03655036031,0,0,0,0,0,0,0,0,0,0,0,0,0,0,0,0,0,0,0,0,0,0,0,0,0,0,0,0,0,0,0,0,0,0,0,0,0.2550031349,0,0,0.5821590473,0,0,0,0,0,0,0,0,0.03359093193,0,0,0.07668637068,0,0,0,0,-0.7271225057,0.05253487596,0,0,0,0,0,0,0,0,0,0,0,0,0,0,0,0,0,0,0,0,0,0.3083278064,0,0,0,0.7035536376,0,0,0,0,0,0,0,0,0,0,0.7035536376,0,0,0,0.3083278064,0,0,0.16253883,0,0,0,-0.8371264602,0,0,0,0,0,0,0,0,0,0,-0.7845915838,0,0,0,0.1100039541,0,0,0,0,0,0,0,0,0,0
1,1,1,1,4,1500,500,v1,0.1061152561,0.006702684301,0,0.09186624099,0.01205563686,0.0001249354947,0.01427783708,0.0008448240473,0.007829083978,0,0.001024230482,0.00202522419,0.000246812588,5.111116117e-05,3.190320991e-05,0.0005296589208,6.692663936e-05,6.935770293e-07,0.0002161368739,4.690024676e-06,4.346301122e-05,1.537395014e-05,5.685996096e-06,1.124299368e-05,0.02890339673,0.01464969254,0.009144230057,0.01964569408,0.01066523397,0,0.06195004529,0.02271872972,0.01245754815,0.004406545215,0,0.003222513378,0.0001451405249,0.000355238374,4.591842137e-05,9.865229258e-05,0.000847889495,0,0.0007623402653,0.0007340360243,9.982682738e-07,2.212778973e-05,0,8.183877592e-06,0.02279253041,0.05578580793,0.0115523987,0.01549212655,0.133150594,0.008410349549,0.119716142,0.1152713098,0.01512709169,0.04885233056,0.01791544928,0.001060062689,-0.1895251768,0.08788425055,0.01548098786,0,0.005890789223,-0.001137949507,0.002186493061,0.02313488888,0.08258031239,0.01707306792,0.01356711663,0.01904491316,0.1770891467,0.06190639178,0.006541538865,-0.2582327676,0.0007674570281,0.0002626162847,4.691106217e-05,6.714943979e-05,6.17299617e-06,4.821178026e-05,0.01904491316,0.05468617918,-0.004104782489,0,0.02313488888,0.05365466201,-0.01219895349,0,0.009138627881,-0.01669578143,-0.0411268919,-0.01352022871,-0.0188704753,0,-0.01172271304,0.1770891467,0.05365466201,0.01015871807,0.0001837849538,0.08258031239,0.05468617918,0.0007188368336,0.001500451068,-0.2909842366,0.000239720541,0.001107611187,6.754731676e-05,0.001571743493,0,8.952496546e-06,0.06190639178,-0.01219895349,0.0007188368336,0.01098023424,0.01707306792,-0.004104782489,0.01015871807,0.003251778066,0.03657917632,-0.01166380714,-0.1749880401,-0.01178869755,-0.1616832216,0.01425864475,-0.01320964195,0.006541538865,0,0.001500451068,0.003251778066,0.01356711663,0,0.0001837849538,0.01098023424
1,1,1,1,2,1500,500,v1,0,0.02235629858,0.02061592005,0,0.03210780607,0.000182890799,0.1098511967,0.05918404699,0.002145431927,0.01052673639,1.529844849e-05,0.01112930006,0,0.002673750445,5.751742406e-05,0,0.004606838999,2.62412344e-05,0.0004830238516,0.008491747307,0.0003078273067,3.442056187e-05,2.195026623e-06,0.00159683578,0,0.02852849391,0.0006137018078,0,0.03422553768,0.03156117036,0.005153788017,0.1681725736,0.003284468624,0.0003672619452,0.01611551266,0.01703798494,0,0,0.0007777098215,0,0,0.03999569801,0,0,0.0003548153634,0.0004654104294,0.02042228378,2.967959346e-05,0,0,0.02630128938,0,0,0.03155356794,0,0,0.0453167968,0.004751434495,0.1550434292,0.08353206772,-0.1698033956,0,0.1196890699,0.01936210484,0.05956862787,-5.903195552e-05,-0.001214997822,0,0,0.03576567779,0.001143963518,0,0,0.006469036406,0.0006182919176,-0.1038336644,0,0.002586192473,1.776861709e-05,0.01257525935,3.986534863e-06,0.001413564275,0,0,-0.0255233799,0.01850449371,0,0,-0.1283504698,0.007197419357,0.1367772928,0,-0.01633278973,-0.0007343355312,-0.04883404773,-0.01456090788,-0.01311689934,0,0,0.0288972807,0.000502211457,0,0,0.03803269032,4.868922038e-05,0.004029584705,0,0,-0.0004582700438,0,-0.02193580567,-0.0003122216979,0.006469036406,-0.1283504698,0.03803269032,0.003642705002,0.03576567779,-0.0255233799,0.0288972807,0.01573479432,0.1292523121,0,0,-0.01440987887,0,0.03172754423,-0.1167638679,0.0006182919176,0.007197419357,4.868922038e-05,0.01573479432,0.001143963518,0.01850449371,0.000502211457,0.003642705002
1,1,1,1,1,1500,500,v1,0,0,0,0,0,0.0237823706,0,0,0,0,0.04583310856,0,0,0,0,0,0,0.01625352201,0,0,0,0,0.03132359895,0,0,0,0,0,0,0,0,0,0,0,0,0,0,0,0,0,0,0,0,0,0.3015888565,0,0,0.5812185434,0,0,0,0,0,0,0,0,0,0,0,0,-0.8352283853,0,0,0,0,0.06961381991,0,0,0,0,0,0,0,0,0,-0.8131906908,0,0,0,0,0.04757612455,0,0,0,0,0,0,0,0,0,0,0,0,0,0,0,0,0,0,0,0.3923292252,0,0,0,0.756092627,0.1171899445,0,0,0,0,0,-0.8828045101,0,0,0,0,0,0,0,0,0,0,0,0,0,0,0,0,0,0.756092627,0,0,0,0.3923292252,0
1,1,1,1,0,1500,500,v1,0.0001140825448,0.005193027599,0.0008359774405,0.0002732202562,0.000371915919,0.0008270379424,0.0005274061207,0.0001060726325,0.0008659471586,0.0004642151779,0.003806190077,0.001063459655,0,0.2234708166,0.0003393009815,0,0.01389588117,0.03090058905,0.3752076637,0.003963187974,0.0323543527,0.000343971123,0.1422105437,0.03973400503,3.044718271e-06,0.01070397629,1.625209822e-05,5.953631871e-06,0.009293649235,0.001496098558,0.01797198398,0.0009438670211,0.00154973356,1.647579223e-05,0.0008307779905,0.001903209798,6.324983889e-08,0,3.376150115e-07,1.236785223e-07,4.241282075e-06,3.107939202e-05,0,1.015759402e-05,3.074704553e-05,3.422619473e-07,1.725827133e-05,0.0001415039064,5.880155239e-06,0,0.02067220565,1.149803579e-05,0.0003942997713,0.01794849158,0,0.0009443222425,0.001285440836,0.03470864833,0.001822856539,0.0003666153733,-0.2682775768,0.0001886439264,0.005483534321,0.0007135567182,0.0004760591117,0.00462144634,0.001927712676,7.018054018e-06,0,0.2880140622,0.0004879080243,1.510585887e-05,0,0.4837287752,0.0005110244113,0.09599111766,0,-0.5982344529,-0.0006657149699,-0.01779429625,-0.1728379925,-0.07201550481,1.510585887e-05,0.0003913615451,0.003988396539,0.000545203183,7.018054018e-06,0.0009237167012,0.0004877642003,0.0003699971465,-0.6247432421,-9.108637363e-07,0.02865024133,-8.53724542e-07,0.00859373559,-0.001356929684,0.003436876432,0,0.0009237167012,0.01832256334,0.04499122448,0,0.0003913615451,0.005227364365,0.2070759682,-0.1704283755,2.713296619e-08,0,6.137368817e-07,1.039262101e-05,3.323941346e-05,0.0001717501395,0.4837287752,0.0004877642003,0.005227364365,0.04487408265,0.2880140622,0.003988396539,0.01832256334,0.05510229094,-0.5726270251,-1.386554448e-05,0,0.05508898668,-0.001075755377,-0.01706137708,0.001618285354,0.0005110244113,0.0003699971465,0.2070759682,0.05510229094,0.0004879080243,0.000545203183,0.04499122448,0.04487408265
1,1,1,1,1,1500,500,v1,0.009651664825,0.0001834988649,0.02096964752,0.004009602427,0.001784219164,0.003620318567,0.0002471644521,0.002558038804,8.160029864e-05,0.01058325074,0.001860723078,0.0003341767641,0.004705080294,0.04374322658,0,0.005887346925,0.0138707716,0.0281448675,0.1207637298,0.0198865547,0.0006343722383,0,0.01446552382,0.002597937329,0.003433734587,0.0536612644,0,0.06188081711,0.001749991303,0.1999832576,0.1481448659,0.002357157041,0.0007782054292,0,0.1009303069,0.00318697574,0.0006309070624,0.001060512502,0,0.01136984923,0.0169123285,0.03674449682,0.001326992235,0.007025908447,0.006343777785,0,0.01854471912,0.003260490342,7.599354178e-05,0.0001277400523,0.001187601847,0.001369512506,0.002037111041,3.87298534e-05,0.0001598378682,0.0008462794268,0.0003765829652,0.003278661403,5.216731451e-05,0.000539907797,-0.3341898227,0.004631901817,0.0004161838152,0.03143023434,0.004292828329,0.005397233625,0.0003365832934,0.004091442449,0.005043154378,0.01520367688,0,0.07373790467,0.00655773629,0.04555416512,0,-0.1355098735,-0.009769468659,0.1150659113,0,-0.03358877051,-0.04180209122,-1.561736897e-05,0.07373790467,0.01176974634,0.002290476524,0.213308208,0.004091442449,0.007324652309,0.003088379144,0.1076746944,0.2200816574,-0.06511043839,-0.1600302553,0,-0.004070999141,-0.3005149647,-0.002086547051,0.00655773629,0.007324652309,0.01747797091,0.02692404288,0.005043154378,0.01176974634,0.02511504513,0.01390569963,-0.3713058765,0.01179140175,0.001754734175,0,-0.02007960151,0.05509612866,0.009185029254,0.04555416512,0.003088379144,0.02511504513,0.0005606633134,0.01520367688,0.002290476524,0.01747797091,0.002087708378,-0.1546965714,0.001432805227,0.00028080738,0.004459116078,0.002718100591,6.891153758e-05,0.0009005981436,0,0.1076746944,0.01390569963,0.002087708378,0,0.213308208,0.02692404288,0.0005606633134
1,1,1,1,0,1500,500,v1,0,0.07837828507,0.1512926957,0,0.01072731651,0.1671025407,0.01939348856,0.02042148581,0.005650685202,0.3276011639,0.01270784561,0.0315383174,0,0.002099978596,0.008289327873,0,0.000726220099,0.01131254248,0.000803040457,0.001382497984,0.0003825412593,0.0003179061946,0.0008602983692,0.002135087556,0,0.0005032456314,0.001986481218,0,0.001271563555,0.0024544844,0.0001924432004,0.0003146286402,9.167341893e-05,7.618406393e-05,0.005314810093,0.0005116592555,0,0,0.01852642671,0,0,0.02289114286,0,0,0.02528323072,0.0007105118662,0.04956726437,0.00192274391,0,0,0.002754945853,0,0,0.006960991858,0,0,0.0009527225916,0.001053502632,0.001722389254,0.001813688528,0.1372640297,0,-0.09761410709,-0.478197025,-0.03070900005,-0.1795164868,-0.03706921162,0,0,0.001566809089,0.01244445188,0,0,0.0007345640329,0.0005090328033,-0.2343216388,0,-0.0002602016752,0.007448472993,0.002075413793,0.01212756562,0.002488554677,0,0,0.105161114,0.1886842051,0,0,0.02599010665,0.4085193759,-0.5420336794,0,0.0004758056375,0.001892831024,0.001583811479,0.007760797391,0.0006007741062,0,0,0.01346837553,0.1955399571,0,0,0.02557106295,0.01485867688,-0.6284838444,0,0,-0.01797696047,0,0.07230050541,0.027123165,0.0007345640329,0.02599010665,0.02557106295,0.007750078729,0.001566809089,0.105161114,0.01346837553,0.04321974551,-0.124448278,0,0,-0.001749852708,0,0.008596148682,0.002607293886,0.0005090328033,0.4085193759,0.01485867688,0.04321974551,0.01244445188,0.1886842051,0.1955399571,0.007750078729
1,1,1,1,4,1500,500,v1,0,0,0,0,0,0,0,0,0,0,0,0,0.0006564040761,0,0,0.0003567462087,0,0,0,0,0,0,0,0,0,0,0,0,0,0,0,0,0,0,0,0,0,0.0003686224234,0,0,0,0,0.0002003410045,0,0,0,0,0,0,0.6468591877,0,0,0,0,0.3515586986,0,0,0,0,0,0,0,0,0,0,0,0,0,0.9687508083,0,0,0,0.5265023229,0,0,-0.9978485324,0.001013117602,0,0,0,0,0,0,0,0,0,0,0,0,0,0,0,0,0,0,0,0,0.5265023229,0,0,0,0.9687508083,0,0,0,-0.9974043739,0,0.0005689589833,0,0,0,0,0,0,0,0,0,0,0,0,0.001582076586,0,-0.9984174917,0,0,0,0,0,0,0,0,0,0,0,0
1,1,1,1,2,1500,500,v1,7.949090418e-05,0,0.02127022383,0.0006378085148,0.03499890496,0.01025855886,0,0.003338147974,0.1445175574,0.03172950383,0.006934444482,0.0108242919,0.000295508413,0,0.01865753557,0.002897554201,0.02365157587,0.00693253356,0,0.002255855151,0.09766214046,0.009733036088,0.004686162037,0.007314844886,0,0,0.05101058966,0,0,0.03929920379,0,0,0.2670129371,0.0266105836,0.05862393584,0.01999913384,0,0.0003413535338,0.0215520622,0,6.205226184e-05,0.01660398145,0.003347080226,0.0004978866623,0.008008045539,0.01124301751,0.0247687141,0.005413172352,0,6.922515475e-05,0,0,1.258395477e-05,0,0.0006787747122,0.0001009694579,0.005540566452,0,0,0.0005284516957,-0.2417933125,-0.0005658632249,0,0.03895873898,-0.03435675668,-0.007174837691,0.1457593725,0,0.0005015323241,0,0.03241373779,0,0.004735576803,0,0.0146629122,-0.2293219148,-0.00228092843,0,0.0207847372,-5.952309508e-05,0.0003529615219,0.1024684438,0,0.0001037251894,0,0.01541111724,0,0.0007958382617,0,0.02267773025,0.3504177773,0,0,-0.07028191246,0,-0.08868504735,-0.2795885403,0.004735576803,0.0007958382617,0.04237345807,0.008877341084,0.0005015323241,0.0001037251894,0.004339919165,0.007138772756,-0.1089475649,0,-0.001123925233,0.01811274192,-6.498468179e-05,0.02433374332,-0.003855533059,0,0,0.004339919165,0.04363028493,0,0,0.04237345807,0.003410801312,-0.03845198119,0,-8.65524214e-05,0,3.11389388e-05,0,0.003274028267,0.0146629122,0.02267773025,0.007138772756,0.003410801312,0.03241373779,0.01541111724,0.008877341084,0.04363028493
1,1,1,1,3,1500,500,v1,0.0002719593639,0,0,0.002439975227,0.0002075099954,0.0001604808476,0,0.0008985652479,0,0,0.0007128977341,0,0.001026711284,0.006595363672,0.005073037364,0.01701807334,3.496901468e-05,2.704379182e-05,0.0008525522091,0.0001514237485,0,0.005322638182,0.0001201355688,0,0.2558043086,0.1231509452,0.0947255341,0.1005987214,0,0,0.01591915406,0,0,0.09938616818,0,0,0.01190050189,0.0008918765795,0.004406811613,0.004680043434,3.981115851e-05,0,0.01478314427,0.0003571792458,2.349221724e-05,0.004623633155,0,0.0001043585493,0.06897510191,0.005169301137,0.03320643441,0.02712545032,0.0002307447821,0,0.08568284698,0.002070204694,0.0001760625115,0.004292442453,0,0.0007623905251,0.0001574027891,-0.0007645479791,0,0,-0.0003848041744,-0.000576402631,0,0.261928734,0.004818726106,0.1249421893,0.127711844,0.1031021539,0.08003175973,0.01617015485,0.1340406599,-0.3614815063,0.01762110249,0.007439561088,0.0103395649,0.00016316957,6.009889064e-05,0,0.1031021539,0.0001407079719,0,0,0.261928734,0.001140137292,0,0,0.1764827028,-0.3557004384,-0.1388506082,-0.1938621478,0,0,0,0.08003175973,0.001140137292,9.67274002e-05,0.000124434052,0.004818726106,0.0001407079719,0.0003342026705,0.0005163186056,-0.5172535795,0.01656537013,0.01551458786,0.009020913967,0.0003599223682,0,8.913530191e-05,0.01617015485,0,0.0003342026705,0,0.1249421893,0,9.67274002e-05,0,-0.4380366844,0.09578114279,-0.08970268086,0.03733615096,-0.0004492712318,0,-6.565211019e-05,0.1340406599,0,0.0005163186056,0,0.127711844,0,0.000124434052,0
1,1,1,1,2,1500,500,v1,0,0,0,0,0,0,0,0,0,0,0,0,0.01080761251,0,0,0.02343684487,0,0,0,0,0,0,0,0,0,0,0,0,0,0,0,0,0,0,0,0,0,0.2977511544,0,0,0,0,0.6456881765,0,0,0,0,0,0,0.007043036674,0,0,0,0,0.01527317506,0,0,0,0,0,0,0,0,0,0,0,0,0,0.4199068039,0,0,0,0.910596583,0,0,-0.9211234188,0.03412116195,0,0,0,0,0,0,0,0,0,0,0,0,0,0,0,0,0,0,0,0,0.910596583,0,0,0,0.4199068039,0,0,0,0.05641637096,0,-0.9434186277,0,0,0,0,0,0,0,0,0,0,0,0,-0.9092974655,0,0.02229520898,0,0,0,0,0,0,0,0,0,0,0,0
1,1,1,1,2,1500,500,v1,0.0009065028441,0.01010538491,0,0.001322121054,0.01440208381,0.01820746243,0.03230151489,0.1792640342,1.833122528e-06,0,0.009306745029,3.273035336e-05,0.0002145983943,0.008118256205,0,0.004610913371,0.02150768788,0.02719053882,0.003372715801,0.267708128,2.737536297e-06,0,0.01389844483,4.887863684e-05,0,0.003136478243,0,0,0.005830432584,0,0.001303044578,0.01863677698,1.057643762e-06,0,0,1.888420089e-05,0,0.0013812402,0,0,0.008713252592,0,0.02967766338,0.01270815064,0.1750090694,0,0,0.0894558917,0,2.39885983e-05,0.0009074885561,0,0.0001513268411,0.001686940076,0.0005154248662,0.0002207079702,0.002404208505,0.0003770145848,0.005392245863,0.02992539979,-0.460856591,0.002206371787,-0.03764509705,0,0.1737694571,0.02748884744,8.903051998e-06,0,0.001712716935,0.007176123129,0,0,0.03680148834,0.002992970049,0,-0.0578504203,0.00475716613,-0.01030816021,0,-0.2722959434,0.04098136604,-3.3248079e-05,0,0.0114771064,0.004703053677,0,0,0.01673699366,0.01618445863,0,-0.04009909835,0,0.002307744005,0,0.01706260564,0,1.222672067e-05,0.03680148834,0.01673699366,0.008719727572,0.1944311598,0.001712716935,0.0114771064,0.09091411706,0.09935738049,0.07633854458,0,-0.03096863026,0,-0.02138523871,0,-0.2643292407,0.002992970049,0.01618445863,0.09091411706,7.030667769e-07,0.007176123129,0.004703053677,0.008719727572,1.747439275e-05,-0.1724997234,0,0.0005353273606,0.001221020744,0.0003694668819,0.006657483159,0.03210392289,0,0,0.09935738049,1.747439275e-05,0,0,0.1944311598,7.030667769e-07
1,1,1,1,1,1500,500,v1,0,0,0,0,0,0.08058141698,0,0,0,0,0.002007980403,0,0,0,0,0,0,0.08843839595,0,0,0,0,0.002203765739,0,0,0,0,0,0,0,0,0,0,0,0,0,0,0,0,0,0,0,0,0,0.8066673761,0,0,0.02010106479,0,0,0,0,0,0,0,0,0,0,0,0,-0.7360999433,0,0,0,0,0.08253420073,0,0,0,0,0,0,0,0,0,-0.7442013641,0,0,0,0,0.09063562155,0,0,0,0,0,0,0,0,0,0,0,0,0,0,0,0,0,0,0,0.9565048927,0,0,0,0.02384372147,0.1731698223,0,0,0,0,0,-0.8267355645,0,0,0,0,0,0,0,0,0,0,0,0,0,0,0,0,0,0.02384372147,0,0,0,0.9565048927,0
1,1,1,1,4,1500,500,v1,0.00824042668,0.000851911814,0,0.008740096179,0.08379912551,0.0115725891,0.0004083470906,0.07411048644,0.115531204,0,0.009338353531,0.008719851546,0.000710342752,0.01052762391,0.04149850006,0.00300500334,0.04948145854,0.006833348015,0.05957506853,0.04376053974,0.0682185219,0.005012495057,0.005514083235,0.005148872021,0.0005592421313,0.0004858863049,0.001915299503,0.0003005335722,2.321677772e-05,0,0.002749595744,1.112850353e-05,0.003148521053,0.0002313440071,0,0.0002376382763,0.001454034108,8.524069106e-05,0.004979794349,0.0007813897419,0.0005838909098,0,0.0003605985429,0.0006192959306,0.0008199975369,0.0006014963078,0,0.000661686579,0.0221291823,0.001297291983,0.01922649603,0.01189209795,0.008886331007,0.000918686697,0.00548800805,0.009425165794,0.09036750114,0.1088013618,0.000440354311,0.0799194434,0.08441797369,-0.008351010632,-0.0006477479869,0,-0.004090490731,-0.01957802718,-0.1134801223,0.03111338894,0.001343078781,0.01683346616,0.05425093633,0.0163289219,0.006311965781,0.08474665534,0.006573700688,-0.3088390272,-6.292984307e-05,0.04629371338,-0.04606849822,0.09211047584,0.01002294629,0.0537075919,0.0163289219,0.01474433097,0.001416969601,0,0.03111338894,0.01651504417,0.000724004649,0,-0.2063868618,0.0004710256669,0.002993533986,0.001801574073,2.283596857e-05,0,0.00331156424,0.006311965781,0.01651504417,-0.02616999428,0.006220976707,0.001343078781,0.01474433097,-0.01156356249,0.006014919161,-0.1130431769,0.0009034167802,0.0001597907499,0.003717166111,0.0005868105994,0,0.001397816985,0.08474665534,0.000724004649,-0.01156356249,0.07841556773,0.01683346616,0.001416969601,-0.02616999428,0.006275881578,0.1303894245,-0.03300264965,-0.005200223944,-0.1170073283,-0.0130753834,-0.0008024041492,-0.06286428062,0.006573700688,0,0.006014919161,0.006275881578,0.05425093633,0,0.006220976707,0.07841556773
1,1,1,1,0,1500,500,v1,0.003244761086,0,0,0.004448425883,0,0,0,0,0,0,0,0,0.008652967416,0,0,0.006026157935,0,0,0,0,0,0,0,0,0.01421896967,0,0,0.005374414263,0,0,0,0,0,0,0,0,0.03336384199,0.1291468518,0,0.0126106963,0.285827064,0,0.08994132168,0.3918564343,0,0,0,0,0.000541046504,0.002094316737,0,0.0002045020219,0.004635129664,0,0.001458538188,0.006354560542,0,0,0,0,-0.6665725823,0.007690699756,0,0,0,0,0,0.02783559437,0.1775951156,0,0,0.01053060046,0.1236848813,0,0,-0.2155000491,0.01464671804,0,0,0,0,0,0.01053060046,0.4168627269,0,0,0.02783559437,0.5714601039,0,0,-0.04431904885,0.01874158568,0,0,0,0,0,0.1236848813,0.5714601039,0,0,0.1775951156,0.4168627269,0,0,0.05635260796,-0.04506226421,-0.219050762,0,-0.6775522592,0,0,0,0,0,0,0,0,0,0,-0.9005862816,0.0007432153919,0.003550712722,0,0.01097967654,0,0,0,0,0,0,0,0,0,0
1,1,1,1,2,1500,500,v1,0.006660333372,0.008365999363,0.09114028314,0.06221943454,0.07900190517,0.0486801365,0.0008056973663,0.0547597854,0,0.02675295869,0.00538560207,0,0.0001154586634,0,0,4.00965568e-05,0.003625414399,0.002233941921,0,0.002512938315,0,0,0.0002471464359,0,0.001007546506,0,0,0.001520764695,0.004668067889,0.0508545376,0,0.000449563745,0,0,0.01492764008,0,0.002834016013,0.003948780288,0,0.004277590636,0.01045327805,0.1430430983,0.001371334886,0.09765232656,0.07640263242,0,0.04198830603,0.008452609318,0.001180062936,0.00164424239,0,0.001781156544,0.0043526663,0.005467354479,0.0005710135248,0.04066169376,0.05162938716,0,0.0005265399761,0.035786658,-0.1564197148,0.05416784007,-0.005852750034,0.09035949891,-0.1196356821,0.02506768056,0,0.002559809787,0.004790655157,0,0,0.004526238041,0.001525508161,0,0,-0.117694976,8.030117714e-05,0,0,0.005903660967,0.00238069894,0,0.004526238041,-0.0006249387389,0.004970889665,0.008070706921,0.002559809787,-0.001933184409,0.0004675502938,-0.0001606422439,-0.0737705745,0.0007887364681,0,0,0.00031098623,0.05904781664,0,0.001525508161,-0.001933184409,0.05346610707,0.04896667857,0.004790655157,-0.0006249387389,0.04953131578,0.005715207995,0.2739872702,-0.006185071447,-0.004628848402,0,-0.09354704728,-0.1546806921,-0.06390297055,0,0.0004675502938,0.04953131578,0,0,0.004970889665,0.05346610707,0,-0.1685978745,0.0006723030966,0.0003377716852,0,0.04108462258,0.001916137163,0.04506707254,0,-0.0001606422439,0.005715207995,0,0,0.008070706921,0.04896667857,0
1,1,1,1,2,1500,500,v1,0,0,0,0,0.0919501853,0,0,0.07643201661,0,0,0,0,0.104117554,0.004137571276,0,0.07518036723,0.1085346104,0,0.1015134231,0.09021753592,0,0,0,0,0,0.0007722035413,0,0,0,0,0.01894566149,0,0,0,0,0,0,0.06840107675,0,0,0,0,0.04939050019,0,0,0,0,0,0,0.04529056174,0.001799820685,0,0,0,0.03270304511,0,0.04721195694,0.04415777918,0,0.03924413056,-0.01977407546,0,0,0,0.0500175292,0,0,0,-0.01554919619,0.002429500134,0,0,-0.01250290699,0.05770924016,0,0.3704472106,-0.1518880316,-0.1043592757,0,-0.105347542,0,0,0,0,0,0,0,0,0,0,-0.05936069061,0,0.01926819706,0,0,0,0,-0.01250290699,0,-0.02402801069,0,-0.01554919619,0,-0.02133717005,0,-0.07527795567,0,0.09397935766,0,0,0,0,0.05770924016,0,-0.02133717005,0,0.002429500134,0,-0.02402801069,0,-0.1983297639,0,0.07661007597,0.04499858512,0,0,0.08557346657,0,0,0,0,0,0,0,0
1,1,1,1,2,1500,500,v1,0.01074574872,0.1699275881,0.00860857534,0.01806806608,0,0.01250702264,0.1362099049,0,0.0005187425412,0.002768707734,0.02859939149,0.09682994956,0,0,0.01099845907,0,0,0.001987980489,0,0,8.245368068e-05,7.726346827e-05,0.004545848674,0.01539103718,0.0002612750611,0,0.006281811511,0.008691761305,0.01542677456,0.0007815243688,0,0.01236573484,4.709373167e-05,4.412932221e-05,0.0002513554774,0.008790649117,0.004898478097,0,0.1177736442,0.1629562431,0.01828989167,0.0146522978,0,0.03075290328,0.02128768269,0.0008273522829,0.0047125022,0.04867783394,2.895644305e-05,0,0,0.0009632855511,0.000108117296,0.001709709748,0,0.0001817900733,0,0,0.001370462588,0,-0.07210670158,0.02779551604,-0.3054077197,0.01007017743,0,0.03946072234,-0.09681221061,0.006885751927,0,0,0.1494594175,0.2289751907,0,0,0.001040788256,-0.2279688946,0,0,0.01080372301,0,0.006517511124,0.01520976222,0.2289751907,0.01121449958,0.2286842673,0.008022479696,0.006885751927,0.01895722378,0.1832859876,0.00267922626,-0.6648465992,0.008921363641,0,0.006243580264,0.02769200238,0.001031795592,0.008785905458,0,0.01895722378,0,0.01006412198,0,0.01121449958,0,0.02336770364,0.1121129091,-0.1671415146,0,-0.1173807747,-0.0481989962,-0.01823644363,-0.06826611716,0,0.1832859876,0,0.0005855936925,0,0.2286842673,0,0.1086392213,-0.4563393498,0.0009795222435,0,0,0.0002889979028,0.003068881117,0,0.001040788256,0.00267922626,0.02336770364,0.1086392213,0.1494594175,0.008022479696,0.01006412198,0.0005855936925
1,1,1,1,0,1500,500,v1,0.02915995726,0,0.2861705307,0.009902870216,0,0.008244451433,0,0,0,0.0006591909934,0.02443938775,0,0,0,0,0,0,0.02030425358,0,0,0,0,0.06018878639,0,0,0,0,0,0,0.28902525,0,0,0,0,0.000665766811,0,0,0,0,0,0.01027406878,0.1008278472,0,0.00348912616,0.002904807449,0,0.000232255951,0.008610847692,0,0,0,0,0.1081666542,0,0,0.03673394748,0,0,0,0,-0.08890591709,0.03791101573,0,-0.03108552963,0,0.01487365115,0,0,0,0,0,0,0,0,0,0.02541527291,0,0,0,0,-0.06717530758,0,0,0.1022144246,0,-0.09880647044,0,0.03488029926,0,-0.0001181362783,0.06918049748,0,0,0,0,-0.003230759605,0,0,0.03488029926,0,0.01614395103,0,0.1022144246,0,0.04649610095,-0.1916529562,0,0,0,0.0136385283,0.1002660268,0.01054162176,0,0,0,0,0,0,0,0,0.05154954402,0,0,0,-0.1429460265,0,0,0,-0.0001181362783,0.04649610095,0,0,-0.09880647044,0.01614395103,0
1,1,1,1,3,1500,500,v1,0,0,0,0,0,0,0,0,0,0,0,0,0,0.01957030346,0,0,0,0,0.1932710673,0,0,0,0,0,0,0.04657867537,0,0,0,0,0.4599985035,0,0,0,0,0,0,0,0,0,0,0,0,0,0,0,0,0,0,0,0.02579885718,0,0,0,0,0,0,0.2547825931,0,0,0,0,0,0,0,0,0,0,0,0.001575631408,0,0,0,0.01688829947,0,-0.2232838181,0,0.2109745305,0,0,0,0,0,0,0,0,0,0,0,0,0.4864776839,0,-0.4987869717,0,0,0,0,0,0,0,0,0,0,0,0,0,0,0,0,0,0,0,0.01688829947,0,0,0,0.001575631408,0,0,0,-0.2878124412,0,0,0.2755031535,0,0,0,0,0,0,0,0,0,0,0
1,1,1,1,1,1500,500,v1,6.894350581e-05,0.000320908394,0.00338728707,0.001182776455,0.09210834379,0.0002061602243,3.806642979e-05,0.009908623901,0.0665049489,0.000710916636,0.004480060177,0.0363985309,0.002115222236,0.0002401242157,0,0.001752307628,0.01306005455,2.923148615e-05,0.0004456770959,0.001404945126,0.009429745719,0,0.0006352283398,0.005160952631,5.957804008e-06,0.0001932373387,0,0.0003240535735,3.661695137e-05,0.0003865032147,0.000358653773,4.343534274e-06,0.007588484829,0,8.111847608e-05,0.004153220236,3.519653698e-05,0.01005598957,0,0.001914390531,4.647380083e-05,0.002283320275,0.008330655254,0.0007972921703,0.0001389695678,0,0.0004792184233,0.003019942516,0.0002674762182,0.07642053146,0.008675410017,0.01454841821,0.0003531778282,0.001643921764,0.06330884665,0.006059024916,0.4718446566,0.01610179769,0.000195003414,0.05075904146,-0.4855585412,0.001219526491,0.0003510863292,-0.003309075842,0.1019020064,-0.002316219664,-0.1020781361,0.0003403044267,0.09622080562,0.01229312827,0,0.01845805334,0.07962299141,0.02282423396,0,-0.6574248923,0.003850350735,0.0006837277754,0,0.01443867019,0.0006382287827,0.01454489082,0.01845805334,0.0003930471188,0.00192160925,0.001663470385,0.0003403044267,0.006174260918,0.0002292130344,0.0003600571849,-0.1276061292,0.0003199580315,0.0005374768176,0,4.057011457e-05,0.0004481658909,0.01167175323,0.07962299141,0.006174260918,0.5497992897,5.497691449e-05,0.09622080562,0.0003930471188,0.05914050039,0.001155372232,-0.1595151205,0.001912865679,0.01823592338,0,0.0006877891049,0.00151189157,0.0008710914526,0.02282423396,0.0002292130344,0.05914050039,0.0734954382,0.01229312827,0.00192160925,0.5497992897,0.04029680034,0.1441799461,-0.01476506219,-0.1393154725,-0.02463277952,-0.006285520929,-0.001825537971,-0.5223005351,0,0.0003600571849,0.001155372232,0.04029680034,0,0.001663470385,5.497691449e-05,0.0734954382
1,1,1,1,1,1500,500,v1,0,0,0,0,0.3613260587,0.02172337029,0,0.04495625417,0.02510017924,0,0.06136575175,0.03183115316,0,0,0,0,0.1479925023,0.008897492585,0,0.01841325415,0.01028057137,0,0.02513428229,0.01303745438,0,0,0,0,0,0,0,0,0.001193373552,0,0,0.001513393827,0,0,0,0,0,0,0,0,0.008212912816,0,0,0.02320043171,0,0,0,0,0,0,0,0,0.1741533696,0,0,0.02166819403,0.4507565298,0,0,0,-0.4030781001,-0.08170129796,-0.05652754423,0,0,0,0,0,0,0,0,-0.3132816288,0,0,0,0.1660515585,0.03358842278,0.02309123702,0,0,0,0,0,0,0,0,-0.03343630721,0,0,0,0,0,0.002676917072,0,0,0.05668849221,0.006969522448,0,0,0.00710517128,0.01892334671,-0.04811287518,0,0,0,0,0,0.03085096232,0,0,0.00710517128,0.02033141559,0,0,0.05668849221,0.02580766964,-0.2370265417,0,0,0,0,0,0.1944974324,0,0,0.01892334671,0.02580766964,0,0,0.006969522448,0.02033141559
1,1,1,1,1,1500,500,v1,0,0.000297409514,0.118706927,0,0.002040778351,0.0003640833403,0.00276817781,0.004507320367,0.0008863274339,0.01334422462,0.002804015754,7.78466822e-05,0,0.1263255068,0.02779202085,0,0.007097372138,0.00126620069,0.1031984726,0.01567545539,0.00308244922,0.01088925467,0.009751741673,0.0002707334058,0,0.028815295,0.006339458275,0,0.0002359329604,0.0941694041,0.02353993668,0.002195976775,0.0007031175719,0.002483877513,0.01058588334,6.175524763e-05,0,0,0.009728219104,0,0,0.1445077097,0,0,0.0004432163392,0.003811635573,0.01624457296,0.003413464611,0,0,0.09683654188,0,0,0.0007928751725,0,0,0.005440587508,0.07910819806,0.007379788994,0.01201623433,-0.03245453662,0,-0.0006203205364,0.0241482625,-0.003455411393,0.001099940306,0.0003602670859,0,0,0.01459034636,0.02718643776,0,0,0.0102503431,0.0103633876,0.1617723572,0,-0.1659028142,-0.03312097969,-0.01611725591,-0.00865933522,-0.002966750395,0,0,0.0006351760956,-0.02193485897,0,0,0.006360538657,-0.003779811171,-0.1750927675,0,0.05166368256,0.007712802878,0.001847304344,0.08214812225,0.0005578189013,0,0,0.006487560043,0.00155452656,0,0,0.01227385114,0.01171271833,0.07332881299,0,0,0.0003749599013,0,-0.08915327136,-0.001285435015,0.0102503431,0.006360538657,0.01227385114,0.002816370525,0.01459034636,0.0006351760956,0.006487560043,0.0002566260879,-0.1325848149,0,0,0.09767867193,0,-0.005890793642,0.007065059838,0.0103633876,-0.003779811171,0.01171271833,0.0002566260879,0.02718643776,-0.02193485897,0.00155452656,0.002816370525
1,1,1,1,4,1500,500,v1,0.02428378485,0,0,0.564034112,0,0,0,0,0,0,0,0,0,0,0,0,0,0,0,0,0,0,0,0,0,0,0,0,0,0,0,0,0,0,0,0,0,0,0,0,0.01221280615,0,0,0.2836641534,0,0,0,0,0,0,0,0,0.00478004699,0,0,0.1110250966,0,0,0,0,0.4106975776,-0.5868691707,0,0,0,0,0,0,0,0,0,0,0,0,0,0,0,0,0,0,0,0,0,0.01090771801,0,0,0,0.2533496714,0,0,0,0,0,0,0,0,0,0,0.2533496714,0,0,0,0.01090771801,0,0,-0.4710777163,0,0,0,0.2949061226,0,0,0,0,0,0,0,0,0,0,-0.2919630485,0,0,0,0.1157914551,0,0,0,0,0,0,0,0,0,0
1,1,1,1,4,1500,500,v1,0,0,0,0,0,0.03682875544,0,0,0,0,0.01194342553,0,0.134353667,0,0.02412873236,0.1210397166,0,0.0228605895,0,0,0,0.08808086271,0.007413602362,0,0,0,0.08688348748,0,0,0,0,0,0,0.317164301,0,0,0,0.0425457707,0.007640844775,0,0,0,0.03832964255,0,0.007239262023,0.0278925635,0,0.002347665183,0,0.01226106889,0,0,0,0,0.01104604241,0,0,0,0,0,0.02684500754,0,0,0,0,-0.03783754232,0,0,0.1192058436,0,0.08261011349,0,0.1073332278,0,0.3017877164,-0.2919349342,-0.2549166392,0,0.1109766412,0,0.01759112952,0,0,0,0,0,0,0,0,0,0.1464758853,0,0,-0.4027411058,0,0,0,0.1073332278,0,0,0.009963554411,0.1192058436,0,0,0.006525247782,-0.5436412319,0,0.08060430715,0.03549924425,0,0,0.009253878012,0,0,0,0,0,0,0,0,-0.1743123321,0,0.02328628432,0,0,0,0,0.3017877164,0,0.006525247782,0,0.08261011349,0,0.009963554411,0
1,1,1,1,4,1500,500,v1,0,0,0,0,0,0,0,0,0,0,0,0,0,0,0,0,0,0,0,0,0,0,0,0,0.185802612,0,0,0.07497371379,0,0,0,0,0,0,0,0,0.4765901774,0,0,0.1923101896,0,0,0,0,0,0,0,0,0.05010521611,0,0,0.02021809107,0,0,0,0,0,0,0,0,0,0,0,0,0,0,0,0.3609759326,0,0,0,0.1453406038,0,0,0,0,0,0,0,0,0,0,0.1453406038,0,0,0,0.3609759326,0,0,0,-0.5981051926,0.2605608345,0,0,0,0,0,0,0,0,0,0,0,0,0,0.3308787832,-0.6684231408,0,0,0,0,0,0,0,0,0,0,0,0,0,-0.4078623067,0.07031794896,0,0,0,0,0,0,0,0,0,0,0,0,0
1,1,1,1,4,1500,500,v1,0.003540389755,0,0.01491277322,0.005181030917,0.02095249838,0.0085286375,0,0.01096978929,0.07447971516,0.04625784093,0.003152623616,0.001887033646,0.0002534507511,0,0.01030631591,0.001090070568,0.006410334219,0.002609302996,0,0.003356163756,0.02278677502,0.01192647583,0.0009645327579,0.0005773304994,0,0,0.114497297,0,0,0.05068682114,0,0,0.2531480861,0.1324963506,0.1572251435,0.006413812876,0,3.262712433e-05,0.001326748684,0,0.000139438001,0.0005873385224,0.000140326544,0.0002040545375,0.0003358997868,0.001535314487,0.001821861805,0.0001241658589,0,0.0005360578431,0,0,0.002290941527,0,0.00230554013,0.003352579717,0.01355809726,0,0,0.007098412201,-0.4064946015,-0.006909029661,0,0.06059448976,-0.02884323357,-0.01145200955,0.0758936723,0,0.0004691600387,0,0.154346867,0,0.002178687348,0,0.1786163166,-0.4513858972,0.00029037963,0,0.02207680941,0.009549253025,0.003333018974,0.02324613702,0,0.002185019504,0,0.05303615323,0,0.003022155748,0,0.1638483269,0.1870555552,0,0,-0.2468924394,0,-0.2075884148,-0.2590732099,0.002178687348,0.003022155748,0.001538927061,0.00838862167,0.0004691600387,0.002185019504,0.0007834108971,0.003113356559,-0.3856527305,0,0.0001572965301,0.002840172974,0.0003302096457,0.002404271724,0.0004510050937,0,0,0.0007834108971,0.2339674206,0,0,0.001538927061,0.005932681001,-0.02542512437,0,-0.00221290775,0,0.003107369847,0,0.01774575522,0.1786163166,0.1638483269,0.003113356559,0.005932681001,0.154346867,0.05303615323,0.00838862167,0.2339674206
1,1,1,1,3,1500,500,v1,0,0,0,0,0,0,0,0,0.06782156458,0,0,0.002117334671,0,0.02963610826,0.04471076719,0,0,0,0.06515791981,0,0.04240282232,0.01274392348,0,0.001323781992,0,0.04635797506,0.069938354,0,0,0,0.1019226005,0,0.06632817516,0.01993455016,0,0.002070712255,0,0,0.1452242277,0,0,0,0,0,0,0.04139330548,0,0,0,0,0.07531918593,0,0,0,0,0,0,0.1655966915,0,0,0.04557281878,0,0,0,0,0,-0.03938939373,0,0,0.009552013842,0.0491665346,0,0,-0.001706971064,0.01385686595,-0.2233266596,0,0.09220280546,0.05526449526,0,0,0.03479715595,0,0,0,0,0,0,0,0,-0.2452135205,0,0.1124644375,0.0809112164,0,0,0.01077566282,0,0,0,0,0,0,0,0,0.1361757117,0,0,-0.1781913122,0,0,0,-0.001706971064,0,0,-0.009532067377,0.009552013842,0,0,0.0002569297962,0.204667243,0,0,-0.2098972714,0,0,0,0.01385686595,0,0,0.0002569297962,0.0491665346,0,0,-0.009532067377
1,1,1,1,3,1500,500,v1,0,0,0,0,0,0,0,0,0,0,0,0,0,0,0,0,0,0,0,0,0,0,0,0,0.01102030518,0,0,0.04343586131,0,0,0,0,0,0,0,0,0.1720807756,0,0,0.6782458904,0,0,0,0,0,0,0,0,0.01926911702,0,0,0.0759480505,0,0,0,0,0,0,0,0,0,0,0,0,0,0,0,0.2126952201,0,0,0,0.8382853259,0,0,0,0,0,0,0,0,0,0,0.8382853259,0,0,0,0.2126952201,0,0,0,-0.7550640112,0.05441031383,0,0,0,0,0,0,0,0,0,0,0,0,0,0.1495893707,-0.850243068,0,0,0,0,0,0,0,0,0,0,0,0,0,-0.7958327543,0.09517905685,0,0,0,0,0,0,0,0,0,0,0,0,0
1,1,1,1,2,1500,500,v1,0,0,0.02580678795,0,0,0.05218337556,0,0,0.006754947916,0.001227206568,0.1274711657,0.04688679717,0.1308696222,0.02615098074,0.003902058334,0.003960978404,0,0.02519356351,0.04290684861,0,0.003261215043,0.0006737458607,0.06154168592,0.02263643335,0.01297055448,0.01606497937,0.00239709888,0.005224076455,0,0.007653913976,0.02635838574,0,0.002003418262,0.0004138932096,0.0003639714296,0.01390593486,0.006492097959,0.04023996203,0.001199809983,0.00261478537,0,0.00383098189,0.001217926803,0,0.007746549749,0.0002071642555,0.0001821771135,0.0189229178,0.02247516103,0.1393077603,0.027837129,0.009052192777,0,0,0.004216372147,0,0,0.04567337233,0,0,0.1324365118,0,0,-0.02379141466,0,-0.1740253954,-0.04645877087,0.01534012978,0.002602207688,-0.006413649923,0.003723948773,0.005138245979,0.0009306923845,-0.008035067431,0.0007111960523,-0.2070525264,0.02449180383,0.006669107414,-0.003472926235,0,0.07347763911,0.01698652587,0.005138245979,0,0,0.02666957752,0.01534012978,0,0,0.001257788678,-0.09126312759,0.007129130831,0.02741272311,-4.119874718e-05,0,0.001695447655,0.01051162168,0.0009306923845,0,0,0.03035955292,0.002602207688,0,0,0.08103074949,-0.1897686488,0.006958606192,0.04064467723,0.0005573617655,0,0.003477722858,0.02628755476,-0.008035067431,0,0,0.003654828769,-0.006413649923,0,0,0.02478610624,0.1133060486,-0.02773998754,-0.06749174768,-0.02444935229,0,0,0,0.0007111960523,0.001257788678,0.08103074949,0.02478610624,0.003723948773,0.02666957752,0.03035955292,0.003654828769
1,1,1,1,3,1500,500,v1,0.01995349943,0.1067965643,0.001783266145,0.003229306928,0.000755373151,0.006189119141,0.02764843246,0.0007703957187,0,0.001069578591,0.1086261855,0,0.002869702756,0,0,0.0001006847623,0.0003372784545,0.002763477278,0,0.0003439861174,0,0,0.04850221631,0,0.01888761535,0,0,0.01464468257,0.01353113712,0.000225940028,0,0.00350305961,0,0,0.000135515732,0,0.0232979418,0.001004447634,0,0.01806426888,0.003118433686,0.0002786978412,3.524147962e-05,0.0005046923995,0.0009672668036,0,0.0001671591452,0.01697664899,0.1914799373,0.008255303044,0,0.1484656929,0.02562962392,0.1371767288,0.0002896408775,0.004147940184,0.0009702523534,0,0.03551351624,0.0009895483552,-0.06571900026,0.01055819584,0.08810323611,-0.002557574146,4.059405819e-05,-0.1133873253,0,0.2240029995,0.00791626104,0,0,0.1736586905,0.0002911604656,0,0,-0.1026133873,0.0005910379752,0,0,0.0004698856288,0.04988877014,0,0.1736586905,0.00749933714,0.03436588065,0.001858013338,0.2240029995,0.001643142911,0.00869664575,0.001091671519,-0.3462862951,0.03338560481,0,0,0.01686969394,0.0002483954647,0,0.0002911604656,0.001643142911,0.000395356421,0.003709826707,0.00791626104,0.00749933714,0.0003863640401,0.06479657145,-0.3880427696,0.041075548,0.0009995104139,0,0.00348558399,0.0003427221125,0.01782762305,0,0.00869664575,0.0003863640401,0,0,0.03436588065,0.000395356421,0,0.1955788902,-0.3395689463,-0.007062162734,0,-0.02013876656,-0.133681281,-0.001031626662,0,0.001091671519,0.06479657145,0,0,0.001858013338,0.003709826707,0
1,1,1,1,0,1500,500,v1,0,0.2363043974,0.03645336721,0,0,0,0.1299067017,0,0.01200534769,0.01375505524,0,0.004068717265,0,0,0,0,0,0,0,0,0.001899055471,0,0,0.0006436064979,0,0,0,0,0.1917592973,0.02958164196,0,0.1054183422,0.009742252203,0,0.01116212714,0.003301734424,0,0,0,0,0,0.0224851199,0,0,0,0,0.008484375795,0,0,0,0,0,0,0.1181027137,0,0,0,0,0.06492614682,0,0.3608979907,0,-0.2590891704,-0.02499501714,0,0,-0.01118647596,0,0,0,0,0,0,0,0,-0.005119504809,0,0,0,0,0,0.002204330858,0,0,-0.08359969968,0.01607644852,0,0,-0.04369568158,0.008405180402,-0.1140809294,0,0,0,0.1645271039,0.009114182488,0.006066971155,0,0,0,0,0,0,0,0,-0.01588083465,0,0,0,0,-0.0004402513014,0,0,-0.04369568158,0,0.002974898129,0,-0.08359969968,0,0.001397862795,-0.09456206661,0,0,0,0,0.1794256539,0,0,0.008405180402,0,0.001397862795,0,0.01607644852,0,0.002974898129
1,1,1,1,3,1500,500,v1,0.003777640952,0.002469779956,0.003603048647,0.003148803429,0.0006439949457,0.006079165624,0.002601175355,0.002802484023,0.0004438771959,0.01333673009,0.004483993581,0.005046824824,0.0004535532305,0.002117950617,0,4.688701908e-05,0.0003788137062,0.003575915116,0.001542094568,0.001648490204,0.0002610995114,0,0.002637595587,0.002968666802,0.004495057518,0.02034059713,0,0.003380061057,0.01395241404,0.02035453661,0.01481013017,0.01469470001,0.002507574978,0,0.07534257441,0.0285107948,0.01270848574,0.01231500764,0,0.009556153078,0.0603351399,0.05754661361,0.001273089815,0.05029157028,0.09709427474,0,0.2130095173,0.07161675328,0.005051387317,0.004894987074,0.02285804664,0.003798393566,0.0239820988,0.01567923147,0.0005060295835,0.0199899662,0.004088358478,0.01664310266,0.0165133863,0.0177913808,-0.4705378262,0.006794306507,0.004477623722,0.01678427124,0.003216135118,0.01048209729,0.005253105833,0.005580272004,0.01094315494,0.01099185623,0,0.005207612341,0.001128696488,0.007597283634,0,-0.2257853346,0.0004803397204,0.003511584668,0,0.001802140257,0.006108549064,0.003094498792,0.005207612341,0.04943833505,0.01134029294,0.05051760197,0.005580272004,0.04091649164,0.01123513086,0.186326236,-0.2764576093,0.006421929151,0.001584188241,0,-0.00966729867,0.09393553743,-0.03068478359,0.001128696488,0.04091649164,0.00466961234,0.1309094046,0.01094315494,0.04943833505,0.02007228937,0.09636426476,0.1897374314,-0.02035536601,-0.01278930562,0,-0.1047586801,-0.2686157009,-0.1681064259,0.007597283634,0.01123513086,0.02007228937,0.002706225952,0.01099185623,0.01134029294,0.00466961234,0.0307995425,-0.1192824029,0.006741513977,0.004261064948,-0.01748853282,0.03772782232,-0.009860607593,-0.02151287652,0,0.186326236,0.09636426476,0.0307995425,0,0.05051760197,0.1309094046,0.002706225952
1,1,1,1,1,1500,500,v1,0.001043900606,0.07206175552,0.030749181,0.0005781380698,0.04939577982,0.08351281425,0.03731682961,0.5513686418,0,0.008912033022,0.003127341861,0,0.003905574544,0,0,0.0002075312461,0.006283655131,0.0106236955,0,0.07013980563,0,0,0.0003978302966,0,0.001400378143,0,0,2.948533066e-06,0.00033646114,0.0001435699758,0,0.0001742347649,0,0,4.161087624e-05,0,0.0005169748111,5.291960206e-05,0,1.088504082e-06,1.799340202e-06,5.300144214e-05,2.811998807e-06,9.965192715e-07,0.0001439485361,0,1.536140434e-05,5.39050548e-06,0.0193744635,0.001983247301,0,4.079344323e-05,6.743317146e-05,0.004654995588,0.0001053841833,3.734616434e-05,0.003190834521,0,0.002410566825,0.03561693129,0.1340951666,-0.001614373307,-0.1092809687,-0.03964701931,-0.6005360573,-0.08652750392,0,0.02600145491,0.002132767392,0,0,5.493425322e-05,0.0001560889215,0,0,-0.6467928016,-0.002968998613,0,0,0.07641213454,0.01097688413,0,5.493425322e-05,0.001461688539,0.1005613727,0.04581389646,0.02600145491,0.0008092088406,0.05207285559,0.01327679839,-0.1605907929,0.001375709617,0,0,0.0005092745849,0.0001849339337,0,0.0001560889215,0.0008092088406,0.05987873599,0.1090179168,0.002132767392,0.001461688539,0.6682893212,0.004084334085,-0.135987035,0.000510744532,5.006252136e-05,0,2.761179841e-06,6.828865268e-05,0.0001491187278,0,0.05207285559,0.6682893212,0,0,0.1005613727,0.05987873599,0,-0.6355397143,-0.01925738018,0.001393031881,0,9.76805447e-05,0.007015541766,0.03867855076,0,0.01327679839,0.004084334085,0,0,0.04581389646,0.1090179168,0
1,1,1,1,3,1500,500,v1,0,0.04111580394,0.0004840813266,0,0.0008432706501,0.001833488606,0.0167968291,0.0001060952894,0.002266506097,9.073265606e-05,0.00259841652,0.0008205551891,0,0.001491833577,0.0007923819927,0,0.002776637526,0.006037128492,0.002939265632,0.0003493399916,0.007462925317,7.779914356e-05,0.008555806865,0.002701842321,0,0.0001019790784,5.416581757e-05,0,0.009254473061,0.000108958531,0.0002009229481,0.003780682548,0.0005101522434,5.318210479e-06,2.042238849e-05,0.0001846931147,0,0,0.00762248198,0,0,0.01533318384,0,0,0.05807540248,0.0007484049049,0.002873939604,0.08230434848,0,0,0.005408181947,0,0,0.4907857075,0,0,0.01006584191,0.01065539989,0.200498175,0.001266424262,-0.8390581878,0,0.0578346501,0.0005375751547,0.0009042587151,0.004426491999,0.002906067519,0,0,0.005719133451,0.01007952433,0,0,0.011277924,0.0009778009533,-0.1663764195,0,0.004368767412,0.0008276637531,0.003014928927,0.01456029192,-0.009984125549,0,0,0.6605580096,0.02182254314,0,0,0.2698525621,0.004111650576,-0.6768541559,0,0.0002955035316,5.897811194e-05,0.01302813687,0.0001273848991,0.0006829737691,0,0,0.009722117292,0.07522383327,0,0,0.001224926414,0.1065654529,0.02053838576,0,0,-0.008258192065,0,-0.01795442256,-0.1401796421,0.011277924,0.2698525621,0.001224926414,0.007028536211,0.005719133451,0.6605580096,0.009722117292,0.002564090176,0.07944624673,0,0,-0.01599564258,0,-0.6911364989,-0.01121721677,0.0009778009533,0.004111650576,0.1065654529,0.002564090176,0.01007952433,0.02182254314,0.07522383327,0.007028536211
1,1,1,1,0,1500,500,v1,0.001967724539,0.003855887924,0.002660700402,0.02137062755,0.01621740807,3.205123735e-05,0.001770541504,0.009435665551,0.01257275186,0.001338035278,8.275066913e-05,0.03818102414,0,0.0001700952485,0.00167073238,0,0.04362443484,8.621705206e-05,0.001183956544,0.02538171176,0.03382039794,0.0008707441485,0.0002225972954,0.10270603,0.00928029068,0.0003213151697,0.003156064988,0.01807790582,0.01959349087,0.01352020859,0.002236530422,0.008996913158,0.06388777466,0.001644862548,0.006799155608,0.1940148579,0.008177746826,0,0.002781109054,0.01593016233,0.008810971574,0.01191394178,0,0.09569225169,0.0001435173143,0.001449444845,0.005991382717,0.000370536515,0.005674278581,0,0.0001964627886,0.01105343328,0.006113653106,0.01198011241,0,0.06639781174,0.05038693435,0.001367489135,0.005501012133,0.02931629141,-0.3141400809,0.02073074247,0.005274561335,0.003456437824,0.02353323613,8.668583119e-05,0.04898239097,0.009619493946,0,0.0002625066652,0.002424893417,0.01731193152,0,0.001413577212,0.001092448857,-0.2243526658,0,0.0008169188585,0.001541139208,-0.02626079372,-4.763252818e-05,0.1226192308,0.01731193152,0.005791320338,0.01712379262,0.01400932547,0.009619493946,0.08480163321,0.006320206722,0.006735487232,0.1715572005,-0.01184911648,-0.002158243626,-0.002635884566,-0.02222754268,-0.01196056729,-0.2486900399,0,0.08480163321,0.04608843339,0.0001395395861,0,0.005791320338,0.02110797661,0.0003637022348,0.001868877936,-0.01167957043,0,-0.001250149491,-0.07809871515,-0.00532574567,-0.0003745478507,0.001413577212,0.006320206722,0.02110797661,0.02882693799,0.0002625066652,0.01712379262,0.04608843339,0.08680568933,-0.1019185233,0.005574403285,0,0.0002239355179,-0.003027329713,0.001323648453,-0.04207004908,0.001092448857,0.006735487232,0.0003637022348,0.08680568933,0.002424893417,0.01400932547,0.0001395395861,0.02882693799
1,1,1,1,2,1500,500,v1,0.06810873875,0,0.003546531745,0.1157245964,0,0.1565113159,0,0,0,0.01456212894,0.1352990977,0,0,0,0,0,0,0.01049503143,0,0,0,0,0.009072623759,0,0,0,0,0,0,0.01789493503,0,0,0,0,0.07347695441,0,0,0,0,0,0.0530071313,0.002760166717,0,0.09006522493,0.1218083909,0,0.01133329871,0.1052995132,0,0,0,0,0.004088124901,0,0,0.006946195347,0,0,0,0,0.2153699731,-0.1607665972,0,0.01775443289,0,-0.2295106935,0,0,0,0,0,0,0,0,0,-0.07944556822,0,0,0,0,0.01937350547,0,0,0.02588732404,0,0.01738343088,0,0.03120351137,0,0.07114696591,0.03170291303,0,0,0,0,-0.09072317759,0,0,0.03120351137,0,0.0464880171,0,0.02588732404,0,0.04362007717,-0.4328866854,0,0,0,0.111720196,0.01394848012,0.1500651252,0,0,0,0,0,0,0,0,-0.04904640112,0,0,0,0.01098584411,0,0,0,0.07114696591,0.04362007717,0,0,0.01738343088,0.0464880171,0
1,1,1,1,4,1500,500,v1,0.002331806243,0.03574731189,0.003970121599,3.482024982e-06,0.01060389661,0,0.06352131749,0.006044989297,0.01695879054,0.005765355059,0,0.007097236449,9.916271148e-05,0.0002056969722,0.00031832637,1.606817476e-05,0.0003156839872,0,0.001129758732,0.0001799627434,0.0005048727665,0.0004027617282,0,0.000211288735,0.0005463378543,9.013578865e-05,0.0001394896488,6.786521637e-06,0.0004663369437,5.179170894e-05,0.000495056846,0.0008286591493,0.0002212337133,0.0001764889663,7.521119535e-05,9.258608213e-05,0.4267803523,0.03394383302,0.1089645189,0.005301397427,0.0237624939,0.04045790277,0.005500207011,3.548390764e-05,0,0.137867114,0.05875240055,0,3.258612422e-06,2.591726524e-07,5.376116596e-07,4.047796347e-08,1.814346827e-07,2.781449877e-06,4.199594192e-08,2.709316434e-10,8.250748197e-07,2.952748698e-06,4.942507601e-06,4.703524223e-07,-0.1200095888,0.002268369836,-0.09672877062,0.009533452662,-0.01460982519,0,-0.02399027182,0.6391972105,0.05004513332,0.0001886031905,0.1627477508,0.007940185093,0.008186867937,0.0009881440737,0.2059188187,-0.3233176593,0.0001131640814,-0.001185763783,0.0007207384619,0.0003561033272,0,0.0007112671439,0.007940185093,0.03211220053,0.05196891804,0.05464591598,0.6391972105,4.782700842e-05,0.09131337647,0.07938881082,-0.8887371903,0.0005528434573,0.0003979551217,0.0003159300236,0.001199527117,0.0001267661207,0.000312868768,0.008186867937,4.782700842e-05,0.01320938717,0,0.05004513332,0.03211220053,0.0081693113,0,0.01363504511,-0.4319810732,-0.03893479934,-0.2468143831,-0.02370856925,-0.09901670328,0,0.0009881440737,0.09131337647,0.0081693113,0.0242855139,0.0001886031905,0.05196891804,0.01320938717,0.01016368989,-0.6022608384,3.298376841e-06,3.008960428e-07,3.3104859e-06,1.812262043e-07,7.713969931e-06,1.256321865e-06,0.2059188187,0.07938881082,0,0.01016368989,0.1627477508,0.05464591598,0,0.0242855139
1,1,1,1,1,1500,500,v1,0.0004077189523,0.0005583535229,0.0002693784868,0.001189340107,0.0005299211742,0,8.861966779e-05,0.0004259302082,7.856622966e-06,0.0002961846996,0,3.906292836e-05,0,0.001214477216,0,0,0.09701147108,0,0.02723102285,0.07797408009,0.001438294201,0,0,0.007151161965,1.636646988e-05,0.0001178481509,0,0.0003507282641,0.009918693701,0.004785288514,0.002642392669,0.001574255923,0.0001395664817,0,0.005261478963,0.0006939209758,2.20890143e-05,0,0,0.0004733605778,0.009775240218,0.006458467047,0,0.02851494928,0,0,0.007101157725,0,0.000192760732,0,0.001387989957,0.004130801411,0.08530405358,0.1168202228,0,0.2488369295,0.1108715304,0.03112152764,0.01854124476,0.08911426142,-0.4858031374,0.001591211865,0.0006415303209,0.0003773704917,0.0009526429988,0,4.218958905e-05,0.0002551317917,0,0.0004347907397,0,0.005299330349,0,0.006252595697,0,-0.1276319687,0,0.01152887875,0,0.06675316008,0,-0.008374641417,0.005299330349,0.1126494116,0.1594876076,0.007893499354,0.0002551317917,0.3286385896,0.02530929948,0.00941941012,-0.161428347,0.0001883356212,0.002575398639,0,0.01143361047,-0.004002559091,0.0007320539317,0,0.3286385896,0.03813045159,0,0,0.1126494116,0.03036842213,0,-0.3397569527,0.0002354276995,0,0,0.03800135958,-0.007916751052,0,0.006252595697,0.02530929948,0.03036842213,0.001899757982,0.0004347907397,0.1594876076,0.03813045159,0.009500838875,0.1339015557,-0.004126738077,0,-0.01856253502,-0.3337845735,-0.1352730788,-0.1133717189,0,0.00941941012,0,0.009500838875,0,0.007893499354,0,0.001899757982
1,1,1,1,1,1500,500,v1,0.00327269401,0.02606518335,0.0002542891035,0.02561090807,0,0,0.01084402208,0,0,0.0006554368973,0,0,0.3932315525,0.0007047124824,0.04156994068,0.07920172268,0,0,0.04441024206,0,0,0.003490568824,0,0,0.02203242124,7.436852546e-05,0.004386888652,0.02285159958,0.02268479789,0.0002213104294,0.004686626532,0.009437664255,0,0.0003683608038,0.0005704334915,0,0.004640705182,0.008740722191,0.0009240136014,0.004813249322,0.0005999309734,4.661477942e-05,0.001760490099,0.004694840691,0,7.758810855e-05,0.0001201508282,0,0.03611455891,0.06802141357,0.0001219015588,0.03745731938,0.00466873926,0.03718390551,0.01370035822,0.03653584833,0,0.007682108475,0.01546979689,0,-0.02849319625,0.009162569586,0.01929983874,-0.0004169097843,0,0,0,0.01705712045,0.47428224,0.0007616855087,0.05442816893,0.01734489744,0.09549704578,0.0480637374,0.004583047811,0.1097396122,-0.4717641986,-0.04495042263,-0.04476894172,0,0,0,0.01734489744,0.003420101001,-0.01792657283,0.0003458775362,0.01705712045,0.02075008823,-0.006595882071,0.0006779347489,-0.1470932235,0.03413575901,0.004730136329,0.004441243709,0.02501124529,-0.0003851704633,0,0.09549704578,0.02075008823,0,0,0.47428224,0.003420101001,0,0,-0.48493549,0.009260230805,0.010496399,0.0009868869029,0.00514809242,0.0001195387246,0,0.0480637374,-0.006595882071,0,0,0.0007616855087,-0.01792657283,0,0,-0.3994703495,-0.06633066827,0.0814149422,0.007670004363,-0.03042412146,-0.02796278078,0,0.004583047811,0.0006779347489,0,0,0.05442816893,0.0003458775362,0,0
1,1,1,1,3,1500,500,v1,0.0003375351381,0.003359399843,0.00188170202,9.130460564e-05,0,0.0234717973,0.001834052311,0,0.01654081122,0.01295980389,0.02444521164,0.02616396104,0.002778833381,0.004892408736,0.01567840047,0.0407229029,0,0.06959007176,0.02385998789,0,0.04904082229,0.02990488105,0.07247608739,0.07757190058,0.01209434091,0.002465667536,0.007901572653,0.01801644895,0.005019661369,0.002811664994,0.01202491467,0.002740466144,0.02471550723,0.01507140927,0.01936471691,0.03909454981,0.01460361546,0.001691034522,0.009540952197,0.02175441343,0.000608989627,0.003395015458,0.02478156305,0.0001647341312,0.04234842382,0.01819835136,0.02338241341,0.04410468316,0.02203386606,0.002551424904,0.004492033806,0.03282295629,0.0009188406744,0.00914498335,0.03739030535,0.0002485500796,0,0.02190738305,0.004992670902,0,-0.1781526319,-0.0001181063208,-0.0002070632926,0.002490054072,0,0.04488118581,0.03780427699,0.01831080477,0.002567178379,0.003960958752,0.008246277657,0.02570227173,0.04236398465,0.02240375284,0.01484163127,0.211550432,-0.03306182342,-0.01955965423,-0.03624998507,0,-0.1264228133,-0.1212421483,0.02570227173,0.001444292216,0.01116558407,0.003822315587,0.01831080477,0.0003718729665,0.006197096924,0.02385706005,-0.1890947468,0.001965189068,0.005853149867,0.01146488108,0.0005878869356,-0.006552733756,0.0439878053,0.04236398465,0.0003718729665,0,0.01813585684,0.002567178379,0.001444292216,0,0.01578424934,-0.1962455943,0.004603649912,0.02099255751,0.009393164689,-0.0002469606509,-0.01439023741,0.05892822342,0.02240375284,0.006197096924,0,0.02276981373,0.003960958752,0.01116558407,0,0.03640528526,-0.01919117463,-0.03591088997,-0.01788484283,-0.003869970036,-0.0008457098165,-0.0119559443,0,0.01484163127,0.02385706005,0.01578424934,0.03640528526,0.008246277657,0.003822315587,0.01813585684,0.02276981373
1,1,1,1,2,1500,500,v1,0.002101711453,0.001697266838,0.0002085747431,0.01177164836,0.000457680458,0.000939077913,0.03672483746,0.006401967614,6.994657558e-05,0.002232225614,0.0002846383315,0.0001700155642,0.0367155784,0.05608934492,0,0.06453550629,0.00214577015,0.004402734088,0.1667401422,0.03001472046,0.0003279346351,0,0.001334486593,0.0007970939466,0.008746546289,0.04741885336,0,0.03406271751,0.006727313027,0.00082671007,0.1409648546,0.1455631324,0.0002772413262,0,0.008847683883,0.0006738763133,0.0003425765766,0.001215743961,0,0.001334136786,0.0003262764042,3.237980984e-05,0.002136930846,0.00182746832,0.000145785457,0,0.0003465378397,4.418816444e-05,0.002728651038,0.00968350216,0.01479321085,0.0106265109,0.002598818804,0.002098712917,0.01702083262,0.01455593776,0.0005659333391,0.04397666051,0.04541118049,0.007916193154,-0.1506317516,-0.003538382074,0.0376078138,0.002269841987,0.006613844791,0.001038108332,0.000162489968,0.008282006621,0.03867654601,-0.002704285042,0,0.03305880806,0.06795364716,-0.01252844243,0,0.207713842,-0.1008283876,-0.1516513558,0,-0.03172254945,-0.005610971346,-0.0003729106339,0.03305880806,0.002715400493,0.004404135826,0.0008921812314,0.008282006621,0.01457335211,0.09540527244,0.009415678531,0.008158979639,-0.04199370398,0.1034720393,0,-0.1511533131,-0.009511325361,2.109977768e-05,0.06795364716,0.01457335211,0.001706881984,0.005081114711,0.03867654601,0.002715400493,0.0237307594,0.001508295012,-0.1287333605,0.001620471269,0.003312737297,0,0.00181263274,0.0003695768601,0.0001799232001,-0.01252844243,0.09540527244,0.0237307594,2.354558598e-05,-0.002704285042,0.004404135826,0.001706881984,0.0002604357464,-0.3264481522,0.01281268958,0.02642885485,0.05833446818,-0.009800085718,0.04700589372,0.00815027706,0,0.009415678531,0.001508295012,0.0002604357464,0,0.0008921812314,0.005081114711,2.354558598e-05
1,1,1,1,1,1500,500,v1,0.004637417115,0.01019006426,0.002606805927,0.00142280534,0.007952766193,0.02802183194,0.0009360357743,0.01138944432,0,0.005883934403,0.005739061197,0,0.03859863775,0,0,0.009766162712,0.06849619676,0.2413485909,0,0.09809588269,0,0,0.049429828,0,0.004592908118,0,0,0.002871840813,0.01340767221,0.003429929243,0,0.001231597811,0,0,0.007741841639,0,0.002297152848,0.002949187137,0,0.001436357343,0.003051790786,0.001715486469,0.0007461983927,0.0009363195329,0.01844060312,0,0.003872098703,0.003776760565,0.02503824237,0.03214521071,0,0.01565584255,0.03326355816,0.07309193604,0.008133327406,0.01020558794,0.05704410327,0,0.006714056479,0.08169492508,-0.425243496,0.005949761228,0.01106097633,0.001221248451,0.01924385692,0.03366826933,0,0.02726119281,0.005467454266,0,0,0.01707011132,0.00276038442,0,0,0.1395731109,-0.02730274411,0,0,-0.08750036704,-0.2904033023,0,0.01707011132,0.03848195402,0.07430194774,0.002832961874,0.02726119281,0.01179340123,0.006826097938,0.006690603279,-0.1033662617,0.007220523737,0,0,0.0144814014,-0.00832427336,0,0.00276038442,0.01179340123,0.0170096856,0.2920830189,0.005467454266,0.03848195402,0.0212785383,0.05985087246,-0.3435159895,0.003678080857,0.003625526011,0,0.003817993641,0.0007539814713,0.02211243895,0,0.006826097938,0.0212785383,0,0,0.07430194774,0.0170096856,0,-0.04572499213,-0.04045280737,0.01819199228,0,-0.04328465829,-0.0796277415,0.04273102752,0,0.006690603279,0.05985087246,0,0,0.002832961874,0.2920830189,0
1,1,1,1,3,1500,500,v1,0,0,0.02176583382,0,0,0.002614008537,0,0,0.006609979764,0.004007337627,0.001030408955,0.005767201695,0.004113043535,0.0001710637729,0.0002471628256,0.002834155233,0,0.002553109038,0.0002982281429,0,0.006455984682,5.801334572e-05,0.001006403146,0.005632841117,0.000967496774,0.002589966342,0.003742133055,0.004055916976,0,0.3218649931,0.004515280115,0,0.09774590342,0.0008783426801,0.05925900694,0.0852832172,0.0004784701291,0.0307967356,0.001850651014,0.002005831101,0,0.1591765357,0.02122095927,0,0.01911660387,0.0004343794696,0.0293062111,0.007535522375,0.0006763641738,0.04353418816,0.001810611148,0.00283543781,0,0,0.02999789478,0,0,0.003156572493,0,0,-0.3880372495,0,0,0.025568975,0,0.003419169916,0.01225515796,0.0006554505399,0.01412448307,0.002774081094,0.002596585169,0.003677170256,0.01215843171,0.004131034475,0.0005876331977,-0.2246107706,0.006442130902,0.0003991701196,0.0002045847641,0,0.003253421463,0.01199447222,0.003677170256,0,0,0.2136317473,0.0006554505399,0,0,0.03945593957,0.2329542845,-0.003347253403,-0.005339760206,-0.003908424977,0,-0.374448977,-0.1828978631,0.01215843171,0,0,0.02087411514,0.01412448307,0,0,0.008256768782,-0.4013700747,0.002364809921,0.03268365605,0.001581027968,0,0.1801548772,-0.02609318067,0.004131034475,0,0,0.1270885974,0.002774081094,0,0,0.1108837523,0.03320275332,-0.001905970377,-0.05664773012,0.0003371797018,0,0,0,0.0005876331977,0.03945593957,0.008256768782,0.1108837523,0.002596585169,0.2136317473,0.02087411514,0.1270885974
1,1,1,1,0,1500,500,v1,0.268648913,0,0.02745240067,0.02423583462,0,0.00746940195,0,0,0,0.0199008079,0.006874299254,0,0,0,0,0,0,0.006409989011,0,0,0,0,0.005899291934,0,0,0,0,0,0,0.0663298043,0,0,0,0,0.04808383462,0,0,0,0,0,0.03869378547,0.003953998139,0,0.003490712749,0.001075825818,0,0.002866334291,0.0009901125512,0,0,0,0,0.4289293175,0,0,0.03869533619,0,0,0,0,-0.5249633895,0.2865057726,0,0.04574098125,0,-0.007169236365,0,0,0,0,0,0,0,0,0,-0.005356403764,0,0,0,0,-0.002852176677,0,0,0.18038278,0,0.05247934465,0,0.01676979795,0,0.03788401485,0.05255035157,0,0,0,0,-0.1127925911,0,0,0.01676979795,0,0.006457649032,0,0.18038278,0,0.00585522163,-0.2506590463,0,0,0,0.04215097268,0.006809370276,0.001812832596,0,0,0,0,0,0,0,0,0.3286567452,0,0,0,-0.4600917973,0,0,0,0.03788401485,0.00585522163,0,0,0.05247934465,0.006457649032,0
1,1,1,1,1,1500,500,v1,0.01444414853,0.02016972148,0.08736062728,0.07001746993,0.08136657606,0.09256885095,0.001739658159,0.0456567786,0.01098471698,0.05603507505,0.0406363767,0.03062822234,0,0.007863445338,0.01160298856,0,0.02797977058,0.03183193072,7.13358697e-05,0.01570013453,0.003777347847,0.002013238667,0.01397375375,0.01053221944,0.1185350177,0.01645216482,0.02427616293,0.001169062586,0.01451136242,0.0628527134,0.0001492513059,0.001251619169,0.007903094214,0.004212165653,0.04031514678,0.02203586376,0.0001644971813,0,3.368928821e-05,1.622368679e-06,1.442155282e-05,8.722396463e-05,0,6.990793806e-05,9.242404081e-05,5.845440365e-06,5.594741654e-05,4.057280716e-05,0.003434920219,0,0.0004767525638,3.387721866e-05,0.0003011412292,0.0004205117875,0,0.001459770849,0.001696384572,4.325020052e-06,3.626955201e-05,0.0009518829301,0.2007428855,-0.0844462648,-0.01775602326,-0.1271754423,-0.1246613217,-0.1318040736,-0.02793559041,0.1723078327,0,0.01302975148,0.02384271484,0.00169920579,0,0.0001289421518,0.004382152812,-0.3139807375,0,0.005693845465,0.006782454261,0.04118090048,0.04320838832,0.01300119416,0.00169920579,0.02118821804,0.01054370938,0.04147232536,0.1723078327,0.1027146794,0.001099966331,0.02774747284,-0.1427244105,-0.1196314519,-0.01491178797,-0.0256351636,0.009578935833,0.08088676504,0.007743574347,0,0.1027146794,0.07758265638,0.09220357658,0,0.02118821804,0.04371902935,0.04049587733,-0.3525937595,0.0001657648753,0,3.613090934e-05,8.42990284e-05,0.000142145141,0.0001293826997,0.0001289421518,0.001099966331,0.04371902935,0.004121728702,0.01302975148,0.01054370938,0.07758265638,0.006664504108,-0.3047031037,0.003460994686,0,0.0004454800912,0.001760033634,0.0004146369639,0.002612630716,0.004382152812,0.02774747284,0.04049587733,0.006664504108,0.02384271484,0.04147232536,0.09220357658,0.004121728702
1,1,1,1,0,1500,500,v1,0,0,0.08449677459,0,0,0,0,0,0,0.05460112518,0,0,0,0,0,0,0,0,0,0,0,0,0,0,0,0,0,0,0,0.4876027577,0,0,0,0,0.315084917,0,0,0,0,0,0,0.03536308747,0,0,0,0,0.02285133811,0,0,0,0,0,0,0,0,0,0,0,0,0,-0.7443017534,0,0,0.1389104885,0,0,0,0,0,0,0,0,0,0,0,0,0,0,0,0,0,0,0,0,0,0.551645006,0,0,0,0.3564418972,0.1971177508,0,0,0,0,-0.8025090159,0,0,0,0,0,0,0,0,0,-0.6635985276,0,0,0,0,0.05820726245,0,0,0,0,0,0,0,0,0,0,0,0,0,0,0,0,0,0.3564418972,0,0,0,0.551645006,0,0
1,1,1,1,1,1500,500,v1,0,0,0,0,0,0,0,0,0.02734623539,0,0,0.05219525981,0,0,0,0,0,0,0,0,0.03298273596,0,0,0.06295354547,0,0,0,0,0,0,0,0,0.283469386,0,0,0.5410528374,0,0,0,0,0,0,0,0,0,0,0,0,0,0,0,0,0,0,0,0,0,0,0,0,-0.7285461663,0,0,0,0,0,0.07931617665,0,0,0,0,0,0,0,0,-0.7451195423,0,0,0,0,0,0.09588955265,0,0,0,0,0,0,0,0,0.1752057293,0,0,0,0,0,-0.8244357192,0,0,0,0,0,0,0,0,0,0,0,0,0,0,0,0,0,0,0.3347968042,0,0,0,0.6390481793,0,0,0,0,0,0,0,0,0,0,0.6390481793,0,0,0,0.3347968042
1,1,1,1,4,1500,500,v1,7.52985516e-05,0.05328944063,3.647269759e-05,0.002140694289,0.0007547467823,0,0.04409025088,0.0001168629321,0.002898085976,5.834872319e-06,0,0.0005809234399,0,0.05995474358,0,0,0.001382689083,0,0.04439829995,0.0002140918043,0.005309266546,0,0,0.001064246337,0.05279388377,0.05615749979,0,0.1415089811,0.09144261551,6.2585736e-05,0.04158632613,0.07565716231,0.004973003254,0,1.001241484e-05,0.000996842116,0.05915231322,0,0,0.1585521461,0.0001447712157,7.012348391e-05,0,0.004115761966,0,0,1.121829758e-05,0,0.01096388539,0,0.01166241897,0.02938765137,2.683335496e-05,0.01899019896,0,0.0007628567682,0.0002689611936,0.008636373783,0.0157119802,4.164521723e-05,-0.1166090386,-0.0004863687081,0.06423417932,1.198846662e-05,-0.0005831238678,0,0.001185077189,0.00494713755,0,0.005571029758,0,0.009742911941,0,0.007729040438,0,0.01395832235,0,-0.02301060646,0,-0.0009792611875,0,2.009180895e-05,0.009742911941,0.000174182031,0.03751801369,5.689683138e-05,0.00494713755,0.004639450027,0.03425632834,8.947902603e-06,0.02918291004,0.05773456444,-0.005857577324,0,-0.1463823124,-2.595369639e-05,-0.0009923499596,0,0.004639450027,0.001754210992,0,0,0.000174182031,0.0002821274132,0,0.09819449294,-0.107726315,0,0,-0.003484597971,-2.993125956e-05,0,0.007729040438,0.03425632834,0.0002821274132,-0.0004834436459,0.005571029758,0.03751801369,0.001754210992,0.0001642150889,-0.1665414185,0.04019838421,0,0.02000147026,0.0007618786443,0.0342985716,0.0002048261199,0,8.947902603e-06,0,0.0001642150889,0,5.689683138e-05,0,-0.0004834436459
1,1,1,1,1,1500,500,v1,0.00358055364,0.01602455154,0.005146499506,0.08992693699,0,0.01150543676,0.009541617562,0,0.01453299858,0.01174613966,0.06606045592,0.007699767869,0,0,0.08091604084,0,0,0.05316368668,0,0,0.06715327712,0.1816361682,0.3052485059,0.03557866208,0.0003393197166,0,0.005017976365,0.0001791231988,0.004591893966,0.001474748293,0,0.002734185478,0.004164484,0.01126409534,0.003365899363,0.002206396699,2.41405942e-05,0,0.0003569993879,1.27435579e-05,7.299531903e-05,0.0001049196328,0,0.001833304599,0.0002345567505,0.0008013738707,0.0002394638645,0.001346748168,1.697929422e-06,0,0,8.963185293e-07,5.134127968e-06,2.29774796e-05,0,0.0001289455343,0,0,1.368165108e-05,0,-0.4378044096,-0.09304412391,-0.02517278379,-0.01660506714,0,0.07718443232,0.02206856568,0.0004662029288,0,0,0.1131331185,0.0002467594754,0,0,0.2541176112,0.1245799083,0,0,-0.2622204893,0,-0.3574710902,-0.1022446548,0.0002467594754,0.005236393607,0.01708078641,0.005340947727,0.0004662029288,0.1312985483,0.01012874268,0.01219090021,-0.3826204358,-0.0005125194966,0,0.01624011686,0.006996809485,0.004583224686,0.006361935594,0,0.1312985483,0,0.06199455257,0,0.005236393607,0,0.3560679721,-0.6317104384,3.474287722e-05,0,0.001146552085,0.001888220871,0.0003339438013,0.001578306617,0,0.01012874268,0,0.07238353966,0,0.01708078641,0,0.03833769079,-0.1098096541,2.468351238e-06,0,0,0.0001326084993,3.62882547e-05,0,0.2541176112,0.01219090021,0.3560679721,0.03833769079,0.1131331185,0.005340947727,0.06199455257,0.07238353966
1,1,1,1,4,1500,500,v1,0.0001360342074,0,0,0.0004169849361,0.004573345465,0.00166321927,0,0.01703197694,0,0,0.00345196179,0,0.001195766914,0.0003339045555,0.0002167457279,0.004158845637,0.02193194436,0.007976137548,0.001719126327,0.08167858155,0,0.0001302535711,0.01655423464,0,0.01476511199,7.534310408e-05,4.890707739e-05,0.03799764806,0,0,0.0003879081961,0,0,2.939075914e-05,0,0,0.0162288864,0.0002965648478,5.375559655e-05,0.04176463506,0.0001617947393,0,0.001031444681,0.0004959485584,0.001978179853,3.230448178e-05,0,0.004105653047,0.1350840585,0.002468510917,0.0006893041034,0.3476354611,0.00134672765,0,0.008585415549,0.004128117139,0.04527575019,0.003548920828,0,0.1686151941,-0.1330859003,0.0005139668974,0,0,0.02156493671,0.004831552169,0,0.1561747269,0.001480624885,0.0004329153546,0.0002649850518,0.401749417,0.005117282473,0.002255908231,0.0001552906227,-0.1906783968,0.004773317072,0.001772485357,-0.0002793339004,0.1001640797,-0.02410539706,0,0.401749417,0.001596501667,0,0,0.1561747269,0.004843802121,0,0,-0.4269087566,0.0525013104,0.00038710413,-1.819440246e-06,0,0,0,0.005117282473,0.004843802121,0.02844293221,0.006547889092,0.001480624885,0.001596501667,0.1042629258,0.01356911519,-0.4598905129,0.0578417501,0.001300849143,9.695577392e-07,0.0005513457027,0,0.005862508698,0.002255908231,0,0.1042629258,0,0.0004329153546,0,0.02844293221,0,0.2413711455,-0.4822924895,-0.01047277112,-0.003952138545,-0.005358848462,0,-0.2101995884,0.0001552906227,0,0.01356911519,0,0.0002649850518,0,0.006547889092,0
1,1,1,1,1,1500,500,v1,0,0,0,0,0,0,0,0,0,0,0,0,0,0,0.1291183269,0,0,0,0,0,0,0.005537729432,0,0,0,0,0.4735197367,0,0,0,0,0,0,0.02030869083,0,0,0,0,0.3562369429,0,0,0,0,0,0,0.01527857315,0,0,0,0,0,0,0,0,0,0,0,0,0,0,0,0,0,0,0,0,0,0,0,0,-0.01889242762,0,0,0,-0.000494329103,-0.1213913671,0,0,0.134315871,0,0,0,0,0,0,0,0,0,0,0,0.4656375188,0,0,-0.4527130146,0,0,0,0,0,0,0,0,0,0,0,-0.3183971436,0,0,0.3313216478,0,0,0,0,0,0,0,0,0,0,0,0,0,0,0,0,0,0,-0.000494329103,0,0,0,-0.01889242762,0,0,0
1,1,1,1,1,1500,500,v1,0,0.02307782607,0,0,0,0,0.002599901239,0,0,0,0,0,0,0.0117532738,0,0,0,0,0.01533522433,0,0,0,0,0,0.3826584581,0.1287283166,0,0.03764083713,0.1575177742,0,0.1679598083,0.01774563406,0,0,0,0,0.02608809966,0,0,0.002566199412,0,0,0,0,0,0,0,0,0.01129153279,0,0.00379853098,0.001110710446,0,0.00464805383,0,0,0,0.004956178654,0.0005236403496,0,-0.1699827031,0,0.02562118051,0,0,0,0,0.5178508192,0,0.1697937262,0,0.0509443131,0,0.2215218767,0,-0.2879588571,0,0.02708178716,0,0,0,0,0.0509443131,0,0.1946119031,0,0.5178508192,0,0.02193038044,0,0.10757696,-0.4202159411,-0.2966540863,0,-0.1751422806,0,0,0,0,0,0,0,0,0,0,-0.4078354289,0.02863867556,0,0,0,0,0,0.2215218767,0.02193038044,0,0,0.1697937262,0.1946119031,0,0,-0.8106706623,0.01238051229,0,0.008695228961,0,0.005159577301,0,0,0,0,0,0,0,0,0
1,1,1,1,2,1500,500,v1,0.009443956595,0,0,0.0003321888658,0,0,0,0,0,0,0,0,0.09290874737,0,0,0.04831280075,0,0,0,0,0,0,0,0,0.0002152120799,0,0,0.001125144975,0,0,0,0,0,0,0,0,0.0002776798818,0.1982614795,0,0.001451731353,0.001398770516,0,0.1030965073,4.920141113e-05,0,0,0,0,0.0004952308969,0.3535913716,0,0.002589104457,0.002494650935,0,0.1838684727,8.774873714e-05,0,0,0,0,0.003973053176,-0.009717384579,0,0,0,0,0,1.697707676e-05,0.0912815896,0,0,-1.959515681e-05,0.04791588163,0,0,-0.233826206,0.1410278925,0,0,0,0,0,-1.959515681e-05,0.008320533902,0,0,1.697707676e-05,0.0002959632706,0,0,-0.001319765968,0.001321511351,0,0,0,0,0,0.04791588163,0.0002959632706,0,0,0.0912815896,0.008320533902,0,0,-0.4013011574,0.001654034587,0.2996620424,0,0.001444183586,0,0,0,0,0,0,0,0,0,0,0.4353922769,-0.002973800556,-0.5334882489,0,0.002528869592,0,0,0,0,0,0,0,0,0,0
1,1,1,1,1,1500,500,v1,0.005444068012,0,0,0.002081041848,0,0,0,0,0,0,0,0,0,0,0,0,0,0,0,0,0,0,0,0,0,0,0,0,0,0,0,0,0,0,0,0,0,0,0,0,0.0378727114,0,0,0.01447716986,0,0,0,0,0,0,0,0,0.6801368463,0,0,0.2599881626,0,0,0,0,-0.8877356463,0.007517346353,0,0,0,0,0,0,0,0,0,0,0,0,0,0,0,0,0,0,0,0,0,0.9551877497,0,0,0,0.3651397008,0,0,0,0,0,0,0,0,0,0,0.3651397008,0,0,0,0.9551877497,0,0,-0.9325386708,0,0,0,0.05232037124,0,0,0,0,0,0,0,0,0,0,0.0598377176,0,0,0,-0.9400560174,0,0,0,0,0,0,0,0,0,0
1,1,1,1,0,1500,500,v1,0.001050203854,0.0004655333263,0.0007919591537,0.0005237096153,0.03176869961,0.01008977511,0.005710863205,0.003521467253,0,0.0001384568923,0.03222800446,0,0.03097273848,0.0009684548246,0.00858094367,0.02909118812,0.03844285687,0.01220949504,0.003814295305,0.004261278026,0,0.05812325568,0.03899865521,0,0.005384283568,0.0006508185898,0.005766544311,0.009918724087,0.0003785712032,0.000644020337,0.002563273194,0.004644067852,0,0.03905984496,0.0001125929968,0,0.01821478728,0.0704135706,0.01950795805,0.03355459404,0.002889126687,0.002178691611,0.06613604507,0.001440733073,0.02775712395,0.1321376852,0.0003808970052,0.08865972775,0.008938545252,0.0345540619,0.001080435557,0.01646625089,0.001417781566,0.0006284728113,0.03245495117,0.0007070111538,0.04288793697,0.00425533558,0.00770969993,0.004754002128,-0.1125478941,0.0002563897392,-0.003480558638,0.0004310511062,-0.001764517262,0.03418196877,0,0.01274488972,0.01095913827,0.001507757101,0.008655117547,0.0245573478,0.00671038424,0.005848837032,0.05243326676,-0.2730852138,0.05499840203,-0.001176610406,0.06087908452,-0.01279401137,0.04575290837,0,0.0245573478,0.002475949059,0.001252137342,0.001791903238,0.01274488972,0.001558429777,0.01493185941,0.0003514015493,-0.1297447668,0.01086632241,-0.0008112679588,0.0394478296,-0.002987080418,0.0005126182284,0,0.00671038424,0.001558429777,0.05015630266,0.01000273119,0.01095913827,0.002475949059,0.005554913721,0.03630971284,0.3147275338,-0.0466476755,-0.1221813667,-0.1410525036,-0.004030457334,-0.002372539195,-0.1108098398,0.005848837032,0.01493185941,0.005554913721,0,0.001507757101,0.001252137342,0.05015630266,0,-0.1297524313,0.01091319473,0.05540328295,-0.002916517722,0.0010844817,-0.004321692118,-0.02258228229,0.05243326676,0.0003514015493,0.03630971284,0,0.008655117547,0.001791903238,0.01000273119,0
1,1,1,1,2,1500,500,v1,0.03709650832,0.008112400794,0.002604362056,0.1013632386,0.0001764687795,0.001092821209,0.0009424017743,0.0001470878511,0,0.001246947602,0.00341648495,0,0.05068090564,0,0,0.1163022722,0.0001212256189,0.00075071595,0,0.0001010423251,0,0,0.002346961904,0,0.00592375848,0,0,0.003695935355,0.01944711317,0.006243197906,0,0.002259133199,0,0,0.002989192935,0,0.002677134315,0.07992753119,0,0.001670310394,0.0401894066,0.002821499121,0.1834172726,0.1098143355,0.001183934497,0,0.001350911082,0.003701332256,0.001290124928,0.03851749234,0,0.0008049312528,0.01936748374,0.004235352533,0.08838973614,0.05292009855,9.213148009e-05,0,0.0004920126413,7.679217519e-05,-0.007412334618,0.02406951468,0.0006252996824,0.00118374067,-0.000230157125,-0.002530647216,0,0.004734662433,-0.01581655908,0,0,0.003342577388,-0.03418803364,0,0,-0.1242780847,0.1526700529,0,0,-3.868955261e-05,0.001288643953,0,0.003342577388,-0.01006134798,0.02037411039,0.00832807882,0.004734662433,-0.05354507985,0.002453393504,0.003351012432,0.003199257026,-0.006411644741,0,0,-0.01829591437,-0.006880921222,0,-0.03418803364,-0.05354507985,9.304207941e-05,0.0009377606738,-0.01581655908,-0.01006134798,0.0001448143388,0.004366091347,0.3598817697,-0.000833787647,-0.2435144793,0,-0.05211683327,-0.002088880292,-0.002293898085,0,0.002453393504,0.0001448143388,0,0,0.02037411039,9.304207941e-05,0,-0.144076638,0.001860605842,0.1241808216,0,0.07045160386,0.002452278769,0.000110275732,0,0.003351012432,0.004366091347,0,0,0.00832807882,0.0009377606738,0
1,1,1,1,1,1500,500,v1,1.242937551e-05,0,0.0003280024192,4.986830856e-07,0,0.0005554645061,0,0,0,0.001440823258,0.0002981816639,0,0,0,0,0,0,0.02268941717,0,0,0,0,0.01218001887,0,0,0,0,0,0,0.08651181799,0,0,0,0,0.3800223173,0,0,0,0,0,0.002336472844,0.06165786405,0,9.374239973e-05,0.1044161658,0,0.2708458211,0.05605216126,0,0,0,0,0.0005372462957,0,0,2.155503632e-05,0,0,0,0,-0.2697072867,1.248152455e-05,0,0.001765129471,0,0.0008507254715,0,0,0,0,0,0,0,0,0,-0.1592273013,0,0,0,0,0.03462865893,0,0,0.002712675738,0,0.04008182885,0,0.0001105755774,0,0.1708153852,0.2800155634,0,0,0,0,-0.4206137059,0,0,0.0001105755774,0,0.1216346268,0,0.002712675738,0,0.06526333638,-0.3829176878,0,0,0,-0.002333673274,0.2782504336,-0.1600780267,0,0,0,0,0,0,0,0,-0.00232119175,0,0,0,0.0004390242079,0,0,0,0.1708153852,0.06526333638,0,0,0.04008182885,0.1216346268,0
1,1,1,1,1,1500,500,v1,0,0.0009055595752,0,0,0,0,0.01727519045,0,0,0,0,0,0,0.017301355,0,0,0,0,0.1242682219,0,0,0,0,0,0.0005299764363,0.01389597478,0,0.01289916832,0.0007454443645,0,0.09980883447,0.01422070256,0,0,0,0,0.007187151194,0,0,0.1749290471,0,0,0,0,0,0,0,0,0.001924597707,0,0.0504629251,0.04684304448,0,0.002707064723,0,0,0,0.362453575,0.05164216683,0,-0.03913547152,0,0.01797874401,0,0,0,0,0.007089164974,0,0.02888557136,0,0.1724963658,0,0.2073276888,0,-0.2988201676,0,0.1413446606,0,0,0,0,0.1724963658,0,0.001585186333,0,0.007089164974,0,0.03014990505,0,-0.4402218436,0.01342346618,0.1135801545,0,0.01486230426,0,0,0,0,0,0,0,0,0,0,0.06215022847,-0.1818739151,0,0,0,0,0,0.2073276888,0.03014990505,0,0,0.02888557136,0.001585186333,0,0,0.1193154124,0.04872676227,0,-0.4124003219,0,-0.05399777578,0,0,0,0,0,0,0,0,0
1,1,1,1,2,1500,500,v1,0.001713521878,0.0003070272763,0.0004630083697,0.001912111696,0.007528217577,0.003949149055,0.01034981803,0.004419525866,2.037336238e-06,0.0001730934313,0.0001446216143,0.0013851037,0.04966598214,0.005084851269,0,0.01401417323,0.01049991163,0.00550803901,0.008192125812,0.006164092704,2.841555819e-06,0,0.000201709655,0.001931860537,0.000861536128,0.006932776442,0,3.146647004e-05,0.0005838474436,0.0008804633136,0.01116928969,0.01968136144,3.874227622e-06,0,0.0003291569355,0.002633932934,0.002976957453,0.2339845076,0,0.000108729442,0.01125929532,0.003042358571,0.06602304601,0.01256419924,0.02594926628,0,0.001137370982,0.0009502869425,0.002574598427,0.2023596759,0.02071777926,9.403380964e-05,0.009737513716,0.001744758764,0.05709951623,0.01086604969,0.04278096642,0.03337809608,0.05881541188,0.02511505356,-0.138067833,0.001845347317,0.00727681679,0.0004214183248,0.01037589241,0.0036017283,-0.0007030805916,0.00133822609,0.03310436877,0.01339813976,0,3.28652052e-05,0.004819748738,0.02124106793,0,-0.2040440915,0.06335190632,0.01249556141,0,0.01560783243,0.004675575341,-0.001005497746,3.28652052e-05,0.01115216884,0.001644547838,0.003337781525,0.00133822609,0.0100189616,0.05462369622,0.001282664279,-0.08833058013,0.0003022661069,0.01431190057,0,0.007315831723,9.26774836e-05,-0.001269935386,0.004819748738,0.0100189616,0.03785767687,0.025411589,0.03310436877,0.01115216884,0.02210104116,0.0009766678237,0.1781044636,-0.001432775314,-0.1939325741,0,-0.01425860767,-0.003594393009,-0.02586947485,0.02124106793,0.05462369622,0.02210104116,5.618039454e-06,0.01339813976,0.001644547838,0.03785767687,0.004462152545,-0.07674060195,0.0002164483443,0.1052979228,-0.04990026713,-0.001700826597,-0.05210481121,-0.06595620351,0,0.001282664279,0.0009766678237,0.004462152545,0,0.003337781525,0.025411589,5.618039454e-06
1,1,1,1,1,1500,500,v1,0,0,0.004284589663,0,0,0,0,0,0,0.01368469917,0,0,0,0,0.01553429299,0,0,0,0,0,0,0.02267314056,0,0,0.02283617703,0,0.04074090351,0.03330605105,0,0.002071083327,0,0,0,0.05946355157,0.006614904697,0,0.01841163173,0,0.03284728925,0.02685295117,0,0.001669807668,0,0,0,0.04794239473,0.005333256486,0,0.2626557565,0,0,0.3830775189,0,0,0,0,0,0,0,0,0.0117079751,0,0,-0.01635384394,0,0,0,0.3321293838,0,0,-0.01029784165,0.4844272374,0,0,-0.01363635657,-0.02147495495,0,0,0.03743108708,0,0,0,0.4844272374,0,0,0.001425283652,0.3321293838,0,0,0.00554351958,-0.5136174133,0.0559961471,0,-0.08123957181,0,0.005800019793,0,0,0,0,0,0,0,0,0,-0.6439760411,0.0452426511,0,0.05976461687,0,0.005907955314,0,0,0,0,0,0,0,0,0,0.1012387981,-0.6456098787,0,0,0,0,0,-0.01363635657,0.00554351958,0,0,-0.01029784165,0.001425283652,0,0
1,1,1,1,0,1500,500,v1,0.02299732618,0,0,0.002918309297,0,0,0,0,0,0,0,0,0.07528725716,0,0,0.186856238,0,0,0,0,0,0,0,0,0.006195707936,0,0,0.01654070774,0,0,0,0,0,0,0,0,0.001231384156,0.06642014337,0,0.003287431502,0.0153516987,0,0.1648488547,0.001948096256,0,0,0,0,0.002121903067,0.1144542142,0,0.005664853613,0.0264538214,0,0.2840651219,0.003356930816,0,0,0,0,0.008490960866,0.001473124198,0,0,0,0,0,0.004769114411,-0.03825426388,0,0,0.01227321036,-0.1113832397,0,0,-0.1262194099,0.2259777454,0,0,0,0,0,0.01227321036,-0.0147733153,0,0,0.004769114411,-0.0001728122915,0,0,0.01057217295,-0.02193372281,0,0,0,0,0,-0.1113832397,-0.0001728122915,0,0,-0.03825426388,-0.0147733153,0,0,-0.1420974018,0.00425316166,0.2201380482,0,0.01606706362,0,0,0,0,0,0,0,0,0,0,0.4459754081,0.006319011296,-0.3463574578,0,-0.007576102759,0,0,0,0,0,0,0,0,0,0
1,1,1,1,0,1500,500,v1,0.001548161658,0.01564517369,0.001554970609,0.006582612777,0.00798934052,0,0.003553117118,0.01060128905,0.000149952614,0.003387730042,0,0.0004016839079,0.012110762,0.06788157552,0.1112478958,0.003513970274,0.02001409131,0,0.05834968652,0.02655728173,0.0003756461876,0.0979742871,0,0.001006258075,3.908549691e-05,0.03421001744,0.05606517564,0.001462264468,0.01975180165,0.001963127521,0.02940626787,0.004485758096,0.0001893129694,0.04937572595,0.004276959345,0.0005071200251,8.408682161e-05,0.0131306175,0.1206161568,0.003145851561,0.004204892848,0.004223386338,0.003809884102,0.01787874105,0,0.1062247685,0.009201262512,0,1.948896721e-05,0.003043308918,0.01705793609,0.0007291201731,0.0009745762451,0.009848722549,0.0008830242947,0.004143790805,0.005029333626,0.01466267121,0.002236706691,0.006673569534,-0.07147039825,-0.001108029175,-0.0117572599,0.0007226128597,0.004409039211,0,-8.481997562e-05,8.933823779e-05,0.01491464808,0.03276106914,-0.01435343733,0.003243728207,0.004308903293,0.02911825482,-0.0192932036,0.0855616838,-0.007476508429,-0.1216883237,0.02421859395,-0.04050940186,0,-0.0009305282334,0.003243728207,0.004871499831,0.02908064926,0.002671212021,8.933823779e-05,0.02494434316,0.007941680677,0.005643405297,-0.2022838189,0.000384784665,0.05126173818,0.1036933954,-0.009378257067,0.004038344866,0.0001896356247,0.004308903293,0.02494434316,0.01783008732,0,0.01491464808,0.004871499831,0.02471183629,0,0.1279083624,-0.002809587042,-0.00813612551,-0.1054808954,-0.01920467663,-0.01030403594,0,0.02911825482,0.007941680677,0.02471183629,0.0003379176806,0.03276106914,0.02908064926,0.01783008732,0.0009006511965,-0.1660126075,0.0002027580785,0.002796933022,0.02917370294,0.0004354771551,-0.003546036347,0.007739080228,-0.0192932036,0.005643405297,0,0.0009006511965,-0.01435343733,0.002671212021,0,0.0003379176806
1,1,1,1,2,1500,500,v1,0,0.001228768144,0,0,0,0,0.04095922183,0,0,0,0,0,0,0.0508963615,0,0,0,0,0.1191593032,0,0,0,0,0,0.01779818318,0.006703646046,0,0.0009930979447,6.060804571e-05,0,0.01569467381,0.002020282184,0,0,0,0,0.2256350878,0,0,0.01258992222,0,0,0,0,0,0,0,0,0.2082371378,0,0.07843205405,0.01161915637,0,0.0007091086678,0,0,0,0.1836262679,0.02363711932,0,0.001441182017,0,-0.0221902382,0,0,0,0,0.03637440105,0,0.04204812763,0,0.002703894368,0,0.08592755599,0,-0.2247447572,0,0.1394276346,0,0,0,0,0.002703894368,0,0.001060744288,0,0.03637440105,0,0.03006284002,0,-0.1753059166,0.01876390141,0.02236122512,0,0.002062414225,0,0,0,0,0,0,0,0,0,0,0.100569344,-0.1266215412,0,0,0,0,0,0.08592755599,0.03006284002,0,0,0.04204812763,0.001060744288,0,0,0.03380339519,0.08180544263,0,-0.2471059821,0,-0.0006212322141,0,0,0,0,0,0,0,0,0
1,1,1,1,4,1500,500,v1,0,0,0,0,0,0,0,0,0,0,0,0,0.0006191862974,0,0,0.003349958888,0,0,0,0,0,0,0,0,0,0,0,0,0,0,0,0,0,0,0,0,0,0.05171381413,0,0,0,0,0.2797851826,0,0,0,0,0,0,0.103666911,0,0,0,0,0.5608649471,0,0,0,0,0,0,0,0,0,0,0,0,0,0.07697981252,0,0,0,0.4164732951,0,0,-0.3329375373,0.003968799227,0,0,0,0,0,0,0,0,0,0,0,0,0,0,0,0,0,0,0,0,0.4164732951,0,0,0,0.07697981252,0,0,0,-0.660242528,0,0.3312737898,0,0,0,0,0,0,0,0,0,0,0,0,0.335242589,0,-0.6642113274,0,0,0,0,0,0,0,0,0,0,0,0
1,1,1,1,2,1500,500,v1,0,0.02010070116,0.03223846619,0,0,0,0.012795233,0,0.000454440683,0.008760048314,0,0.004773967695,0,0,0,0,0,0,0,0,0.001160789984,0,0,0.01219427329,0,0,0,0,0.048901458,0.07843049791,0,0.03112854344,0.001105573969,0,0.02131165133,0.01161422076,0,0,0,0,0,0.282803904,0,0,0,0,0.07684533897,0,0,0,0,0,0,0.2171516109,0,0,0,0,0.1382292804,0,-0.5390411479,0,0.03247922038,0.04054013146,0,0,0.004617617283,0,0,0,0,0,0,0,0,0.002766624222,0,0,0,0,0,-0.003236349745,0,0,0.2219824619,0.257989258,0,0,0.1413625933,0.07006736715,-0.6359848883,0,0,0,0.07879354046,0.0976381618,-0.001850993059,0,0,0,0,0,0,0,0,0.1381782933,0,0,0,0,-0.3568827101,0,0,0.1413625933,0,0.0001699965818,0,0.2219824619,0,0.0005345917174,0.1112727608,0,0,0,0,-0.3535027977,0,0,0.07006736715,0,0.0005345917174,0,0.257989258,0,0.0001699965818
1,1,1,1,0,1500,500,v1,0.03342143926,0.1542592845,0.009151052491,0.01330388834,0.1408250391,0.009293583534,0.2886160277,0.04189925901,0.005585900722,0.008964792984,0.006596043954,0.01770461423,0.0002662779134,7.566753189e-05,0.001336542024,0.0004168154921,0.0008601486389,5.67645021e-05,0.0006105994736,0.0002559174905,3.411825719e-05,0.0005973517123,4.02881353e-05,0.0001081384385,0,0.001883371082,0.03326664072,0,0.02345153466,0.00139120459,0.01519787104,0.04387735105,0.0008492062233,0.01486813317,0.001362888166,0.002691574615,0,0.01003404396,0.05036437776,0,0.007692360492,0.002106228702,0.01570669125,0.003062055595,0.002139033997,0.02250976532,0.002063358757,0.001518161666,0,0.0004709375596,0.0001338251542,0,0.0003610330483,0.001666376462,0.0007371774406,0.0001437144381,0.00152125385,0.001079902656,0.003117756943,0.0004526141764,0.09966021363,-0.04650690533,-0.4423206544,-0.01782930969,-0.182356665,-0.01545477923,-0.02286494515,0,0.01390561058,0.00248692834,0.02542998884,0,0.02177235382,0.02010930556,0.01153355671,-0.2786554999,0.0006596284796,0.0006406958887,0.001903273628,0.001101257674,9.135315473e-05,0.0001400431615,0,0.03797594784,0.1936194074,0.008430717657,0,0.0151307398,0.36219049,0.0082211372,-0.5349413476,0,-0.0168906801,0.0380344603,0.06700160491,0.002723371572,0.003378948663,0.02177235382,0.0151307398,0.2072913118,0.01053472627,0.01390561058,0.03797594784,0.06167391702,0.007422241327,-0.03468044276,0,-0.02564057458,-0.06458009767,0.01059961889,0.004004701541,0.003392114359,0.02010930556,0.36219049,0.06167391702,0.006743569639,0.00248692834,0.1936194074,0.2072913118,0.0222753603,-0.6337126716,0,0.001195636518,0.001185828286,0.0005028280198,0.004779118451,0.001945253272,0.01153355671,0.0082211372,0.007422241327,0.0222753603,0.02542998884,0.008430717657,0.01053472627,0.006743569639
1,1,1,1,2,1500,500,v1,0,0,0.2562516918,0,0,0,0,0,0,0.1940283948,0,0,0,0,0,0,0,0,0,0,0,0,0,0,0,0,0,0,0,0.2813033745,0,0,0,0,0.2129970024,0,0,0,0,0,0,0.03153892519,0,0,0,0,0.02388061123,0,0,0,0,0,0,0,0,0,0,0,0,0,-0.1959772331,0,0,0.1736216344,0,0,0,0,0,0,0,0,0,0,0,0,0,0,0,0,0,0,0,0,0,0.03546352569,0,0,0,-0.001930127822,0.2290008159,0,0,0,0,-0.2513564146,0,0,0,0,0,0,0,0,0,-0.07773478018,0,0,0,0,0.05537918155,0,0,0,0,0,0,0,0,0,0,0,0,0,0,0,0,0,-0.001930127822,0,0,0,0.03546352569,0,0
1,1,1,1,0,1500,500,v1,0.01197619007,0.001036061793,0,0.003687954833,0.01251607023,0.003832350642,0.001344837842,0.01614075477,0.002195541691,0,0.0001095250851,0.0001236862928,0.002396895116,0.02696040009,0,0.08180664659,0.01694311015,0.005187885483,0.001505055038,0.02184987627,0.00297212336,0,0.0001482650342,0.0001674351809,0,0.06493415866,0,0,0.003377984764,0,0.003624927017,0.004384720843,0.007158362976,0,0,0.0004032678509,0,3.877896385e-05,0,0,0.0002622955925,0,0.001323536007,8.077145507e-05,8.393392862e-05,0,0,2.398755107e-06,0,0.009558490988,0.1075144004,0,0.064652322,0.005593080962,0.326233755,0.01990907308,0.06756681365,0.006001954331,0.007259979065,0.08713432809,-0.2122915757,0.01505589313,0.002169225842,0,0.02837255064,-0.001075739826,0.001122334523,0,0.01069653581,0.02970833215,0,0,0.3647507488,0.002359933273,0,-0.514689123,0.08390312102,0.0282643625,0,0.03829035552,-0.001726861068,0.001273052212,0,0.07884690772,0.002932726497,0,0,0.02423524971,0.004443991773,0,-0.07886136381,0,0.05181889696,0,0.003141197667,0,-0.005258780702,0.3647507488,0.02423524971,0.05730333086,0.003998050601,0.01069653581,0.07884690772,0.07378279766,0.0001328219999,-0.3235159136,0,0.001360061957,0,0.0003336245311,0,4.868582464e-05,0.002359933273,0.004443991773,0.07378279766,0.004015271172,0.02970833215,0.002932726497,0.05730333086,0.0002798197754,0.2527092878,0,-0.3355613719,-0.101462103,-0.08411095587,-0.01022823569,-0.1540536586,0,0,0.0001328219999,0.0002798197754,0,0,0.003998050601,0.004015271172
1,1,1,1,2,1500,500,v1,8.327454577e-05,0.002817813228,0.0003779359694,0.0003357132616,0.005820894777,0.000131352693,0.002722293919,0.003064548693,0.02866350354,0.001397679812,0.0003981793363,0.02889978464,0,9.191471066e-05,0.0001437825121,0,5.041816306e-05,1.137722249e-06,1.589233879e-06,2.654384277e-05,0.0002482713141,0.0001393693648,3.448863358e-06,0.0002503178825,0.186357798,0.04031453255,0.06306416809,0.1849906072,0.01070498536,0.00143579389,0.0006970507819,0.01034210367,0.1088937984,0.06112852614,0.005309841607,0.1097914398,0.0002899152404,0,9.810838961e-05,0.0002877883133,4.921637495e-07,2.233652337e-06,0,1.984110463e-06,7.763120567e-07,9.509712791e-05,8.260475401e-06,2.353293354e-06,0.05586205026,0,0.01208456243,0.05545222526,9.483211737e-05,0.003208894054,0,0.0003823064915,0.00662876959,0.0002089458355,0.003100117737,0.00348987363,-0.243409194,-6.825306673e-05,0.005438775225,0.001721910635,-0.0008438304681,-0.0005244555276,0.05727835415,0.1947903515,0,0.042071079,0.09411391494,0.1937646822,0,0.0007463005049,0.09120118125,-0.3189400952,0,9.291102527e-05,0.000281870452,7.317892209e-05,4.501434741e-06,0.0004979206074,0.1937646822,0.0001212495802,0.006995102636,0.001590836839,0.1947903515,0.0003878812467,0.006790087484,0.005872790403,0.1952057815,-0.3707254526,-0.04040633817,-0.1240178151,-0.02086273574,-0.006708052057,-0.2183734166,0,0.0003878812467,0.004042558624,0.000192000963,0,0.0001212495802,0.003138517302,0.0005833011695,-0.389197695,0.0005773444271,0,0.0001925471658,2.203667901e-06,1.038995991e-05,3.086004852e-06,0.0007463005049,0.006790087484,0.003138517302,0.1199377722,0.042071079,0.006995102636,0.004042558624,0.1209579404,-0.4267221896,0.1111114196,0,0.01176850744,-0.0002733711525,0.006233833778,-0.004016732402,0.09120118125,0.005872790403,0.0005833011695,0.1209579404,0.09411391494,0.001590836839,0.000192000963,0.1199377722
1,1,1,1,3,1500,500,v1,0,0,0,0,0,0,0,0,0,0,0,0,0,0.02810792111,0,0,0,0,0.2042627193,0,0,0,0,0,0,0.02647668035,0,0,0,0,0.1924083501,0,0,0,0,0,0,0,0,0,0,0,0,0,0,0,0,0,0,0,0.06637698413,0,0,0,0,0,0,0.482367345,0,0,0,0,0,0,0,0,0,0,0,0.01764209407,0,0,0,0.1278335224,0,-0.3283970206,0,0.2314132764,0,0,0,0,0,0,0,0,0,0,0,0,-0.3151682916,0,0.2181845474,0,0,0,0,0,0,0,0,0,0,0,0,0,0,0,0,0,0,0,0.1278335224,0,0,0,0.01764209407,0,0,0,0.4495978239,0,0,-0.5465815687,0,0,0,0,0,0,0,0,0,0,0
1,1,1,1,0,1500,500,v1,0,0,0,0,0,0,0,0,0.7780916652,0,0,0.09042614979,0,0.001659694179,0.001025968342,0,0,0,0.0002355938936,0,0.09926169382,0.0003141959854,0,0.0115357267,0,0.0001415487214,8.750076303e-05,0,0,0,2.009286701e-05,0,0.00846563543,2.679652707e-05,0,0.0009838362904,0,0,0.004753694192,0,0,0,0,0,0,0.001455787249,0,0,0,0,0.001326169979,0,0,0,0,0,0,0.0001882500721,0,0,0.1202163888,0,0,0,0,0,-0.8684583236,0,0,0.0005402191925,0.005443666542,0,0,0.0001029943663,0.001662142933,-0.8643874874,0,-0.001047219422,0.001259675974,0,0,0.1107670854,0,0,0,0,0,0,0,0,-0.7631248206,0,0.0001537709594,0.0001138043871,0,0,0.00944930484,0,0,0,0,0,0,0,0,0.001373480362,0,0,-0.006110686602,0,0,0,0.0001029943663,0,0,1.00550322,0.0005402191925,0,0,0.1168596779,-0.0008934484623,0,0,0.0004646394233,0,0,0,0.001662142933,0,0,0.1168596779,0.005443666542,0,0,1.00550322
1,1,1,1,3,1500,500,v1,0.000512867083,0.00382211328,0,0.002873260318,0.01908757486,0.0003523960519,0.001584173603,0.04419486645,0.003032117608,0,0.001754373324,0.02741613934,0.0001182592685,1.833480305e-05,0,9.492258749e-05,0.000214549956,3.961035279e-06,1.33304121e-05,0.0004967632986,3.40818938e-05,0,1.971967221e-05,0.0003081654706,0,0.03508506092,0,0,0.08221048623,0,0.02550877255,0.03407426013,0.06521833462,0,0,0.5896984157,0,0.0256330225,0,0,0.001249531281,0,0.02057473256,0.00700031015,0.000858565318,0,0,0.004274293322,0,0.0002984248047,4.626749421e-05,0,1.454729455e-05,0.0001084128998,0.0002395351756,8.149901907e-05,0.0005414123522,3.363901772e-05,4.493452745e-05,0.001253571854,-0.7810924757,0.003299948175,0.005362803308,0,-0.0632048275,0.002054690925,0.03043336654,0,0.0374891313,0.05244153886,0,0,0.03016332917,0.03817086773,0,-0.7945431642,0.0002086837353,3.164403326e-05,0,0.0007084438321,2.359806301e-05,0.0003421720734,0,0.001074428411,0.1173768955,0,0,0.006032255411,0.04865810042,0,0.03640248236,0,-0.06051959192,0,-0.1162056228,0,-0.6548307255,0.03016332917,0.006032255411,0.02747391223,0.0007405629881,0.0374891313,0.001074428411,0.06358528622,0.003695524218,0.006210908719,0,-0.04583851861,0,-0.008133529683,0,-0.005035680456,0.03817086773,0.04865810042,0.06358528622,0.09321270875,0.05244153886,0.1173768955,0.02747391223,0.8428700654,-0.2842905655,0,0.000528195554,7.967672154e-05,9.579230007e-05,0.0001528221081,0.001790250904,0,0,0.003695524218,0.8428700654,0,0,0.0007405629881,0.09321270875
1,1,1,1,2,1500,500,v1,0,0,0,0,0,0.01928994986,0,0,0,0,0.6569347769,0,0,0,0,0,0,0.008868590095,0,0,0,0,0.3020269777,0,0,0,0,0,0,0,0,0,0,0,0,0,0,0,0,0,0,0,0,0,0.000367405778,0,0,0.01251229965,0,0,0,0,0,0,0,0,0,0,0,0,0.3229605215,0,0,0,0,-0.6754693487,0,0,0,0,0,0,0,0,0,-0.6625914924,0,0,0,0,0.3100826653,0,0,0,0,0,0,0,0,0,0,0,0,0,0,0,0,0,0,0,0.01509489767,0,0,0,0.5136683445,-0.3653866835,0,0,0,0,0,0.01287785583,0,0,0,0,0,0,0,0,0,0,0,0,0,0,0,0,0,0.5136683445,0,0,0,0.01509489767,0
1,1,1,1,1,1500,500,v1,0,0,0,0,0,0,0,0,0.04433350942,0,0,0.02768352934,0,0,0,0,0,0,0,0,0.3540803811,0,0,0.2211012561,0,0,0,0,0,0,0,0,0.217183615,0,0,0.135617709,0,0,0,0,0,0,0,0,0,0,0,0,0,0,0,0,0,0,0,0,0,0,0,0,-0.2220261836,0,0,0,0,0,0.07197953177,0,0,0,0,0,0,0,0,0.4135370564,0,0,0,0,0,-0.5635837081,0,0,0,0,0,0,0,0,-0.4916041768,0,0,0,0,0,0.3415575243,0,0,0,0,0,0,0,0,0,0,0,0,0,0,0,0,0,0,0.1390570267,0,0,0,0.0860129512,0,0,0,0,0,0,0,0,0,0,0.0860129512,0,0,0,0.1390570267
1,1,1,1,3,1500,500,v1,0.001590820121,5.895957798e-07,0.0004517037731,0.0004721521679,2.916051873e-09,0.001977971533,1.278870548e-06,2.053307556e-09,0,0.003188739534,0.006065379705,0,0.0001692766775,0.0002566901814,0.00156048072,6.769848946e-05,1.71837397e-09,0.001165581047,2.631391253e-05,1.209975134e-09,0,0.000373401662,0.003574213032,0,0.04936043071,0.04088153247,0.2485285681,0.02813372748,5.533433778e-05,0.04239299197,0.004190861777,0.0001200236794,0,0.05946948219,0.2992673905,0,0.00247363968,0.001351053462,0.01245471562,0.001409888521,0.007482021025,0.002124474717,0.0005403241601,0.002220648582,0.009302889996,0.002980242853,0.01499743177,0.02852698295,0.01683833026,0.009196765632,0.01394592258,0.009597262176,0.05093091853,1.887620996e-05,0.003678044433,0.01511619276,9.335888977e-08,0.001429629232,4.094369363e-05,6.57376899e-08,-0.4090913411,0.002030488875,1.259721558e-06,0.003636056193,-3.710830863e-09,0.006450014397,0,0.04481122544,0.01037347945,0.03993101875,0.351265277,0.025675118,0.004363723765,0.004100595142,0.08404140212,-0.3588553008,0.0001743712382,0.0002814959143,0.00192625554,-1.657771324e-09,0.00418988047,0,0.025675118,0.06224123717,7.755320464e-05,0.05955530832,0.04481122544,0.01839570454,0.0001790994816,0.420661939,0.0833878694,-0.07689775823,-0.0447857361,-0.3075570948,-0.0001369686458,-0.3408760057,0,0.004363723765,0.01839570454,1.365383768e-07,0.009097185222,0.01037347945,0.06224123717,9.569825972e-08,0.02525203028,-0.7579734264,0.003880987436,0.001753957502,0.01542638387,0.009533927572,0.01709511779,-0.03353937187,0.004100595142,0.0001790994816,9.569825972e-08,0,0.03993101875,7.755320464e-05,1.365383768e-07,0,-0.10416398,0.02602587512,-0.01175313088,0.01514983085,-0.06532237761,-3.539286583e-05,-1.494558224e-07,0.08404140212,0.420661939,0.02525203028,0,0.351265277,0.05955530832,0.009097185222,0
1,1,1,1,3,1500,500,v1,0.0004654182941,0.01371031893,0.000944286719,0.004207307136,0.1309017075,0.01749779434,0.0214700998,0.006199197418,0.0002118208941,0.01777573772,0.009572879826,0.002093000368,0.0002924974508,0.003736835697,0,0.0019484176,0.07808946119,0.01043831557,0.0003822351963,0.003698133474,0.0001263618314,0,0.005710704941,0.00124858013,0.04719784127,0.006795856507,0,0.0165444776,0.01487424291,0.001024451007,0.0006951377468,0.02329278271,0.0002298032196,0,0.01928479141,0.002270683566,0.03279193254,0.0003695788922,0,0.01149470779,0.0003508129677,0.0007117640851,0.002461881346,0.003171293268,0.01318911018,0,0.01339861235,0.007215638973,0.07979997552,0.0008993793368,0.01149012684,0.02797265451,0.0008537119975,0.02514869723,0.005991048893,0.007717420276,0.2401116578,0.001175307465,0.03938238359,0.01137112417,-0.2174554502,0.00201740902,0.02332812322,-0.008037708095,0.1253690359,-0.01936263765,-0.001412818661,0.04063850754,0.0006670079609,0.00668764023,0,0.01141729817,0.00476568894,0.0008499333778,0,-0.1566076072,0.001102331196,0.003009797223,0,0.07992602131,0.003489546254,-7.921859835e-05,0.01141729817,0.0007611001878,0.006446532341,0.001545507105,0.04063850754,0.006664517566,0.01216511373,0.02497987434,-0.1182765145,0.03490232597,0.002255237944,0,0.01962475167,-0.009818109667,-0.0006401141321,0.00476568894,0.006664517566,0.05488163216,0.0179749322,0.0006670079609,0.0007611001878,0.002483271594,0.01223036133,-0.1048982274,0.02536986179,0.001484017391,0,0.001039358817,0.0001722301279,-0.004263770945,0.0008499333778,0.01216511373,0.002483271594,0.0002979877974,0.00668764023,0.006446532341,0.05488163216,0.002900239292,0.3194282713,-0.09497605819,-0.006208146523,-0.01029008423,-0.008007179675,-0.05536063898,-0.2435383263,0,0.02497987434,0.01223036133,0.002900239292,0,0.001545507105,0.0179749322,0.0002979877974
1,1,1,1,1,1500,500,v1,0,0,0.001825908277,0,0,0.02710449583,0,0,0.06570688112,0.005060937057,0.07189965053,0.132230668,0.003633097377,0.006417055921,9.202455155e-05,0.006532742218,0,0.01203278805,0.0007104188374,0,0.02916995685,0.001805960552,0.03191917905,0.0587025714,0.009966558866,0.01178042724,0.0001689386141,0.002891012325,0,0.001488089691,0.001304186457,0,0.05355018852,0.003315381251,0.004124592872,0.1077661438,0.02747595429,0.01838695464,0.000465732426,0.007969984783,0,0.004102387282,0.03306193652,0,0.06089743958,0.009139891203,0.01137073756,0.1615416369,0.003214773245,0.002151331641,0.003799847352,0.0009325133379,0,0,0.003868350771,0,0,0.0004206731516,0,0,-0.05243791533,0,0,0.003933312256,0,0.09373208743,-0.1247976648,0.03266837133,0.02007392185,0.009563588184,0.0005721048215,0.008889975222,0.03566111962,0.00110698473,0.01151206806,-0.2579967035,0.0071288411,0.002340061345,0.001067123007,0,0.04104847817,0.08053940601,0.008889975222,0,0,0.002502241762,0.03266837133,0,0,0.006533625363,-0.0873585531,0.0004774135488,-0.009036871667,-0.0007274548002,0,0.003487900553,0.05413279316,0.03566111962,0,0,0.03417403579,0.02007392185,0,0,0.09095716957,0.1562936395,-0.03067688313,-0.04793756851,-0.008395783466,0,-0.01344512422,-0.218201369,0.00110698473,0,0,0.002858846573,0.009563588184,0,0,-0.01767064833,-0.07770500729,0.00249390521,0.003652033085,-0.0004169049615,0,0,0,0.01151206806,0.006533625363,0.09095716957,-0.01767064833,0.0005721048215,0.002502241762,0.03417403579,0.002858846573
1,1,1,1,3,1500,500,v1,0.03601203109,0.01101738294,0.001873766941,0.004324445298,0.001255175769,0.0009421960664,0.005001589953,0.002078224046,0.0003673428658,0.0009557632809,0.000717908664,0.009282208364,4.994935907e-05,0,0.02657327999,0.001129198437,0.01347233105,0.01011298786,0,0.02230645542,0.003942845948,0.1867665286,0.007705616553,0.09962985823,0.0002036824933,0,0.004722467626,0.00702751676,0.02101553594,0.003574189689,0,0.009540477442,0.0007007024481,0.03319119376,0.001823107873,0.01770570965,0.0002264983353,9.871088773e-06,0.005251462895,0.007814716041,0.07638726373,0.003974558646,0.0002231543752,0.009172838451,0.001998548186,0.03690916197,0.002027326412,0.00152279882,0.0005196487501,2.264696089e-05,0,0.01792908286,0.1752531473,0.053616277,0.0005119767966,0.02104498485,0.006108333722,0,0.02434032055,0.01011371183,-0.2841445946,0.03921225865,0.01463964189,0.001083999363,0.003172302141,0.001275572346,0.009257890124,0.0003587485691,5.367058986e-05,0,0.02457721547,0.008512804689,0.001211877174,0,0.1754312465,0.1108465869,-0.0008880045746,0,-0.209880421,-0.02526401984,-0.01672623425,-0.1025091569,0.008512804689,0.09201139201,0.03298578578,0.003823145003,0.0003587485691,0.01153122197,0.01550238089,0.002042605551,-0.331077385,0.003801748995,0,0.03687830576,0.02401558235,-0.00235880751,0.01745730757,0.001211877174,0.01153122197,0.01249134579,0.01123100364,5.367058986e-05,0.09201139201,0.01967738941,0.008267186155,-0.3491192926,0.005259569857,0.0002227247665,0.03966314056,0.07812293531,-0.002635692222,0.002451868702,0,0.01550238089,0.01967738941,0.004719995214,0,0.03298578578,0.01249134579,0.1089709437,0.1422947398,-0.01497568772,-0.0001784186985,0,-0.1863636032,-0.07098066871,0.000645894207,0.1754312465,0.002042605551,0.008267186155,0.1089709437,0.02457721547,0.003823145003,0.01123100364,0.004719995214
1,1,1,1,4,1500,500,v1,0.008968163063,0,0.01376873286,0.004900892499,0.1462219264,0.003836916537,0,0.05790753741,0.0361515292,0.01287552513,0.01413574403,0.007389237646,0.02363883189,2.074584536e-05,0.0003503073597,0.001627564576,0.01569308746,0.0004117923232,2.906324035e-05,0.006214854853,0.003879918172,0.0002530709569,0.00151710125,0.0007930407939,0.003779140836,1.609245375e-05,0.0002717317557,0.00190826132,0,0.00114625436,2.254421755e-05,0,0.003009634104,0.0001963059397,0.001071894341,0.0006151579786,0.05485433997,0.2661552654,0.003944194397,0.02769846898,0.0108369842,0.01663791563,0.01832513906,0.005922159778,0.004636468315,0.002849386467,0.01555857776,0.01708140604,0.01589744108,0.07713496603,6.769497258e-05,0.008027346218,0.003140687097,0,0.005310843565,0.001716312441,0.051207512,9.483514527e-05,0,0.02027945459,0.06960530675,-0.00264386813,0,0.004819586913,-0.2015541392,-0.0005114379225,-0.04335063638,0.05270084336,0.2476865812,5.565555507e-05,0.00498786623,0.0265697952,0.0171059778,7.940024491e-05,0.003609424863,-0.3902296607,0.02503833533,7.91489307e-06,0.0005584214919,0.02159503785,0.001889736047,0.004489462861,0.0265697952,0.00506010885,0,0.008995781612,0.05270084336,0.003433483186,0,0.01151217933,-0.119274864,0.00559071843,-3.637322851e-06,0.000438627511,0,0.002047351813,0.003555028104,0.0171059778,0.003433483186,0.1195261361,0.0026548279,0.2476865812,0.00506010885,0.0474639561,0.008847090286,0.1457032038,-0.08180863434,-0.2819116708,-0.006728576395,-0.007778472599,-0.02053891269,-0.009046243592,7.940024491e-05,0,0.0474639561,0.04397362271,5.565555507e-05,0,0.1195261361,0.008985595399,-0.5234684171,0.02337082358,0.08034496295,-9.431477017e-05,0.004759946041,0,0.06863237305,0.003609424863,0.01151217933,0.008847090286,0.008985595399,0.00498786623,0.008995781612,0.0026548279,0.04397362271
1,1,1,1,0,1500,500,v1,0.001438676449,0.000257472594,7.463116055e-05,0.002577824247,0,0.003985424805,0.001009651834,0,0.001864588257,2.028563545e-05,0.001157571472,0.007032884451,0.03837292806,0.102959264,9.704469125e-05,0.04337668772,0,0.09085487917,0.01059915858,0,0.04250662078,2.851829401e-06,0.02638890994,0.1603271667,0.0003823557596,0.04562473651,4.300378903e-05,0.000175091542,0.0026009954,0.0007539260869,0.004696846097,0.01019953128,0.01883612312,1.263742182e-06,0.000204926061,0.07104639691,0.0005971783239,0.02655805576,6.716501584e-05,0.0002734648844,0.02269907234,0.001177511534,0.03002117767,0.04067225754,0.06288102234,1.973762443e-06,0.0003200616142,0.01826386927,0.0002912228637,0.01295142965,0.03475027141,0.0001333592054,0.01106953917,0.001981059026,0.0146402724,0.01983442942,0,0.003577372477,0.007768515661,0,-0.2401709016,0.003257990836,0.0007012797914,7.882838013e-05,0,0.005048344699,0.008618857329,0.0004803577883,0.00647367736,0.03814564203,6.954230716e-05,0.0003041884272,0.007679844982,0.004403146765,2.396071401e-06,0.2828405705,-0.06512857342,-0.1088054856,-7.440673992e-05,0,-0.1048965127,-0.2010082398,0.0003041884272,0.02273990428,0.004103308051,0.001390748399,0.0004803577883,0.05106136265,0.01526209499,0.0003062633128,-0.2711157569,-0.0002664295724,0.04563293313,2.283128009e-05,-0.009220956589,-0.0004204625499,0.08513815067,0.007679844982,0.05106136265,0,0.06152833046,0.00647367736,0.02273990428,0,0.01642954195,-0.134012496,-0.0004333779484,0.03111869696,3.61654077e-06,-0.05607375752,-0.0007897069705,0.04787625305,0.004403146765,0.01526209499,0,0.03371589473,0.03814564203,0.004103308051,0,0.1271609532,-0.1592176793,0.0001767767104,0.02457419487,0.03480669326,0.003614922052,-0.004390591899,0,2.396071401e-06,0.0003062633128,0.01642954195,0.1271609532,6.954230716e-05,0.001390748399,0.06152833046,0.03371589473
1,1,1,1,1,1500,500,v1,0.0004318849128,0.0008139519188,0.003333712596,0.0003616561223,0,0,0.0011957135,0,0,8.823186242e-05,0,0,0.01658368355,0.0008783599484,0.0004916800171,0.01745753567,0,0,0.0001024284088,0,0,0.001102980666,0,0,0.001493185778,0.001300593359,0.0007280338389,0.002216089221,0.005155754842,0.02111648669,0.0001516664193,0.007573918709,0,0.001633190735,0.0005588804958,0,0.005243830055,0.08623523935,0.002556738606,0.007782551531,0.009607188314,0.07415772987,0.09077927485,0.008044963759,0,0.005735505112,0.001962699072,0,0.0126896644,0.2086826299,0.01105294029,0.01883317462,0.02324865494,0.0438155785,0.2196788455,0.01946819198,0,0.001288919296,0.06436606082,0,-0.1749550641,0.0007907556585,0.001989676033,0.003396780106,0,0,0,0.009026542625,0.1583952456,0.01323516292,0.001996886134,0.01327783561,0.1668067672,0.001540184715,0.004511482971,-0.2675553387,0.03403052989,0.0009744014001,0.001559923884,0,0,0,0.01327783561,0.01976905857,0.05677197448,0.07461645963,0.009026542625,0.01662169748,0.083414141,0.001973447543,-0.2149896649,0.003602959699,0.001434179083,0.002276930313,0.01267572225,0.02142379492,0,0.1668067672,0.01662169748,0,0,0.1583952456,0.01976905857,0,0,-0.4338980276,0.01282274315,0.1766470898,-0.008175766938,0.0171541956,-0.07588051314,0,0.001540184715,0.083414141,0,0,0.01323516292,0.05677197448,0,0,0.2621222519,-0.03129528835,-0.4274789594,-0.01225881223,-0.04220545533,-0.1081228083,0,0.004511482971,0.001973447543,0,0,0.001996886134,0.07461645963,0,0
1,1,1,1,0,1500,500,v1,0,0,0.000393165993,0,0,0,0,0,0,0.0003615454095,0,0,0,0,0.04660959355,0,0,0,0,0,0,0.03732288519,0,0,0.038464235,0,0.002971270179,0.005812582859,0,0.007084327342,0,0,0,0.002379260734,0.006514566559,0,0.5053778429,0,0.03903922992,0.07637096089,0,0.09308028798,0,0,0,0.03126087539,0.08559425645,0,0.01855860161,0,0,0.002804512025,0,0,0,0,0,0,0,0,-0.1649515517,0,0,0.0007542303911,0,0,0,0.6723093061,0,0,0.01356038343,0.1016034393,0,0,0.005479615124,0.04187144497,0,0,-0.05456477738,0,0,0,0.1016034393,0,0,0.1283444989,0.6723093061,0,0,0.1179514825,-0.755885051,0.04416815239,0,0.005336071252,0,0.01354834412,0,0,0,0,0,0,0,0,0,0.03056958603,-0.5814375481,0,0.03653537372,0,-0.1784998959,0,0,0,0,0,0,0,0,0,-0.5372693957,0.02132756554,0,0,0,0,0,0.005479615124,0.1179514825,0,0,0.01356038343,0.1283444989,0,0
1,1,1,1,0,1500,500,v1,0.006068465406,0.02329226765,0,0.001152372554,0.01408689599,0.001966639719,0.1935130022,0.01698672999,0.01558816501,0,0.0006542247287,0.01337929814,0.06149311632,0.009088224259,0,0.006762265944,0.03314338565,0.004627073182,0.007488884612,0.03996606089,0.03667554334,0,0.001539247716,0.03147856265,0,0.004739879172,0,0,0.02858127311,0,0.003905758395,0.2374542509,0.01912778988,0,0,0.01641735274,0,0.001477437451,0,0,0.0003430386416,0,0.0001624706237,6.514139723e-05,0.0001111703491,0,0,3.698206172e-05,0,0.01513722955,0.002237169703,0,0.003514635869,0.01349003972,0.001664608626,0.0006674125405,0.008158621105,0.00184347407,0.112075738,0.009838100164,-0.130511935,-0.006224898608,0.0979359417,0,0.0157019393,0.001070438115,0.0213152041,0,0.07634483486,0.007931035214,0,0,0.008098672863,0.007559475729,0,0.08148596305,-0.06621127255,-0.01317322466,0,-0.06291193787,-0.005703551424,-0.05312108698,0,0.004036701421,-0.008102089536,0,0,0.0008826407344,-0.07526593247,0,0.1796452898,0,-0.0008112433292,0,-0.1653882554,0,0.01470605701,0.008098672863,0.0008826407344,0.02042925099,0.004976704898,0.07634483486,0.004036701421,0.02656049877,0.001902453339,-0.06581827761,0,0.001450276154,0,0.0001596549006,0,4.700781733e-05,0.007559475729,-0.07526593247,0.02656049877,0.01292247147,0.007931035214,-0.008102089536,0.02042925099,0.01272726732,-0.1994730195,0,0.008465324578,0.003657460692,0.002785682262,0.123030995,0.01588349871,0,0,0.001902453339,0.01272726732,0,0,0.004976704898,0.01292247147
1,1,1,1,3,1500,500,v1,0,0,0,0,0.3060555102,0,0,0.01944982047,0,0,0,0,0.02864383903,0.001134294819,0,0.0252468235,0.009400340998,0,0.002794095011,0.0005973914493,0,0,0,0,0,0.02395755947,0,0,0,0,0.05901437284,0,0,0,0,0,0,0.09515307512,0,0,0,0,0.08386839803,0,0,0,0,0,0,0.1455847068,0.00576514826,0,0,0,0.1283190914,0,0.0477780191,0.01420122151,0,0.00303629199,0.06039789122,0,0,0,-0.3249096353,0,0,0,0.03245309204,0.0254700484,0,0,0.02881362861,0.06275411525,0,-0.4318644665,0.05380095608,0.003923359318,0,0.009967819043,0,0,0,0,0,0,0,0,0,0,0.0236484576,0,-0.08246456676,0,0,0,0,0.02881362861,0,0.3730225925,0,0.03245309204,0,0.0237450246,0,-0.2146294834,0,0.1737850029,0,0,0,0,0.06275411525,0,0.0237450246,0,0.0254700484,0,0.3730225925,0,-0.1658970688,0,-0.2684304397,0.01972509827,0,0,0.05043007216,0,0,0,0,0,0,0,0
1,1,1,1,0,1500,500,v1,0,0,0,0,0,0,0,0,0,0,0,0,0,0.1409212838,0,0,0,0,0.3970050118,0,0,0,0,0,0,0.09193841536,0,0,0,0,0.2590099287,0,0,0,0,0,0,0,0,0,0,0,0,0,0,0,0,0,0,0,0.02911166191,0,0,0,0,0,0,0.08201369845,0,0,0,0,0,0,0,0,0,0,0,0.03055621148,0,0,0,0.08132873654,0,0.4461123501,0,-0.5207023151,0,0,0,0,0,0,0,0,0,0,0,0,-0.410199821,0,0.3356098538,0,0,0,0,0,0,0,0,0,0,0,0,0,0,0,0,0,0,0,0.08132873654,0,0,0,0.03055621148,0,0,0,-0.1850924633,0,0,0.1105024962,0,0,0,0,0,0,0,0,0,0,0
1,1,1,1,1,1500,500,v1,0,0,0,0,0,0,0,0,0.3884319935,0,0,0.4604897153,0,0,0,0,0,0,0,0,0.01048667037,0,0,0.01243204456,0,0,0,0,0,0,0,0,0.05864060155,0,0,0.06951897467,0,0,0,0,0,0,0,0,0,0,0,0,0,0,0,0,0,0,0,0,0,0,0,0,0.1509160569,0,0,0,0,0,-0.8488563189,0,0,0,0,0,0,0,0,-0.7208571784,0,0,0,0,0,0.02291691612,0,0,0,0,0,0,0,0,-0.8259394032,0,0,0,0,0,0.1279991408,0,0,0,0,0,0,0,0,0,0,0,0,0,0,0,0,0,0,0.479086434,0,0,0,0.5678239578,0,0,0,0,0,0,0,0,0,0,0.5678239578,0,0,0,0.479086434
1,1,1,1,2,1500,500,v1,0.006936019493,0.0003078151621,0.01161297423,0.001418506324,0.0005253587471,0.006706462691,0.01386872873,0.0003216549745,0.02284220508,0.003806314314,0.007326668798,0.01685567874,0,0.08144020255,0.0003345798148,0,0.005271439182,0.06729251277,0.1396529574,0.003227479593,0.2291982298,0.001314278106,0.07351564846,0.169129544,0.0002365789044,0.0002114244119,8.685923948e-07,9.211802272e-05,8.01824878e-06,0.0003025052952,0.0003625487592,0.000361265236,0.0005950144942,3.411957079e-06,9.915033067e-05,0.0004390720214,0.02156343439,0,7.916950653e-05,0.008396272458,0.0164680334,0.02757242072,0,0.003367927317,0.01592300191,0.0003109893201,0.009037245546,0.01739554317,0.002233118793,0,0.001995680167,0.0008695216857,0.001705436816,7.568596231e-05,0,0.0003487840411,0.0001291758407,0.00342217515,0.003410059701,7.908891202e-05,-0.5609011098,0.007793490509,-0.01364701673,0.01486729603,0.0008302202293,0.01399488698,0.03946632287,0.02804270344,0,0.1186750832,0.0003764443237,0.01075910007,0,0.2034329642,0.001517034662,0.09494211054,0,-0.2207043654,-0.001539043549,-0.008470012977,-0.1405811782,-0.396856412,0.01075910007,0.01178880265,0.0003255122536,0.02342451598,0.02804270344,0.002572612472,0.01480326956,0.007667330863,-0.6317343352,0.0003234467149,0.0005731702972,4.179793131e-06,0.0003619006035,0.0003989129665,0.001032982909,0,0.002572612472,0.00691964039,0.06697165491,0,0.01178880265,0.004233243782,0.07315162725,-0.100032667,-0.02890706486,0,0.0002725444343,-0.01935735974,-0.03599410687,0.03317076978,0.2034329642,0.01480326956,0.004233243782,0.307604311,0.1186750832,0.0003255122536,0.00691964039,0.2269313515,-0.2812035918,0.002715749046,0,0.005392496714,0.001989592494,0.003199261567,0.000204536637,0.001517034662,0.007667330863,0.07315162725,0.2269313515,0.0003764443237,0.02342451598,0.06697165491,0.307604311
1,1,1,1,1,1500,500,v1,0.002255727568,0.0003031547433,0.01026158778,0.001032907853,0.002314306745,0.0447469572,0.0005469841319,0.002998388277,0,0.01086522764,0.01502727225,0,0.008730709655,0,0,0.06288987283,0.01356342194,0.2622478037,0,0.01757260805,0,0,0.0880701033,0,0.08927090878,0,0,0.06301967023,0.0001289099653,0.004363517159,0,0.0002325931129,0,0,0.004620201889,0,0.1142723953,0.0008108764606,0,0.0806691538,0.001227835387,0.005585577258,0.005840981948,0.0005622313753,0.02435661925,0,0.005914149906,0.008179629889,0.02626494639,0.0001863759546,0,0.01854140708,0.0002822119071,3.792739845e-05,0.001342520888,0.0001292261083,0.0002895406916,0,6.84326588e-05,0.0003751254743,-0.3382268814,-0.001866600985,-0.0006670988503,-0.0159261643,0.004759355754,0.05943835806,0,0.006039877724,0.01156319489,0,0,0.004053334186,0.08319552118,0,0,0.1052958069,-0.07122623884,0,0,-0.03051776465,-0.3498236313,0,0.004053334186,0.002511116946,0.000364491475,0.004514782126,0.006039877724,0.001098990738,0.0006108462192,0.00498429919,-0.1146923884,0.09294450771,0,0,-4.68973772e-05,0.00808302365,0,0.08319552118,0.001098990738,0.01653985773,0.2895983359,0.01156319489,0.002511116946,0.02122058987,0.09729024204,-0.2323268304,-0.1440228402,0.006540839562,0,-0.0007276048281,0.001510419757,0.03245955418,0,0.0006108462192,0.02122058987,0,0,0.000364491475,0.01653985773,0,-0.144830342,0.04434952452,0.001512922101,0,0.000187467361,6.377109794e-05,0.0005847771873,0,0.00498429919,0.09729024204,0,0,0.004514782126,0.2895983359,0
1,1,1,1,1,1500,500,v1,0,0,0.0002290896917,0,0,0.0007717925207,0,0,0.000912881274,0.004977448576,2.356281131e-05,0.0007480846508,0.004337745314,0.1540280379,0.1057435761,0.01195963322,0,0.01160001487,0.1612027949,0,0.01372057395,0.09378645788,0.0003541482384,0.01124368641,0.0006571411755,0.08112446468,0.05569369785,0.002713224739,0,0.00181349177,0.08490331121,0,0.007226438979,0.04939604694,0.03940186904,0.005921896126,0.0002506943511,0.0008715694074,0.02124672134,0.001035074563,0,0.0006918332916,0.00240301117,0,0.002330754196,0.01884421551,0.0150315128,7.115788226e-05,0.0001208538047,0.0004201629535,0.01491947328,0.0004989849137,0,0,0.001158434729,0,0,0.01561443503,0,0,-0.04685083653,0,0,0.005049396717,0,0.0007790010666,0.001610748029,0.0005806853308,0.004579263421,0.08709252469,0.04299310325,0.002074402505,0.01259228207,0.09031334323,0.0381765278,0.3602469868,-0.01622176333,-0.3135471446,-0.1980296642,0,-0.01178918678,-0.02355840928,0.002074402505,0,0,0.001426609765,0.0005806853308,0,0,0.02908919068,-0.4419908246,-0.002991811801,0.1648359901,0.1039818904,0,-0.04028049571,0.01161814044,0.01259228207,0,0,0.01271120852,0.004579263421,0,0,0.0003962456062,-0.157478309,0.0007511553505,0.003220342601,0.03993468646,0,0.014887232,0.002271882954,0.09031334323,0,0,0.008510092972,0.08709252469,0,0,0.006984188268,-0.1639532271,0.0004705978944,0.001553723743,0.03044057555,0,0,0,0.0381765278,0.02908919068,0.0003962456062,0.006984188268,0.04299310325,0.001426609765,0.01271120852,0.008510092972
1,1,1,1,0,1500,500,v1,0.007723304289,0.00152561375,0.000442562333,0.007998651769,0,0,0.006023731981,0,0,0.002966960569,0,0,0.005389314835,0.001336210989,0.01710575164,0.0086840759,0,0,0.001341320404,0,0,0.01154107443,0,0,0.001720956081,0.001550465024,0.01984856422,0.001363059108,0.007751877676,0.002248727156,0.001556393705,0.03060750696,0,0.01339162183,0.01507558213,0,0.008745820384,0.03177980707,0.1008694989,0.006927004278,0.1994326358,0.01142792894,0.05120841241,0.2065427109,0,0.0680556119,0.07661342146,0,0.0008705136577,0.003163197376,0.0007842739244,0.000689478124,0.01985049151,0.003921143291,0.005097020112,0.02055819156,0,0.0007872728374,0.0154822387,0,-0.4546907109,0.01570768233,0.0074924429,0.0034067391,0,0,0,0.009262821638,0.03486200628,9.607393253e-05,0.09587477942,0.007351422558,0.05617108139,3.652470949e-05,0.06470246677,-0.2098527433,0.01396535845,-0.0003780269312,0.0284367908,0,0,0,0.007351422558,0.2575942943,0.003482529441,0.01309905315,0.009262821638,0.266733353,0.01350471649,0.08771182771,-0.211538473,0.003019000523,-0.001068654898,0.03315129514,-0.03754988396,0.01723857341,0,0.05617108139,0.266733353,0,0,0.03486200628,0.2575942943,0,0,0.1650083214,-0.01562275304,-0.08288377758,-0.1686395834,-0.4055850474,-0.08785256595,0,3.652470949e-05,0.01350471649,0,0,9.607393253e-05,0.003482529441,0,0,-0.5029036588,0.001527589716,0.008229694,0.001358282735,0.04032559903,0.0187326105,0,0.06470246677,0.08771182771,0,0,0.09587477942,0.01309905315,0,0
1,1,1,1,2,1500,500,v1,0.002869070472,0.0004665749059,0.0004606648617,0.009933177841,0,0.0001325673528,0.0008195303455,0,0.0008069103779,0.0009137944559,0.0014012842,0.002822588656,0.002910605215,0.01157527638,0.004087404491,0.01348687167,0,0.001967314371,0.01019184396,0,0.01197464042,0.001133441165,0.02079521454,0.04188753193,0.1848097095,0.01753476885,0.006191791074,0.0007091487397,0.01048883451,0.0103559738,0.01543908086,0.01842344726,0.01813974415,0.001716989572,0.02054255106,0.06345318819,0.01809584331,0.0004317238307,0.000606275944,6.943706861e-05,0.006315403664,0.001014016415,0.002000478756,0.02186493094,0.0002918075224,0.0001681208977,0.002011446185,0.003084509585,0.1437453428,0.003429422379,0.01363857649,0.0005515772355,0.05016676198,0.008158235388,0.01589091481,0.173685301,0,0.01200854639,0.01432979224,0,-0.3028163735,0.01260192553,0.001229365875,0.001080972345,0,0.001021554078,0.003460505818,0.04330843666,0.003130379883,-0.01076791159,0.006061062063,0.000287717327,0.01702161593,-0.009343603475,0.001869690571,-0.08017508412,-0.005034400573,0.01637046045,9.123384884e-05,0,-0.02166545288,0.02002519671,0.000287717327,0.06155177398,0.005606385412,0.01356325505,0.04330843666,0.2131678896,0.006969530937,0.02666340293,0.1763161445,-0.1356343455,-0.01615933935,-0.006082068837,-0.02043878173,-0.03066121662,-0.07016331646,0.01702161593,0.2131678896,0,0.002522066719,0.003130379883,0.06155177398,0,0.02507234902,-0.3299531603,0.01794496878,0.002368118946,0.0007036665602,0.02777988597,0.002762472273,0.002247621633,-0.009343603475,0.006969530937,0,0.01526877844,-0.01076791159,0.005606385412,0,0.05474764242,-0.09897214253,0.08862527464,-0.01076838225,0.01319655563,-0.223528254,0.01082547162,0,0.001869690571,0.02666340293,0.02507234902,0.05474764242,0.006061062063,0.01356325505,0.002522066719,0.01526877844
1,1,1,1,3,1500,500,v1,0,0,0,0,0,0,0,0,0,0,0,0,0.06526067534,0,0,0.9033194544,0,0,0,0,0,0,0,0,0,0,0,0,0,0,0,0,0,0,0,0,0,0.0005913173166,0,0,0,0,0.008184843828,0,0,0,0,0,0,0.001525680431,0,0,0,0,0.0211180287,0,0,0,0,0,0,0,0,0,0,0,0,0,0.0947162065,0,0,0,1.311029561,0,0,0.03141238897,-0.9685762424,0,0,0,0,0,0,0,0,0,0,0,0,0,0,0,0,0,0,0,0,1.311029561,0,0,0,0.0947162065,0,0,0,-0.9459374501,0,0.008773596789,0,0,0,0,0,0,0,0,0,0,0,0,-0.9598026455,0,0.02263879217,0,0,0,0,0,0,0,0,0,0,0,0
1,1,1,1,3,1500,500,v1,0,0.0004699995247,0.01949071821,0,0.01350474539,0.008400143084,0.004681817635,0.002999332985,0.0009741207165,0.09624948965,0.03559019863,0.003035876864,0.0001617776582,0.01158320929,0.0008689039125,0.007668658073,0.01711181985,0.01064379454,0.1649340005,0.003800445268,0.001234305256,0.0004232015912,0.04509622729,0.003846749901,0.0001692455897,0.001066954989,8.003665832e-05,0.0001322370377,5.485603487e-05,0.002274860849,0.01519243504,0.0005464387472,0.000113694583,3.898203319e-05,0.01123376745,0.0003543326288,0.002651989867,0.0002335018036,0.001254132573,0.002072085215,0,0.03564587965,0.01106855861,0,0.01536272221,0.0006108280708,0.1760272601,0.06508964541,0.001759598115,0.0001549286966,0.01109282665,0.001374830758,0,0.0005703225458,0.007344000484,0,0.01638737991,0.1579514131,0.005681167772,0.003639550965,-0.2440420926,0,-0.002589443805,0.09204755413,-0.005643852437,0.03740494758,-4.660514347e-05,0.0037886017,8.333969983e-05,0.005980743262,0.001819747864,0.002816228424,0.002987017231,0.1327544873,0.00076968197,-0.07419577662,0.002776648701,-0.02995269695,-0.0003354716035,-0.003389004469,-0.008581716905,-0.002784454521,0.002816228424,0,0.0008681833521,0.02260142256,0.0037886017,0,0.00843251162,0.1221034297,-0.2342627524,0.0002738438664,0.01602930204,0.0001079421466,0.0005023652622,0.01322821441,0.0003886718936,0.002987017231,0,0.00635239871,0.004961271233,8.333969983e-05,0,0.0003987104496,0.01492272908,0.1354467493,-0.00314661114,-0.004878792859,-0.001498757099,0,-0.20174567,-0.04207923088,0.1327544873,0.00843251162,0.0003987104496,0.0009963398879,0.005980743262,0.0008681833521,0.00635239871,0.002667241766,-0.03001824177,-0.001530452809,5.52395395e-05,-0.07856675882,0,-0.004113384771,0.004532117458,0.00076968197,0.1221034297,0.01492272908,0.002667241766,0.001819747864,0.02260142256,0.004961271233,0.0009963398879
1,1,1,1,3,1500,500,v1,0,0.00282366668,0.01815524692,0,0.0002458431407,0.0004555522466,0.0005064781892,0.002901641953,0.0003359765175,0.01932745831,0.0001913777312,0.0003457748104,0.07875227923,0.13062586,0.08513676192,0.1045191311,0.006899019124,0.01278402014,0.02320172649,0.08142787012,0.009428403873,0.1141338784,0.005370573383,0.0097033703,0.0007781628849,0.01101969789,0.007182202633,0.0008864809931,0.006684719801,0.04298054706,0.001957315469,0.001199031318,0.0007953873931,0.00962842165,0.04575562838,0.0008185837721,0.0003127065921,0.002669747455,0.002886185081,0.0003562344796,0,0.01727183429,0.003543258517,0,0.0004333856183,0.003869203968,0.01838700727,0.0001820655194,0.001937463472,0.01654118686,0.02743675206,0.002207152996,0,0.01664355971,0.02195327544,0,0.001449075069,0.004873307758,0.002985338192,0.01710316995,-0.1685627955,0,0.003073869284,0.0365996169,0.003117700524,0.000552879138,0.0006614278556,0.001430694094,0.08922435633,0.1385491617,0.1123542537,0.001709107819,0.1182879486,0.02470089665,0.1507220418,0.1365990809,-0.1826766954,-0.1532926647,-0.1988399417,-0.08793122977,-0.01805823938,-0.01908620659,0.001709107819,0,0.01135386987,0.01023550297,0.001430694094,0,0.002270576823,0.01188581769,-0.2779757215,0.0003135940395,0.01284236327,0.01670388828,0.0059703195,-0.08642050295,0.001581550157,0.1182879486,0,0.007858356842,0.01786730157,0.08922435633,0,0.09262219776,0.007477486746,-0.3967268103,0.0006258138522,0.006203958278,0.006751856362,0,0.0350733389,0.0006088346973,0.02470089665,0.002270576823,0.09262219776,0.01244959816,0.1385491617,0.01135386987,0.007858356842,0.01281524474,-0.3917529729,-0.003032609167,0.03813120067,0.03161692932,0,-0.01812715323,0.01782649295,0.1507220418,0.01188581769,0.007477486746,0.01281524474,0.1123542537,0.01023550297,0.01786730157,0.01244959816
1,1,1,1,1,1500,500,v1,0.01428821543,0.0006715185367,0.01543210171,0.004886164168,0,0.00126881985,0.001903685963,0,0.003361488728,0.08469302377,0.00040581899,0.0001521859025,0,0,0.04376902377,0,0,0.0009676069807,0,0,0.002563484453,0.01896884539,0.0003094791492,0.0001160575645,0.01101228212,0,0.2265327156,0.04352632245,0.002650459089,0.0609099407,0,0.007513778825,0.01326767299,0.09817591729,0.3342802653,0.0006006721875,9.049424968e-05,0,0.001861549486,0.000357680801,0.0004634306398,0.0005005319806,0,0.0001584801263,4.115349446e-05,0.0008067679226,0.002746973012,1.316252229e-05,5.743919529e-05,0,0,0.000227029866,0.0002941522043,1.382458563e-05,0,0.0001005917056,0,0,3.919127792e-05,0,-0.4118768394,-0.0191157795,0.002541679871,0.09999233721,0,-0.0007296653261,0.003437822343,0.01629081798,0,0,0.2710952761,0.06440268881,0,0,0.1174993512,-0.3327012956,0,0,0.06260425143,0,2.038481587e-05,0.002670307459,0.06440268881,0.02023557143,0.002951206569,0.0674337368,0.01629081798,0.006924556814,0.008365901619,0.3701997929,0.1779345658,-0.05452797168,0,-0.3243258352,-0.01013918065,-0.3949926323,-0.01379043748,0,0.006924556814,0,0.0007301179624,0,0.02023557143,0,0.0002613226812,-0.6303995092,0.0004480895051,0,0.002658500361,0.0006178395575,0.003244608738,4.832008137e-05,0,0.008365901619,0,0.01102114984,0,0.002951206569,0,0.0005023116644,-0.08017532243,0.0002842105172,0,0,0.0003911875781,5.276198792e-05,0,0.1174993512,0.3701997929,0.0002613226812,0.0005023116644,0.2710952761,0.0674337368,0.0007301179624,0.01102114984
1,1,1,1,3,1500,500,v1,0,0,0.0085887624,0,0,0.0004449129757,0,0,0.03063712696,0.009291470475,0.0004025383978,0.006905477102,0.0703238116,0.003186820756,0.05591163846,0.06363994871,0,0.00190097248,0.01103663342,0,0.1309027572,0.00282839075,0.001719919306,0.02950492041,0.08186307085,0.000762068329,0.01337021821,0.07826876345,0,0.008775414161,0.002639203593,0,0.03130293577,0.0006763565252,0.009493393551,0.007055547554,0.03281896924,0.006741795622,0.005360130954,0.03137800859,0,0.003518070412,0.006101027771,0,0.0001822422257,0.0002711518608,0.003805908912,0.0001648850394,0.103904712,0.02134449523,0.0009672553134,0.09934263693,0,0,0.01931582704,0,0,0.003349809461,0,0,-0.1325343559,0,0,-0.006685573337,0,0.0004870176067,0.03384566198,0.01642934373,0.06483277958,0.002508904515,0.05632990583,0.0006886878676,0.0584912648,0.008446945247,0.002876365006,0.1405022126,-0.129199497,-0.01332513384,-0.05773568262,0,-0.003470216418,-0.1567614471,0.0006886878676,0,0,0.01185437778,0.01642934373,0,0,0.008978015211,-0.2601045454,0.06073388427,0.002820313629,0.01308319341,0,-0.01152366128,0.03464509315,0.0584912648,0,0,0.002084260557,0.06483277958,0,0,0.002008183023,-0.2337133138,0.06185640416,0.01238393657,0.005181641967,0,0.004320972619,0.0002549030939,0.008446945247,0,0,0.1072352668,0.002508904515,0,0,0.02517077116,-0.004730092196,-0.1340023095,0.03459953083,0.00320092038,0,0,0,0.002876365006,0.008978015211,0.002008183023,0.02517077116,0.05632990583,0.01185437778,0.002084260557,0.1072352668
1,1,1,1,4,1500,500,v1,8.456738135e-05,0.0006507188363,0.001050391486,0.0007196284937,0.005102894025,0.005421290646,0.003487987028,0.007006591915,0,0.0005851298979,0.009635696033,0,0.01255361916,0.007333508826,0.005260329617,0.02264336879,0.01969650708,0.02092547662,0.001674974357,0.02704453328,0,0.003293081525,0.03719253315,0,0.001669096445,0.001058372423,0.0007591710784,0.01047732087,0.0003624872557,0.0005851275634,0.0002417323973,0.001943006373,0,0.0004752577185,0.0003259505013,0,0.03189661818,0.0346225342,0.0145078435,0.2002227638,0.0009002548174,0.01118185263,0.06244978444,0.007660743514,0.05771188539,0.009082227708,0.006228950228,0.1025759771,0.01499033379,0.0162714223,0.009505355994,0.09409793999,0.0004230893739,0.003255536835,0.02934929054,0.003600290844,0.02552970428,0.002171024529,0.01745034816,0.03505387702,-0.1774142433,0.0003304103282,0.0003854002149,0.001170300391,0.007982120417,0.01437172012,0,0.02395597286,0.01333351781,0.007767214332,0.01464374762,0.1446014555,0.01932323246,0.002296811946,0.009386505368,-0.2599932226,0.0308981932,-0.0001623857543,0.005583661839,0.007447685299,0.05363127942,0,0.1446014555,0.0007294023316,0.003824801853,0.01456129456,0.02395597286,0.006466001644,0.0189195987,0.008119184979,-0.181004535,0.01183051184,0.0007754314025,0.0009706469059,0.00120467536,0.0008388777145,0,0.01932323246,0.006466001644,0.01902344096,0.04801722674,0.01333351781,0.0007294023316,0.02336376416,0.08673672133,0.2627542714,-0.2235857833,-0.09368935436,-0.02257447742,-0.007852369901,-0.01712949782,-0.1578389649,0.002296811946,0.0189195987,0.02336376416,0,0.007767214332,0.003824801853,0.01902344096,0,-0.2644354656,0.09938365238,0.04101999426,-0.0073223965,0.002725023588,-0.01675300926,-0.04368794244,0.009386505368,0.008119184979,0.08673672133,0,0.01464374762,0.01456129456,0.04801722674,0
1,1,1,1,3,1500,500,v1,0.001419702412,9.604364774e-05,4.101060994e-07,0.0001979116372,0.0001890326877,0,0.0006190312837,0.0004453359392,4.848516529e-05,3.563855951e-05,0,0.0001350274527,0.09325476429,0.0003676105641,0.003673238164,0.05845089388,0.07757041046,0,0.0004813287434,0.1827455982,0.01989610484,0.0003493610147,0,0.05540912027,0.01751066932,0.0002699789805,0.002697683886,0.0001930253676,0.02894474956,0.0001235939973,0.0003534954002,0.1865579442,0.01461201235,0.0002565762244,0.01074042067,0.04069332948,0.003968637452,0.01552214294,0.0006114060582,4.374748271e-05,0.0969699452,2.801148018e-05,0.009729080727,0.01351796014,0,5.815071915e-05,0.002434220815,0,0.001005194116,0.003931517288,1.549805309e-05,1.108055668e-05,0.0245609783,0.001661563669,0.002464224767,0.003423888968,0.003270282351,2.029228523e-05,0.0107092964,0.007704351453,-0.5680175997,0.001603055899,0.0007140067425,3.563820378e-05,0.0006333372295,0,0.0001815878031,0.01914412423,0.1104481942,0.0004239452732,0.001607973237,0.0002068598528,0.069228334,0.0005885773223,0.0002291745526,0.08069244917,-0.1512255958,-0.0005778189046,-0.002759224743,-0.2600579414,0,-0.06126152112,0.0002068598528,0.106445154,0.04075649031,0.0001415360911,0.01914412423,0.01492323815,0.2627401284,0.01201013668,-0.04485484752,-0.01635894978,-0.0001281445847,0.0008822827838,-0.2153856006,-0.01046730527,0.03606815303,0.069228334,0.01492323815,0.1110815752,0,0.1104481942,0.106445154,0.2616590357,0,-0.1438419506,0.002488221061,0.0250656856,0.0006521767647,-0.109617835,0.002330551896,0,0.0005885773223,0.2627401284,0.2616590357,0.01047808667,0.0004239452732,0.04075649031,0.1110815752,0.02703958375,-0.7228475773,0.0009700726674,0.006375558155,3.094842643e-05,0.02710251759,0.01234051402,0.01093086443,0.0002291745526,0.01201013668,0,0.02703958375,0.001607973237,0.0001415360911,0,0.01047808667
1,1,1,1,3,1500,500,v1,0.05899536148,0,0.02661569254,0.1942202956,0,0.1007328045,0,0,0,0.02719806602,0.1384169719,0,0,0,0,0,0,0.1827159662,0,0,0,0,0.2510700549,0,0,0,0,0,0,0.002356235949,0,0,0,0,0.00240779235,0,0,0,0,0,0.0002640059643,0.0001191060009,0,0.0008691414906,0.0004507822398,0,0.0001217121392,0.0006194199887,0,0,0,0,0.002988398781,0,0,0.009838192019,0,0,0,0,-0.4102307304,-0.2523102327,0,-0.05344270317,0,0.2372758818,0,0,0,0,0,0,0,0,0,0.2383443805,0,0,0,0,-0.430113395,0,0,0.0833620366,0,0.03597656436,0,0.2743157723,0,0.03675378963,-0.05320485238,0,0,0,0,0.004717949142,0,0,0.2743157723,0,0.1212363297,0,0.0833620366,0,0.1664171932,-0.4811430057,0,0,0,0.001128866715,0.0002378507952,0.001068498861,0,0,0,0,0,0,0,0,-0.2511813657,0,0,0,0.01272949348,0,0,0,0.03675378963,0.1664171932,0,0,0.03597656436,0.1212363297,0
1,1,1,1,0,1500,500,v1,0,0,0,0,0,0,0,0,0.1503956463,0,0,0.00252116282,0,0,0,0,0,0,0,0,0.4203979854,0,0,0.007047356735,0,0,0,0,0,0,0,0,0.4127192154,0,0,0.006918633398,0,0,0,0,0,0,0,0,0,0,0,0,0,0,0,0,0,0,0,0,0,0,0,0,-0.0487538827,0,0,0,0,0,0.1526638731,0,0,0,0,0,0,0,0,0.1423299782,0,0,0,0,0,-0.03841998789,0,0,0,0,0,0,0,0,0.1142438855,0,0,0,0,0,-0.01033389485,0,0,0,0,0,0,0,0,0,0,0,0,0,0,0,0,0,0,-0.1540992092,0,0,0,-0.001765776211,0,0,0,0,0,0,0,0,0,0,-0.001765776211,0,0,0,-0.1540992092
1,1,1,1,3,1500,500,v1,0,0,0,0,0,0,0,0,0.00126038638,0,0,0.0008322764342,0,0,0,0,0,0,0,0,0.5783014733,0,0,0.3818723337,0,0,0,0,0,0,0,0,0.02272646468,0,0,0.01500706553,0,0,0,0,0,0,0,0,0,0,0,0,0,0,0,0,0,0,0,0,0,0,0,0,-0.9224425885,0,0,0,0,0,0.002090092987,0,0,0,0,0,0,0,0,0.03981328865,0,0,0,0,0,-0.9601657843,0,0,0,0,0,0,0,0,-0.9580756909,0,0,0,0,0,0.03772319567,0,0,0,0,0,0,0,0,0,0,0,0,0,0,0,0,0,0,0.8314790516,0,0,0,0.5490496957,0,0,0,0,0,0,0,0,0,0,0.5490496957,0,0,0,0.8314790516
1,1,1,1,4,1500,500,v1,0.003815875663,0.002508106533,0.004590892341,0.01930974531,0.03255257052,0.0004779807128,0.01419144692,0.01470355893,0.05918718311,0.004706627979,0.04310664376,0.003296894845,0,0.001714670024,0.0004659715554,0,0.03109963502,0.0004566467557,0.05510864453,0.01404728748,0.05654545135,4.016173653e-05,0.04118264292,0.003149742854,0.02062010489,0.002124616743,0.0005773769615,0.162488517,0.002969039855,0.005434594643,0.06828412885,0.01679951427,0.07006445031,4.976368436e-05,0.005571599877,0.003902789639,0.007205919631,0,0.0002017706507,0.05678337725,0.001578566227,0.001899178129,0,0.007988130247,0.0001977329131,1.739046004e-05,0.001947056096,0.01783252339,0.008049277091,0,0.0008293667256,0.06342911954,0.001763316498,0.001158996262,0,0.0089230351,0.01504254586,0.02665543541,0.00655786894,0.00679451595,-0.04680915177,-0.02076977891,-0.004036834001,-0.003625011801,-0.02360189819,-0.02247146012,0.00941563697,0.01018103045,0,0.001146909432,0.000777138317,0.07445362481,0,0.0410121636,6.047270773e-05,-0.08593531048,0,0.002868925784,-0.0002337171038,-0.01884486168,-0.01731012936,0.01743983203,0.07445362481,0.004026316741,0.002923131714,0.00678029717,0.01018103045,0.02093316557,0.01697662685,0.006182001576,0.1747069359,-0.1771896077,-0.0552311566,-0.0004702950308,-0.01483666343,-0.007119342161,-0.03313888693,0,0.02093316557,0.03071989326,0.0005775357609,0,0.004026316741,0.012840363,0.05646328826,-0.1854792533,0.05791138069,0,0.0001456047849,0.003275159545,0.002102821456,0.001754373485,0.0410121636,0.01697662685,0.012840363,0.009473003533,0.001146909432,0.002923131714,0.03071989326,-4.787665568e-05,-0.2504553345,0.06285512344,0,0.02425618219,0.0008549644916,0.00560699173,0.01340658906,6.047270773e-05,0.006182001576,0.05646328826,-4.787665568e-05,0.000777138317,0.00678029717,0.0005775357609,0.009473003533
1,1,1,1,2,1500,500,v1,0,0.0001713823076,0.003934858037,0,0.0005670170449,0.0002518185006,0.0007038975435,0.0009815474657,0.00777982904,0.002827491648,0.0006903624399,0.01819644481,0.001618174796,0.2182197191,0.002450454809,0.002118313102,0.001332325143,0.000591700237,0.02347025467,0.00230635107,0.01828033555,0.001971764158,0.001622150948,0.04275635302,4.358423249e-05,0.4200683479,0.004717073726,0.000108258907,0.0007751862526,0.01779791566,0.04517974428,0.003183827471,0.03518925963,0.003795604338,0.01278914192,0.08230507605,4.398958014e-06,0.0003143922365,0.0004760944057,1.092657504e-05,0,0.001796344211,0.0004115631979,0,0.0001149603623,0.0003830904702,0.001290808513,0.0003151647558,1.449937719e-06,0.0001036266227,0.01397461668,3.601501364e-06,0,2.578849558e-05,0.0001356550807,0,8.532103903e-05,0.001503016381,0.0001059179267,0.0001476968821,-0.09167114436,0,0.0007675863938,0.006615993297,0.0007925101636,0.000611901127,0.02583671922,5.533709606e-05,0.00179381134,0.2808807964,0.00275554119,0.0001394205267,0.002454567713,0.03031035863,0.002219180778,-0.5425519234,-0.003572037391,0.2401255662,0.004076753051,-0.002924656834,-0.001887210972,0.05975992725,0.0001394205267,0,0.0008759324131,0.01802370196,5.533709606e-05,0,0.003649363278,0.01297453648,0.3566219897,-0.0001437804665,-0.4630502831,-0.008184861969,-0.003909109403,-0.0303267577,-0.1160884539,0.002454567713,0,0.001061776878,0.0003862950277,0.00179381134,0,0.001810229921,0.00105010323,-0.03259090526,9.734579836e-06,0.0005248964598,0.000791627602,0,0.00304527216,0.0003177110056,0.03031035863,0.003649363278,0.001810229921,0.01360707314,0.2808807964,0.0008759324131,0.001061776878,0.03213063794,-0.2313795688,4.207471467e-06,0.00021488823,0.01546394678,0,0.000124659213,0.0002174754717,0.002219180778,0.01297453648,0.00105010323,0.03213063794,0.00275554119,0.01802370196,0.0003862950277,0.01360707314
1,1,1,1,3,1500,500,v1,0.08643230806,0.03603722672,0.01906206367,0.1139012684,0.02168721262,0.056245118,0.07429326804,0.01624820538,0.001540713118,0.002938366212,0.04868953618,9.492693658e-05,0.003358143022,0.007085253072,0,0.0008460535168,0.002073737014,0.005378173079,0.01760499452,0.001553657702,0.0001473233964,0,0.004655706345,9.076938816e-06,0.06628722565,0.04645280748,0,0.1243388807,0.02259216774,0.01195023533,0.1154230361,0.04657533685,0.000965891451,0,0.001842096864,5.951083004e-05,0.003105507026,0.001031474419,0,0.00582518372,0.002538547685,0.0005598596021,0.0002598705754,0.003345320836,0.001651939157,0,8.630086261e-05,0.001430029026,0.002635118677,0.0008752379186,0.001846640275,0.004942848395,0.002154036156,0.0008981073287,0.0002205082137,0.002838608106,0.0005404812293,0.004588416474,0.001851511189,0.0004049321677,0.1047610455,-0.1997565448,-0.1030060666,-0.01886653101,-0.03777211168,-0.1038605169,-0.001302544295,0.0905393662,0.002167325994,0.05630436978,0,0.1697702612,0.0005274575161,0.1398316829,0,-0.2919676444,-0.00344976257,0.02445690471,0,0.003474343889,0.009780869505,0.0001334791515,0.1697702612,0.1223031355,0.01876041476,0.01057722548,0.0905393662,0.1611174873,0.03766454622,0.001755208149,-0.07254163406,-0.189908484,-0.1615119251,0,0.0626521583,0.01000543481,0.0005671674191,0.0005274575161,0.1611174873,0.02864532075,0.07317941372,0.002167325994,0.1223031355,0.02145202779,0.06334727608,-0.4828231612,0.008839745636,0.0009216389833,0,0.005837675839,0.0006394738021,0.00306185397,0.1398316829,0.03766454622,0.02145202779,0.000823560263,0.05630436978,0.01876041476,0.02864532075,7.928632535e-05,-0.589222427,0.007528986033,0.0007316012434,0.006297652284,0.004971786794,0.002737267725,0.0008995354063,0,0.001755208149,0.06334727608,7.928632535e-05,0,0.01057722548,0.07317941372,0.000823560263
1,1,1,1,4,1500,500,v1,0,0.0009664530554,0.001814372943,0,0.1167388255,0.2218628739,0.01037637451,0.1064556459,0.02059302057,0.008562178789,0.1203937582,0.05740387901,0,4.034943989e-05,0.0004169350565,0,0.01532988419,0.02913454156,0.0002714466501,0.0139795198,0.002704229885,0.0002176564974,0.01580984187,0.007538150343,0,2.775649605e-05,0.0002868108277,0,8.730345838e-05,0.0001638993553,0.0001867289333,0.000937338213,0.001860247535,0.0001497265322,0.0007734548671,0.005185515358,0,0,0.001967916765,0,0,0.001124575008,0,0,0.137513869,0.001027329949,0.005306964218,0.07462182027,0,0,2.356426488e-05,0,0,7.411749e-05,0,0,0.008952725308,0.0001585261352,0.0007957663639,0.008164106081,0.3176351609,0,-0.01131090951,-0.009169368487,-0.2230771721,-0.333459778,-0.07789792662,0,0,3.09231557e-05,0.002081770546,0,0,0.0001621481157,0.001053198131,-0.4111657892,0,-8.642602771e-05,0.0004051057833,0.02926778363,0.04474107397,0.01018900111,0,0,0.001211757395,0.0009238679879,0,0,0.01300055094,0.004137962502,-0.08487090389,0,-2.630731225e-05,0.0002498344698,0.0009721380609,0.0008981947989,0.007014780009,0,0,0.1386510983,0.08519619258,0,0,0.1264349034,0.04532243679,-0.2963349373,0,0,-0.002744919376,0,0.004896620026,0.2017062836,0.0001621481157,0.01300055094,0.1264349034,0.02403296734,3.09231557e-05,0.001211757395,0.1386510983,0.06700825097,-0.2042608928,0,0,-1.598084102e-05,0,0.000863899207,0.01708538697,0.001053198131,0.004137962502,0.04532243679,0.06700825097,0.002081770546,0.0009238679879,0.08519619258,0.02403296734
1,1,1,1,0,1500,500,v1,0.0002886233367,0.0001184906739,7.210326033e-06,0.0006358561221,0,0.00237513395,0.0002457340925,0,0.0003485253783,0.0008190664955,0.0006878638832,0.001001228104,0,0,0.5237939076,0,0,0.1259359759,0,0,0.01847975085,0.0983628471,0.03647238903,0.05308780098,0.004954201932,0,0.03172348932,0.003750242442,0.0003805102685,2.315459104e-05,0,0.0007891283124,0.001119222981,0.005957329179,0.002630276308,0.003215253677,0.003210014385,0,0.02055484586,0.002429923599,0.0006005468996,1.50027333e-05,0,0.001323044169,0.004942009701,0.003859978383,0.001704255277,0.001431258218,0.01648173088,0,0,0.01247637612,0.003083491597,0.001265888619,0,0.006793134027,0,0,0.002625286707,0,-0.2334938685,0.0009094955131,0.0003080228891,0.0006703356732,0,0.003058434384,0.00134755367,0.01249010748,0,0,0.7072192214,0.009456586875,0,0,0.132811785,0.07712703405,0,0,-0.6220679867,0,-0.1623312995,-0.07143568228,0.009456586875,0.003177163482,0.0006886050554,1.138414792e-06,0.01249010748,0.007151063715,0.001838472986,-8.730050522e-05,-0.6917009784,0.008499324817,0,0.03766079933,0.0006187017041,-0.001445046007,0.004312944537,0,0.007151063715,0,0.1778584091,0,0.003177163482,0,0.05150971564,-0.7734306561,0.005593786033,0,0.02438652146,0.001865497842,0.0008321517223,0.006360781609,0,0.001838472986,0,0.02549755952,0,0.0006886050554,0,0.07316521633,0.01779482883,-0.02872424038,0,0,-0.009660478152,-0.002611443287,0,0.132811785,-8.730050522e-05,0.05150971564,0.07316521633,0.7072192214,1.138414792e-06,0.1778584091,0.02549755952
1,1,1,1,0,1500,500,v1,0,0,0,0,0,0.001499767201,0,0,0,0,0.08200571179,0,0,0,0,0,0,0.01584489501,0,0,0,0,0.8663823914,0,0,0,0,0,0,0,0,0,0,0,0,0,0,0,0,0,0,0,0,0,0.0006154431438,0,0,0.03365179146,0,0,0,0,0,0,0,0,0,0,0,0,-0.8479621345,0,0,0,0,0.08349765991,0,0,0,0,0,0,0,0,0,0.1177551916,0,0,0,0,-0.8822196657,0,0,0,0,0,0,0,0,0,0,0,0,0,0,0,0,0,0,0,0.02059453783,0,0,0,1.126102173,-0.7987220063,0,0,0,0,0,0.03425753172,0,0,0,0,0,0,0,0,0,0,0,0,0,0,0,0,0,1.126102173,0,0,0,0.02059453783,0
1,1,1,1,4,1500,500,v1,5.56712186e-05,0.001684792356,0.000878197828,0.0002433611469,0.0009037077633,3.418713509e-05,0.0006458940605,0.0007811443593,0,0.0003025472498,6.743239894e-05,0,0.004772012107,0.006060935432,0.002560916958,0.001028561324,0.01317764133,0.0004985082817,0.0159396043,0.01139045232,0,0.006067947979,0.0009832824317,0,0.009428453859,0.05370377455,0.02269136646,0.1258400101,0.2176813421,0.1134663754,0.1412351155,0.0834518779,0,0.05376591021,0.03909021262,0,0.0001177640694,0.0005281277828,0.0002834216185,0.001571777505,8.984168222e-05,0.001417227289,0.0001138328654,0.0003927339005,5.517087292e-05,0.000671551505,0.0004882478695,0.000108821763,0.0006599502884,0.002959630085,0.003759027942,0.008808247059,0.0005034731257,0.01523673623,0.0006379198064,0.002200882258,0.008172850959,0.009885836704,0.005841264296,0.007064425785,-0.4419747633,2.258255212e-05,0.002303265605,0.001179857115,0.001634166421,9.998808659e-05,0,0.01289614205,0.001620040682,0.06572991272,0.02976282709,0.1724504738,0.0002783845329,0.1728666585,0.07052738496,-0.2379497214,-0.0043623878,0.02190506876,0.00857976373,-0.02273332616,-0.001470485414,0,0.1724504738,0.0003711184438,0.3002629242,0.1667407042,0.01289614205,0.001719503507,0.1153050065,0.05744168361,0.08248107791,-0.1345944488,-0.1945857961,-0.07639429574,-0.300358608,-0.1525370743,0,0.0002783845329,0.001719503507,0.006201835413,0.0006096637012,0.001620040682,0.0003711184438,0.005247670807,0.001202251817,-0.3489284299,0.001671139291,0.0005751915566,0.0009543908017,-8.392343198e-05,0.001902292064,0.0001625536512,0.1728666585,0.1153050065,0.005247670807,0,0.06572991272,0.3002629242,0.006201835413,0,-0.6286070749,0.009358897976,0.002521579439,0.01361634647,-0.001332407088,0.0210100557,0.01346615561,0.07052738496,0.05744168361,0.001202251817,0,0.02976282709,0.1667407042,0.0006096637012,0
1,1,1,1,1,1500,500,v1,0,0,0,0,0,0,0,0,0,0,0,0,0,0,0.001437042553,0,0,0,0,0,0,0.00772087325,0,0,0,0,0.001113772127,0,0,0,0,0,0,0.005984021422,0,0,0,0,0.154367264,0,0,0,0,0,0,0.8293770266,0,0,0,0,0,0,0,0,0,0,0,0,0,0,0,0,0,0,0,0,0,0,0,0,0.2277246062,0,0,0,1.223504449,-0.9766438467,0,0,0.009157823624,0,0,0,0,0,0,0,0,0,0,0,-0.9745837668,0,0,0.00709774351,0,0,0,0,0,0,0,0,0,0,0,0.01625556712,0,0,-0.9837415903,0,0,0,0,0,0,0,0,0,0,0,0,0,0,0,0,0,0,1.223504449,0,0,0,0.2277246062,0,0,0
1,1,1,1,2,1500,500,v1,0.00361029279,0.0008361709348,0.004570326,0.004016898794,5.201446484e-06,0,0.0001489046083,4.828717861e-06,0.004360586919,0.01007568989,0,8.904822952e-05,0,4.870123843e-07,0,0,6.266058171e-07,0,2.579858876e-07,5.817040914e-07,0.0005253094765,0,0,1.072742722e-05,0.001607947958,7.58608741e-06,0,0.006528457266,0.001569073157,0.00857620798,4.018590815e-06,0.000279419212,0.008182632997,0,0.01890701277,0.000167098832,0.003564296279,0,0,0.01447146086,0.01501731734,0.01901065644,0,0.0167086293,0,0,0.04191068183,0,0.05388294348,0,0.0002542126548,0.2187710692,0.2270230076,0.05258023421,0,0.2525912712,0.0003270781882,0.0001346644963,0.009363443348,0.0003036402074,-0.5476226254,0.007619498007,0.0009743649012,0.01442403927,9.963091125e-06,0,0.003679809642,0.0730068345,0,0.0003424878036,0,0.296496172,0,0.0001790364411,0,-0.004805463063,0,5.683161488e-07,0,1.199587655e-06,0,0.0005141173777,0.296496172,0.3125649345,0.07470501745,0.00873163847,0.0730068345,0.3477316844,0.01329913443,0.01842717809,-0.3556219378,0.008120304267,1.106601245e-05,0,0.001839409071,0.0263867533,-0.007517667927,0,0.3477316844,0.0004808793421,0,0,0.3125649345,0.0004463517579,0,-0.6953014033,0.01789004092,0,0,0.03168907071,-0.0589166703,0,0.0001790364411,0.01329913443,0.0004463517579,0.004879983822,0.0003424878036,0.07470501745,0.0004808793421,0.0001056275444,0.06815548486,-0.272345683,0,-0.0003593171588,-0.4795063143,-0.06148320873,-0.0006293167423,0,0.01842717809,0,0.0001056275444,0,0.00873163847,0,0.004879983822
1,1,1,1,0,1500,500,v1,0,0,0,0,0.03121014545,0,0,0.06985693887,0,0,0,0,0,0,0,0,0.1210460404,0,0,0.2709345221,0,0,0,0,0,0,0,0,0,0,0,0,0,0,0,0,0,0,0,0,0,0,0,0,0,0,0,0,0,0,0,0,0,0,0,0,0.1565500458,0,0,0.3504023074,-0.1128859267,0,0,0,0.1010552881,0,0,0,0,0,0,0,0,0,0,-0.313715731,0,0,0,0.3018850917,0,0,0,0,0,0,0,0,0,0,0,0,0,0,0,0,0,0,0,0.01028069236,0,0,0,0.007465265724,0,0,0,0,0,0,0,0,0,0,0.007465265724,0,0,0,0.01028069236,0,0.4029403789,0,0,0,0,0,-0.4147710184,0,0,0,0,0,0,0,0
1,1,1,1,1,1500,500,v1,0.0004767656864,0.00915336954,6.990263029e-05,0.0006932961638,0.002396106401,0.0001261139035,0.007996330912,0.0003901959071,0.000369459697,0.001141077752,0.007308160386,6.221175098e-05,0,0.01146019602,0.008255309847,0,0.006521443927,0.0003432421657,0.003441990503,0.001061989871,0.001005552465,0.007565215958,0.01989050159,0.0001693207136,0.03384686649,0.06699525796,0.04825978646,0.0507544775,0.1456366494,0.001112200793,0.02012156173,0.1272273382,0.005878367757,0.04422556069,0.01815536234,0.0009898334082,0.007717073256,0,0.01100321377,0.01157200242,0.001729532902,0.0002535813765,0,0.0025150269,0.0004574954779,0.01008341176,0.004139416013,0.0265113539,0.01806725534,0,0.03576166887,0.02709243718,0.004049192163,0.07773997431,0,0.005888195132,0.02035023815,0.01074076957,0.06791319382,0.00331395118,-0.2001803534,0.0006985573842,0.01674522752,0.0008958304932,0.001302816131,-0.001543952766,0.0003004213062,0.01376055786,0,0.03527902907,0.04495505147,0.02425863551,0,0.01036619658,0.04132825813,-0.1574168894,0,0.01347459651,0.01369213874,0.001649271636,-0.007172119656,0.0008714911039,0.02425863551,0.003910281789,0.09121428527,0.001327896749,0.01376055786,0.006291904636,0.07824337642,0.02126070418,0.2960365278,-0.07711281774,-0.0829567774,-0.08908880629,-0.2685260635,-0.01850947834,-0.006641946817,0,0.006291904636,0.02238590653,0.0007387442846,0,0.003910281789,0.003389832836,0.0357041967,-0.1526536302,0.01790187681,0,0.01787446119,0.0008777789996,0.002554580575,-0.01557922157,0.01036619658,0.07824337642,0.003389832836,0.007026495769,0.03527902907,0.09121428527,0.02238590653,0.001178555826,-0.3759455336,0.03386481203,0,0.03905203044,-0.008377794003,0.1388090611,-0.02013591402,0.04132825813,0.02126070418,0.0357041967,0.001178555826,0.04495505147,0.001327896749,0.0007387442846,0.007026495769
1,1,1,1,3,1500,500,v1,0,0,0.004226208042,0,0,0,0,0,0,0.001858366719,0,0,0,0,0,0,0,0,0,0,0,0,0,0,0,0,0,0,0,0.2786648607,0,0,0,0,0.1225357337,0,0,0,0,0,0,0.4116863188,0,0,0,0,0.1810285121,0,0,0,0,0,0,0,0,0,0,0,0,0,-0.191076223,0,0,0.006083794845,0,0,0,0,0,0,0,0,0,0,0,0,0,0,0,0,0,0,0,0,0,0.192773041,0,0,0,0.0847156016,-0.5773797813,0,0,0,0,0.3923873537,0,0,0,0,0,0,0,0,0,0.3984711487,0,0,0,0,-0.5834635768,0,0,0,0,0,0,0,0,0,0,0,0,0,0,0,0,0,0.0847156016,0,0,0,0.192773041,0,0
1,1,1,1,1,1500,500,v1,0.02817543021,0.01209041038,0,0.06124184238,0.06421051117,0,0.02721070655,0.04549246465,0,0,0,0,0,0,0,0,0.003911667234,0,0,0.002771374657,0,0,0,0,0,0,0,0,0.03699273758,0,0,0.0832559438,0,0,0,0,0,0,0,0,0.03624585082,0,0,0.07878363049,0,0,0,0,0,0,0,0,0.0614057579,0.02634993706,0,0.133470961,0.1399409015,0,0.05930323144,0.09914664122,-0.3475060037,0.08744577118,0.03874316829,0,0.1085827255,0,0,0,0,0,0,0,0,0,0,-0.1293186276,0,0,0,0.006667057267,0,0,0,-0.003482772829,0.0007927863053,0,0,-0.009891080096,-0.002294781533,0,0.1046070017,0,0,0,-0.1036056714,0,0,0,-0.009891080096,0.1077717339,0,0,-0.003482772829,0.07620562159,0,-0.09638100185,0,0,0,0.1052969037,0,0,0,-0.002294781533,0.07620562159,0,0,0.0007927863053,0.1077717339,0,0.2431299553,0,0,0,-0.183826773,0.06586383317,-0.237901353,0,0,0,0,0,0,0,0
1,1,1,1,0,1500,500,v1,0.007615955816,0.02628182861,0,0.00326074837,0.003025809557,0.0007111458418,0.02686825535,0.03995070286,0.01464156524,0,0.09277368514,0.06839753263,1.315323251e-05,0.001016145834,0,0.0006060576444,0.0009837380858,0.0002312046532,0.002052785743,0.01298859932,0.004760202218,0,0.03016217832,0.02223710929,0,0.003548640167,0,0,0.02984003975,0,0.007168850865,0.03050586089,0.01662383905,0,0,0.07765765169,0,0.0001172415849,0,0,0.02207046557,0,0.005402106191,0.009449402855,0.002060847016,0,0,0.2688511427,0,5.747374707e-05,0.004440103114,0,0.01081930406,0.03733623224,0.00264820102,0.004632252199,0.00429849574,0.008969756175,0.03816931601,0.0567543736,-0.3236928819,0.01003011423,0.03254527843,0,0.01210923831,0.09126171412,-0.02398653672,0,0.0001514670171,0.005210935747,0,0,0.00643127901,0.01025553796,0,-0.2780879339,0.0003593288529,0.00139782541,0,0.01190960745,0.02998240732,0.02230664408,0,0.01536291852,-0.005911834622,0,0,0.008072858391,-0.0110732938,0,-0.02303188802,0,-0.00459185742,0,0.02695628931,0,-0.02765402851,0.00643127901,0.008072858391,0.003251210109,0.001699976379,0.0001514670171,0.01536291852,0.02771725371,0.2194796394,0.1327290894,0,-0.004652910011,0,-0.02684440663,0,-0.2686971984,0.01025553796,-0.0110732938,0.02771725371,0.009081839071,0.005210935747,-0.005911834622,0.003251210109,0.03491904261,0.05921850786,0,-9.491618407e-05,-0.007116950454,0.00119044113,-0.04817814879,-0.04466448828,0,0,0.2194796394,0.03491904261,0,0,0.001699976379,0.009081839071
1,1,1,1,0,1500,500,v1,0.0003630764616,1.138087819e-05,4.913100098e-05,1.447098039e-05,0.0005571527386,0.0003830924438,5.48913652e-06,0.0008322711037,0,1.210109347e-05,0.002059412846,0,0.02149725256,0,0,0.3784241366,0.07838558696,0.0538971165,0,0.1170918753,0,0,0.2897379363,0,0.0001052691926,0,0,2.995718773e-05,4.170321231e-06,1.800318509e-05,0,2.011396853e-06,0,0,4.434231363e-06,0,0.001077180035,0.0005729302477,0,0.0003065406294,0.001361378326,0.0001842198185,0.01008550436,5.425986297e-05,0.001436429526,0,4.537382097e-05,0.007721899679,0.001936252671,0.001029853586,0,0.000551012916,0.002447104786,7.670616091e-05,0.01812889592,9.753318958e-05,0.003755162555,0,3.699631805e-05,0.005609437175,-0.5214143172,0.0003272003675,1.278691707e-05,4.420841402e-05,0.001387369889,0.002436544719,0,0.001261702788,0.02984057087,0,0,0.0003669818686,0.5253059289,0,0,0.05199869039,-0.399850721,0,0,-0.19539975,-0.3434136279,0,0.0003669818686,0.0006844529818,5.99111527e-05,0.0001127952316,0.001261702788,4.373638782e-05,2.96679012e-05,2.713458629e-05,-0.001376418599,0.0001265330836,0,0,2.359735918e-06,8.730094516e-06,0,0.5253059289,4.373638782e-05,0.1110982081,0.0780711825,0.02984057087,0.0006844529818,0.1659411316,0.4197410861,-0.7252072688,0.001028584153,0.01063458587,0,0.0009510428366,-0.0001462250541,0.009102234931,0,2.96679012e-05,0.1659411316,0,0,5.99111527e-05,0.1110982081,0,-0.5807800041,-0.002240907007,0.01911846813,0,-0.001763702785,-7.486602218e-05,0.009319486799,0,2.713458629e-05,0.4197410861,0,0,0.0001127952316,0.0780711825,0
1,1,1,1,1,1500,500,v1,0.02917017826,0.02615472753,0.002138719687,0.1201872955,0.001869753558,0.0003257299536,0.008658636434,0.001124940937,0.02661592632,0.006927254721,0.02754944417,0.003258407912,0.03610367542,0.001763987626,0.1551549923,0.04540034245,0.007748029526,0.001349784995,0.01486176347,0.004661617334,0.1102931357,0.03573470694,0.1141615192,0.01350244293,0,5.677201013e-06,0.0004993493528,0,0.0003488155489,2.852328247e-05,4.783095833e-05,0.0001154769063,0.0003549663799,0.0001150082412,9.238613381e-05,4.3456134e-05,0,0.004987667892,0.0214344264,0,0.01669906263,0.001224353642,0.006271988314,0.06880366509,0.0001864707458,0.004936695458,0.003965648046,0.01577124039,0,0.00245245759,0.0001198244997,0,0.008211000366,0.007362192834,0.003083963423,0.03383105578,0.0005263096789,0.001009532803,0.002437285995,0.0003166552623,-0.09811062442,-0.144993174,-0.03367407949,-0.008570433378,0.002918361757,0.02755955929,0.02863262261,0,0.04286805023,0.002449512765,0.1998335695,0,0.0538914297,0.02063418043,0.04576793911,0.1204805127,-0.08111141453,-0.01654593601,-0.1902391073,-0.01226622985,-0.1148218806,-0.1205663903,0,0.008483216103,0.02800706859,0.001793042403,0,0.02851666931,0.010071443,0.00532422526,-0.3024304326,0,5.30878766e-05,0.0006124826514,0.00045919548,0.0001179124005,0.0003963233667,0.0538914297,0.02851666931,0.007989812426,0.001247894944,0.04286805023,0.008483216103,0.004797106397,0.105820004,-0.4652465288,0,0.01112733472,0.02589228616,0.07960481931,0.003707675873,0.01588372233,0.02063418043,0.010071443,0.004797106397,0.1223773556,0.002449512765,0.02800706859,0.007989812426,0.01492881099,-0.1944280323,0,0.005477760032,0.0011037195,0.04072176461,0.007829209611,0.0008232555338,0.04576793911,0.00532422526,0.105820004,0.01492881099,0.1998335695,0.001793042403,0.001247894944,0.1223773556
1,1,1,1,3,1500,500,v1,0,0,3.699930575e-05,0,0,0.001966198197,0,0,1.690120733e-05,5.39311882e-05,0.001800037435,4.501517414e-05,0.07280064006,0.03362336857,0.001513441102,0.001690403123,0,0.02172043159,0.0159396324,0,0.0001867062629,0.03868265242,0.01988486716,0.000497278968,0.02654900353,0.02192481537,0.0009868706838,0.03836297267,0,0.0002665197859,0.01039376815,0,0.0001217456941,0.02522382642,0.0003884864443,0.0003242610728,0.08435807665,0.1508371664,0.003135730224,0.1218963486,0,0.0008468527454,0.003502381532,0,0.0450030158,0.08014739536,0.001234395453,0.04119987152,0.02418806438,0.04324967137,0.01997509417,0.0349514456,0,0,0.00100424089,0,0,0.009469475302,0,0,-0.05121950261,0,0,5.546432504e-05,0,0.003243615231,2.773795466e-05,0.05083128301,0.0548907434,0.004612342945,0.001453732777,0.07239556247,0.001257032885,0.003226393539,0.03897430604,-0.2209245395,0.06667161806,-0.02784156828,0.03174137844,0,0.03493360954,-0.0005393935941,0.07239556247,0,0,0.0009248834776,0.05083128301,0,0,0.001390353482,-0.2061993026,0.06259305611,0.005943523978,0.02089128314,0,0.0003872118151,-3.175091899e-05,0.001257032885,0,0,0.03434455786,0.0548907434,0,0,0.03436412294,0.3197196022,-0.201076172,-0.1469739496,-0.07958468752,0,-0.001986167447,-0.08398301197,0.003226393539,0,0,0.0002369852396,0.004612342945,0,0,0.0005781245988,-0.2406834916,0.05633188547,0.04287048067,0.01667221997,0,0,0,0.03897430604,0.001390353482,0.03436412294,0.0005781245988,0.001453732777,0.0009248834776,0.03434455786,0.0002369852396
1,1,1,1,2,1500,500,v1,0,0,0.0302560963,0,0,0.00125914264,0,0,0.02104347741,0.002627351155,0.0006744627549,0.05161771858,0.004558759647,0.05148555153,0.0002193405034,0.0022261422,0,0.002666339985,0.07573272506,0,0.04456132565,0.001928012275,0.001428231365,0.1093048417,0.007217839089,0.05353269392,0.0002280618092,0.005616184001,0,0.06661732924,0.07874397127,0,0.04633315048,0.002004672922,0.005784854568,0.1136509654,0.005079081132,0.003335480294,0.0001604835489,0.003952021352,0,0.04687757871,0.001628788095,0,0.001950864964,0.001410657163,0.004070712207,0.001044985466,0.007075761285,0.004646718908,0.05247894258,0.005505633588,0,0,0.002269094634,0,0,0.07719395466,0,0,-0.1208432761,0,0,0.02416121226,0,0.00111155932,0.06694691462,0.009516949263,0.008660408648,-0.03299540592,0.0002310743552,0.00745449882,0.004493518515,-0.05206680351,0.002469032434,0.05534944614,-0.003322230191,0.03422032781,-0.0002059565674,0,-0.002425009341,-0.03203538434,0.00745449882,0,0,0.04818746282,0.009516949263,0,0,0.002911536879,0.1061312823,-0.004631998451,-0.005298643281,-0.001143648483,0,-0.05061769177,-0.02636028269,0.004493518515,0,0,0.00299285035,0.008660408648,0,0,0.001670406217,-0.04711083014,-0.0003818810299,-0.001710406888,-0.0004504661437,0,-0.007609520255,-0.001795387692,-0.05206680351,0,0,-0.007438532407,-0.03299540592,0,0,-0.005388338999,0.01887516795,-0.006300419244,-0.003736647702,0.02778645508,0,0,0,0.002469032434,0.002911536879,0.001670406217,-0.005388338999,0.0002310743552,0.04818746282,0.00299285035,-0.007438532407
1,1,1,1,2,1500,500,v1,9.733609097e-05,0,0,0.0009133110083,0.0009024426404,0.000420670845,0,0.0005154332079,0,0,0.001256624076,0,0.0009149513541,0.001641835256,0.001356096527,0.0008399487614,0.008468469549,0.003947550882,0.009972636767,0.004836795415,0,0.0001727250868,0.01179208766,0,0.01625195687,0.05701118177,0.04708917372,0.06180271195,0,0,0.3462904121,0,0,0.005997715838,0,0,0.006214254797,0.01214819811,0.01800547012,0.02363148034,0.01212755031,0,0.0111523568,0.1137936103,0.05241331131,0.002293344409,0,0.1565685611,0.0001116240956,0.0002182130716,0.0003915726368,0.0004244825336,0.0002178421837,0,0.0002003251849,0.002044027683,0.002019703828,0.002378443062,0,0.001153560765,-0.3267506216,0.001008778268,0,0,0.001313190534,0.001675524079,0,0.01479023032,0.01649418559,0.0823520165,0.04121208967,0.05623961592,0.01514052663,0.5003989316,0.005270599694,-0.6582793674,0.001731454299,0.01158656572,0.001523645399,-0.01303086109,0.01571338483,0,0.05623961592,0.01770597972,0,0,0.01479023032,0.1661593032,0,0,0.06568773705,-0.07713450737,-0.402853321,-0.05254223229,0,0,0,0.01514052663,0.1661593032,0.008404150343,0.07198275718,0.01649418559,0.01770597972,0.004758611125,0.2151188923,-0.1048238911,0.02925021951,-0.02323808987,0.0200301271,-0.1258378107,0,-0.2087900095,0.5003989316,0,0.004758611125,0,0.0823520165,0,0.008404150343,0,-0.5972043794,0.0005310570467,0.000416827379,0.002766122359,0.002252177237,0,0.002942496249,0.005270599694,0,0.2151188923,0,0.04121208967,0,0.07198275718,0
1,1,1,1,0,1500,500,v1,0,0.004751071569,0,0,0,0,0.0002964020773,0,0,0,0,0,0,0.06651082023,0,0,0,0,0.1343666955,0,0,0,0,0,0.000282635242,0.0007819079601,0,1.513085811e-05,0.007904924761,0,0.001579628524,0.0004931595086,0,0,0,0,0.005579388045,0,0,0.0002986921526,0,0,0,0,0,0,0,0,0.0198642795,0,0.05495435795,0.001063432827,0,0.5555769823,0,0,0,0.1110200635,0.0346604275,0,-0.5815609737,0,0.005041084392,0,0,0,0,0.0220723477,0,0.02104424308,0,0.001135464982,0,0.03557966222,0,0.06392052062,0,-0.1016697909,0,0,0,0,0.001135464982,0,0.8140118944,0,0.0220723477,0,0.05076793438,0,-0.6407208858,0.0002438032542,0.002350213326,0,0.00838583499,0,0,0,0,0,0,0,0,0,0,-0.01855597508,0.00308409995,0,0,0,0,0,0.03557966222,0.05076793438,0,0,0.02104424308,0.8140118944,0,0,-0.08256475468,-0.01879977833,0,0.0615703072,0,-0.5899468085,0,0,0,0,0,0,0,0,0
1,1,1,1,3,1500,500,v1,0,0,0.1397243437,0,0,0,0,0,0,0.06352077416,0,0,0,0,8.645491523e-05,0,0,0,0,0,0,0.0001000500493,0,0,0.005953862477,0,0.009399922934,0.01319971343,0,0.2561950801,0,0,0,0.01087807154,0.116470111,0,0.005539365908,0,0.008745518197,0.01228077452,0,0.2383592664,0,0,0,0.01012076092,0.1083616836,0,0.0003308194223,0,0,0.000733426677,0,0,0,0,0,0,0,0,-0.05780305509,0,0,0.1999018322,0,0,0,0.002166066427,0,0,0.00395621163,0.003714153049,0,0,0.003844989117,-0.005378499787,0,0,0.0001776992949,0,0,0,0.003714153049,0,0,-0.147040747,0.002166066427,0,0,-0.06610741899,0.3011418667,-0.007674899419,0,-0.01215673472,0,-0.1483323971,0,0,0,0,0,0,0,0,0,0.03259518659,0.003075070435,0,0.006778234928,0,0.09052934212,0,0,0,0,0,0,0,0,0,-0.004599828981,0.0006796826638,0,0,0,0,0,0.003844989117,-0.06610741899,0,0,0.00395621163,-0.147040747,0,0
1,1,1,1,3,1500,500,v1,0,0.1277764596,0.3368169352,0,0,0,0.1518944698,0,0.1153208018,0.05672175273,0,0.009503215135,0,0,0,0,0,0,0,0,0.004614496491,0,0,0.0003802657649,0,0,0,0,1.202175259e-05,3.168916934e-05,0,1.429087754e-05,1.084987135e-05,0,5.336623665e-06,8.941028854e-07,0,0,0,0,0,0.1568387154,0,0,0,0,0.02641246893,0,0,0,0,0,0,0.006234301219,0,0,0,0,0.007411035502,0,0.2015215614,0,-0.2796149077,-0.3931258687,0,0,-0.1247720452,0,0,0,0,0,0,0,0,-0.1247603357,0,0,0,0,0,0.004949645777,0,0,0.1822747479,0.2698949385,0,0,0.2166467375,0.04545443162,-0.5960662556,0,0,0,2.62698799e-05,3.701539108e-05,1.170935212e-05,0,0,0,0,0,0,0,0,-0.3930888531,0,0,0,0,0.1828559409,0,0,0.2166467375,0,0.1660391241,0,0.1822747479,0,0.01367691103,-0.2795886378,0,0,0,0,0.01364098116,0,0,0.04545443162,0,0.01367691103,0,0.2698949385,0,0.1660391241
1,1,1,1,0,1500,500,v1,0.03635795475,0.03653498691,0.05904400581,0.04077429478,0.001737736864,0.005321145779,0.01533920588,0.0008549443002,0.01040439995,0.02890171444,0.03825929344,0.0003778906733,2.271100239e-05,0.0004021448409,0,1.934720194e-05,0.0004387793288,0.001343591669,0.00030208596,0.0002158738149,0.002627115601,0,0.009660488559,9.541756258e-05,0.01920085277,0.001362663326,0,0.00119968017,0.03125915023,0.05051775308,0.00102361492,0.01312414705,0.008901952035,0,0.02472816086,0.000323321351,0.05366517238,0.0002150871082,0,0.003353030405,0.08694401017,0.1411939334,0.0001832298568,0.09750495386,0.01272463635,0,0.06911364986,0.09149074586,0.0004158418986,1.666671837e-06,2.951184053e-05,2.598203766e-05,0.0006737137078,0.0006769941178,1.419815649e-06,0.0007555485865,3.220030263e-05,2.216890973e-05,0.0002842358251,1.584213684e-05,-0.4027354533,0.07404861604,-0.02256192654,0.08659121139,-0.002373037021,0.04243987247,-0.002587310934,0.05109354989,0.0003242094178,0.00140859114,0,0.003218696783,0.0002812535422,0.001106858321,0,-0.07024274839,-3.005833714e-05,0.0005347236667,0,9.785785416e-06,0.01074678267,0.001398590952,0.003218696783,0.07540891109,0.01978953013,0.04719493022,0.05109354989,0.08493227159,0.008267244547,0.02192068305,-0.1988534805,0.01991040838,-0.002257589973,0,0.002986537568,0.07435868492,-0.002278170654,0.0002812535422,0.08493227159,0.002487090843,0.00909551705,0.0003242094178,0.07540891109,0.00103349012,0.0654370401,0.3099107098,-0.05655809554,-0.0003746237934,0,-0.1823473644,-0.2070269718,-0.1028750264,0.001106858321,0.008267244547,0.00103349012,0.004924615531,0.00140859114,0.01978953013,0.002487090843,0.0002757204302,-0.169012623,0.0004395227,1.04015764e-06,4.589999666e-05,0.001404626774,0.0008708724928,1.619726013e-05,0,0.02192068305,0.0654370401,0.0002757204302,0,0.04719493022,0.00909551705,0.004924615531
1,1,1,1,2,1500,500,v1,0,0,0,0,0,0,0,0,0,0,0,0,0,0.03379226086,0,0,0,0,0.1356212323,0,0,0,0,0,0,0.162545287,0,0,0,0,0.6523562366,0,0,0,0,0,0,0,0,0,0,0,0,0,0,0,0,0,0,0,0.003128623573,0,0,0,0,0,0,0.01255635976,0,0,0,0,0,0,0,0,0,0,0,0.1884397004,0,0,0,0.7562650319,0,-0.7991845552,0,0.1693813972,0,0,0,0,0,0,0,0,0,0,0,0,0.1850574614,0,-0.8148606195,0,0,0,0,0,0,0,0,0,0,0,0,0,0,0,0,0,0,0,0.7562650319,0,0,0,0.1884397004,0,0,0,-0.6454792222,0,0,0.01567606427,0,0,0,0,0,0,0,0,0,0,0
1,1,1,1,4,1500,500,v1,0,0,0,0,0,0,0,0,0.4912909944,0,0,0.1033690047,0,0.007691600323,0.005687726904,0,0,0,0.02044223527,0,0.2579746265,0.006982469177,0,0.05427858579,0,0.001119098693,0.0008275427059,0,0,0,0.002974267748,0,0.03753433033,0.001015922799,0,0.007897328497,0,0,0.0002329314589,0,0,0,0,0,0,0.0002859554896,0,0,0,0,0.0001080939854,0,0,0,0,0,0,0.0002872851665,0,0,0.3515774034,0,0,0,0,0,-0.589411278,0,0,0.009674759753,0.006942931527,0,0,0.02571885389,0.00852040349,-0.5372272996,0,-0.02804935857,-0.01264837742,0,0,0.3061865049,0,0,0,0,0,0,0,0,-0.3230202732,0,0.004059855751,0.001831034664,0,0,0.04539089901,0,0,0,0,0,0,0,0,-0.01081734276,0,0,0.0005084529467,0,0,0,0.02571885389,0,0,0.2943633574,0.009674759753,0,0,0.06238745513,-0.02398950282,0,0,0.000393760417,0,0,0,0.00852040349,0,0,0.06238745513,0.006942931527,0,0,0.2943633574
1,1,1,1,4,1500,500,v1,0.002085134875,0,5.572436305e-05,0.0004051119234,2.171740735e-05,0.001419184866,0,2.031333663e-05,0.003754533168,2.955701762e-05,0.001282243427,0.0007526673791,0.06595148344,0,0.06075153474,0.04383336431,0.0009380826933,0.06130164343,0,0.0008774339047,0.1621769362,0.2985258994,0.05538646246,0.03251144258,0,0,0.005289258044,0,0,0.0002095635567,0,0,0.01411973653,0.02599079219,0.0001111555772,0.002830568971,0,0.01310593081,0.0120725929,0,0.01789825127,0.0004783233275,0.008710600731,0.003477374574,0.01218191094,0.0593233022,0.0002537096926,0.01100644151,0,0.006277186808,0,0,0.008572505713,0,0.004172009511,0.001665515416,8.928563847e-05,0,0,8.351315609e-05,-0.2844954612,0.002460224901,0,8.270785753e-05,3.932493359e-05,0.002659445652,0.004485557597,0,0.06973386573,0,0.06512756146,0,0.04637003734,0,0.3202745528,0.18138952,-0.1095322335,0,-0.3590417053,-0.001804923107,-0.1163984978,-0.1946387807,0,0.01084791684,0,0.0004031880036,0,0.002164525554,0,0.0002027576969,-0.478799584,0,0,0.03116097445,0,0.0001466819786,0.01686593355,0.04637003734,0.002164525554,0.00123527812,0.07160295552,0.06973386573,0.01084791684,0.001156761021,0.06460798401,-0.5283691475,0,0.02169424402,0.07094598848,-0.02079305385,-0.0006333536366,0.02293175918,0,0,0.001156761021,0.2165218105,0,0,0.00123527812,0.04340912475,-0.1079364165,0,0.01043538731,0,0.009657867364,0,0.0001709054131,0.3202745528,0.0002027576969,0.06460798401,0.04340912475,0.06512756146,0.0004031880036,0.07160295552,0.2165218105
1,1,1,1,4,1500,500,v1,0.004065205628,0.007377338142,0.05028614842,0.0009681980744,0.001012070626,0.007685147146,0.005401716317,0.0009773302766,0.0009425850286,0.05396279897,0.006777984634,1.009392175e-05,0.001070682041,0.1170972794,0,0.003240312231,0.003363075466,0.02553747649,0.03407254297,0.003247634494,0.003132177244,0,0.02252300704,3.354175065e-05,0.00247683589,0.0888129312,0,0.007915622358,0.0185932317,0.1267370413,0.02584246559,0.01361403817,0.002375613195,0,0.1360033667,2.543988389e-05,0.0008419526319,0.0002760452915,0,0.002690763286,0.003482796797,0.04308181496,0.0008354234964,0.0008294874751,0.006584121029,0,0.0462317237,0.005806924749,0.001586485856,0.0005201503433,0.05688728096,0.005070187719,0.0065626113,0.01190950891,0.001574183048,0.001562997842,0.001633822919,0.01655285532,0.008720189773,0.001577740293,-0.2453815757,-0.002915845776,0.00389435221,0.0989329207,0.0001337768987,0.005354452475,0.0006188833962,0.00132433711,0.001140698353,-0.01374869116,0,0.00524472015,0.003640476438,-0.0004482424791,0,0.1191526105,-0.003543088802,-0.1004380706,0,-0.005340664108,-0.0437737072,-0.001578731954,0.00524472015,0.01288220203,0.0145497032,0.05147150672,0.00132433711,0.002793706654,0.01017824132,0.0544709575,0.1588792606,-0.008442108125,0.04398877816,0,-0.02267456353,-0.2547395706,-0.0002408782511,0.003640476438,0.002793706654,0.003192923209,0.0295494421,0.001140698353,0.01288220203,0.002579676073,0.02557510571,-0.2126519606,0.002364954365,-5.089019134e-05,0,-0.001905435723,0.08517834054,0.001669556189,-0.0004482424791,0.01017824132,0.002579676073,0.001775644758,-0.01374869116,0.0145497032,0.003192923209,2.544545554e-05,-0.09492880528,0.001697782256,0.0004065291323,0.06591391484,-0.005629324293,0.002294914968,0.001358487688,0,0.0544709575,0.02557510571,2.544545554e-05,0,0.05147150672,0.0295494421,0.001775644758
1,1,1,1,0,1500,500,v1,0.1126634912,0.04525786941,0,0.01467195169,0.06387654097,0,0.008112825953,0.0559206013,0,0,0,0,0,0,0,0,0.2426944386,0,0,0.2124664037,0,0,0,0,0,0,0,0,0.005988248903,0,0,0.001073440304,0,0,0,0,0,0,0,0,0.09380663261,0,0,0.01221625894,0,0,0,0,0,0,0,0,0.04920821247,0.01976735169,0,0.006408291704,0.02789945851,0,0.00354345191,0.02442453008,-0.2414732902,-0.1031116204,-0.05111661484,0,0.1189721731,0,0,0,0,0,0,0,0,0,0,0.1711318325,0,0,0,-0.4536783613,0,0,0,-0.04173859712,0.03001773318,0,0,-0.002419530179,0.005414630593,0,-0.03042615291,0,0,0,0.006804577049,0,0,0,-0.002419530179,0.2259500564,0,0,-0.04173859712,0.1978697364,0,-0.04795766507,0,0,0,0.07739641666,0,0,0,0.005414630593,0.1978697364,0,0,0.03001773318,0.2259500564,0,-0.4047334279,0,0,0,0.05515395532,0.02069046193,0.05215965951,0,0,0,0,0,0,0,0
1,1,1,1,3,1500,500,v1,0,1.848387726e-05,9.561202986e-05,0,3.905215838e-05,0.0002732190111,0.007761511361,8.114199682e-05,3.86952714e-05,5.808377898e-06,0.0006802861608,0.0004870023792,0.01697540133,0.04898021537,0.02990669935,0.01802223702,0.001390844057,0.009730705129,0.03478979046,0.002889875201,0.001378133514,0.01493284691,0.02422841663,0.01734460765,0.0005886187727,0.0682069673,0.04164631065,0.05781156675,0.0009167153904,0.004741917404,0.04844621615,0.3849353042,0.001919107681,0.02079460439,0.0002880688579,0.02415308054,5.195339503e-05,0.002086449724,0.00367583796,0.005102635703,0,0.0004185369538,0.002215116493,0,0.001196002771,0.001835398982,2.542588831e-05,0.002977919179,9.171144162e-05,0.00368313393,0.01062718281,0.00900749751,0,0.0001428314792,0.003910264705,0,0.0003017698868,0.007548302111,0.05997595272,0.0006270130054,-0.3721834985,0,0.007728402055,9.349712866e-05,0.0001112891715,0.0009233627952,0.0005180815437,0.0006623645446,0.016528712,0.01417965876,0.01260653263,0.06543831609,0.01756135166,0.01145170375,0.006730597307,-0.1419893037,-0.03437856351,0.07103666031,0.0374471204,-0.004202142888,-0.03350015477,0.01236633631,0.06543831609,0,0.001132787033,0.006166389341,0.0006623645446,0,0.4757639246,0.0003786840106,0.2271081318,-0.05820711328,-0.1060698507,-0.05584274143,-0.3855466806,-0.00489796858,-0.02171660037,0.01756135166,0,0.001575081526,0.01223695068,0.016528712,0,0.003291702145,0.03041950717,-0.1319702659,0.005138819159,0.004260733207,0.005504201204,0,0.0004410892263,0.004139153398,0.01145170375,0.4757639246,0.003291702145,0.0009372289512,0.01417965876,0.001132787033,0.001575081526,0.01231104472,-0.5001284476,0.009001173478,0.007391121252,0.01794561555,0,0.05988713681,0.0008463312664,0.006730597307,0.0003786840106,0.03041950717,0.01231104472,0.01260653263,0.006166389341,0.01223695068,0.0009372289512
1,1,1,1,0,1500,500,v1,0.01383181,9.783238842e-05,0.0007323943921,0.00458738555,0.007922701579,0.009225478398,0.005210542118,0.002399495808,0.009673058341,1.295954351e-05,0.002803412093,0.001228831307,0.001773747619,0.006444793473,5.322165281e-05,0.004836624259,0.01690436767,0.01968405313,0.0001677283571,0.005119713139,0.02063903747,1.828000259e-05,0.005981533988,0.002621910722,0,0.03578796262,0.0002955400401,0,0.001159140977,0.008677579735,0.0009313962037,0.06173571941,0.1146086534,0.0001015089238,0.0001535476969,0.01455948019,0,0.001532586231,4.598555702e-05,0,0.02549985676,0.001350217512,0.004179029566,0.008457148734,0.01700777973,1.5794626e-05,2.389177578e-05,0.00516827565,0,0.01149960872,0.04178306002,0,0.1913356451,0.001353316967,0.03135693371,0.06345737642,0.1095948555,0.001087421039,0.07207751101,0.03319226322,-0.4908693085,0.01780826709,0.005122933112,0.000466565144,0.01000181695,0.006852425588,0.01053534772,0,0.01229854992,0.01601606792,0.000318964857,0,0.03351212852,0.0005090731149,0.0001084626141,-0.2977165531,0.006487266344,0.006374998187,4.450929995e-05,0.02134623393,-0.0109594136,0.02244520423,0,0.2283709784,0.0008255212879,0.01087653627,0,0.07570341605,0.02895156689,0.000191524083,-0.01583544506,0,0.009814206821,-0.0003738073581,0.009229201495,-0.00838541519,-0.1280131593,0.03351212852,0.07570341605,0.127286587,0.005543392081,0.01229854992,0.2283709784,0.03856262891,0.001261867595,-0.284562242,0,0.00565156917,4.434641073e-05,0.03329882178,0.0005401431435,-0.0004298517673,0.0005090731149,0.02895156689,0.03856262891,0.1263206212,0.01601606792,0.0008255212879,0.127286587,0.01622828982,0.1251353146,0,-0.0426792878,-0.02720596564,-0.2538233519,-0.03420352676,-0.1419141949,0.0001084626141,0.000191524083,0.001261867595,0.01622828982,0.000318964857,0.01087653627,0.005543392081,0.1263206212
1,1,1,1,1,1500,500,v1,0,0.002925671451,8.85081462e-05,0,4.044581538e-05,0.0004153269306,0.006439598811,6.379138123e-05,0.0002334677199,1.21998635e-05,0.0005860377021,4.95585098e-05,0.0001159108584,2.543625699e-07,0.0001703938207,0.0001190083882,2.71683933e-06,2.789847427e-05,1.571224205e-05,4.285015194e-06,1.568256883e-05,7.45422429e-05,3.936551316e-05,3.328960173e-06,0.001192398259,5.668548135e-06,0.003797278723,0.003172132651,0.004379601028,0.0001324927882,0.0003501521486,0.009639795185,0.0003494908717,0.001661196819,1.826265718e-05,7.418690174e-05,0.06057165895,0.131217238,0.1928948404,0.1611385589,0,0.006730392236,0.134723806,0,0.03158255222,0.08438577165,0.0009277097094,0.0445638483,0.00568488504,0.01231524654,2.702540385e-05,0.01512347852,0,0.02088021195,0.01264435154,0,0.0002886575651,0.001669387469,0.04595874494,0.0004552724332,-0.1366961634,0,0.009296924921,9.838528353e-05,6.752830239e-05,0.000998195827,-8.131251583e-05,0.08051237449,0.1780369037,2.486747793e-05,0.2829676181,0.214255413,0.1828065018,0.001542440365,0.1237387294,-0.5889700015,0.0002345827224,1.538238109e-05,0.0002446956614,6.630481796e-06,6.724166874e-05,5.939382441e-06,0.214255413,0,0.02028895393,0.009749873255,0.08051237449,0,0.04461819613,0.001341404048,-0.5431289192,0.004213601896,0.0001526664563,0.005380896019,0.01381331098,0.0001331572349,-0.0001397769278,0.1828065018,0,0.0003094336445,0.04659065673,0.1780369037,0,0.0004655882106,0.06578783197,0.05676356846,-0.2212894365,-0.2656256889,-0.2767631568,0,-0.007625727391,-0.07598442967,0.001542440365,0.04461819613,0.0004655882106,0.0002670122408,2.486747793e-05,0.02028895393,0.0003094336445,5.571285093e-05,-0.4591144973,0.02056397633,0.0248288359,-0.001212920734,0,-0.06638166939,-0.0005908400209,0.1237387294,0.001341404048,0.06578783197,5.571285093e-05,0.2829676181,0.009749873255,0.04659065673,0.0002670122408
1,1,1,1,1,1500,500,v1,0,0,0,0,0,0.4462332536,0,0,0,0,0.008121477325,0,0,0,0,0,0,0.2801941531,0,0,0,0,0.005099553748,0,0,0,0,0,0,0,0,0,0,0,0,0,0,0,0,0,0,0,0,0,0.2556978431,0,0,0.004653719143,0,0,0,0,0,0,0,0,0,0,0,0,0.5362409013,0,0,0,0,-0.4348243464,0,0,0,0,0,0,0,0,0,-0.177640065,0,0,0,0,0.2790566196,0,0,0,0,0,0,0,0,0,0,0,0,0,0,0,0,0,0,0,-0.149203968,0,0,0,-0.002920863686,-0.1557677268,0,0,0,0,0,0.2571842812,0,0,0,0,0,0,0,0,0,0,0,0,0,0,0,0,0,-0.002920863686,0,0,0,-0.149203968,0
1,1,1,1,1,1500,500,v1,0.04213132012,0.02226023935,0,0.01270018892,0.02162291382,0,0.06130156567,0.0002503832712,0,0,0,0,0,0,0,0,0.01289666284,0,0,0.0001493373491,0,0,0,0,0,0,0,0,0.1140582252,0,0,0.3141002966,0,0,0,0,0,0,0,0,0.0944252102,0,0,0.02846381279,0,0,0,0,0,0,0,0,0.07246094752,0.03828501056,0,0.02184284092,0.03718888511,0,0.1054315298,0.0004306299689,-0.3378645455,0.05402768665,0.08116985138,0,0.02053157756,0,0,0,0,0,0,0,0,0,0,-0.01523707577,0,0,0,0.01236201062,0,0,0,-0.02953521375,0.08142317549,0,0,-0.007157291757,0.2241598818,0,0.2209338897,0,0,0,-0.4246559279,0,0,0,-0.007157291757,0.00425950575,0,0,-0.02953521375,5.30920059e-05,0,0.1171412234,0,0,0,-0.09267955308,0,0,0,0.2241598818,5.30920059e-05,0,0,0.08142317549,0.00425950575,0,-0.349244354,0,0,0,0.06311353686,0.1397640383,-0.03576865335,0,0,0,0,0,0,0,0
1,1,1,1,1,1500,500,v1,6.657500702e-05,0.002143267733,0.0001317030385,0.0002807550537,0.0149808113,0.0002500479382,0.001203700445,0.01404622638,0.0004469684302,0.0001159835331,6.960834515e-05,0.002818678723,0.0001091694275,0,0.0006907664656,0.0002466052177,0.04261640601,0.0007113195834,0,0.03995776157,0.001271505776,0.0009748757787,0.0001980171459,0.008018387953,0.002220451901,0,0.0006640336168,0.001160055028,0.005861067641,0.0003601605183,0,0.003291688492,0.001222298158,0.0009371478227,0.0003171733154,0.007708074173,0.0002306164211,1.089955359e-05,6.896661716e-05,0.0001204834649,1.890864407e-05,3.740631792e-05,2.462124101e-05,7.974009492e-05,7.101865511e-05,9.733229384e-05,3.294166148e-05,1.977017324e-05,0.02010946177,0.0009504273602,0,0.01050600656,0.001648809973,0.05308059842,0.00214694124,0.006953235953,0.3710177765,0,0.02981108659,0.3478716589,-0.7223573569,0.0002758226809,0.003309268551,0.0001188036493,0.0289924499,0.0001736424249,0.003026880003,0.02648064741,0.001227046839,0,0.0002989439233,0.01383344655,0.002696751883,0,0.0004101641103,-0.6913290858,0.000347489358,0,-0.0001442343907,0.08217313151,-0.0007302879038,-0.0008511844537,0.01383344655,0.002361030412,0.06763641157,0.0003347319624,0.02648064741,0.009935355571,0.0379772619,0.0002775970656,-0.1073796525,0.003343368239,0,-0.0004542209779,0.009074709372,-0.000574644577,-0.001788266234,0.002696751883,0.009935355571,0.4702424143,0.0005488975013,0.001227046839,0.002361030412,0.4407836278,0.0001745525034,-0.03978132264,0.0003497878174,3.461006417e-05,0.0001257166799,9.646420675e-05,4.762157574e-05,7.434547606e-05,0,0.0379772619,0.4407836278,8.716719005e-05,0,0.06763641157,0.4702424143,-0.0006683111608,0.1279971015,-0.03056921854,-0.002997965237,0,-0.008569877535,-0.08279309338,-0.7185162776,0.0004101641103,0.0002775970656,0.0001745525034,-0.0006683111608,0.0002989439233,0.0003347319624,0.0005488975013,8.716719005e-05
1,1,1,1,2,1500,500,v1,0.1089569591,0,0.01029294128,0.0205012383,0,0.09949407782,0,0,0,0.02205738543,0.02166968975,0,0,0,0,0,0,0.09574434385,0,0,0,0,0.02085300223,0,0,0,0,0,0,0.01347953585,0,0,0,0,0.02888613757,0,0,0,0,0,0.002384311238,0.0002252410103,0,0.0004486297458,0.002177234476,0,0.0004826830005,0.0004741990343,0,0,0,0,0.4644768633,0,0,0.08739552697,0,0,0,0,-0.5652163968,0.1282762235,0,-3.30494783e-05,0,-0.04257919192,0,0,0,0,0,0,0,0,0,-0.03997363728,0,0,0,0,-0.0009469087368,0,0,0.5296811658,0,0.00876427092,0,0.09956652505,0,0.01993584121,0.0006654125071,0,0,0,0,-0.0197988206,0,0,0.09956652505,0,0.0488501313,0,0.5296811658,0,0.01253068781,-0.4856813231,0,0,0,0.002824892835,0.0006984619769,0.002605554588,0,0,0,0,0,0,0,0,0.1311011164,0,0,0,-0.5505995762,0,0,0,0.01993584121,0.01253068781,0,0,0.00876427092,0.0488501313,0
1,1,1,1,1,1500,500,v1,0.02320509727,0.0004596045247,0,0.01781629738,0.03204916801,0,0.01558844478,0.00117798977,0,0,0,0,0,0,0,0,0.3028843684,0,0,0.01113272854,0,0,0,0,0,0,0,0,0.000265259926,0,0,0.008996842906,0,0,0,0,0,0,0,0,0.05424457666,0,0,0.04164763877,0,0,0,0,0,0,0,0,0.1260605844,0.002496779664,0,0.09678618591,0.1741055769,0,0.0846834829,0.006399373251,-0.3368775717,0.04082654379,0.01543766164,0,0.03321645368,0,0,0,0,0,0,0,0,0,0,0.2089807892,0,0,0,-0.3086802551,0,0,0,0.07264559199,0.00266157822,0,0,0.05601625998,0.09022274248,0,-0.07116272605,0,0,0,0.009239845659,0,0,0,0.05601625998,0.1441706356,0,0,0.07264559199,0.005378563198,0,-0.1804440819,0,0,0,0.09466951372,0,0,0,0.09022274248,0.005378563198,0,0,0.00266157822,0.1441706356,0,-0.1152902327,0,0,0,-0.2212706255,-0.0866003877,0.1757643355,0,0,0,0,0,0,0,0
1,1,1,1,1,1500,500,v1,0,0,0,0,1.614473203e-05,0,0,7.232464199e-05,0,0,0,0,4.569898027e-05,0.09606438837,0,0.01113127177,0.00116362649,0,0.02013991637,0.005212775854,0,0,0,0,0,0.118891253,0,0,0,0,0.02492557265,0,0,0,0,0,0,4.551580048e-05,0,0,0,0,0.01108665319,0,0,0,0,0,0,0.0002429867003,0.5107853307,0,0,0,0.05918624405,0,0.00618713502,0.1070862368,0,0.0277169249,-0.02746679235,0,0,0,8.792602902e-05,0,0,0,0.0002265298555,0.4436300925,0,0,0.05514759714,0.09308913604,0,-0.5557932968,0.01114008418,0.1161868077,0,0.006358637234,0,0,0,0,0,0,0,0,0,0,-0.5013197359,0,0.1435069167,0,0,0,0,0.05514759714,0,0.007499570453,0,0.0002265298555,0,0.03356872902,0,-0.04793470451,0,0.01101861996,0,0,0,0,0.09308913604,0,0.03356872902,0,0.4436300925,0,0.007499570453,0,0.2882989908,0,-0.0590747887,-0.6175065436,0,0,-0.03382542956,0,0,0,0,0,0,0,0
1,1,1,1,4,1500,500,v1,0,0,0,0,0,0,0,0,0,0,0,0,0,0,0,0,0,0,0,0,0,0,0,0,0.1520972718,0,0,0.5792416018,0,0,0,0,0,0,0,0,0.008560420202,0,0,0.03260118641,0,0,0,0,0,0,0,0,0.04731330104,0,0,0.1801862187,0,0,0,0,0,0,0,0,0,0,0,0,0,0,0,0.1442736322,0,0,0,0.5498402727,0,0,0,0,0,0,0,0,0,0,0.5498402727,0,0,0,0.1442736322,0,0,0,0.2683904868,-0.7311330902,0,0,0,0,0,0,0,0,0,0,0,0,0,-0.5038407705,0.04109816747,0,0,0,0,0,0,0,0,0,0,0,0,0,-0.6900349229,0.2272923193,0,0,0,0,0,0,0,0,0,0,0,0,0
1,1,1,1,0,1500,500,v1,0,0,0,0,0,0,0,0,0,0,0,0,0,0.1174474618,0,0,0,0,0.07103306352,0,0,0,0,0,0,0.2420668668,0,0,0,0,0.1464037695,0,0,0,0,0,0,0,0,0,0,0,0,0,0,0,0,0,0,0,0.263613507,0,0,0,0,0,0,0.1594353314,0,0,0,0,0,0,0,0,0,0,0,-0.1011131438,0,0,0,-0.05338248886,0,-0.0796930553,0,0.1826901438,0,0,0,0,0,0,0,0,0,0,0,0,0.02817194957,0,0.07482513901,0,0,0,0,0,0,0,0,0,0,0,0,0,0,0,0,0,0,0,-0.05338248886,0,0,0,-0.1011131438,0,0,0,0.2575152825,0,0,-0.1545181944,0,0,0,0,0,0,0,0,0,0,0
1,1,1,1,4,1500,500,v1,0,0,0,0,0,0,0,0,0,0,0,0,0,0.2508188524,0,0,0,0,0.1448026287,0,0,0,0,0,0,0.001441025581,0,0,0,0,0.0008319322499,0,0,0,0,0,0,0,0,0,0,0,0,0,0,0,0,0,0,0,0.3817270625,0,0,0,0,0,0,0.2203784986,0,0,0,0,0,0,0,0,0,0,0,0.1956289101,0,0,0,0.1126210664,0,-0.5926167941,0,0.3871168097,0,0,0,0,0,0,0,0,0,0,0,0,-0.2077719803,0,0.002271996007,0,0,0,0,0,0,0,0,0,0,0,0,0,0,0,0,0,0,0,0.1126210664,0,0,0,0.1956289101,0,0,0,0.3893888055,0,0,-0.5948887896,0,0,0,0,0,0,0,0,0,0,0
1,1,1,1,4,1500,500,v1,0,0,0,0,0,0,0,0,0,0,0,0,0.03045881552,0,0,0.03266658557,0,0,0,0,0,0,0,0,0,0,0,0,0,0,0,0,0,0,0,0,0,0.03535225078,0,0,0,0,0.03791471551,0,0,0,0,0,0,0.4167017573,0,0,0,0,0.4469058753,0,0,0,0,0,0,0,0,0,0,0,0,0,0.5263503515,0,0,0,0.5645021249,0,0,-0.7903501938,0.06311521165,0,0,0,0,0,0,0,0,0,0,0,0,0,0,0,0,0,0,0,0,0.5645021249,0,0,0,0.5263503515,0,0,0,-0.8004704009,0,0.07323541871,0,0,0,0,0,0,0,0,0,0,0,0,0.1363506304,0,-0.8635856123,0,0,0,0,0,0,0,0,0,0,0,0
1,1,1,1,4,1500,500,v1,0.02282022713,0.002979019647,0,0.01892401152,0.04591286973,0.08921759627,0.03791181323,0.414346244,0.0843293488,0,0.08369131319,0.02318523114,6.486150077e-05,0.001304512679,0.000150368441,0.0004452696734,0.0004387830723,0.0008526404737,0.0004905273642,0.003959850888,0.0008059241552,0.0004054703956,0.0007998265354,0.0002215781111,0.0008392655193,0.001314834747,0.0001515582441,0.0005516558192,2.869535894e-05,0,0.0004944087038,0.0003651849325,0.0008123010988,0.0004086787146,0,0.0002233313668,0.0290483311,0.002262724434,0.005245674883,0.01909369624,0.007608167441,0,0.01553344523,0.006309185596,0.02974477017,0.01414502841,0,0.02790233071,0.00043723374,3.405839266e-05,0.0006849919371,0.0002873971722,0.0001145176807,1.494947525e-05,0.0002338084872,9.496548373e-05,0.0002304024112,0.0002575730346,0.0001902510828,0.002079294417,0.08191290273,-0.0411729711,-0.04045479828,0,-0.4600054269,-0.172401732,-0.1074449635,0.04096932943,0.003195575883,0.0001054661871,0.007401364133,0.02702574395,0.02199395356,3.645627703e-05,0.01994488725,-0.7150726221,0.0004976421559,-0.0003791046601,0.0005521859998,0.004355493744,0.001640427753,0.001019900101,0.02702574395,0.02247613241,0.004342306441,0,0.04096932943,0.01867318685,0.05545744423,0,-0.2119766237,0.0013430247,-0.0002537020463,0.0005566069897,0.000383633466,0,0.001032788393,0.02199395356,0.01867318685,0.06783042507,0.08793581752,0.003195575883,0.02247613241,0.6121855688,0.08236119246,-0.2077854152,-0.04739692305,-0.01755719402,-0.0193396273,0.01353107058,0,0.05722996434,3.645627703e-05,0.05545744423,0.6121855688,0.1239911659,0.0001054661871,0.004342306441,0.06783042507,0.03409724649,-0.5871092607,0.0007238494808,0.0002665322256,0.0005381917296,0.0002090209366,0.0002046644632,0.002305939299,0.01994488725,0,0.08236119246,0.03409724649,0.007401364133,0,0.08793581752,0.1239911659
1,1,1,1,0,1500,500,v1,0.01465860396,0.01462503413,0.001478047124,0.1194872724,0,0,0.008779987913,0,0,9.428185702e-05,0,0,0.005384166017,1.258497851e-06,1.891869578e-05,0.002271734329,0,0,1.543789016e-06,0,0,1.334241813e-06,0,0,0.00337814041,7.818872701e-05,0.001175392344,0.01086563238,0.01987903339,0.002009031081,9.591347162e-05,0.01193417201,0,8.289459437e-05,0.0001281523289,0,0.002774720649,0.2747588412,0.0009654380852,0.008924760627,0.01636562351,0.001650168244,0.1159286489,0.13340177,0,6.808756144e-05,0.0001052611408,0,0.001096728969,0.1086004751,2.538433327e-05,0.003527578002,0.006468634387,0.006453820494,0.04582166051,0.05272804157,0,3.113875391e-05,0.003874484356,0,-0.01478858565,0.02529579008,-0.001031803355,0.0003535954911,0,0,0,0.001759544067,0.2413470902,9.670835277e-05,0.001722369583,0.004025740907,0.1018055272,0.0001084459586,0.000111536059,-0.2377770551,0.007634218816,1.288298875e-06,1.3764541e-05,0,0,0,0.004025740907,-0.003506546452,0.01241563419,0.000403196223,0.001759544067,-0.03039152771,0.006316584221,1.916433389e-05,0.01058007536,-0.005518038851,-0.0001439434143,-0.0007088108037,-0.02143620436,-0.0007590271332,0,0.1018055272,-0.03039152771,0,0,0.2413470902,-0.003506546452,0,0,0.2431986383,-0.002699880737,-0.3900277168,-0.0005275575012,-0.06159807055,0.0001238579369,0,0.0001084459586,0.006316584221,0,0,9.670835277e-05,0.01241563419,0,0,-0.4495243608,0.004361062942,0.1536250865,5.885574564e-06,0.05890099651,0.009979862117,0,0.000111536059,1.916433389e-05,0,0,0.001722369583,0.000403196223,0,0
1,1,1,1,4,1500,500,v1,0.003691800991,0.0007851282016,0,0.03084859662,0.0001022771001,0.001029389154,0.004273734929,0.0003463530565,0.0002413616769,0,0.01085627241,0.0003844865184,0.0161833129,0.001849350483,0.02249823125,0.001262200178,0.0001157211084,0.001164699173,0.002326488109,0.0003918800941,0.0002730879225,0.04436961117,0.01228329583,0.0004350260816,0.00269709067,0.01739959462,0.2116743728,0.01268363474,0.008357851716,0,0.02188873898,0.0454947902,0.002569344855,0.4174510214,0,0.004092938327,0.0001203052383,0.006791666114,0.009441853828,0.0005657606239,0.001752997745,0,0.0005297087333,0.01464800525,0.0004887903951,0.01862063637,0,0.005154942289,0.0001750209677,0.009880567065,0.001129103267,0.0008230728208,0.002550274335,0.0005423619277,0.0007706242587,0.02131002847,7.065241707e-05,0.001420415086,0.002952270864,0.0002392586472,-0.0280076093,-0.02773058569,0.00500112462,0,-0.0001868684515,-0.00245886849,0.0006156138539,0.003595841549,0.003656466649,0.02156741626,0.2696465915,0.01692332787,0.0002705862757,0.02715264966,0.5318254435,-0.6296049614,-0.0137495306,0.004127186988,0.06668365704,-0.0002979337509,-0.006952954171,0.0006957441887,0.01692332787,-3.683761338e-06,0.01053285552,0,0.003595841549,-0.00328210361,0.05737469466,0,0.1128593629,-0.01535145026,-0.03913470713,-0.6290496498,-0.05375807995,0,-0.006642590793,0.0002705862757,-0.00328210361,6.817479796e-05,0.0004450621533,0.003656466649,-3.683761338e-06,0.0003509620071,0.005667979269,-0.6078732934,0.0006775727676,0.006596023209,0.02805130194,0.01471492483,0,0.005336461693,0.02715264966,0.05737469466,0.0003509620071,0.003083995926,0.02156741626,0.01053285552,6.817479796e-05,0.004912853183,-0.119092323,0.0009944312172,0.004535472096,0.002527476235,0.01520618576,0.003485255314,0.0002053776663,0.5318254435,0,0.005667979269,0.004912853183,0.2696465915,0,0.0004450621533,0.003083995926
1,1,1,1,4,1500,500,v1,0,0,0,0,0.2870297328,0,0,0.4382952023,0,0,0,0,0,0,0,0,0.03244430574,0,0,0.04954254534,0,0,0,0,0,0,0,0,0,0,0,0,0,0,0,0,0,0,0,0,0,0,0,0,0,0,0,0,0,0,0,0,0,0,0,0,0.07625168231,0,0,0.1164365315,0.2746391125,0,0,0,-0.7252746561,0,0,0,0,0,0,0,0,0,0,-0.5326146593,0,0,0,0.08197911604,0,0,0,0,0,0,0,0,0,0,0,0,0,0,0,0,0,0,0,0.2675051776,0,0,0,0.4084481391,0,0,0,0,0,0,0,0,0,0,0.4084481391,0,0,0,0.2675051776,0,-0.6432955407,0,0,0,0,0,0.1926599966,0,0,0,0,0,0,0,0
1,1,1,1,0,1500,500,v1,0,0,0,0,0.05061422955,0,0,0.1018644025,0,0,0,0,0,0,0,0,0.0699975727,0,0,0.1408746311,0,0,0,0,0,0,0,0,0,0,0,0,0,0,0,0,0,0,0,0,0,0,0,0,0,0,0,0,0,0,0,0,0,0,0,0,0.2113312961,0,0,0.425317868,-0.425571954,0,0,0,0.1524121149,0,0,0,0,0,0,0,0,0,0,-0.4835591973,0,0,0,0.2103993586,0,0,0,0,0,0,0,0,0,0,0,0,0,0,0,0,0,0,0,0.1360971273,0,0,0,0.273642631,0,0,0,0,0,0,0,0,0,0,0.273642631,0,0,0,0.1360971273,0,0.3628114738,0,0,0,0,0,-0.6359713124,0,0,0,0,0,0,0,0
1,1,1,1,4,1500,500,v1,0,0,0,0,0,0,0,0,0,0,0,0,0,0.1202916005,0,0,0,0,0.04166461634,0,0,0,0,0,0,0.4837902498,0,0,0,0,0.1675672704,0,0,0,0,0,0,0,0,0,0,0,0,0,0,0,0,0,0,0,0.1386596316,0,0,0,0,0,0,0.04802663137,0,0,0,0,0,0,0,0,0,0,0,0.3372586449,0,0,0,0.116821513,0,-0.4646267938,0,0.1619066888,0,0,0,0,0,0,0,0,0,0,0,0,0.3485721606,0,-0.6512922658,0,0,0,0,0,0,0,0,0,0,0,0,0,0,0,0,0,0,0,0.116821513,0,0,0,0.3372586449,0,0,0,-0.4893855768,0,0,0.1866654718,0,0,0,0,0,0,0,0,0,0,0
1,1,1,1,3,1500,500,v1,0,0,0,0,0,0,0,0,0,0,0,0,0,0,0,0,0,0,0,0,0,0,0,0,0.3875073801,0,0,0.0615329606,0,0,0,0,0,0,0,0,0.1451631905,0,0,0.02305071166,0,0,0,0,0,0,0,0,0.3302972855,0,0,0.05244847169,0,0,0,0,0,0,0,0,0,0,0,0,0,0,0,-0.1347817778,0,0,0,-0.01735339596,0,0,0,0,0,0,0,0,0,0,-0.01735339596,0,0,0,-0.1347817778,0,0,0,0.4293459418,-0.3279224914,0,0,0,0,0,0,0,0,0,0,0,0,0,-0.06662583858,0.1680492889,0,0,0,0,0,0,0,0,0,0,0,0,0,-0.1598732025,0.2612966529,0,0,0,0,0,0,0,0,0,0,0,0,0
1,1,1,1,3,1500,500,v1,0.03937787241,0,0,0.007672247194,0.02000215538,0.03219844956,0,0.003484283591,0,0,0.05087085781,0,0.004099271388,0.0164891974,0.02159660863,0.002800972363,0.03097074824,0.04985513091,0.1245852509,0.005394962086,0,0.007707489352,0.07876693788,0,0.00331814555,0.002401830308,0.003145780109,0.002061081188,0,0,0.01814719204,0,0,0.001122679357,0,0,0.001600040473,0.000287928736,0.001516924262,0.000993872411,0.004282580037,0,0.0001967375067,0.0008344029442,0.003501774699,0.0005413663691,0,0.0055325112,0.0352124704,0.006336516025,0.0254884475,0.02187238602,0.09424775522,0,0.004329649,0.01836290361,0.04787354239,0.1925796963,0,0.008339351187,-0.226931785,0.03544967924,0,0,0.01886824812,0.0408640056,0,0.04544587496,0.005122072024,0.01145685888,0.02532544865,0.02823278644,0.004545535093,0.08372873727,0.00964489548,-0.1629607187,0.002077612593,0.123281992,-0.02823425937,0.02112992046,-0.1129015053,0,0.02823278644,0.08353700285,0,0,0.04544587496,0.0175008846,0,0,-0.164566405,0.005308015885,0.02027809126,0.003090563738,0,0,0,0.004545535093,0.0175008846,0.001586880672,0.03952161472,0.005122072024,0.08353700285,-4.463569649e-05,0.05552303033,-0.2279440486,0.002538600919,0.0004537421988,0.001830132905,0.004847739349,0,0.008674403083,0.08372873727,0,-4.463569649e-05,0,0.01145685888,0,0.001586880672,0,0.2342336421,-0.05696572448,-0.0089764262,-0.2070171474,-0.1076560102,0,-0.04102633187,0.00964489548,0,0.05552303033,0,0.02532544865,0,0.03952161472,0
1,1,1,1,1,1500,500,v1,0,0,0,0,0,0,0,0,0,0,0,0,0,0.002207059133,0,0,0,0,0.01259944796,0,0,0,0,0,0,0.1240136425,0,0,0,0,0.707957214,0,0,0,0,0,0,0,0,0,0,0,0,0,0,0,0,0,0,0,0.02283937845,0,0,0,0,0,0,0.1303832579,0,0,0,0,0,0,0,0,0,0,0,0.1484775948,0,0,0,0.8477906139,0,-0.6789823477,0,0.01480354179,0,0,0,0,0,0,0,0,0,0,0,0,0.1676944549,0,-0.8318732616,0,0,0,0,0,0,0,0,0,0,0,0,0,0,0,0,0,0,0,0.8477906139,0,0,0,0.1484775948,0,0,0,-0.8170697198,0,0,0.1528909133,0,0,0,0,0,0,0,0,0,0,0
1,1,1,1,0,1500,500,v1,0,0,0.0001916281129,0,0,0,0,0,0,0.0001771802565,0,0,0,0,0.2347957855,0,0,0,0,0,0,0.1155430447,0,0,0.02489250234,0,0.1300161743,0.03363188443,0,0.002374061663,0,0,0,0.06398098081,0.002195068604,0,0.002127326797,0,0.01111125302,0.002874199146,0,0.0002028886017,0,0,0,0.00546784944,0.0001875917575,0,0.1574722282,0,0,0.2127583522,0,0,0,0,0,0,0,0,-0.004042521104,0,0,0.0003497119548,0,0,0,0.1959986954,0,0,0.1403947388,0.2650652527,0,0,0.0692431903,0.2089324445,0,0,-0.348691064,0,0,0,0.2650652527,0,0,0.002771953251,0.1959986954,0,0,0.002767260458,-0.6967575964,0.0576811234,0,0.1924067085,0,-0.004157636706,0,0,0,0,0,0,0,0,0,-0.4724635404,0.004995298527,0,0.01652573599,0,0.0001151156065,0,0,0,0,0,0,0,0,0,0.06267642191,-0.3700523875,0,0,0,0,0,0.0692431903,0.002767260458,0,0,0.1403947388,0.002771953251,0,0
1,1,1,1,0,1500,500,v1,0,0,0,0,0.07344028951,0,0,0.004301956588,0,0,0,0,0.1784416508,0.009337453629,0,0.1370851317,0.3841908063,0,0.01046426207,0.02250497896,0,0,0,0,0,0.001334222142,0,0,0,0,0.001495231003,0,0,0,0,0,0,0.01699265869,0,0,0,0,0.01305435611,0,0,0,0,0,0,0.03543634269,0.001854304783,0,0,0,0.02722344072,0,0.07629562384,0.002078075242,0,0.004469215246,-0.3258995661,0,0,0,0.07770745457,0,0,0,0.1890152824,0.009245431369,0,0,0.1451804104,0.01037045954,0,0.2576801725,-0.3154170507,-0.01975179907,0,-0.4065778261,0,0,0,0,0,0,0,0,0,0,-0.01588178777,0,0.00280452721,0,0,0,0,0.1451804104,0,0.3516857267,0,0.1890152824,0,0.02060244154,0,-0.2528193747,0,0.03002224592,0,0,0,0,0.01037045954,0,0.02060244154,0,0.009245431369,0,0.3516857267,0,-0.6312124373,0,0.06259767595,0.003870011293,0,0,0.08067826024,0,0,0,0,0,0,0,0
1,1,1,1,4,1500,500,v1,0.05236685199,0.002752373091,0.001280373778,0.02442314171,0.03710647718,0,0.00584769406,0.006953855777,0.1271007903,0.01916174436,0,0.03959466968,0,0.0002263320095,0,0,0.0250604439,0,0.001214512714,0.004696396043,0.08583952096,0,0,0.0267408839,0.004567526093,6.790998204e-05,0,0.0007819236043,0.0005577428017,0.0002594558348,0.0003644095097,0.0011849808,0.02575579274,0,0.003882949234,0.008023491463,0.05791381794,0,0,0.009914378231,0.1345501844,0.003289762921,0,0.06275225829,0,0,0.04923374502,0,0.02518678535,0,0.0003744771471,0.004311774378,0.05851602837,0.003075570438,0,0.02729102856,0.04146370441,0.00200946944,0.006534359399,0.00777041213,-0.09443923026,0.07177047731,-0.00262234814,0.01444821438,-0.004280618599,0,-0.1344745577,0.04891150625,0,0.0004650422965,0,0.008646195143,0,0.002628945896,0,-0.1315960114,0,-0.0007793802237,0,0.01253508167,0,0.04923956492,0.008646195143,0.04032132304,0.002814152781,0.003229920122,0.04891150625,0.02351336463,0.007434204787,0.04427700045,-0.1722660512,0.003370030019,0.000108919056,0,0.001100650596,0.003513480355,0.03166560279,0,0.02351336463,0.01812017018,0,0,0.04032132304,0.004332873969,0,0.1915728156,-0.06535838528,0,0,-0.1891809951,-0.04963297507,0,0.002628945896,0.007434204787,0.004332873969,0.05841879353,0.0004650422965,0.002814152781,0.01812017018,0.02193529136,-0.1733365684,0.02361655437,0,-0.001392197627,0.07485405935,-0.00531054083,-0.02322315914,0,0.04427700045,0,0.02193529136,0,0.003229920122,0,0.05841879353
1,1,1,1,4,1500,500,v1,0.04446898017,0.001494194559,0.005357070333,0.04142046897,0,0.02037230945,0.01610789273,0,0.02044399102,0.006163253922,0.03527232056,0.001994161883,0,0,0.009668458795,0,0,0.001869440786,0,0,0.00187601856,0.003435234604,0.003236722613,0.0001829918972,0.000609711515,0,0.05625726988,0.001497665383,0.0007978109663,0.002860356727,0,0.008600656043,0.01091587446,0.0199883895,0.003290810783,0.001064763761,0.0007162940988,0,0.06609150302,0.001759469601,0.02789439823,0.003360370591,0,0.02598213522,0.01277909478,0.02348252426,0.003866071553,0.02212553902,0.005236618763,0,0,0.01286297282,0.203927869,0.006852145273,0,0.1899478678,0,0,0.07386830608,0,-0.3820353931,0.0853501606,0.01736719148,-0.005967200075,0,-0.04626115737,-0.01576823204,0.005876892854,0,0,0.04298453254,0.01438255511,0,0,0.0155918278,-0.09768491844,0,0,0.01236948629,0,0.004757383514,0.001725139658,0.01438255511,0.1969870768,0.006805395391,0.0001227091377,0.005876892854,0.1835706523,0.0734274146,0.0003856941141,-0.1320777375,0.002047665499,0,-0.002441444535,0.009320309633,0.002723433572,0.002729495444,0,0.1835706523,0,0.0162984092,0,0.1969870768,0,0.02640419836,-0.3581649996,0.002420799033,0,-0.04897894869,0.05371325065,0.002904830996,0.0130353688,0,0.0734274146,0,0.01499023432,0,0.006805395391,0,0.001980161083,0.1702193765,-0.01797476316,0,0,-0.3927685644,-0.08017604111,0,0.0155918278,0.0003856941141,0.02640419836,0.001980161083,0.04298453254,0.0001227091377,0.0162984092,0.01499023432
1,1,1,1,2,1500,500,v1,0.06106484837,0.0353351143,0,0.01856321535,0.00829803859,0.002040879683,0.001761226896,0.002870160555,0.008868310617,0,0.001479517895,0.01219548436,0.0003863689324,0.009663904171,0,0.0006873456902,0.006212118042,0.001527853283,0.0252061313,0.002148673566,0.006639037863,0,0.001107603888,0.009129842867,0,0.0195372828,0,0,0.05347887935,0,0.05095862984,0.002665576227,0.01342198328,0,0,0.0184575839,0,0.003673404641,0,0,0.4346324069,0,0.006534942738,0.1321247032,0.01452607306,0,0,0.01053054975,0,7.121463757e-05,0.001781228705,0,0.008426022275,0.004875709482,0.0001266899849,0.002561441978,0.001145003384,0.004645936447,0.000243022581,0.0003960385953,-0.6307994828,0.07954074831,0.0278479435,0,-0.007891180546,0.003481772364,0.01543880468,0,0.004819792294,0.01218750373,0,0,0.008570499444,0.03214564847,0,-0.1097545818,0.001046624635,0.03260424308,0,0.001607351242,0.002593355218,0.01311271994,0,0.5475820164,0.02263856766,0,0,0.1664633953,0.00142612773,0,0.1004489385,0,-0.06852956708,0,-0.04896641191,0,-0.02505681241,0.008570499444,0.1664633953,0.00519280341,0.01646509732,0.004819792294,0.5475820164,0.002117900412,0.01192825623,0.09783381808,0,-0.01016817591,0,-0.5665476504,0,-0.02500402995,0.03214564847,0.00142612773,0.002117900412,-0.002441333474,0.01218750373,0.02263856766,0.00519280341,-0.002800734842,-0.5594560713,0,0.0001946901189,0.006369889228,0.01097662934,0.005075338087,0.001410026768,0,0,0.01192825623,-0.002800734842,0,0,0.01646509732,-0.002441333474
1,1,1,1,0,1500,500,v1,0.0491356598,0.0005435825969,5.221275683e-05,0.008508738082,0,0,0.0005166704874,0,0,7.891154796e-05,0,0,0.06456785441,0.04438072656,0.001717322082,0.02932369303,0,0,0.05795445604,0,0,0.001661928366,0,0,0.0001425983932,0.004030442008,0.0001559588497,0.0001949930871,0.001512023162,0.0001452344098,0.005263142186,0.001437164744,0,0.0001509282615,0.0002194994632,0,0.0003374976415,0.01387812306,0.0003691187729,0.0004615038466,0.3234787842,0.0003437364872,0.006302792993,0.05601626723,0,0.0003572125261,0.0005195048097,0,0.0002563874857,0.01054282057,0.007246609652,0.0003505915193,0.2457377533,0.002718570722,0.004788054937,0.04255398601,0,0.009462966316,0.00258397761,0,-0.106883431,0.05751995957,0.0009646337132,0.0001253734345,0,0,0,7.06391056e-06,0.0602253413,0.04975697229,0.001831658448,0.0001914880474,0.02734576866,0.06497854643,0.001783372772,0.06212871883,-0.09379112335,-0.1022702101,-0.003348491613,0,0,0,0.0001914880474,0.05155891869,0.001699961887,0.0003329957592,7.06391056e-06,0.01688467311,0.001438590272,0.0004950561226,-0.09235326283,0.0001237572013,0.0092420375,0.0002514303579,0.001010350772,4.854808232e-05,0,0.02734576866,0.01688467311,0,0,0.0602253413,0.05155891869,0,0,0.1836558604,-0.0004231157134,0.02011988787,0.0006870404389,-0.3104179396,-0.0007259561048,0,0.06497854643,0.001438590272,0,0,0.04975697229,0.001699961887,0,0,-0.4179217619,0.0001669905405,0.01529049554,0.01653782679,0.2072689186,-0.004067352591,0,0.001783372772,0.0004950561226,0,0,0.001831658448,0.0003329957592,0,0
1,1,1,1,0,1500,500,v1,0.003885110815,0.004555437318,4.068411814e-05,0.002708045091,7.360353699e-05,0.01648836709,0.01266226234,0.001166259219,0.0005745220553,0.002592685177,0.0003939363788,0.0009142228043,0,0.001314661741,1.209647576e-05,0,3.445400978e-05,0.007718248121,0.003274597754,0.0005459290164,0.0002689352893,0.000729606257,0.0001844026579,0.0004279501058,0.06526472852,0.007479199378,6.881766703e-05,0.008402925388,0.01213143706,0.0001083445527,0.01862940764,0.0337204593,0.001529991013,0.004150779241,0.006904495627,0.002434637037,0.3212566888,0,0.0003387455421,0.04136224953,0.05092830567,0.0005333112241,0,0.03549863948,0.2161391629,0.02043164241,0.03398643422,0.005163948538,0.02076454963,0,0.00237957332,0.002673464906,0.003291770623,0.003859723816,0,0.002294468215,6.236268987e-05,0.005927110531,0.01072846186,0.00098814629,-0.3544947442,0.006565375419,0.0163747965,0.002631553306,-0.0004882164101,0.0168705625,0.001296260643,0.352764281,0,0.005694272871,0.0004017447513,0.04538704236,0,0.01416215706,0.02342279135,-0.2415589204,0,0.004488131516,0.0007339607413,7.12464973e-05,0.007873459354,0.0006098814144,0.04538704236,0.06557168016,0.005366071305,0.0005748334029,0.352764281,0.04566615684,0.01512015289,0.03657533003,-0.3453326836,0.07351994321,-0.02584268052,0.003988294904,-0.04432944721,0.00692359914,-0.003709935771,0,0.04566615684,5.696153242e-05,0.287642996,0,0.06557168016,0.0007149819311,0.006871765591,0.1479234339,-0.3623514738,0,-0.02060527982,-0.08614330603,-0.03432192812,-0.2210871959,0.01416215706,0.01512015289,0.0007149819311,0.001047562459,0.005694272871,0.005366071305,5.696153242e-05,0.001658128111,-0.418135629,0.02339731476,0,0.008116929046,0.005419372563,0.01429716789,-9.765906203e-05,0.02342279135,0.03657533003,0.006871765591,0.001658128111,0.0004017447513,0.0005748334029,0.287642996,0.001047562459
1,1,1,1,2,1500,500,v1,0,0,0,0,0,0,0,0,0,0,0,0,0.1501769199,0,0,0.5386860509,0,0,0,0,0,0,0,0,0,0,0,0,0,0,0,0,0,0,0,0,0,0.01354542133,0,0,0,0,0.04858755612,0,0,0,0,0,0,0.05428461556,0,0,0,0,0.1947194362,0,0,0,0,0,0,0,0,0,0,0,0,0,0.1236015262,0,0,0,0.4429229064,0,0,0.3102302203,-0.6879131766,0,0,0,0,0,0,0,0,0,0,0,0,0,0,0,0,0,0,0,0,0.4429229064,0,0,0,0.1236015262,0,0,0,-0.439677327,0,0.06199437137,0,0,0,0,0,0,0,0,0,0,0,0,-0.6259188049,0,0.2482358491,0,0,0,0,0,0,0,0,0,0,0,0
1,1,1,1,4,1500,500,v1,0,0,0,0,0,0,0,0,1.67136229e-05,0,0,1.203548438e-05,0,0.03105842379,0.1470173137,0,0,0,0.004187643393,0,0.01010324225,0.2236723898,0,0.007275347479,0,9.950233528e-05,0.0004710015595,0,0,0,1.341601556e-05,0,3.23679078e-05,0.0007165825695,0,2.330813917e-05,0,0,0.2199733167,0,0,0,0,0,0,0.3346677762,0,0,0,0,0.01820501553,0,0,0,0,0,0,0.002454603412,0,0,-0.0173010483,0,0,0,0,0,2.862229117e-05,0,0,0.01931289426,0.1144286805,0,0,0.002673155085,0.1718747467,-0.5192889761,0,-0.03478793036,0.348634833,0,0,-0.01735667163,0,0,0,0,0,0,0,0,-0.2241535953,0,0.000111884603,0.001187344874,0,0,5.562331279e-05,0,0,0,0,0,0,0,0,0.3498221806,0,0,-0.5406911295,0,0,0,0.002673155085,0,0,0.0150677962,0.01931289426,0,0,0.0108408422,-0.03467604575,0,0,0.02001867955,0,0,0,0.1718747467,0,0,0.0108408422,0.1144286805,0,0,0.0150677962
1,1,1,1,0,1500,500,v1,0,0.0006746274555,0.001299824772,0,0,0,0.0001356832189,0,0.0004778787691,0.00196551231,0,0.0003909753378,0,0,0,0,0,0,0,0,0.04962261205,0,0,0.04059861782,0,0,0,0,0.1172669322,0.2259416841,0,0.02358509826,0.0830671458,0,0.3416546375,0.06796118073,0,0,0,0,0,0.0007375520108,0,0,0,0,0.001115279219,0,0,0,0,0,0,0.03622006404,0,0,0,0,0.007284694443,0,-0.7237565886,0,0.0008088474039,0.003264618556,0,0,0.000868280208,0,0,0,0,0,0,0,0,-0.1459792822,0,0,0,0,0,0.08618110327,0,0,0.1205328929,0.3358085537,0,0,0.02437488038,0.5078086683,0.1360235609,0,0,0,-0.1404640337,-0.5675268076,-0.1468475623,0,0,0,0,0,0,0,0,-0.564262189,0,0,0,0,0.001850707948,0,0,0.02437488038,0,0.04928869268,0,0.1205328929,0,0.04040857575,-0.1396551862,0,0,0,0,0.0430500042,0,0,0.5078086683,0,0.04040857575,0,0.3358085537,0,0.04928869268
1,1,1,1,2,1500,500,v1,0,0,0.007976451166,0,0,0,0,0,0,0.05210987629,0,0,0,0,1.07423494e-05,0,0,0,0,0,0,0.000479674553,0,0,0.03851424355,0,0.0001996710313,0.1979711026,0,0.004908961399,0,0,0,0.008915844114,0.032070073,0,0.07444185346,0,0.0003859320679,0.3826463785,0,0.009488234778,0,0,0,0.01723289619,0.06198630572,0,0.01802248645,0,0,0.09263927278,0,0,0,0,0,0,0,0,0.0008409176266,0,0,0.01808147248,0,0,0,0.02803018977,0,0,0.0002786477969,0.1374178195,0,0,0.01256789388,-0.009021977821,0,0,0.0004576166971,0,0,0,0.1374178195,0,0,-0.002631009372,0.02803018977,0,0,-0.02575257581,-0.3705432718,0.2265656361,0,0.007789536556,0,0.03624745639,0,0,0,0,0,0,0,0,0,0.3986135681,-0.4463361588,0,-0.01681151439,0,-0.03540653876,0,0,0,0,0,0,0,0,0,-0.2197705231,0.1094718501,0,0,0,0,0,0.01256789388,-0.02575257581,0,0,0.0002786477969,-0.002631009372,0,0
1,1,1,1,2,1500,500,v1,0.004785891688,0,0,0.004981398364,0,0,0,0,0,0,0,0,0.2187603726,0,0,0.2972664592,0,0,0,0,0,0,0,0,0.05091907901,0,0,0.1490657416,0,0,0,0,0,0,0,0,0.02589839467,0.05844418998,0,0.07581762051,0.0009858895011,0,0.07941793666,0.001026163705,0,0,0,0,0.003498018422,0.007893881293,0,0.0102404584,0.0001331611353,0,0.01072674229,0.0001386008512,0,0,0,0,0.002218931949,-0.00959093141,0,0,0,0,0,0.0321948484,0.2285606722,0,0,0.09430617415,0.3104983014,0,0,0.1562677519,-0.5156404003,0,0,0,0,0,0.09430617415,0.00542704558,0,0,0.0321948484,0.005630953664,0,0,0.1145339035,-0.1988679185,0,0,0,0,0,0.3104983014,0.005630953664,0,0,0.2285606722,0.00542704558,0,0,-0.6914765023,0.1007994435,0.137650406,0,0.001947983025,0,0,0,0,0,0,0,0,0,0,-0.4837014172,0.01373446,0.01861734594,0,0.0002709489226,0,0,0,0,0,0,0,0,0,0
1,1,1,1,3,1500,500,v1,0,0,0,0,0,0,0,0,0,0,0,0,0.002806287663,0,0,0.0749323372,0,0,0,0,0,0,0,0,0,0,0,0,0,0,0,0,0,0,0,0,0,0.03069490718,0,0,0,0,0.8196027675,0,0,0,0,0,0,0.00259781859,0,0,0,0,0.0693658819,0,0,0,0,0,0,0,0,0,0,0,0,0,0.03792646101,0,0,0,1.012899086,0,0,-0.7782689599,0.07771859251,0,0,0,0,0,0,0,0,0,0,0,0,0,0,0,0,0,0,0,0,1.012899086,0,0,0,0.03792646101,0,0,0,0.1496742269,0,-0.8502245945,0,0,0,0,0,0,0,0,0,0,0,0,-0.7725060018,0,0.07195563444,0,0,0,0,0,0,0,0,0,0,0,0
1,1,1,1,0,1500,500,v1,0,0,0,0,0,0,0,0,0,0,0,0,0.002445336769,0,0,0.001099267013,0,0,0,0,0,0,0,0,0,0,0,0,0,0,0,0,0,0,0,0,0,0.5431546016,0,0,0,0,0.2441675699,0,0,0,0,0,0,0.1442759743,0,0,0,0,0.06485725045,0,0,0,0,0,0,0,0,0,0,0,0,0,0.5948043681,0,0,0,0.2673707927,0,0,-0.5783155653,0.003532124495,0,0,0,0,0,0,0,0,0,0,0,0,0,0,0,0,0,0,0,0,0.2673707927,0,0,0,0.5948043681,0,0,0,0.2122146707,0,-0.7869981116,0,0,0,0,0,0,0,0,0,0,0,0,-0.7834659872,0,0.2086825461,0,0,0,0,0,0,0,0,0,0,0,0
1,1,1,1,0,1500,500,v1,0.001221383594,0.001708051687,0.001795187701,0.002820854898,0.01238731332,1.457169e-05,0.003907412435,0.02619681617,0.1437635507,0.1374786273,0.001904117305,0.1116990816,0.033278165,0.009372772948,0,0.006943142572,0.003896468292,4.583570834e-06,0.007251079845,0.008240290765,0.04522127617,0,0.0005989460758,0.03513529676,0.0249138871,0.004000202408,0,0.03427303504,0.0002293025598,0.0002410003973,0.003094685769,0.000524562389,0.01929997225,0,0.01845623373,0.01499538072,0.008660574916,0.004937174441,0,0.01191400549,5.699873368e-05,8.377664986e-05,0.001030090032,0.0001316418182,6.800221336e-07,0,0.006415762995,8.886010562e-05,0.06976591298,0.03977178025,0.01120169535,0.09597416777,0.0004591575886,0.0006421118619,0.008297967771,0.001060450573,0.004656791643,0.008665993278,0.001468922687,0.009848230318,0.1595779172,-0.003393156733,-0.004748506825,-0.1385649815,-0.03455530649,-0.001710345776,-0.2530915135,0.05527078674,0.01107031705,0.00118362812,0,0.07580978235,0.003157470947,0.00107547804,0,-0.2649668887,0.006337457704,0.001866120332,0,0.01110362364,0.0003054237877,0.07801140403,0.07580978235,0.001160481998,0.001641569832,0.002211310859,0.05527078674,0.002668132096,0.004043077948,0.1684768714,-0.4626530953,0.05612481908,0.00595574022,0,0.0006544434811,0.01836298011,0.0340007456,0.003157470947,0.002668132096,0.007191186681,1.613318235e-05,0.01107031705,0.001160481998,0.01371934486,0.001981685548,-0.2471044205,0.02026037414,0.005645589647,0,0.0001668864907,0.00640987972,7.304283548e-05,0.00107547804,0.004043077948,0.01371934486,0.1190195858,0.00118362812,0.001641569832,0.007191186681,0.09259946014,0.06541808453,-0.1637722391,-0.02146823935,-0.009327931317,0.0006738608445,0.0003042981565,0.009511328489,0,0.1684768714,0.001981685548,0.09259946014,0,0.002211310859,1.613318235e-05,0.1190195858
1,1,1,1,4,1500,500,v1,0,0,0,0,0,0,0,0,0,0,0,0,0,0,0.04917537542,0,0,0,0,0,0,0.01287657584,0,0,0,0,0.7256372066,0,0,0,0,0,0,0.1900081584,0,0,0,0,0.01767459075,0,0,0,0,0,0,0.004628092949,0,0,0,0,0,0,0,0,0,0,0,0,0,0,0,0,0,0,0,0,0,0,0,0,0.9885427891,0,0,0,0.259037095,-0.8932791945,0,0,0.06155927348,0,0,0,0,0,0,0,0,0,0,0,0.0838419126,0,0,-0.9155618337,0,0,0,0,0,0,0,0,0,0,0,-0.8540025606,0,0,0.02228263909,0,0,0,0,0,0,0,0,0,0,0,0,0,0,0,0,0,0,0.259037095,0,0,0,0.9885427891,0,0,0
1,1,1,1,1,1500,500,v1,0,0,0,0,0.05966943875,0,0,0.08020977588,0,0,0,0,0,0,0,0,0.1356194535,0,0,0.1823044795,0,0,0,0,0,0,0,0,0,0,0,0,0,0,0,0,0,0,0,0,0,0,0,0,0,0,0,0,0,0,0,0,0,0,0,0,0.2312894161,0,0,0.3109074363,-0.2250557246,0,0,0,0.1393793013,0,0,0,0,0,0,0,0,0,0,-0.3883212931,0,0,0,0.3026448699,0,0,0,0,0,0,0,0,0,0,0,0,0,0,0,0,0,0,0,0.05593061685,0,0,0,0.07258401824,0,0,0,0,0,0,0,0,0,0,0.07258401824,0,0,0,0.05593061685,0,0.4420241706,0,0,0,0,0,-0.527700594,0,0,0,0,0,0,0,0
1,1,1,1,3,1500,500,v1,0,0,0,0,0,0,0,0,0,0,0,0,0,0,0,0,0,0,0,0,0,0,0,0,0.06953688667,0,0,0.02004839149,0,0,0,0,0,0,0,0,0.1594972311,0,0,0.04598513225,0,0,0,0,0,0,0,0,0.5471747427,0,0,0.1577576158,0,0,0,0,0,0,0,0,0,0,0,0,0,0,0,0.4772907916,0,0,0,0.1375976906,0,0,0,0,0,0,0,0,0,0,0.1375976906,0,0,0,0.4772907916,0,0,0,-0.4994691179,0.0895434652,0,0,0,0,0,0,0,0,0,0,0,0,0,-0.6153024194,0.205376767,0,0,0,0,0,0,0,0,0,0,0,0,0,0.2949202323,-0.704845885,0,0,0,0,0,0,0,0,0,0,0,0,0
1,1,1,1,0,1500,500,v1,0.00587906051,0,0,0.03344065813,0.01477026033,0.01480036483,0,0.01373417783,0,0,0.008974112687,0,0.0003899684211,6.082831995e-05,0.0005376953751,0.0003497946066,0.0001218478691,0.0001220962175,9.120761256e-06,0.0001133006641,0,0.0008534172131,7.403231116e-05,0,0.0001798108235,0.0004314646491,0.003813956173,0.004025302667,0,0,6.46949654e-05,0,0,0.006053419833,0,0,0.006828813203,0.1050505282,0.1448455313,0.1528719988,0.01306491291,0,0.09422842001,0.07431447344,0.03289054046,0.2298953559,0,0.01994298248,0.0002230899339,0.003431887018,0.0005353149391,0.004994162688,0.0004268165596,0,0.003078340462,0.002427773388,0.001072312776,8.02665561e-05,0,0.0009970937572,-0.1324497447,0.03794003221,0,0,-0.02814284919,0.02298061062,0,0.009635935062,0.1518243286,0.0007157684159,0.210689133,0.2157686527,0.1361860364,0.0001063764927,0.334124684,-0.6130512748,0.0007350295446,3.019859214e-05,0.001388652983,0.0002286330836,0.0001870288314,0,0.2157686527,0.01004244319,0,0,0.009635935062,0.05738920995,0,0,-0.5277645048,0.004142053412,-0.0001731697389,0.00976858807,0,0,0,0.1361860364,0.05738920995,0.02019333923,0.02675441085,0.1518243286,0.01004244319,0.01879072658,0.01633779691,0.09161248561,-0.1595890564,-0.1992199795,-0.3743664515,-0.08570964179,0,-0.051895778,0.0001063764927,0,0.01879072658,0,0.0007157684159,0,0.02019333923,0,-0.4297587486,0.00517727753,0.006478039244,-0.0004051254593,0.002815174191,0,0.001924838914,0.334124684,0,0.01633779691,0,0.210689133,0,0.02675441085,0
1,1,1,1,0,1500,500,v1,0.2667448066,0,0,0.1055260049,0,0,0,0,0,0,0,0,0,0,0,0,0,0,0,0,0,0,0,0,0,0,0,0,0,0,0,0,0,0,0,0,0,0,0,0,0.08769059687,0,0,0.03469097852,0,0,0,0,0,0,0,0,0.3620988999,0,0,0.1432487132,0,0,0,0,-0.3516255912,0.3397634469,0,0,0,0,0,0,0,0,0,0,0,0,0,0,0,0,0,0,0,0,0,0.01025104643,0,0,0,0.00754216857,0,0,0,0,0,0,0,0,0,0,0.00754216857,0,0,0,0.01025104643,0,0,-0.1339887487,0,0,0,0.1221266046,0,0,0,0,0,0,0,0,0,0,0.4618900511,0,0,0,-0.4737521955,0,0,0,0,0,0,0,0,0,0
1,1,1,1,3,1500,500,v1,0,0.006471859687,5.222311332e-06,0,0.00176378857,1.870399819e-05,0.00086954052,0.002513929506,0.00849524398,9.963428361e-05,3.778981037e-05,0.004735093932,0,0.002281863333,0.0009055535066,0,0.04761048223,0.0005048827215,0.002203702348,0.06785926505,0.2293147089,0.01812967743,0.001020071864,0.1278158331,0,2.975624412e-05,1.180871387e-05,0,0.002278104451,1.83826153e-06,2.87369993e-05,0.0003060795852,0.002990338798,0.0002364169228,3.507141933e-05,0.001666760264,0,0,0.0005676391451,0,0,8.836433961e-05,0,0,0.0003164817919,0.01136444674,0.001685866107,0.0006394240836,0,0,0.003264346708,0,0,0.249914698,0,0,0.06810974112,0.003152532581,0.0335778226,0.09707687801,-0.6880030585,0,0.007295515194,3.765706234e-05,0.004263704851,5.197662914e-05,0.01319556883,0,0,0.002731759465,0.0005944637858,0,0,0.002439308361,0.012006884,-0.1221971675,0,0.001338726169,-0.01550957257,0.0946010203,-0.00126761566,-0.3569624721,0,0,0.3617236328,0.0001140911179,0,0,0.04862084747,0.002056185934,-0.6335020433,0,3.279696897e-05,0.0002359962107,0.00258138584,2.684992085e-05,0.004645774823,0,0,0.03083337241,0.0003872553088,0,0,0.041646806,0.0006740799899,-0.01642470846,0,0,0.006872677847,0,-0.001511358351,0.0005080821676,0.002439308361,0.04862084747,0.041646806,0.3265991354,0.002731759465,0.3617236328,0.03083337241,0.1820825559,0.1101131491,0,0,-0.004818901696,0,-0.2834398868,-0.1471848442,0.012006884,0.002056185934,0.0006740799899,0.1820825559,0.0005944637858,0.0001140911179,0.0003872553088,0.3265991354
1,1,1,1,1,1500,500,v1,0,0,0,0,0,0,0,0,0.2605095032,0,0,0.009282867778,0,0,0,0,0,0,0,0,0.639252976,0,0,0.0227788268,0,0,0,0,0,0,0,0,0.06583006983,0,0,0.002345756399,0,0,0,0,0,0,0,0,0,0,0,0,0,0,0,0,0,0,0,0,0,0,0,0,-0.5935794164,0,0,0,0,0,0.2696839806,0,0,0,0,0,0,0,0,0.3378584494,0,0,0,0,0,-0.6617538853,0,0,0,0,0,0,0,0,-0.3920699048,0,0,0,0,0,0.06817446915,0,0,0,0,0,0,0,0,0,0,0,0,0,0,0,0,0,0,0.4691256407,0,0,0,0.01671751174,0,0,0,0,0,0,0,0,0,0,0.01671751174,0,0,0,0.4691256407
1,1,1,1,3,1500,500,v1,0,0,0.1783629526,0,0,0,0,0,0,0.4554334935,0,0,0,0,0.05510240851,0,0,0,0,0,0,0.07950006552,0,0,0.001556738833,0,0.01698033165,0.003535293486,0,0.03749369888,0,0,0,0.02449870188,0.09573673238,0,0.0002584714594,0,0.00281931112,0.0005869786554,0,0.006225226007,0,0,0,0.004067615643,0.01589554549,0,0.00670947561,0,0,0.01523695877,0,0,0,0,0,0,0,0,0.1543607086,0,0,-0.6316082073,0,0,0,0.00704557109,0,0,0.05258750306,0.01567880506,0,0,0.07614776688,0.04757775833,0,0,-0.1334012717,0,0,0,0.01567880506,0,0,0.2015187666,0.00704557109,0,0,0.5143524846,-0.7559988291,0.004686101859,0,0.04073622689,0,0.1323559001,0,0,0,0,0,0,0,0,0,-0.607908765,0.0008418303429,0,0.006841531436,0,0.02200480836,0,0,0,0,0,0,0,0,0,0.005527932199,-0.02067751631,0,0,0,0,0,0.07614776688,0.5143524846,0,0,0.05258750306,0.2015187666,0,0
1,1,1,1,4,1500,500,v1,0,0,0,0,0.002496255387,0,0,0.001398623141,0,0,0,0,0.05488029968,0.02315106576,0,0.002884415297,0.01919322349,0,0.0121067112,0.01075374205,0,0,0,0,0,0.01571235818,0,0,0,0,0.008216683613,0,0,0,0,0,0,0.005934988973,0,0,0,0,0.0003119329355,0,0,0,0,0,0,0.3762062704,0.1587013219,0,0,0,0.01977276231,0,0.1315701822,0.08299190589,0,0.07371725761,-0.1753218699,0,0,0,0.003882552471,0,0,0,0.4721824106,0.1794656127,0,0,0.02480290327,0.093874466,0,-0.8072456188,0.05743635536,0.03509068947,0,0.02972899369,0,0,0,0,0,0,0,0,0,0,-0.206008917,0,0.02378219771,0,0,0,0,0.02480290327,0,0.1648281567,0,0.4721824106,0,0.09233081893,0,-0.3375476702,0,0.006224126467,0,0,0,0,0.093874466,0,0.09233081893,0,0.1794656127,0,0.1648281567,0,0.1561449146,0,-0.3949840254,-0.2410996064,0,0,-0.2050508636,0,0,0,0,0,0,0,0
1,1,1,1,1,1500,500,v1,0,0.0353812151,0,0,0,0,0.02043706077,0,0,0,0,0,0,0,0,0,0,0,0,0,0,0,0,0,0,0,0,0,0.5109399549,0,0,0.2951314949,0,0,0,0,0,0,0,0,0,0,0,0,0,0,0,0,0,0,0,0,0,0.08754317914,0,0,0,0,0.05056709519,0,-0.6680811608,0,0.05540295385,0,0,0,0,0,0,0,0,0,0,0,0,0,0,0,0,0,0,0,0,0,0.5825087305,0,0,0,0.3365085792,0,0.1932747404,0,0,0,-0.8059529469,0,0,0,0,0,0,0,0,0,0,0,0,0,0,0,0,0,0,0.3365085792,0,0,0,0.5825087305,0,0,-0.7505499931,0,0,0,0,0.1378717865,0,0,0,0,0,0,0,0,0
1,1,1,1,2,1500,500,v1,3.140350892e-05,0.0001193299794,0.0002259664731,1.961927492e-05,0,0,5.112201516e-05,0,0,0.002887643432,0,0,0.1498908869,0.0003589187447,0.0001264211097,0.7738475666,0,0,0.0003169409231,0,0,3.443758146e-05,0,0,0.0001059658869,2.445690757e-05,8.614399335e-06,2.376965134e-05,0.0001107100147,0.0002096434751,2.159651725e-05,4.74291463e-05,0,2.346594484e-06,0.00267905055,0,7.969681646e-05,0.007681667905,6.478879412e-06,1.787712628e-05,2.191242369e-05,0.0001576726063,0.03965844849,1.368973976e-05,0,1.764870898e-06,0.002014910707,0,3.213189658e-05,0.003097069239,7.416035935e-06,7.207640131e-06,8.83457788e-06,3.357045225e-05,0.01598936095,5.519383604e-06,0,6.548683538e-06,1.438187769e-05,0,0.002571888838,-3.041666249e-05,-7.741123636e-05,-0.0005075251716,0,0,0,9.219825481e-05,0.2086738082,0.0004879340709,0.0001655590918,1.384136149e-05,1.077354035,0.0004341466997,4.498877427e-05,0.06643379288,-0.9237137018,-0.0006697591058,-0.0001573145952,0,0,0,1.384136149e-05,2.583259625e-05,7.012355899e-05,-0.000213675637,9.219825481e-05,1.750872447e-05,4.036150981e-05,-0.002874954383,0.0005711717627,-8.325721388e-05,4.500733497e-05,9.394016961e-06,-1.4476389e-05,0.0006318116112,0,1.077354035,1.750872447e-05,0,0,0.2086738082,2.583259625e-05,0,0,-0.904760966,3.881164544e-06,0.04728300248,7.555333999e-06,-1.035002896e-06,0.001934800238,0,0.0004341466997,4.036150981e-05,0,0,0.0004879340709,7.012355899e-05,0,0,-0.8772581601,8.682971885e-06,0.01907880267,1.003125693e-05,2.557451609e-06,1.823091275e-05,0,4.498877427e-05,-0.002874954383,0,0,0.0001655590918,-0.000213675637,0,0
1,1,1,1,2,1500,500,v1,0,0,1.818015379e-05,0,0,0.001679560746,0,0,0.004423865598,7.45638746e-05,6.744020064e-05,0.00475832205,0.02927847175,0.001271862352,0.02633333476,0.01720366231,0,0.1253765346,0.00295034882,0,0.3302345208,0.03842792813,0.005034303563,0.3552011622,0.00217009229,4.244762727e-05,0.0008788589246,0.0001836670442,0,4.529303319e-05,9.846608548e-05,0,0.01102137494,0.001282508573,0.0001857643278,0.01185462131,0.001849437015,0.0008327661288,0.0007489977425,0.0001565281954,0,3.860048372e-05,0.0004893229192,0,0.003566078593,0.001093003666,0.000158315582,0.0001431904481,0.01117049172,0.005029858854,0.0002184980202,0.0009454211723,0,0,0.002955481897,0,0,0.0005068515278,0,0,-0.7889698672,0,0,1.182243064e-05,0,0.001727566188,0.009163233105,0.009841500896,0.03498869113,0.00150375321,0.03690009392,0.0008390589946,0.02053829394,0.003476004835,0.05405640763,0.05129764303,-0.04626707479,-0.00400790677,-0.06454921805,0,-0.1303538701,-0.6851277753,0.0008390589946,0,0,1.201985306e-05,0.009841500896,0,0,3.979093738e-05,-0.7514325843,0.002086935296,0.0001401990359,0.002159445092,0,-3.095473344e-05,0.02285906667,0.02053829394,0,0,0.1801610837,0.03498869113,0,0,0.007229760638,-0.2378654733,0.001377608259,0.001314293177,0.001752105331,0,-1.540822418e-05,0.003699074288,0.003476004835,0,0,0.4719208344,0.00150375321,0,0,0.5077373828,-0.04535594564,-0.01058491681,0.007934791593,0.0005478690345,0,0,0,0.05405640763,3.979093738e-05,0.007229760638,0.5077373828,0.03690009392,1.201985306e-05,0.1801610837,0.4719208344
1,1,1,1,0,1500,500,v1,0,0,0,0,0,0.02569750088,0,0,0,0,0.03504126685,0,0.1106886265,0,0.01530102887,0.001919310055,0,0.006793861896,0,0,0,0.01995115276,0.009264150967,0,0,0,0.02829626636,0,0,0,0,0,0,0.03689576286,0,0,0,0.1961469268,0.02711434664,0,0,0,0.003401133257,0,0.01203913332,0.03535464683,0,0.01641663465,0,0.4125251784,0,0,0,0,0.007153072071,0,0,0,0,0,0.04000522965,0,0,0,0,-0.05625845782,0,0,0.1555840498,0,-0.01431332521,0,0.002747716865,0,-0.0201839381,-0.2575521046,0.1115454987,0,0.03170049931,0,0.01549654309,0,0,0,0,0,0,0,0,0,0.04345167319,0,0,-0.02045349769,0,0,0,0.002747716865,0,0,0.01034550954,0.1555840498,0,0,0.01403433272,-0.3294819589,0,0.1944125343,0.01175117387,0,0,0.02450868658,0,0,0,0,0,0,0,0,0.3059580332,0,-0.4115125446,0,0,0,0,-0.0201839381,0,0.01403433272,0,-0.01431332521,0,0.01034550954,0
1,1,1,1,0,1500,500,v1,0,0,0,0,2.469196152e-06,2.550526237e-06,0,5.500497858e-05,1.95020535e-06,0,0.0001141244753,4.348011583e-07,0,0,0,0,2.54089701e-05,2.62458877e-05,0,0.0005660222074,2.006835682e-05,0,0.001174384376,4.474269743e-06,0,0,0,0,0,0,0,0,0.004812143975,0,0,0.001072874594,0,0,0,0,0,0,0,0,0.0203043955,0,0,0.9085295612,0,0,0,0,0,0,0,0,0.00271896389,0,0,0.06056892258,-0.9943728891,0,0,0,5.734881135e-05,0.0001165995871,2.375799342e-06,0,0,0,0,0,0,0,0,-0.996004622,0,0,0,0.0005865139405,0.001197123964,2.441911538e-05,0,0,0,0,0,0,0,0,2.679491474e-05,0,0,0,0,0,-0.005808522113,0,0,0.00400487561,0.03037536042,0,0,0.08910824796,1.359133786,0.00131372355,0,0,0,0,0,-0.9276531464,0,0,0.08910824796,0.00709454601,0,0,0.00400487561,0.001578044696,0.0006438627513,0,0,0,0,0,-0.06271927801,0,0,1.359133786,0.001578044696,0,0,0.03037536042,0.00709454601
1,1,1,1,0,1500,500,v1,0,0,0,0,0,0,0,0,0.05269418766,0,0,0.2691572008,0,0,0,0,0,0,0,0,0.05882792871,0,0,0.3004878019,0,0,0,0,0,0,0,0,0.05219999125,0,0,0.2666328897,0,0,0,0,0,0,0,0,0,0,0,0,0,0,0,0,0,0,0,0,0,0,0,0,0.1677852344,0,0,0,0,0,0.1748291425,0,0,0,0,0,0,0,0,0.3406807998,0,0,0,0,0,0.001933576852,0,0,0,0,0,0,0,0,0.1767627194,0,0,0,0,0,0.1658516576,0,0,0,0,0,0,0,0,0,0,0,0,0,0,0,0,0,0,-0.0700540349,0,0,0,-0.4438675301,0,0,0,0,0,0,0,0,0,0,-0.4438675301,0,0,0,-0.0700540349
1,1,1,1,0,1500,500,v1,0,0.07327645629,0.02399964558,0,0.006995038026,7.028242226e-05,0.01297852076,0.004091407806,0.0006617123821,0.005003925039,4.472071546e-05,0.0002709996718,0,3.653386641e-05,0.0002465535319,0,0.01723408503,0.0001731589216,0.0003844332183,0.01008024113,0.001630299566,0.0007008962822,0.0001101810469,0.0006676777694,0,7.523571487e-05,0.0005077379715,0,0.3717842822,0.1217675016,0.0007916793605,0.06584939107,0.003357343893,0.001443384947,0.02538851867,0.001374976678,0,0,0.0003082610078,0,0,0.07392823631,0,0,0.0002164971772,0.0008763167685,0.01541403399,0.0001377571852,0,0,2.404532509e-05,0,0,0.1188222102,0,0,0.01134287766,0.0002530206249,0.02104545717,0.006634465461,-0.3763285894,0,0.08337348174,0.02805398736,0.008533343223,6.862873348e-05,0.0009003120001,0,0,9.501102189e-05,0.0004055755536,0,0,0.0009111127067,0.001109744395,0.007431924589,0,-0.0001158853556,-0.0002706604355,-0.01382243303,-0.0001301250497,0.0005296398983,0,0,0.2711876486,0.04739596727,0,0,0.04829297901,0.009176796359,0.3191065648,0,-0.0007570444018,-0.001194273262,-0.4346386794,-0.1334698386,-0.003410803159,0,0,0.003123222664,0.0002238605792,0,0,0.0006074829078,0.0001190223888,-0.1069422812,0,0,0.0004547203966,0,0.06770067571,-0.000167092329,0.0009111127067,0.04829297901,0.0006074829078,0.002134927712,9.501102189e-05,0.2711876486,0.003123222664,0.0008363491926,-0.3574272167,0,0,0.0002021806055,0,0.138278113,0.002801952754,0.001109744395,0.009176796359,0.0001190223888,0.0008363491926,0.0004055755536,0.04739596727,0.0002238605792,0.002134927712
1,1,1,1,2,1500,500,v1,0,0,0.267212855,0,0,0,0,0,0,0.4157681526,0,0,0,0,0,0,0,0,0,0,0,0,0,0,0,0,0,0,0,0.03193923827,0,0,0,0,0.04969565589,0,0,0,0,0,0,0.09209283454,0,0,0,0,0.1432912638,0,0,0,0,0,0,0,0,0,0,0,0,0,0.3169491855,0,0,-0.682895089,0,0,0,0,0,0,0,0,0,0,0,0,0,0,0,0,0,0,0,0,0,0.2147753284,0,0,0,0.3341435236,-0.4475736089,0,0,0,0,0.08162770074,0,0,0,0,0,0,0,0,0,-0.6012673919,0,0,0,0,0.2353214862,0,0,0,0,0,0,0,0,0,0,0,0,0,0,0,0,0,0.3341435236,0,0,0,0.2147753284,0,0
1,1,1,1,0,1500,500,v1,0.03966095054,0,0,0.1403023989,0.03742045567,0.001232080088,0,0.06233291724,0,0,5.532179499e-06,0,0.01619285654,0.008836241392,0.02094048641,0.005154753697,0.0185391742,0.00061040805,0.08530810488,0.03088152696,0,0.00781203811,2.740801457e-06,0,0.1847383788,0.009924091638,0.02351851844,0.04961829208,0,0,0.09581058424,0,0,0.008773796305,0,0,0.006112080957,0.0006016980893,0.0007781116712,0.001641624334,0.0007301289961,0,0.0001915415876,0.002582864209,2.268169031e-05,0.0002902816061,0,1.01843365e-07,0.04956352079,0.004879234416,0.00266253783,0.013312108,0.00592069443,0,0.001553231302,0.02094472322,0.005586227271,0.02570505335,0,0.009305227204,0.08493568772,-0.179334985,0,0,-0.09085174941,-0.001033742544,0,0.1935271871,0.01606665046,-1.051806464e-05,0.03441179855,0.05224264764,0.00515587841,-0.005829157016,0.009068924985,-0.1054777223,-0.02110755999,0.01816366582,-0.007988822167,0.03998454756,0.0003492976265,0,0.05224264764,0.04936361318,0,0,0.1935271871,0.1748122578,0,0,0.1087006314,-0.2333366761,-0.0422678662,-0.02203667797,0,0,0,0.00515587841,0.1748122578,0.02070770815,0.0009953483539,0.01606665046,0.04936361318,0.03354313517,5.120726594e-06,-0.3698614556,0.007663655504,0.000765092015,0.001038351139,0.0032772747,0,1.746553328e-05,-0.005829157016,0,0.03354313517,0,-1.051806464e-05,0,0.02070770815,0,-0.4970446017,0.06182646375,0.00619411538,0.02799731712,0.02660712939,0,0.01469997294,0.009068924985,0,5.120726594e-06,0,0.03441179855,0,0.0009953483539,0
1,1,1,1,3,1500,500,v1,0.008429873292,0.01038391579,0.02963365449,0.006940953008,0.005331958291,0,0.004537367554,0.00399522106,0.001583456867,0.02547927683,0,0.0001118028615,0.02607352669,0.09209487318,0.002660099115,0.004116656483,0.0219243997,0,0.2800229174,0.01642788983,0.006510992653,6.626164299e-05,0,0.000459720517,0.01112654277,0.0547670821,0.001581910714,0.001523562231,0.02539137816,0.07246200209,0.1665243414,0.01109504524,0.003871964387,3.94045479e-05,0.06230346687,0.0002733871108,0.001245497295,0.001735667267,0.0001770779617,0.0001705464739,0.002307430931,0.008111345044,0.0002740383375,0.001899882609,0,4.410917103e-06,0.006974205828,0,0.0006174594953,0.0008604629166,0.003039259864,8.454899112e-05,0.001143916686,0.001409076284,0.0001358554324,0.0009418732273,0.0007235359117,0.009241148658,0.0006157115624,0.0005421433842,-0.1869347424,-0.01490213903,0.01393822882,0.05434898328,0.008936169825,0,0.001639039914,0.013664041,0.03508417506,0.05223793748,0.001312623669,0.001881914833,0.005527386108,0.1551891446,4.904710726e-05,0.2452429323,-0.0300092852,-0.3658805374,-0.002223065767,-0.03791550606,0,-0.005304335183,0.001881914833,0.007407262146,0.02045020125,0.05210523214,0.013664041,0.006091422644,0.008899515431,0.0447736789,-0.271948838,-0.01244262344,0.2153667207,0.001136830822,-0.03549723379,-0.1339890435,0.001617072561,0.005527386108,0.006091422644,0.02382981595,0,0.03508417506,0.007407262146,0.01783222865,0,-0.1344484503,0.001385978334,0.001984524663,0.0001784544187,0.003914185281,0.01505411953,0,0.1551891446,0.008899515431,0.01783222865,0.002739752955,0.05223793748,0.02045020125,0.02382981595,0.0003325811083,-0.2511215098,0.0006926745562,0.0009503862658,0.01222909472,0.001988830544,0.001992527175,0.001204639824,4.904710726e-05,0.0447736789,0,0.0003325811083,0.001312623669,0.05210523214,0,0.002739752955
1,1,1,1,3,1500,500,v1,0.0001312433883,0.005294054611,0.0007790348096,0.001799930253,0.005634422016,0,0.02505316657,0.007027380434,4.340970931e-05,0.0009705745556,0,0.0003719894441,0,0.243681151,0,0,0.03640362884,0,0.1773330539,0.04540344126,0.0002804672673,0,0,0.002403399251,0.03723914163,0.046204657,0,0.00893874332,0.006485560808,0.0009543682489,0.03362431971,0.03069175654,5.317971386e-05,0,0.001189016881,0.0004557112339,0.04064607099,0,0,0.009756529814,0.0001754912478,0.001041681357,0,0.002406765097,0,0,0.00129779749,0,0.04652876267,0,0.05773080221,0.01116858897,0.0002008900349,0.008103439188,0,0.002755095371,0.008624428632,0.04201219263,0.03834807661,0.0107565853,-0.07105461933,-0.001066118467,0.003227935245,-0.0004622427138,0.01100640604,0,0.0002394231837,-0.0278992971,0,0.2096227429,0,-0.006618647642,0,0.152753071,0,0.2074799496,0,-0.4195741806,0,-0.08036920764,0,-0.002431638374,-0.006618647642,0.0002729363499,-0.0004354612896,0.001702433324,-0.0278992971,0.003287375177,0.0007662804574,0.001603458445,-0.3379185676,0.02545082827,0.07924775688,0,0.01049511893,-0.000463735649,0.0002437534934,0,0.003287375177,0.03516669304,0,0,0.0002729363499,0.04187741621,0,0.01425372227,0.005862217657,0,0,-0.0004034961768,-0.001277949484,0,0.152753071,0.0007662804574,0.04187741621,0.0002997099179,0.2096227429,-0.0004354612896,0.03516669304,0.00262298263,-0.3661227392,-0.008301082819,0,0.09874254797,-0.000903926376,-0.01394360027,0.01800006211,0,0.001603458445,0,0.00262298263,0,0.001702433324,0,0.0002997099179
1,1,1,1,3,1500,500,v1,0,0,0,0,0,0,0,0,0,0,0,0,0.2023584527,0,0,0.05022119249,0,0,0,0,0,0,0,0,0,0,0,0,0,0,0,0,0,0,0,0,0,0.4173450144,0,0,0,0,0.103576421,0,0,0,0,0,0,0.1814634383,0,0,0,0,0.04503548105,0,0,0,0,0,0,0,0,0,0,0,0,0,0.04977549063,0,0,0,0.01244266089,0,0,-0.2938835508,0.2524047804,0,0,0,0,0,0,0,0,0,0,0,0,0,0,0,0,0,0,0,0,0.01244266089,0,0,0,0.04977549063,0,0,0,0.4788464987,0,-0.5203252689,0,0,0,0,0,0,0,0,0,0,0,0,-0.267920487,0,0.2264417182,0,0,0,0,0,0,0,0,0,0,0,0
1,1,1,1,0,1500,500,v1,0.08858327409,0,0.02515729959,0.06628125782,0,0.01662642255,0,0,0,0.02921663367,0.007935999713,0,0,0,0,0,0,0.00870128576,0,0,0,0,0.004153232668,0,0,0,0,0,0,0.01338319372,0,0,0,0,0.01554268044,0,0,0,0,0,0.05556489787,0.0157802113,0,0.04157569653,0.0104291186,0,0.01832647622,0.004977948919,0,0,0,0,0.3304840622,0,0,0.2472803084,0,0,0,0,-0.4087515787,0.1540575125,0,-0.04539774255,0,-0.01484863556,0,0,0,0,0,0,0,0,0,-0.003764268071,0,0,0,0,0.006700757949,0,0,0.2790004976,0,-0.005463772222,0,0.2087883145,0,-0.005509639104,-0.01840095406,0,0,0,0,0.02571656167,0,0,0.2087883145,0,-0.002954444043,0,0.2790004976,0,-0.001450290748,-0.4500646165,0,0,0,0.09704301776,0.02699678847,0.0110843675,0,0,0,0,0,0,0,0,0.2511005299,0,0,0,-0.5762930721,0,0,0,-0.005509639104,-0.001450290748,0,0,-0.005463772222,-0.002954444043,0
1,1,1,1,1,1500,500,v1,0.01902984383,1.315351381e-05,0.0002303111118,0.01176117286,0.005953538003,0.1091628458,0.006453920447,0.002938499826,0,0.0001961281803,0.06143968776,0,7.776982049e-05,0.04436901808,0.02243445724,6.556734371e-05,0.0100219376,0.1837601824,0.01149845623,0.004946548065,0,0.2339093551,0.1034250082,0,8.002739424e-05,0.02228319413,0.0112671271,0.000531102337,1.112028648e-05,0.0001947103701,0.005774802859,0.005456294439,0,0.1174749362,0.0001658113248,0,6.392273564e-07,3.119790271e-07,8.999738074e-05,4.242236626e-06,0.0001285067947,1.555269871e-06,2.630279455e-07,7.942212449e-05,0.0007371667127,0.0009383435964,1.324435662e-06,0.0004148965914,3.161532378e-06,1.543006234e-06,0.0008803115534,2.098153077e-05,0.0006355772921,4.393138885e-07,1.300900779e-06,0.0003928111268,0.0001988420712,0.0002281372071,0.0002155543323,9.814288436e-05,-0.2750410157,-0.03066839765,-0.004466438275,-0.0002426971546,0.005845907923,0.1463929018,0,0.0001139113856,9.654138014e-05,0.0321720857,0.01671115332,0.0007567275099,7.985258872e-05,0.00822956169,0.176255433,0.3046841204,-0.0001194633611,-0.05462700914,-0.2519740795,-0.01263781683,-0.2650652017,0,0.0007567275099,0.02729915795,1.475139734e-05,0.0002687408445,0.0001139113856,0.0168650826,0.006527423212,0.0002299022118,-0.3089786912,-0.0006086985583,0.02660077871,0.122310628,-8.539255422e-05,-9.175259156e-05,0,7.985258872e-05,0.0168650826,0.006726870715,0.112853788,9.654138014e-05,0.02729915795,0.003048026739,0.06343586374,-0.2790239247,4.808782951e-06,5.420476104e-07,0.001019060883,0.0002075263216,2.021042085e-06,0.00114586563,0.00822956169,0.006527423212,0.003048026739,0,0.0321720857,1.475139734e-05,0.006726870715,0,-0.07055365145,2.346384541e-05,1.325334208e-06,0.001091798838,0.001018044057,0.0001903811025,0.0002753106076,0.176255433,0.0002299022118,0.06343586374,0,0.01671115332,0.0002687408445,0.112853788,0
1,1,1,1,0,1500,500,v1,0,0.003968934276,0.01828866294,0,0.0004496368142,0.00473546704,0.0006510145397,0.001901082969,0.002959306756,0.0006133803564,0.01062253875,0.003796148689,0.01525971899,0.03403833904,0.03785175517,0.01218147529,0.002546715545,0.02682139706,0.02216721024,0.01076761821,0.01676133332,0.02213000568,0.06016541285,0.02150115509,0.01543549138,0.007263700116,0.008077473995,0.03073506401,0.004797135995,0.0221049776,0.004730429631,0.0007868624332,0.00357682843,0.004722490266,0.000741375085,0.004588295056,0.04321642944,0.009117263468,0.0226153853,0.08605231231,0,0.06188971772,0.0072780973,0,0.01602504893,0.01322207128,0.002075708719,0.03594718362,0.05642372901,0.01190357486,0.02655212178,0.1123506133,0,0.01753571005,0.009502344249,0,0.001986604023,0.017291868,0.002876339443,0.008399443628,-0.1704942907,0,0.001254230117,0.01361691753,0.0009732310567,0.01220863226,0.004786120571,0.01040849975,0.009846033023,0.0295974533,0.02909238708,0.01473746231,0.009026587745,0.01971925464,0.015504872,0.05550074196,-0.02189612885,-0.03614301708,-0.0511966337,-0.01128133096,-0.07139518693,-0.03628847652,0.01473746231,0,0.01781328461,0.03775473754,0.01040849975,0,0.003215279607,0.001435976583,-0.2412071285,0.04410292303,0.01132175347,0.01181965185,0.004009591259,0.01893138138,0.003008527386,0.009026587745,0,0.003946265543,0.02570539255,0.009846033023,0,0.01476791094,0.05910314853,-0.1525913982,0.04477876753,0.01245167115,0.009645475792,0,-0.05867544164,0.002647527252,0.01971925464,0.003215279607,0.01476791094,0.01849825066,0.0295974533,0.01781328461,0.003946265543,0.02424249217,0.04957169074,-0.1056456653,-0.003137289478,-0.00805654167,0,-0.01928286418,-0.002168017756,0.015504872,0.001435976583,0.05910314853,0.02424249217,0.02909238708,0.03775473754,0.02570539255,0.01849825066
1,1,1,1,0,1500,500,v1,0,0.1031250786,0.01990791308,0,0.0004989180457,0.0001108240256,0.03615356712,0.14641035,0.01021667856,0.03016026816,2.169662976e-05,0.003136179523,0.0005177607824,1.398553677e-05,1.249788198e-06,0.0003092689711,1.417929371e-06,3.149628326e-07,8.512456079e-06,0.0004160994722,2.903588822e-05,2.688242325e-07,6.166200816e-08,8.913049145e-06,0.0004717429453,0.0009284623533,8.297009335e-05,0.003426850175,0.01945695338,0.003756092524,0.000565119175,0.006821214387,0.001927614903,1.784652128e-05,0.005690438634,0.0005917134765,5.945737795e-05,0.004332261369,1.045735659e-05,0.0004319121844,0,0.0004734091204,0.002587747203,0,2.635389467e-06,2.249333819e-06,0.0007172095818,5.159447084e-07,0.002462456608,0.1794227396,0.004846491676,0.01788785597,0,0.1015635822,0.1071728256,0,0.0004913635428,0.0029498723,0.03560613807,0.1441934379,-0.002636074876,0,-0.01226497915,-0.04965065801,-0.003478834968,-0.0001124369552,-0.01268496284,0.002896006123,0.2617065685,0.005912645312,0.0001179476032,0.02102632085,0.1563406339,0.003676050624,2.667803767e-05,-0.3260040535,0.0008260691886,2.096128487e-05,-4.023990988e-07,0.0004130348279,2.320092974e-07,2.68984076e-05,0.02102632085,0,0.001360308112,0.02358763416,0.002896006123,0,0.001317888339,0.03568071694,-0.1162804309,0.003837409775,0.001050639275,-8.654697031e-05,0.02609226028,0.008993808143,0.0008161092452,0.1563406339,0,0.000205898333,0.000138531492,0.2617065685,0,0.04115868847,2.932110921e-05,-0.3428944926,0.0004858732681,0.006906265533,-9.467724487e-06,0,0.001144615828,3.032123124e-07,0.003676050624,0.001317888339,0.04115868847,0.01367127425,0.005912645312,0.001360308112,0.000205898333,0.004091658533,0.02388869955,-0.02027150104,-0.2864304683,-0.007464064513,0,-0.01561274546,-0.02451059106,2.667803767e-05,0.03568071694,2.932110921e-05,0.004091658533,0.0001179476032,0.02358763416,0.000138531492,0.01367127425
1,1,1,1,2,1500,500,v1,0,0,0,0,0,0,0,0,0.02506510146,0,0,0.007178301904,0,0.1842456098,0.1065759142,0,0,0,0.001908259082,0,0.1261745972,0.09757572463,0,0.03613467724,0,0.1165474195,0.06741624831,0,0,0,0.001207098894,0,0.07981369938,0.06172303874,0,0.02285755081,0,0,0.0181929672,0,0,0,0,0,0,0.01665659611,0,0,0,0,0.03041221176,0,0,0,0,0,0,0.0003149837836,0,0,-0.06010702345,0,0,0,0,0,0.03180125422,0,0,0.05836196936,0.03090565015,0,0,0.0006234270659,0.03127855849,0.4197863914,0,-0.179071065,-0.1948846728,0,0,-0.1549161587,0,0,0,0,0,0,0,0,-0.4326443582,0,0.1094331555,0.119316563,0,0,0.09480913524,0,0,0,0,0,0,0,0,-0.07556810982,0,0,0.03411197096,0,0,0,0.0006234270659,0,0,0.03275554507,0.05836196936,0,0,0.009703108991,-0.06963790949,0,0,0.03031431238,0,0,0,0.03127855849,0,0,0.009703108991,0.03090565015,0,0,0.03275554507
1,1,1,1,2,1500,500,v1,0.008889377101,0.04687280778,0.0009355217852,0.01536242646,0,0.0508022937,0.05227086693,0,0.0008954198757,0.0005264343205,0.09216940623,0.0002135373597,0.0002612413282,0.0002699345257,8.969341352e-06,4.149013698e-05,0,0.002658439115,4.108389103e-05,0,4.685653046e-05,1.648555874e-06,0.004823143542,1.117422125e-05,0.04331765697,0.02263969651,0.0007522682234,0.0008891960705,0.2057200075,0.004105910394,0.003445749749,0.2294115426,0.003929907174,0.000138266139,0.002310466931,0.0009371938514,0.01020575629,0.005162193545,0.0001772364133,0.0002094969818,0.009191938875,0.0009673635136,0.0008198554139,0.01588530708,0.05253141734,3.257587361e-05,0.0005443522128,0.09530651457,0.0009697438777,0.0004905080467,0.0005068304386,1.990625777e-05,0.0008734116504,0.004605413398,7.790209225e-05,0.001509410851,0,7.713932278e-05,0.00513579114,0,-0.4580155674,-0.004319718715,0.09812643884,0.001202833772,0,-0.03924877324,0.0008410560426,0.0509034693,0.006594175075,0.03264616573,0.000902082768,0.001020959594,0.001055424495,0.004970309276,0.0001674837605,-0.09811213289,0.0002587256398,0.0002728455621,5.70544701e-06,0,0.007269234299,5.295183014e-05,0.001020959594,0.006194050792,0.2314681284,0.003764305183,0.0509034693,0.01134591596,0.2581983314,0.002106501772,0.118763787,-0.04161501295,-0.02590448062,-0.0007355265312,-0.4342710185,-0.006108899083,-0.004731757993,0.001055424495,0.01134591596,0,0.02725841613,0.006594175075,0.006194050792,0,0.05602832179,-0.0796378961,0.006050375366,-0.005854602482,1.677673238e-05,-0.009582632815,0.0009921940056,-0.02354495299,0.004970309276,0.2581983314,0,0.004661285645,0.03264616573,0.2314681284,0,0.00109533954,-0.4168390798,0.000948351657,0.000496143798,0.0005539850749,0.002209040375,0.009700273267,0,0.0001674837605,0.002106501772,0.05602832179,0.00109533954,0.000902082768,0.003764305183,0.02725841613,0.004661285645
1,1,1,1,0,1500,500,v1,0.07870652088,0.1471071447,0,0.05773666486,0.1193408282,0.006230865965,0.1244703912,0.06074513789,0.0279184983,0,0.001445437936,0.08727571148,0.003839608213,2.47016132e-05,0,0.01328542566,0.018795068,0.0009813033084,2.562366129e-05,0.009566792981,0.004396903239,0,0.0002276430012,0.01374511102,0,4.599708888e-05,0,0,0.04314134188,0,4.771404264e-05,0.03650277975,0.008187511779,0,0,0.02559489082,0,0.009437440439,0,0,0.03046722369,0,0.03265448097,0.02234981122,0.00241196263,0,0,0.0005595277293,0,0.0004453078615,2.864829415e-06,0,0.001437603163,0.002686965376,0.001540809416,0.001054581134,0.00217980353,2.971766175e-06,0.00227349686,0.001109531985,0.2224639451,-0.1344420117,-0.2709141965,0,-0.1794978935,-0.006794572057,-0.112966162,0,0.007876213223,5.199869308e-05,0,0,0.02730431709,6.500150597e-05,0,-0.300203126,0.01543320295,-7.307212102e-06,0,0.02795383524,0.001028800726,0.01754954604,0,0.06969998814,0.1517738049,0,0,0.05135344765,0.1283290509,0,-0.3613989954,0,-7.243323326e-05,0,0.0792415749,0,0.03235087433,0.02730431709,0.05135344765,0.1474612499,0.004009605987,0.007876213223,0.06969998814,0.07495123487,0.001049338359,-0.120332549,0,-0.04084158263,0,0.05125238257,0,0.002393141775,6.500150597e-05,0.1283290509,0.07495123487,0.02264760987,5.199869308e-05,0.1517738049,0.1474612499,0.07195100258,-0.4518944241,0,0.001954692785,1.740312655e-06,0.002487338658,0.004937384389,0.003269067783,0,0,0.001049338359,0.07195100258,0,0,0.004009605987,0.02264760987
1,1,1,1,4,1500,500,v1,0.01019036982,0.05651606825,0.01028286664,0.0008576922579,0.004829868263,0.0008794462536,0.009198474467,0.0009452024954,0.0009907279452,0.01143205556,0.01235054113,0.004066038726,0.003601767394,0.06583678963,0,0.006342341396,0.00270464432,0.0004924749878,0.06917413568,0.0005292973681,0.000554790848,0,0.006916093583,0.002276912732,3.950834063e-05,0.04111497421,0,0.0003248557097,0.01976415234,0.003596006395,0.0431991417,0.003216785178,0.0003464660342,0,0.003997887584,0.001421928511,2.474510038e-05,0.001408793923,0,0.0002034655725,0.002232012527,0.002252272249,0.002480740991,0.0001878616671,0.0001926264786,0,0.002503980881,0.002705158202,0.0001939306325,0.01104090475,0.2018169537,0.001594586668,0.0174925781,0.097014314,0.01944189605,0.001472296793,0.008290851979,0.2120472978,0.01578991105,0.001622515057,-0.08842674366,0.006005787059,0.05823659532,-0.01803309495,0.002664156242,-0.01007177092,-0.00313203389,0.0002098933292,0.009387708464,0.1422690331,0,0.001678785537,0.01747610471,0.1495718575,0,-0.3677970998,0.007648047806,0.1335399887,0,0.002697965417,0.00347490002,0.0004101861444,0.001678785537,0.0128269411,0.0320104431,0.008445055517,0.0002098933292,0.001320527668,0.005551259143,0.007647115139,-0.345012936,0.0002849730919,0.08382168095,0,0.02264874534,0.003946728019,0.001379707653,0.01747610471,0.001320527668,0.002569428217,0.0004134207013,0.009387708464,0.0128269411,0.0005047484559,0.005833507988,-0.05434935341,0.0001479103015,0.003589614466,0,0.00132861699,0.003358253149,0.002432251771,0.1495718575,0.005551259143,0.0005047484559,0.0005607834823,0.1422690331,0.0320104431,0.002569428217,0.001452426657,0.3226140787,-0.001692002637,-0.02914687106,-0.4119222633,-0.01676604989,-0.1059264755,-0.00741157277,0,0.007647115139,0.005833507988,0.001452426657,0,0.008445055517,0.0004134207013,0.0005607834823
1,1,1,1,1,1500,500,v1,0.0261255233,0.005730602942,0,0.004107484858,0.01043104361,0,0.06152909017,0.02460601742,0,0,0,0,0,0,0,0,0.004103947748,0,0,0.009680892305,0,0,0,0,0,0,0,0,0.0114145934,0,0,0.1225577053,0,0,0,0,0,0,0,0,0.1236812496,0,0,0.01944530849,0,0,0,0,0,0,0,0,0.1136622057,0.02493167172,0,0.01787010287,0.04538149957,0,0.2676896468,0.1070514141,-0.3365905356,0.02988865673,0.06509795459,0,0.03485569529,0,0,0,0,0,0,0,0,0,0,-0.1168771006,0,0,0,0.01362520595,0,0,0,0.01439360285,0.01233323174,0,0,0.00260117345,0.1259164931,0,-0.2183080347,0,0,0,0.1261415515,0,0,0,0.00260117345,0.04617871421,0,0,0.01439360285,0.108699128,0,0.02951827573,0,0,0,-0.04084812668,0,0,0,0.1259164931,0.108699128,0,0,0.01233323174,0.04617871421,0,0.2287609368,0,0,0,-0.0003703809359,-0.2834059893,-0.1517327958,0,0,0,0,0,0,0,0
1,1,1,1,3,1500,500,v1,0.1466881011,0.003496078944,0.003818581787,0.05384861971,0.06057818669,0,0.0001156893457,0.04230765664,0.001921257057,0.06897558541,0,0.007506244053,0.001755174431,0.001151899329,0.002217394264,6.543581764e-05,0.003579459543,0,0.0003332813119,0.002499885744,0.0001135237332,9.340954888e-05,0,0.0004435308875,0.0259652322,0.04724508647,0.09094630158,0.006146936521,0.008472752934,0.00925433909,0.01366951435,0.000280373315,0.004656169561,0.003831187417,0.167162442,0.01819139451,0.00537711786,0.01490801262,0.01883399227,0.001272963858,0.0736199543,0.001916473214,0.0005557954683,0.02702559302,0,0.0007933973447,0.03461752798,0,0.0006762840886,0.001874991769,0.001230533969,0.0001601016055,0.009259236081,0.0002206792511,6.990280696e-05,0.003399028814,0.003823812072,0.0003560328281,7.302534804e-06,0.002670540949,-0.04526943426,-0.1952334802,0.001372416544,0.06877026568,-0.1027277217,0,0.008080330698,0.02936676714,0.01578154415,0.06725036046,0.104587062,0.006949264392,0.0005605053926,0.01946477001,0.004410097153,-0.2558912177,0.00105482399,0.001360701177,0.002263396039,0.006031492111,0,0.0004884074997,0.006949264392,0.09732793385,0.00838603056,0.005858889149,0.02936676714,0.03530336575,0.0003008332042,0.09535012408,0.1465162385,-0.03144533765,-0.06072298851,-0.09404512288,-0.007376786357,-0.1723067313,-0.02163767621,0.0005605053926,0.03530336575,0.07969608339,0,0.01578154415,0.09732793385,0.05568476808,0,-0.406014169,0.006412435257,-0.01359833256,0.01911695411,0.09435562067,0.03606379007,0,0.01946477001,0.0003008332042,0.05568476808,0.004130970653,0.06725036046,0.00838603056,0.07969608339,0.01547243636,-0.300517154,0.0008222147067,0.001648808865,0.001552200375,0.01245699308,0.0002131273008,0.006442328761,0.004410097153,0.09535012408,0,0.01547243636,0.104587062,0.005858889149,0,0.004130970653
1,1,1,1,1,1500,500,v1,0,0,0,0,0,0,0,0,0,0,0,0,0,0.1679305283,0,0,0,0,0.5069165739,0,0,0,0,0,0,0.05528556316,0,0,0,0,0.1668854886,0,0,0,0,0,0,0,0,0,0,0,0,0,0,0,0,0,0,0,0.02562624299,0,0,0,0,0,0,0.07735560312,0,0,0,0,0,0,0,0,0,0,0,0.1304753554,0,0,0,0.3936273193,0,0.3246922556,0,-0.6740940395,0,0,0,0,0,0,0,0,0,0,0,0,-0.5712640284,0,0.2218622443,0,0,0,0,0,0,0,0,0,0,0,0,0,0,0,0,0,0,0,0.3936273193,0,0,0,0.1304753554,0,0,0,-0.4522317954,0,0,0.1028300115,0,0,0,0,0,0,0,0,0,0,0
1,1,1,1,2,1500,500,v1,0.06231293275,0,0.04181021467,0.07993368537,0,0.3158456589,0,0,0,0.09182074213,0.0169274645,0,0,0,0,0,0,0.02347647945,0,0,0,0,0.001258200837,0,0,0,0,0,0,0.02512250422,0,0,0,0,0.0551723305,0,0,0,0,0,0.0001042217904,6.99298723e-05,0,0.0001336934636,0.0005282691507,0,0.0001535752166,2.831211081e-05,0,0,0,0,0.1249800606,0,0,0.1603217245,0,0,0,0,-0.177861752,0.1409606372,0,-0.133120216,0,-0.3327177223,0,0,0,0,0,0,0,0,0,-0.332161274,0,0,0,0,0.02461720443,0,0,0.09351677267,0,0.02491107197,0,0.1197237802,0,0.05464085133,-0.1328968346,0,0,0,0,0.07986221908,0,0,0.1197237802,0,0.4378556322,0,0.09351677267,0,0.02346047096,-0.5037567486,0,0,0,0.0002378732419,0.000223381379,0.0005564486148,0,0,0,0,0,0,0,0,0.1411985103,0,0,0,-0.2833588782,0,0,0,0.05464085133,0.02346047096,0,0,0.02491107197,0.4378556322,0
1,1,1,1,1,1500,500,v1,0.00028114559,0.000111576515,0.0002040384528,0.000190571833,0,0.0001248126611,0.0002576046453,0,0.0001444150859,0.004405311721,9.363051593e-06,1.007528806e-05,0.003379714447,0.2066665856,0.0003465659965,0.005542423038,0,0.01470705227,0.5386664352,0,0.0170168651,0.005929609557,0.001103276607,0.001187201577,7.624548103e-05,0.00206246319,3.458612375e-06,0.001994072186,0.0001312066138,0.000239935747,0.005375710305,0.0003029260522,0.0001698226047,5.917551404e-05,0.005180355683,1.184787344e-05,0.000145186491,6.422558221e-05,6.585882699e-06,0.003797108229,0.0006295443209,0.0004568851648,0.0001053240894,0.0004267305606,0.0002794818939,0.0001126818943,0.009864422828,2.096584889e-05,0.00121140772,0.0005358857121,0.0327689431,0.03168232933,0.005252794838,0.002084644265,0.0008788036276,0.00356055644,0,0.08541066138,0.00481296666,0,-0.05194113131,0.0004646830944,0.0003638754515,0.004111196593,0,0.0001322222426,0.0001502294092,0.001477746565,0.004126577152,0.2575158555,0.0005000030809,0.03854070595,0.006764781431,0.6712950697,0.008571607486,0.1278126535,-0.008809231429,-0.7445444851,-0.00622416408,0,-0.01573520008,-0.01811265835,0.03854070595,0.00650236846,0.002749612694,8.12559307e-05,0.001477746565,0.004408002997,0.006337590045,0.0003538226485,-0.6905829737,0.002055968768,0.007435783542,6.209457102e-05,0.0004305137308,0.004354013506,0.0001794835698,0.006764781431,0.004408002997,0,0.02136873052,0.004126577152,0.00650236846,0,0.001602585475,-0.05962587396,0.003918065313,0.0001677534356,0.0001143291303,0.001026763028,-0.008755262491,0.0002887671739,0.6712950697,0.006337590045,0,0.024953024,0.2575158555,0.002749612694,0,0.001721393957,-0.7374903131,-0.03265300243,0.001380572208,0.1179014185,-0.008765027099,-0.006852524329,0,0.008571607486,0.0003538226485,0.001602585475,0.001721393957,0.0005000030809,8.12559307e-05,0.02136873052,0.024953024
1,1,1,1,1,1500,500,v1,0,0,0,0,0,0,0,0,0,0,0,0,0,0,0.09661677238,0,0,0,0,0,0,0.4715242795,0,0,0,0,0.06857611918,0,0,0,0,0,0,0.3346758993,0,0,0,0,0.004864829248,0,0,0,0,0,0,0.02374210036,0,0,0,0,0,0,0,0,0,0,0,0,0,0,0,0,0,0,0,0,0,0,0,0,0.03492931557,0,0,0,0.1734483924,0.4231932436,0,0,-0.5621117152,0,0,0,0,0,0,0,0,0,0,0,-0.5335234023,0,0,0.3946049312,0,0,0,0,0,0,0,0,0,0,0,-0.1675067839,0,0,0.02858831271,0,0,0,0,0,0,0,0,0,0,0,0,0,0,0,0,0,0,0.1734483924,0,0,0,0.03492931557,0,0,0
1,1,1,1,3,1500,500,v1,0.01060009251,0.001206254708,0.03405110647,0.1032845154,0,0,0.0007910084614,0,0,0.07629587748,0,0,0.04026374412,0.0318503302,0.008838739841,0.006996209572,0,0,0.007414798131,0,0,0.02616408854,0,0,0.001230027888,0.1215280951,0.03372508886,0.03803692345,0.0004819481548,0.01360481151,0.02829189798,0.000316040274,0,0.09983167586,0.03048332755,0,0.0006771334174,0.0845738689,0.01856574546,0.02093942115,0.002331472221,0.007489482639,0.01469551638,0.02271725255,0,0.05495758634,0.01678114778,0,0.0001212677699,0.01514632746,0.01198138776,0.00375003927,0.0004175431748,4.751500234e-05,0.002631818861,0.004068430954,0,0.002789282592,3.115823603e-05,0,0.07329546809,-0.1102185581,-0.001708463988,-0.1042283766,0,0,0,0.0009571631557,0.06584197212,0.117818647,0.01173865417,0.02422442549,0.01130959636,0.0283081442,0.03574476345,-0.2722125898,0.02247015918,0.03542573263,0.03380884628,0,0,0,0.02422442549,0.01207854252,0.002186605707,0.02358673801,0.0009571631557,0.1159606187,0.00144757871,0.05902981206,0.07657946064,-0.03281191443,-0.146534135,-0.1256024972,-0.0006474589158,0.02565485697,0,0.01130959636,0.1159606187,0,0,0.06584197212,0.01207854252,0,0,-0.2715181929,0.01242641405,-0.08576207352,0.06013803925,0.02090513599,0.02349581964,0,0.0283081442,0.00144757871,0,0,0.117818647,0.002186605707,0,0,-0.2864551622,0.003597774621,0.01185753536,0.01369054155,0.003953981127,-6.68667078e-05,0,0.03574476345,0.05902981206,0,0,0.01173865417,0.02358673801,0,0
1,1,1,1,0,1500,500,v1,0.005343088356,4.134199389e-05,0.004330777785,8.469913549e-05,0,0,0.0003209847747,0,0,0.01176095382,0,0,0.002757323394,0.006987741937,0.003250602032,0.001421510782,0,0,0.003089099718,0,0,0.01259362924,0,0,0.03065556457,0.03134647172,0.01458195016,0.04545992772,0.0004062455929,0.04255622972,0.01385746323,0.003154145164,0,0.05649405008,0.1155685831,0,0.008384720335,0.003383130695,0.003988364779,0.01243391814,0.01436047691,0.01163971663,0.001744139541,0.0002276436208,0,0.01545190301,0.03160960375,0,0.07637583627,0.03081670297,0.07809717502,0.1132596984,0.1308085886,0.001012127727,0.01588724616,0.00207358996,0,0.03452473825,0.007858295156,0,-0.237484122,0.005418995848,0.000359818098,0.01602795038,0,0,0,0.05602007764,0.03703428756,0.05984017104,0.01113613663,0.08297535892,0.01909098972,0.02644897349,0.04269022155,-0.1600949019,0.004122299007,0.01004129701,0.01510412058,0,0,0,0.08297535892,0.165840604,0.0008449339497,0.0396662295,0.05602007764,0.002630765761,0.00653710244,0.1079964029,-0.1857701221,0.07568819772,0.04469200228,-0.07015633645,0.003456214831,-0.1573470266,0,0.01909098972,0.002630765761,0,0,0.03703428756,0.165840604,0,0,-0.4791626908,0.02080098214,0.005081213423,0.01916797716,0.01451448366,0.04287732134,0,0.02644897349,0.00653710244,0,0,0.05984017104,0.0008449339497,0,0,0.1841755021,-0.1891528042,-0.04662036393,-0.1122593957,-0.1322477261,-0.008737390529,0,0.04269022155,0.1079964029,0,0,0.01113613663,0.0396662295,0,0
1,1,1,1,1,1500,500,v1,0.0004578821113,0.01757901503,0,0.03298241068,6.33231755e-05,0.004502926089,0.004954244599,8.982370879e-05,0.01684252595,0,0.009882170828,0.03112930769,0.003758350832,0.08397291695,0.000747509125,0.02326348572,0.0003108643143,0.02210563541,0.09725567404,0.0004409599711,0.08268284463,9.203588593e-06,0.04851326918,0.1528191031,0.02871622237,0.01956554204,0.0001741683122,0.03349251288,0.02010737449,0,0.0226604011,0.005666805069,0.01926495746,2.144419964e-06,0,0.03560658241,0.002316535908,7.064178935e-05,1.405014713e-05,0.002701838973,4.224995343e-05,0,0.0004372594073,0.003043371385,0.0004154965063,1.729902278e-07,0,0.0009118531756,0.02797691031,0.0008531441268,0.01906181836,0.03263023307,0.0005102546235,0.01958970109,0.005280801898,0.03675493566,7.056607427e-05,0.02207699888,0.005520910623,0.000100097736,-0.2714686076,-0.01904200679,0.003955258081,0,0.0001014212031,0.01359296671,0.04573901468,0.03108728132,0.00431034188,0.06853961289,0.0008795067783,0.03246836339,0.02652525908,0.0796075497,1.142600745e-05,0.2001191095,-0.02620202543,-0.1792562339,-0.0007238173002,-0.0006942991857,-0.0700401068,-0.2333198953,0.03246836339,0.0008475947972,-0.007003077374,0,0.03108728132,0.06274209235,-0.001205885006,0,-0.341038271,-0.02501841777,0.04099926393,0.0001201929032,0.001099833215,0,0.05309563185,0.02652525908,0.06274209235,0.0003060510336,0.0260202127,0.00431034188,0.0008475947972,0.000414492752,0.05683357414,-0.1699660548,0.004491599257,0.0004848029788,9.669206777e-06,0.002618266463,0,0.001211282214,0.0796075497,-0.001205885006,0.000414492752,0.07052856116,0.06853961289,-0.007003077374,0.0003060510336,0.1311993121,-0.1964625382,-0.02184361127,0.005160155156,0.03949219484,-0.02596938441,0.0004175502831,0.0001125154583,1.142600745e-05,0,0.05683357414,0.1311993121,0.0008795067783,0,0.0260202127,0.07052856116
1,1,1,1,0,1500,500,v1,0.023600439,0.0001496750357,0.0006474819617,0.05595697188,0.005465965977,0.002510242771,0.0005575190326,0.004982603773,0.005814486859,0.1145658024,0.007099220217,0.005412548466,0.05753829663,0.0002717949659,0.006196375903,0.02126817928,0.007759018606,0.003563326309,0.0001861786449,0.007072878892,0.008253749093,0.1120961323,0.01007744688,0.007683191669,0,0.0002857932022,0.006515507399,0,0.000223408517,0.0009664469706,0.0001957673901,0.0008321661636,0.00867884133,0.1178694112,0.1710036406,0.008078898528,0,0.02216434959,0.002386908368,0,0.012904998,0.0003540507623,0.008192723601,0.03059793125,0.001372630312,0.04318059465,0.06264593006,0.003881937225,0,0.008003889691,3.780815654e-05,0,0.004660194517,2.955516128e-05,0.002958519297,0.01104938656,0.001079321646,2.58984611e-05,0.0001100889326,0.0009838758839,-0.07673607099,-0.07078054457,-0.000346753942,0.05772541262,-0.005366979503,-0.001584175336,0.001093254774,0,0.04460641226,0.0005070192628,0.000613732742,0,0.01571985566,0.0003305035978,0.01888752239,0.02574459106,-0.0726973209,-0.0002891223109,-0.01264839804,-0.01249580173,-0.01022899999,-0.008936795213,0,0.02053657081,0.0003034542488,0.0001525442499,0,0.04027873055,0.001245719755,0.02481404129,0.1407633533,0,-0.0002883651265,-0.04457325345,-0.0007035221952,-0.1342781118,-0.005201139314,0.01571985566,0.04027873055,0.01308115961,0.003105423675,0.04460641226,0.02053657081,0.01155692892,0.009352192804,-0.2693615057,0,0.02319647524,0.04422081478,0.01981645798,0.05990830878,0.003508097679,0.0003305035978,0.001245719755,0.01155692892,0.01050362985,0.0005070192628,0.0003034542488,0.01308115961,0.009063389785,-0.1199554753,0,0.009283333694,1.913886371e-05,0.01042055232,1.749346751e-05,0.001437388875,0.01888752239,0.02481404129,0.009352192804,0.009063389785,0.000613732742,0.0001525442499,0.003105423675,0.01050362985
1,1,1,1,4,1500,500,v1,0,0.0003614263125,0,0,0.006338451191,0,0.0004778498673,0.0008167516555,0.1952549122,0,0,0.2052826142,0.01504985462,0.004128554822,0.002197275192,0.02316052707,0.004773595934,0,0.005615305278,0.0006151096323,0.1470498118,0.006349101583,0,0.1546018456,0.000968588085,0.0009534107391,0.0005074186623,0.0004404565465,6.2858535e-05,0,0.001296747309,8.310668473e-05,0.03395834035,0.001466203525,0,0.03570233804,0.003570130558,0.01281029893,0.001870300595,0.001623484121,0,0,0.01971402932,0,0,0.005404297337,0,0,0.007504815523,0.02692868754,0.00738721839,0.003412746014,0,0.0004870405867,0.04144110442,0,0.008541389711,0.01004745927,0.0006439273281,0.001100614957,0.3099362695,0,-0.000557520791,0,-0.002183436476,0,-0.3589936954,0.01053978979,0.0124386092,0.005602675206,0.002483822835,0.004327460083,0.02761512403,0.007930642538,0.006669926893,-0.3376666073,0.006046597025,-7.873779674e-05,-0.005567474661,0.002575150984,0,0.2422506371,0.004327460083,0,0.0007479278786,0,0.01053978979,0,0.001029795904,0,-0.1474817794,0.0007495069146,0.001979994262,0.001755118009,3.274169685e-05,0,0.06950945117,0.02761512403,0,0.004318862543,0,0.0124386092,0,0.0007505781767,0,-0.05076854444,-0.001030354006,0.01137255307,-0.002290143165,0,0,0,0.007930642538,0.001029795904,0.0007505781767,0.037000486,0.005602675206,0.0007479278786,0.004318862543,0.0338499246,0.01890649487,-0.009630652823,-0.04412163891,-0.01092346829,0,-0.0006603700947,-0.003771341652,0.006669926893,0,0,0.0338499246,0.002483822835,0,0,0.037000486
1,1,1,1,3,1500,500,v1,0,0,0,0,0,0,0,0,0,0,0,0,0,0.3572382423,0,0,0,0,0.2416520167,0,0,0,0,0,0,0.1662900233,0,0,0,0,0.112486052,0,0,0,0,0,0,0,0,0,0,0,0,0,0,0,0,0,0,0,0.07297207296,0,0,0,0,0,0,0.04936159266,0,0,0,0,0,0,0,0,0,0,0,0.1771036992,0,0,0,0.1193974587,0,0.399833606,0,-0.5975010462,0,0,0,0,0,0,0,0,0,0,0,0,-0.4753901927,0,0.2777227535,0,0,0,0,0,0,0,0,0,0,0,0,0,0,0,0,0,0,0,0.1193974587,0,0,0,0.1771036992,0,0,0,-0.3197782931,0,0,0.1221108524,0,0,0,0,0,0,0,0,0,0,0
1,1,1,1,4,1500,500,v1,0.02472656994,0,0.002119497198,0.005747391758,0.06017861141,0.0002511372991,0,0.2156076537,0.1899048396,0.001104559607,0.002729250909,0.1780454456,0.08113794477,0.007927166319,0.0003532153956,0.01660156143,0.01007364688,4.203932942e-05,0.02978998696,0.03609181597,0.03178927281,8.921500832e-05,0.000456865143,0.02980406004,0.0006152625579,0.0004565689204,2.034360897e-05,0.0005435261081,0,2.043458311e-05,0.00171576849,0,0.001830918311,5.138380903e-06,1.064932528e-05,0.001716579036,0.005504827209,0.041811484,0.0001820166866,0.004862992669,0.002132946761,0.000182830643,0.008555009891,0.0004957776458,2.166343694e-05,4.597370446e-05,9.528077861e-05,0.000235428808,0.0002255268067,0.0017129712,0.0001673570565,0.000199231541,8.738451793e-05,0,0.0003504894866,2.031147301e-05,0.0002126732078,0.0006289213987,0,0.0007619645962,0.1151669515,-0.02991617218,0,-0.003208805516,-0.2733507411,-0.002967259593,-0.3677724457,0.006926355951,0.05609812968,0.01087640305,0.0002996407388,0.006097985445,0.01146299297,0.04094019966,8.196580511e-05,-0.5848710047,-0.09645943091,-0.03747815677,-0.0003526723102,0.04552434715,0.00048572938,0.06143607453,0.006097985445,0.03319120669,0,0.002870414664,0.006926355951,0.007706092566,0,0.00149165387,-0.3560434184,0.001125071576,0.002143376934,1.973333511e-05,0,2.911742479e-05,0.003545983432,0.01146299297,0.007706092566,0.07443236399,0.0002820417396,0.05609812968,0.03319120669,0.2658465166,0.003066829051,-0.1286556697,-0.01023149552,0.04936075024,7.853461259e-05,0.002543746465,0.0002716424558,0.000248949687,0.04094019966,0,0.2658465166,0.234407679,0.01087640305,0,0.07443236399,0.219777903,-0.3467387117,0.0004235296098,0.002057932272,0.0007903781219,0.0001075594443,0,0.0009738039338,8.196580511e-05,0.00149165387,0.003066829051,0.219777903,0.0002996407388,0.002870414664,0.0002820417396,0.234407679
1,1,1,1,0,1500,500,v1,0,0.1012381367,0,0,0,0,0.1755211946,0,0,0,0,0,0,0,0,0,0,0,0,0,0,0,0,0,0,0,0,0,0.2069009481,0,0,0.3587136503,0,0,0,0,0,0,0,0,0,0,0,0,0,0,0,0,0,0,0,0,0,0.05765937352,0,0,0,0,0.09996669683,0,-0.4056676071,0,0.275194515,0,0,0,0,0,0,0,0,0,0,0,0,0,0,0,0,0,0,0,0,0,0.07112237265,0,0,0,0.1245872657,0,0.432716453,0,0,0,-0.5631895449,0,0,0,0,0,0,0,0,0,0,0,0,0,0,0,0,0,0,0.1245872657,0,0,0,0.07112237265,0,0,-0.28799503,0,0,0,0,0.1575219377,0,0,0,0,0,0,0,0,0
1,1,1,1,4,1500,500,v1,0,0,0,0,0.00669095681,0,0,0.03928677837,0,0,0,0,0.03809966898,0.1805056355,0,0.0795589161,0.01617727572,0,0.1001419943,0.0949868702,0,0,0,0,0,0.1776170947,0,0,0,0,0.09853947242,0,0,0,0,0,0,0.02098916019,0,0,0,0,0.04382911661,0,0,0,0,0,0,0.00774579251,0.03669741068,0,0,0,0.0161745987,0,0.003288895271,0.02035920863,0,0.01931115433,-0.07932775721,0,0,0,0.03263427385,0,0,0,0.01653401834,0.02405359407,0,0,0.03670365796,0.008391398541,0,0.1402712448,-0.1013872323,-0.04197015622,0,-0.1007291193,0,0,0,0,0,0,0,0,0,0,0.0150479656,0,-0.0366779607,0,0,0,0,0.03670365796,0,0.01014537885,0,0.01653401834,0,0.0598948462,0,-0.07818104022,0,0.04268925603,0,0,0,0,0.008391398541,0,0.0598948462,0,0.02405359407,0,0.01014537885,0,-0.2054409382,0,0.02320619201,0.05701812182,0,0,0.021401362,0,0,0,0,0,0,0,0
1,1,1,1,0,1500,500,v1,0,0.0002578182663,2.206119444e-05,0,0.005663990331,0.01546965392,0.0002628488968,0.005098963992,0.001121784674,0.0251797737,0.01227857276,0.01315679346,1.796935975e-05,0.0003330309107,1.159986814e-05,1.410524611e-05,0.0007322019733,0.001999811169,0.001351545725,0.0006591592285,0.0001450166586,2.382403574e-05,0.001587289999,0.001700820371,0.009581213057,0.01883999048,0.0006562195829,0.02932111955,0.001885463847,0.0001613368406,0.07645869429,0.001922253606,0.008203780428,0.001347756596,0.1841434809,0.09621761395,0.0107889893,0.001144692935,0.0007389404678,0.03301724356,0,0.0001816744327,0.0008985392795,0,0.1273929482,0.001517650365,0.2073560032,0.1011143231,9.398355733e-07,9.971491402e-08,1.848042951e-06,2.876152637e-06,0,1.849479794e-07,7.82723159e-08,0,4.063108415e-06,7.499948112e-06,1.885567422e-07,3.657782287e-06,-0.3760972644,0,0.0004888443038,0.02511878106,-0.01028355571,0.02753385962,0.014234106,0.00615022947,0.001682403283,0.0277513701,0.0004835045562,0.01124570631,0.001321304751,0.1126280371,0.001118567378,-0.3984628314,3.162089162e-05,0.001681920366,2.605514796e-05,0.001121102874,0.003545328523,0.001823291076,0.01124570631,0,0.002357586656,2.332096433e-05,0.00615022947,0,0.002417255065,0.03334459869,-0.1062781331,0.008959978626,-0.09527753028,0.0002303370898,-0.003672399334,0.08041502609,-0.1040702592,0.001321304751,0,0.007313674521,0.1643149763,0.001682403283,0,0.006420271288,0.1302968672,0.1458649344,-0.02056103994,-0.00203426954,-0.001324440192,0,-0.1277790867,-0.2274870839,0.1126280371,0.002417255065,0.006420271288,0.01036580073,0.0277513701,0.002357586656,0.007313674521,0.1216534922,-0.1195453274,3.770788397e-06,1.766343488e-07,9.338288249e-06,0,3.272156537e-07,6.488949763e-06,0.001118567378,0.03334459869,0.1302968672,0.1216534922,0.0004835045562,2.332096433e-05,0.1643149763,0.01036580073
1,1,1,1,0,1500,500,v1,0,0,0,0,0,0,0,0,0.001846051809,0,0,0.01489540398,0,0.0242743527,0.02366425522,0,0,0,0.03512298307,0,0.001298413343,0.008357177275,0,0.01047662432,0,0.09167443543,0.08937034346,0,0,0,0.1326453349,0,0.004903583286,0.03156168645,0,0.03956598275,0,0,0.01596811943,0,0,0,0,0,0,0.005639239584,0,0,0,0,0.1915618462,0,0,0,0,0,0,0.2771741667,0,0,-0.03240392651,0,0,0,0,0,0.01650023167,0,0,0.1133660307,0.07474153337,0,0,0.1642016345,0.02651485978,-0.370757435,0,0.05937362086,0.03122261002,0,0,0.01170813707,0,0,0,0,0,0,0,0,-0.3260239339,0,0.2218037293,-0.120120799,0,0,-0.04411206358,0,0,0,0,0,0,0,0,-0.08889818901,0,0,0.02139392697,0,0,0,0.1642016345,0,0,0.002622004181,0.1133660307,0,0,0.0212335381,0.2811773502,0,0,-0.4662224603,0,0,0,0.02651485978,0,0,0.0212335381,0.07474153337,0,0,0.002622004181
1,1,1,1,4,1500,500,v1,0.05523050062,0.007836866275,0.001535367299,0.00108665828,0.004219869182,0.003054366298,0.02962349368,0.005706188877,0.01318028065,0.0004127352431,0.00379036988,0.01531122688,0.003377984978,0.02216240827,0.04421426659,0.001842233979,0.02496432494,0.0180693262,0.0286247793,0.03375724392,0.07797322495,0.03054868528,0.02242344993,0.09057969021,0,0.01714372265,0.03420192942,0,0.03586339968,0.007026212922,0.02214268734,0.1355642876,0.06031615906,0.0236309241,0.001888776516,0.07006788555,0,0.0002117676125,0.002771815073,0,0.0204833811,0.0005694229305,0.000115490594,0.0004030098485,0.001132775336,0.001915112764,0.0001530714584,0.001405737589,0,0.0001184016738,0.0007768140626,0,0.01145249067,0.001625037559,6.457210083e-05,0.0002253273767,0.0008750239794,0.001003326481,0.006142670829,0.00118322438,-0.2948902527,-0.04889502165,0.03689191622,0.001895857689,0.009675848625,0.006760148027,0.02822553363,0,0.004546470037,0.008856707474,0.01217974243,0,0.002479033755,0.01407944284,0.01080825154,0.1808928761,-0.00517845025,-0.02361769753,-0.06362573488,-0.05838167073,-0.04038314363,-0.1229316494,0,0.04428547089,0.03955532418,0.007394178745,0,0.0009913233296,0.149400506,0.001988595556,-0.1283878966,0,0.006625111714,0.04368893569,-0.1706141161,-0.008859983856,0.07457467885,0.002479033755,0.0009913233296,0.02975484923,0.02084493382,0.004546470037,0.04428547089,0.0402506969,0.02584092099,-0.1078367244,0,0.0003150471996,0.004611469981,0.01212955723,0.0007089432886,0.002499092376,0.01407944284,0.149400506,0.0402506969,0.01988440271,0.008856707474,0.03955532418,0.02975484923,0.01031275291,-0.2410494737,0,0.0001797338563,0.00170181895,0.006580935032,0.007751646188,0.002035457959,0.01080825154,0.001988595556,0.02584092099,0.01031275291,0.01217974243,0.007394178745,0.02084493382,0.01988440271
1,1,1,1,3,1500,500,v1,0.0152775855,0,0,0.03127150655,0.0144814353,0.5530442649,0,0.005918406131,0,0,0.1904127195,0,1.491695223e-05,0.003152624265,0.001896788433,0.003319686792,0.000896088198,0.03422150005,0.002239472607,0.0003662215641,0,0.001640673492,0.01178243642,0,0.002899862547,0.0009856631133,0.0005930279777,0.000287461363,0,0,0.0007001676561,0,0,0.0005129540363,0,0,0.008485498704,1.364697349e-05,0.001735302296,0.0008411616012,0.0008648685825,0,0.003037059913,0.00177028913,0.03130799755,0.001500992112,0,0.01077931973,0.02563633958,4.123015734e-05,0.008713790353,0.002541312562,0.002612935957,0,0.009175547834,0.005348387276,0.00247676984,0.006189857452,0,0.001012229072,0.1030496522,-0.04624718354,0,0,-0.02029067431,-0.743008511,0,0.02120286192,1.921889706e-05,0.00689026719,0.0007157401099,0.002060923174,0.004173465462,0.004897658475,0.0004355951173,-0.7365026945,0.003012821749,0.005154059654,-0.00100098902,0.001258978214,0.0459641747,0,0.002060923174,0.01761738139,0,0,0.02120286192,0.03608915248,0,0,-0.02966559119,0.003124863178,0.001648392721,0.0007569713169,0,0,0,0.004173465462,0.03608915248,0.01666891874,0.730954559,1.921889706e-05,0.01761738139,0.00680459459,0.2516104744,-0.7658264967,0.008846006834,0.002956143458,-0.0005235391141,0.002627344956,0,0.04200098601,0.004897658475,0,0.00680459459,0,0.00689026719,0,0.01666891874,0,-0.03790924776,-0.02748006008,-0.008764088106,-0.01466106947,0.007815482635,0,0.003382687217,0.0004355951173,0,0.2516104744,0,0.0007157401099,0,0.730954559,0
1,1,1,1,3,1500,500,v1,0.09290607731,0,0.01391802927,0.003965512015,0.06391586646,0.06902971672,0,0.3104838928,0.001072673104,0.002077047884,0.01795879207,1.949867928e-06,0.003388012095,0.001082177166,0.003997377516,0.001354393118,0.002286469038,0.002469407343,0.0002510808318,0.01110697307,3.837284817e-05,0.006503410993,0.0006424417645,6.975283121e-08,0.01035695359,0.01439404447,0.05316914044,0.001102622344,0,0.006622452676,0.003339627531,0,0.0005103974656,0.08650190557,0.0009882973408,9.277827935e-07,0.001873667744,0.008152484397,0.009618784382,0.0001994744789,0.007997344268,0.001198062332,0.003259040537,0.0003413508104,0.005942069941,0.01564898683,0.0001787920389,0.001545890721,0.005190000777,0.02258212561,0.007213038211,0.0005525380386,0.02215239233,0,0.009027439882,0.0009455310189,0.01524000787,0.001673529705,0,0.07403133578,0.1518812585,-0.09641941942,0,-0.01500127508,-0.3741273394,-0.08634321194,-0.000848709624,0.005054185151,0.01553523028,0.009358881802,0.0589190838,0.0008013105758,0.006260435759,0.002277607997,0.09604703831,-0.5066133367,0.004560922048,0.001304769834,0.01044664849,0.01337248982,0.003073728807,3.421628483e-05,0.0008013105758,0.0940441941,0,0.00930270674,0.005054185151,0.004019825721,0,0.001588750902,0.03530861413,-0.01095694479,-0.01502359055,-0.1387616158,0,0.006385999231,0.0001599834076,0.006260435759,0.004019825721,0.06959067426,0.09029444282,0.01553523028,0.0940441941,0.3379793287,0.02348635744,-0.3246036062,0.002035135729,0.01025585355,0.02500421913,0.008302771221,0.001354304091,0.007415616218,0.002277607997,0,0.3379793287,0.0009795087628,0.009358881802,0,0.06959067426,2.25613586e-06,-0.456695356,0.005018145236,-0.02934721959,0.005961160858,0.02274063495,0,0.08904151451,0.09604703831,0.001588750902,0.02348635744,2.25613586e-06,0.0589190838,0.00930270674,0.09029444282,0.0009795087628
1,1,1,1,1,1500,500,v1,0,0,0,0,0,0,0,0,0,0,0,0,0,0,0,0,0,0,0,0,0,0,0,0,0.08279657122,0,0,0.001459220967,0,0,0,0,0,0,0,0,0.009789430442,0,0,0.0001725306005,0,0,0,0,0,0,0,0,0.8900950588,0,0,0.01568718793,0,0,0,0,0,0,0,0,0,0,0,0,0,0,0,1.196472371,0,0,0,0.02109909368,0,0,0,0,0,0,0,0,0,0,0.02109909368,0,0,0,1.196472371,0,0,0,-0.8958058268,0.08409151799,0,0,0,0,0,0,0,0,0,0,0,0,0,-0.8216730187,0.009958709767,0,0,0,0,0,0,0,0,0,0,0,0,0,0.09405022772,-0.9057645366,0,0,0,0,0,0,0,0,0,0,0,0,0
1,1,1,1,3,1500,500,v1,0,0,0,0,0,0,0,0,0,0,0,0,0,0,0,0,0,0,0,0,0,0,0,0,0.07864907121,0,0,0.002894842838,0,0,0,0,0,0,0,0,0.8248567804,0,0,0.03036057142,0,0,0,0,0,0,0,0,0.06099373275,0,0,0.002245001342,0,0,0,0,0,0,0,0,0,0,0,0,0,0,0,1.027774847,0,0,0,0.03782978021,0,0,0,0,0,0,0,0,0,0,0.03782978021,0,0,0,1.027774847,0,0,0,-0.7919399994,0.08153691895,0,0,0,0,0,0,0,0,0,0,0,0,0,0.1447717508,-0.8551748313,0,0,0,0,0,0,0,0,0,0,0,0,0,-0.7736379117,0.06323483191,0,0,0,0,0,0,0,0,0,0,0,0,0
1,1,1,1,0,1500,500,v1,0.01178167658,0,0,0.002321743865,0,0,0,0,0,0,0,0,0.0002348772296,0,0,0.0002589711678,0,0,0,0,0,0,0,0,0.03111782205,0,0,0.01998210547,0,0,0,0,0,0,0,0,0.0208373854,0.0001560620856,0,0.01338059045,0.006571739046,0,0.0001720710885,0.001295052933,0,0,0,0,0.4381839769,0.003281789149,0,0.2813769687,0.1381953971,0,0.003618438322,0.02723333248,0,0,0,0,-0.1575185273,0.01409903221,0,0,0,0,0,0.5795019261,0.004332060196,0,0,0.3722363742,0.004799599778,0,0,-0.006516812707,0.0004290393951,0,0,0,0,0,0.3722363742,0.1797194414,0,0,0.5795019261,0.0354098014,0,0,-0.6852900782,0.05079787749,0,0,0,0,0,0.004799599778,0.0354098014,0,0,0.004332060196,0.1797194414,0,0,-0.8263093641,0.0341751602,0.0003015331755,0,0.007833203774,0,0,0,0,0,0,0,0,0,0,0.1076358464,-0.7194652382,-0.00681834588,0,-0.165351731,0,0,0,0,0,0,0,0,0,0
1,1,1,1,0,1500,500,v1,0,0,0,0,0,0.142939327,0,0,0,0,0.6035374736,0,0,0,0,0,0,0.01631798186,0,0,0,0,0.06889995743,0,0,0,0,0,0,0,0,0,0,0,0,0,0,0,0,0,0,0,0,0,0.03222798163,0,0,0.1360772785,0,0,0,0,0,0,0,0,0,0,0,0,0.2533762288,0,0,0,0,-0.7461704055,0,0,0,0,0,0,0,0,0,-0.5779579315,0,0,0,0,0.085163755,0,0,0,0,0,0,0,0,0,0,0,0,0,0,0,0,0,0,0,0.1416150691,0,0,0,0.5975761958,-0.6610066502,0,0,0,0,0,0.1682124739,0,0,0,0,0,0,0,0,0,0,0,0,0,0,0,0,0,0.5975761958,0,0,0,0.1416150691,0
1,1,1,1,0,1500,500,v1,0.003107337027,0.02522272809,0.002129751132,0.001328287771,0,0.0005519952093,0.02941541056,0,0.00215488652,0.00139778974,0.001396624898,0.001696258782,0.2088007606,0.1393870217,0.0007679923564,0.1393197543,0,0.008811743259,0.08152097889,0,0.03439940501,0.001552123147,0.02229493992,0.02707812792,0.0001079332202,0.01088259805,5.996076259e-05,0.001575656191,0.03143611251,0.00265439551,0.006364724883,0.0366616233,0.002685722768,0.0001211815283,0.001742122239,0.002114116353,0.0004294826116,0.06486833892,0.0002385929453,0.006269774354,0.01541045946,0.0105622413,0.04328260593,0.006587481392,0.002737552998,0.0004821996339,0.006932167943,0.006926391047,5.888685176e-06,0.0008894172091,0.0005937392924,8.596559277e-05,0.000211294571,0.001715110226,0.0005934527569,9.032171029e-05,0,0.0003472504665,0.002000206769,0,-0.1540721917,0.004170852698,0.02686716914,0.003345193362,0,0.001937069933,0.00383189482,0.0004728945414,0.2145655579,0.1918258881,0.0007413798271,0.006892373,0.143110454,0.1121881505,0.001510476798,0.1474702727,-0.3472885466,-0.2208282321,-0.00226639297,0,-0.03076037264,-0.06112253372,0.006892373,0.01775249633,0.01273263223,0.008371634228,0.0004728945414,0.007554396892,0.01094927634,0.005267783668,-0.2680753376,0.001625842004,0.0172124348,0.0001447167905,-0.046342309,0.004175688469,0.004750484997,0.143110454,0.007554396892,0,0.008446130617,0.2145655579,0.01775249633,0,0.02099543688,-0.3630455685,-0.006626970352,0.1073578186,0.0006204384276,-0.02134149089,-0.01661382709,0.009195591033,0.1121881505,0.01094927634,0,0.04409973243,0.1918258881,0.01273263223,0,0.03471049819,-0.485193428,9.0949983e-05,0.001480052943,0.0009397716072,0.0002993760726,0.003687200851,0,0.001510476798,0.005267783668,0.02099543688,0.03471049819,0.0007413798271,0.008371634228,0.008446130617,0.04409973243
1,1,1,1,2,1500,500,v1,0.0151837328,0.007978688168,0,0.0008350082611,0.02616418999,0,0.008796967,0.01054039771,0,0,0,0,0,0,0,0,0.02985216395,0,0,0.0120261197,0,0,0,0,0,0,0,0,0.05310824174,0,0,0.05855492033,0,0,0,0,0,0,0,0,0.0537821595,0,0,0.002957675038,0,0,0,0,0,0,0,0,0.1573494087,0.08268334816,0,0.008653211821,0.2711401654,0,0.09116319248,0.1092304092,-0.510277496,0.01581035473,0.01674087609,0,0.03661737132,0,0,0,0,0,0,0,0,0,0,-0.3435108618,0,0,0,0.04181141542,0,0,0,0.1331292274,0.03260453022,0,0,0.0075176215,0.03586279318,0,-0.1504491873,0,0,0,0.104804305,0,0,0,0.0075176215,0.3225856898,0,0,0.1331292274,0.1299634791,0,-0.1474096825,0,0,0,0.05364511669,0,0,0,0.03586279318,0.1299634791,0,0,0.03260453022,0.3225856898,0,0.2694294394,0,0,0,-0.1632200372,-0.1671900634,-0.3801282329,0,0,0,0,0,0,0,0
1,1,1,1,0,1500,500,v1,0,0,0,0,0.5128293371,0,0,0.3363639305,0,0,0,0,0,0,0,0,0.08820018383,0,0,0.05785035754,0,0,0,0,0,0,0,0,0,0,0,0,0,0,0,0,0,0,0,0,0,0,0,0,0,0,0,0,0,0,0,0,0,0,0,0,0.002872272301,0,0,0.001883918744,0.1507922705,0,0,0,-0.8491692493,0,0,0,0,0,0,0,0,0,0,-0.8444131365,0,0,0,0.1460361598,0,0,0,0,0,0,0,0,0,0,0,0,0,0,0,0,0,0,0,0.6326293795,0,0,0,0.4149360903,0,0,0,0,0,0,0,0,0,0,0.4149360903,0,0,0,0.6326293795,0,-0.7031330895,0,0,0,0,0,0.00475611058,0,0,0,0,0,0,0,0
1,1,1,1,0,1500,500,v1,0.005220377958,0.005736705273,0,0.001078768551,0.001787484515,0.002540718066,0.0004796624497,0.001206236862,0.01556887221,0,0.0003565399753,0.008927077918,0.01530153204,0.00996543967,0.1365987638,0.009968107088,0.0133265684,0.0189422917,0.002841146278,0.008993083809,0.1160735316,0.4569618768,0.002658179318,0.06655571753,0.001864500611,0.0007137302534,0.009783278361,0.0008107233418,0.003063206143,0,0.0002034844543,0.0002561234878,0.008313249979,0.03272786017,0,0.004766756983,0.0009943257506,0.0005844383614,0.005217357154,0.0004323533555,0.001486557766,0,0.0003807294692,0.00030719074,0.0007234963067,0.01745354973,0,0.0001015285241,0.00118910116,0.0006989221925,0.0004551875541,0.0005170457231,0.00177775499,0.001953585833,0.0004553093927,0.0003673653882,0.0006087125379,0.0001297739455,0.0001633449379,0.0004107736294,-0.2039436444,-0.005982728408,-0.004464183462,0,0.002970154489,0.002873854724,0.02443944674,0.0004718017285,0.02103005896,0.01327323208,0.1824989371,0.0002198990603,0.01368934492,0.003778719711,0.6106521765,0.1132520934,-0.02523018675,-0.01276471066,-0.5934527113,-0.02215733787,-0.02150799462,-0.1823440426,0.0002198990603,0.002897522269,0.00110612974,0,0.0004718017285,0.0006295508227,0.0001425877566,0,-0.7426116471,-0.001397546499,0.0008266568341,0.04216520507,0.001683741972,0,0.01298138192,0.01368934492,0.0006295508227,0.01628461659,0.02344698732,0.02103005896,0.002897522269,0.01098644064,0.003281993592,-0.5991326157,0.0006548883119,0.000937174704,0.02252009224,0.001660120085,0,0.0008148192778,0.003778719711,0.0001425877566,0.01098644064,0.1381975279,0.01327323208,0.00110612974,0.01628461659,0.07918729362,-0.06326395724,0.0002815243301,0.001146742828,0.0005700859591,0.001971226261,0.001947963156,0.001006478562,0.6106521765,0,0.003281993592,0.07918729362,0.1824989371,0,0.02344698732,0.1381975279
1,1,1,1,3,1500,500,v1,0,0,0,0,0.3469210109,0,0,0.01799765358,0,0,0,0,0,0,0,0,0.4835918574,0,0,0.0250878974,0,0,0,0,0,0,0,0,0,0,0,0,0,0,0,0,0,0,0,0,0,0,0,0,0,0,0,0,0,0,0,0,0,0,0,0,0.1201675015,0,0,0.006234079221,-0.3521522077,0,0,0,0.3333067266,0,0,0,0,0,0,0,0,0,0,0.4591156964,0,0,0,-0.4779611779,0,0,0,0,0,0,0,0,0,0,0,0,0,0,0,0,0,0,0,0.02677292714,0,0,0,0.001495295482,0,0,0,0,0,0,0,0,0,0,0.001495295482,0,0,0,0.02677292714,0,-0.1446544514,0,0,0,0,0,0.1258089698,0,0,0,0,0,0,0,0
1,1,1,1,2,1500,500,v1,0,0.04433485633,0.004217214355,0,0,0,0.1506202484,0,0.3034362878,0.01013327937,0,0.2018620338,0,0,0,0,0,0,0,0,0.1103685597,0,0,0.07342306386,0,0,0,0,0.005664490378,0.0005388169064,0,0.01924415727,0.03876886213,0,0.001294689285,0.02579111884,0,0,0,0,0,3.558625343e-05,0,0,0,0,8.550797213e-05,0,0,0,0,0,0,0.002315318943,0,0,0,0,0.007865908298,0,0.2849183248,0,-0.1945263682,-0.01409188268,0,0,-0.5050504314,0,0,0,0,0,0,0,0,-0.4404997329,0,0,0,0,0,0.1835312016,0,0,0.05444709346,0.005380984731,0,0,0.1849534667,0.01289119287,-0.5199349258,0,0,0,0.02483429759,0.00179957295,0.06455069843,0,0,0,0,0,0,0,0,-0.01229230972,0,0,0,0,0.0001108579914,0,0,0.1849534667,0,0.2314185617,0,0.05444709346,0,0.1540342347,-0.1696920705,0,0,0,0,0.01009169714,0,0,0.01289119287,0,0.1540342347,0,0.005380984731,0,0.2314185617
1,1,1,1,0,1500,500,v1,0,0.01189026323,0.06301703837,0,0.003832928068,0.1095657352,0.004014945003,0.00198137222,0.009484336736,0.003730326822,0.2607172347,0.0282061893,0,0.0005157161316,0.007266700348,0,0.0003702754159,0.01058446635,0.002027531475,0.0001914080854,0.0009162229678,0.02279887143,0.02518627556,0.002724825066,0,0.002108975452,0.02971652759,0,0.004697280416,0.02489505021,0.008291410425,0.001586114804,0.003746812693,0.09323396583,0.001473675627,0.01114293082,0,0,0.02412516954,0,0,0.0202108845,0,0,0.03514002683,0.07569138842,0.001196393967,0.08361747959,0,0,0.001122585966,0,0,0.002500314106,0,0,0.0008059976409,0.004413432584,0.0008442726144,0.0004166478752,0.208880937,0,-0.01190947692,-0.06216663988,-0.005276944734,-0.3678602577,-0.03504944556,0,0,0.002373469588,0.01008770512,0,0,0.008116275804,0.009942268947,-0.3315754667,0,0.001641274802,0.02855668785,0.0005290041411,0.035493778,0.003277076689,0,0,0.01068108156,0.03084395411,0,0,0.004092419247,0.001858538111,-0.01110340993,0,-0.006672420336,-0.08743607896,0.001964970992,0.01947742759,0.01046538257,0,0,0.004720697736,0.09593598702,0,0,0.002209540749,0.2277700419,-0.4339350828,0,0,0.04552607495,0,0.02088755078,0.1165624604,0.008116275804,0.004092419247,0.002209540749,0.008080148492,0.002373469588,0.01068108156,0.004720697736,0.02388033095,-0.01972359204,0,0,-0.001962018064,0,9.550538631e-05,0.0001277816026,0.009942268947,0.001858538111,0.2277700419,0.02388033095,0.01008770512,0.03084395411,0.09593598702,0.008080148492
1,1,1,1,0,1500,500,v1,0.04273818134,0.01359860286,0.03190516058,0.00394672356,0,0.05034770173,0.03527213601,0,0.007616539131,0.04468675796,0.01816208461,0.002268922087,0,0,5.649509498e-05,0,0,0.01436578436,0,0,0.002173238399,0.0001784888135,0.005182214521,0.0006473949021,0.006934840082,0,0.0009051030917,0.006221649772,0.0621629031,0.1458471452,0,0.1612385033,0.03481726679,0.002859554037,0.2042752945,0.01037185844,8.128151194e-05,0,1.060848511e-05,7.292238816e-05,0.00228985698,0.001709437612,0,0.00021146039,0.002697565329,3.351611182e-05,0.002394259218,0.0009731012155,0.001244438886,0,0,0.001116458753,0.03505824388,0.01115497011,0,0.003237507838,0,0,0.02893382703,0,-0.5283450805,-0.02974915177,0.04846098982,0.07504145225,0,-0.06710306981,0.009572122819,0.0084515972,0,0,0.001269817989,0.007599166571,0,0,0.003998146061,-0.1022691558,0,0,0.0001408494143,0,0.01830393088,0.002764414072,0.007599166571,0.01594368328,0.05590298816,0.1679776325,0.0084515972,0.001428026421,0.1453849861,0.2352248178,0.1820026594,-0.0127311031,0,-0.003689168606,-0.222520678,-0.3479312739,-0.04469651509,0,0.001428026421,0,0.04977846992,0,0.01594368328,0,0.01800354167,-0.3500890748,0.0001424049963,0,3.634316136e-05,0.002427740913,0.004088188673,0.003611131157,0,0.1453849861,0,0.03736507412,0,0.05590298816,0,0.01117489312,-0.2139697967,0.001888188924,0,0,0.01574027109,0.0398677055,0,0.003998146061,0.2352248178,0.01800354167,0.01117489312,0.001269817989,0.1679776325,0.04977846992,0.03736507412
1,1,1,1,2,1500,500,v1,0,0.1247554333,0.005790653215,0,0,0,0.02395393575,0,0.07582257207,0.006694557319,0,0.01608453365,0,0,0,0,0,0,0,0,0.4672046014,0,0,0.09910990787,0,0,0,0,0.00463616882,0.0002151925986,0,0.0008901775826,0.002817722925,0,0.0002487835365,0.0005977343945,0,0,0,0,0,0.000849723295,0,0,0,0,0.0009823626269,0,0,0,0,0,0,0.1420678886,0,0,0,0,0.02727805103,0,-0.6609723217,0,0.07375267508,-0.01228132455,0,0,0.09048416802,0,0,0,0,0,0,0,0,0.09388855924,0,0,0,0,0,-0.5651822165,0,0,0.03516424986,0.00707663041,0,0,0.006220056019,0.008123785651,-0.518375806,0,0,0,0.005524133242,0.0004304790858,0.003404391118,0,0,0,0,0,0,0,0,-0.01185084545,0,0,0,0,0.001717234758,0,0,0.006220056019,0,0.5831733354,0,0.03516424986,0,0.1237671506,0.07927680827,0,0,0,0,-0.1068663456,0,0,0.008123785651,0,0.1237671506,0,0.00707663041,0,0.5831733354
1,1,1,1,1,1500,500,v1,0.001851404392,0,0.04522213827,9.503931664e-07,0.00325709506,0.007914868909,0,0.004376356777,0.004197054409,0.02900351417,0.01086239455,0.01532136068,0.002060336579,0,0.03074923196,0.0296503288,0.00521464438,0.01267179064,0,0.007006594482,0.006719529454,0.003565863159,0.01739081104,0.02452966398,0,0,0.0382292588,0,0,0.09001335756,0,0,0.008354115344,0.004433291399,0.05773065564,0.03049672506,0,0.004528392439,0.06758341862,0,0.006514805221,0.1591296984,0.06516815075,3.344286311e-06,0.02785119746,0.007837373724,0.1020588729,0.03822308355,0,0.001330209182,0,0,0.001913715262,0,0.01914305654,9.823796011e-07,0.003366715859,0,0,0.004523647451,-0.2062156759,0.001102364444,0,0.07331321583,-0.003429619458,0.01684129895,0.009115009121,0,0.003342642134,0,0.01525042423,0,0.04464596876,0,0.003056695116,-0.1429979975,0.01763103288,0,0.02153442278,-0.008682593344,0.01925434153,-0.01315789178,0,0.005965577328,0,0.04016902546,0,3.627035617e-06,0,0.02443958315,-0.22357996,0,0,0.03059483359,0,0.1336650917,-0.02150488786,0.04464596876,3.627035617e-06,0.008265738528,0.01502920948,0.003342642134,0.005965577328,0.01072666052,0.02098903316,0.3264286136,0,-0.06144142915,-0.06433400258,-0.005755857693,-0.2500507133,-0.06010780225,0,0,0.01072666052,0.008384899302,0,0,0.008265738528,0.0299367565,-0.06057610219,0,0.01181798895,0,0.000674023692,0,-0.0005493865693,0.003056695116,0.02443958315,0.02098903316,0.0299367565,0.01525042423,0.04016902546,0.01502920948,0.008384899302
1,1,1,1,4,1500,500,v1,0,0,0.02068126262,0,0,0.01195576175,0,0,0.003312097333,0.01021139932,0.01144936989,0.005837725187,0.01825585543,0.002840286136,0.1482205791,0.006823785524,0,0.03564310206,0.00697903132,0,0.009874186668,0.1419076486,0.03413342185,0.01740371203,0.0005335945269,0.0006105713111,0.03186271698,0.003674245147,0,0.01325408013,0.001500270078,0,0.002122636527,0.03050563742,0.006544218664,0.003741245341,0.002049993229,0.01507709073,0.122411964,0.01411592003,0,0.05092026464,0.005635607373,0,0.02943681745,0.1171982601,0.02514194443,0.02819000731,0.0004531080399,0.003332474923,0.0005184737774,0.003120028284,0,0,0.0012456329,0,0,0.001273971902,0,0,-0.08733117637,0,0,0.01786386467,0,0.01352527604,0.003984916338,0.001774972511,0.003008072754,0.003035615495,0.01865858324,0.01289101949,0.00442448992,0.006948200977,0.005024256735,0.2525396415,-0.0162325768,-0.009320438705,-0.2095441981,0,-0.03936268431,-0.02489008373,0.01289101949,0,0,0.03138602713,0.001774972511,0,0,0.01743336015,-0.1701534691,0.002810362191,0.001681550286,0.06207723413,0,0.01791113202,0.004211302138,0.00442448992,0,0,-0.0006367837983,0.003008072754,0,0,0.004712277638,-0.145406927,-0.01454335141,0.007688533222,0.1316784042,0,-0.06832125492,0.02312041242,0.006948200977,0,0,0.008955456289,0.003035615495,0,0,0.01608534159,-0.02791592123,0.00195566124,0.003589001765,0.0009830107657,0,0,0,0.005024256735,0.01743336015,0.004712277638,0.01608534159,0.01865858324,0.03138602713,-0.0006367837983,0.008955456289
1,1,1,1,2,1500,500,v1,0,0,0,0,0,0,0,0,0,0,0,0,0.00967251944,0,0,0.02466895148,0,0,0,0,0,0,0,0,0,0,0,0,0,0,0,0,0,0,0,0,0,0.06696689873,0,0,0,0,0.1707934717,0,0,0,0,0,0,0.2050176915,0,0,0,0,0.5228804672,0,0,0,0,0,0,0,0,0,0,0,0,0,0.1925676921,0,0,0,0.4912605296,0,0,-0.4901727205,0.03428723984,0,0,0,0,0,0,0,0,0,0,0,0,0,0,0,0,0,0,0,0,0.4912605296,0,0,0,0.1925676921,0,0,0,-0.6932539041,0,0.2373684235,0,0,0,0,0,0,0,0,0,0,0,0,0.2716556637,0,-0.7275411438,0,0,0,0,0,0,0,0,0,0,0,0
1,1,1,1,2,1500,500,v1,0,0,0,0,0.07228110145,0,0,0.2606487807,0,0,0,0,0,0,0,0,0.05818611061,0,0,0.2098216336,0,0,0,0,0,0,0,0,0,0,0,0,0,0,0,0,0,0,0,0,0,0,0,0,0,0,0,0,0,0,0,0,0,0,0,0,0.0866388674,0,0,0.3124235062,0.01952369268,0,0,0,0.1940065536,0,0,0,0,0,0,0,0,0,0,-0.03167054417,0,0,0,0.2452007905,0,0,0,0,0,0,0,0,0,0,0,0,0,0,0,0,0,0,0,-0.06493352316,0,0,0,-0.2553618462,0,0,0,0,0,0,0,0,0,0,-0.2553618462,0,0,0,-0.06493352316,0,0.4392073441,0,0,0,0,0,-0.2256770978,0,0,0,0,0,0,0,0
1,1,1,1,1,1500,500,v1,0.00120295861,0.01174285657,0,0.06416076107,0.2908883957,0,0.02020713865,0.04863532167,0,0,0,0,0,0,0,0,0.2519798712,0,0,0.0421299793,0,0,0,0,0,0,0,0,0.04065485627,0,0,0.06995898422,0,0,0,0,0,0,0,0,0.002627715122,0,0,0.1401512909,0,0,0,0,0,0,0,0,4.312399758e-05,0.0004209612151,0,0.002300052954,0.01042784878,0,0.0007243911727,0.001743492649,-0.09418976437,0.05533602943,0.02446071001,0,-0.2093290321,0,0,0,0,0,0,0,0,0,0,-0.1971628638,0,0,0,0.1339507492,0,0,0,0.002243090897,0.04585940291,0,0,0.1175914783,0.07507094055,0,0.02551981957,0,0,0,-0.1061400486,0,0,0,0.1175914783,0.07882907863,0,0,0.002243090897,0.01598909281,0,0.05764962298,0,0,0,-0.1375393359,0,0,0,0.07507094055,0.01598909281,0,0,0.04585940291,0.07882907863,0,-0.2392609275,0,0,0,0.002313593564,0.001059109582,0.01216616838,0,0,0,0,0,0,0,0
1,1,1,1,4,1500,500,v1,0.04295087903,0,0.09296439765,0.2436854952,0,0.04004020072,0,0,0,0.002834964081,0.1850744484,0,0,0,0,0,0,0.04505733763,0,0,0,0,0.2082647379,0,0,0,0,0,0,0.03380145557,0,0,0,0,0.00103078076,0,0,0,0,0,0.005487128144,0.01187653371,0,0.03113169204,0.005115278597,0,0.0003621767831,0.02364392155,0,0,0,0,0.003997636842,0,0,0.02268093542,0,0,0,0,0.04145524555,-0.2862807373,0,-0.09439499294,0,0.03044054623,0,0,0,0,0,0,0,0,0,0.05885478442,0,0,0,0,-0.09432599406,0,0,0.05024964996,0,0.07252839313,0,0.2849167167,0,0.002268333522,-0.08234445791,0,0,0,0,0.03247997342,0,0,0.2849167167,0,0.009256900294,0,0.05024964996,0,0.04394991441,-0.385550106,0,0,0,0.03630539591,0.01205053503,0.02841423824,0,0,0,0,0,0,0,0,-0.2499753414,0,0,0,0.02653109723,0,0,0,0.002268333522,0.04394991441,0,0,0.07252839313,0.009256900294,0
1,1,1,1,3,1500,500,v1,0.01175332263,0.005707568361,0.05758192651,0.04046122495,0,0.09782520205,0.005134483402,0,0.01019766611,0.7104023619,0.02736138134,0.01264826369,0,0,3.48375847e-07,0,0,0.000492323895,0,0,5.132169006e-05,1.013945107e-05,0.0001377013443,6.365478744e-05,1.593155587e-05,0,5.41104167e-08,5.493644279e-06,4.461533146e-06,4.501105506e-05,0,4.013559967e-06,7.971385097e-06,1.574879336e-06,0.000555312435,9.88698586e-06,0.0003239426663,0,1.100248639e-06,0.0001117044556,0.0001868115059,0.000915227697,0,0.0006431051542,0.001554868686,3.202264834e-05,0.01129138876,0.0004348915631,0.0009070934365,0,0,0.0003127910864,0.0005231033405,0.0002540258759,0,0.001800801577,0,0,0.0002285196709,0,0.01916318771,-0.05206627412,-0.01081733664,-0.7675953257,0,-0.1249621257,-0.02277852297,0.0005809316478,0,0,-4.096997229e-08,0.0002070999275,0,0,1.136721152e-05,-0.1457380591,0,0,-4.260267926e-06,0,0.0006247060352,0.0001143348429,0.0002070999275,0.01652425755,0.008160366579,0.08489511398,0.0005809316478,0.05687845887,0.007334044647,1.047298766,-0.788944583,1.426987957e-05,0,-9.950021317e-09,8.430721141e-06,0.0005992667122,1.782342209e-05,0,0.05687845887,0,0.1434013091,0,0.01652425755,0,0.04012273333,-0.9419123598,0.0002846182046,0,-3.280609759e-06,0.0008294898755,0.01220014056,0.001988057346,0,0.007334044647,0,0.01517155607,0,0.008160366579,0,0.01879799104,-0.06174680248,-0.0008242424682,0,0,0.002301639901,0.0004792984381,0,1.136721152e-05,1.047298766,0.04012273333,0.01879799104,-4.096997229e-08,0.08489511398,0.1434013091,0.01517155607
1,1,1,1,4,1500,500,v1,0,0,0,0,0,0,0,0,0,0,0,0,0,0,0.1788324715,0,0,0,0,0,0,0.04049905318,0,0,0,0,0.3916240961,0,0,0,0,0,0,0.08868861991,0,0,0,0,0.2448957707,0,0,0,0,0,0,0.05545998864,0,0,0,0,0,0,0,0,0,0,0,0,0,0,0,0,0,0,0,0,0,0,0,0,-0.05003675442,0,0,0,-0.009883573682,-0.1734718657,0,0,0.2134187492,0,0,0,0,0,0,0,0,0,0,0,0.492230374,0,0,-0.4522834903,0,0,0,0,0,0,0,0,0,0,0,-0.2388647409,0,0,0.2788116248,0,0,0,0,0,0,0,0,0,0,0,0,0,0,0,0,0,0,-0.009883573682,0,0,0,-0.05003675442,0,0,0
1,1,1,1,1,1500,500,v1,0.002697195763,0.0002543686323,0.0006528816042,0.001907554818,0.0003393537362,0.0007180230618,0.0001570296192,0.0005410326596,0,0.0007089938213,0.0004226897115,0,0.000389254673,0,0,0.000124642289,0.0004723800071,0.000999487269,0,0.0007531168345,0,0,0.0005883835881,0,0.0007094372479,0,0,0.01023637036,0.001308389629,0.003358210924,0,0.0008077093598,0,0,0.003646833944,0,0.00946741517,0.0191949036,0,0.1366040031,0.185141357,0.0448152069,0.006146353245,0.1309386929,0.04928665758,0,0.04866687097,0.02901433698,0.00507629541,0.01029203846,0,0.07324515314,0.09927020243,0.009362029249,0.003295588521,0.07020749313,0.01248990324,0,0.005779470034,0.01991268946,-0.3544401308,0.004596492348,0.0004043487346,0.001360081321,0.0008710046682,0.001138600517,0,0.005566397862,0.01284047063,0,0,0.07942808246,0.004093473925,0,0,-0.1201472504,0.0005123862282,0,0,0.001214913534,0.0015764302,0,0.07942808246,0.1255190265,0.01169142118,0.06122573372,0.005566397862,0.08867547593,0.007194314387,0.0664671033,-0.1742424246,0.01084782272,0,0,0.002046627445,0.006965939412,0,0.004093473925,0.08867547593,0.01747073957,0.07115845445,0.01284047063,0.1255190265,0.02782221887,0.04187992111,0.2823292892,-0.1438337194,-0.02485196396,0,-0.3133511724,-0.09345457866,-0.07807394866,0,0.007194314387,0.02782221887,0,0,0.01169142118,0.01747073957,0,-0.4615432596,0.07632291002,0.01305028138,0,0.1659583454,-0.01504146654,-0.03228122401,0,0.0664671033,0.04187992111,0,0,0.06122573372,0.07115845445,0
1,1,1,1,0,1500,500,v1,0,0.0003309719767,0,0,0,0,0.0006389826289,0,0,0,0,0,0,0.08004492873,0,0,0,0,0.04068123696,0,0,0,0,0,0.2809611813,0.2329054118,0,0.09749627158,0.006298140372,0,0.1183695256,0.01215934452,0,0,0,0,0.003876232682,0,0,0.001345090566,0,0,0,0,0,0,0,0,0.04689985316,0,0.03887807406,0.01627470671,0,0.001051326227,0,0,0,0.01975900495,0.002029716241,0,-0.01532638296,0,0.0009651896471,0,0,0,0,0.3452667975,0,0.1718900515,0,0.1198210492,0,0.08744931712,0,-0.2928256509,0,0.1199327387,0,0,0,0,0.1198210492,0,0.007348281294,0,0.3452667975,0,0.01419350893,0,0.2504584147,-0.3784046038,-0.35096328,0,-0.01840320067,0,0,0,0,0,0,0,0,0,0,-0.3152760168,0.005217452765,0,0,0,0,0,0.08744931712,0.01419350893,0,0,0.1718900515,0.007348281294,0,0,-0.6216557004,0.06312858673,0,0.0581376288,0,0.003076817695,0,0,0,0,0,0,0,0,0
1,1,1,1,2,1500,500,v1,0,0.06609177487,0,0,0.002510232447,0,0.01568178244,0.007375433583,0.02958925398,0,0,0.01811131887,0.07083234936,0.05909140065,0.114166584,0.05885111144,0.00194808249,0,0.0024760873,0.005723754005,0.02296293622,0.345943105,0,0.01405540877,0.0003618747024,0.0001057583119,0.0002043286344,0.0004670819463,9.179754032e-05,0,4.431555355e-06,2.178106215e-05,4.109771209e-05,0.0006191486138,0,2.515554359e-05,0.0271873628,0.009524248787,0.01535105018,0.03509150059,0,0,0.007913229363,0,0,0.04651615015,0,0,0.005869835093,0.002056314552,0.001715466283,0.007576362708,0,0.001489013794,0.001708490513,0,5.655424971e-05,7.188261287e-05,0.0003533025163,0.0001661647363,0.01838330838,0,-0.08113426521,0,-0.005850589715,0,-0.02692330019,0.03156267442,0.08887265549,0.08554045034,0.1480357797,0.04031340716,0.07382773019,0.00358262853,0.4484795244,0.05213303262,-0.1295395869,-0.06129518589,-0.4593683479,0.001810010211,0,0.01440685669,0.04031340716,0,0.09604711738,0,0.03156267442,0,0.02279908894,0,-0.5986233062,0.0008205613603,0.0001099742045,0.0008232895904,0.0001125937651,0,6.601701552e-05,0.07382773019,0,0.001694319323,0,0.08887265549,0,0.004071104577,0,-0.5709113265,-0.06133366154,0.01731561875,0.0608681898,0,0,0,0.00358262853,0.02279908894,0.004071104577,0.01103826891,0.08554045034,0.09604711738,0.001694319323,0.007637370797,-0.3189845305,0.01259571251,0.003757044192,0.001769825697,0,0.001790867221,0.0001969635668,0.4484795244,0,0,0.007637370797,0.1480357797,0,0,0.01103826891
1,1,1,1,2,1500,500,v1,0,0,0.0372702492,0,0,0,0,0,0,0.2351925288,0,0,0,0,0,0,0,0,0,0,0,0,0,0,0,0,0,0,0,0.066780198,0,0,0,0,0.421413969,0,0,0,0,0,0,0.0327397943,0,0,0,0,0.2066032607,0,0,0,0,0,0,0,0,0,0,0,0,0,-0.2461615218,0,0,0.2718966741,0,0,0,0,0,0,0,0,0,0,0,0,0,0,0,0,0,0,0,0,0,-0.005406381181,0,0,0,-0.0331963464,0.5102697885,0,0,0,0,-0.4845346367,0,0,0,0,0,0,0,0,0,-0.2126379626,0,0,0,0,0.2383731148,0,0,0,0,0,0,0,0,0,0,0,0,0,0,0,0,0,-0.0331963464,0,0,0,-0.005406381181,0,0
1,1,1,1,2,1500,500,v1,0.002559959622,0.001405628973,0.005846778113,0.005940430512,0,0.0005300289068,0.003202712706,0,0.005237404871,0.0003836467232,0.001748983843,4.808906279e-05,0.007713268126,0.0002132923388,0.07517807712,0.02568743713,0,0.001749955569,0.0002877889979,0,0.01729193578,0.01505176463,0.005774485082,0.0001587719502,0.0150222768,7.20007035e-05,0.02537772557,0.01866286125,0.001566605511,0.006516367398,9.714840404e-05,0.003569496269,0.005837207038,0.005080996572,0.0004275830125,5.359635596e-05,0.0467686392,0.00810622932,0.07900810953,0.05810281861,0.008882619084,0.02028731329,0.02699611276,0.02061227098,0.00183910904,0.01581859385,0.001331188069,0.006068672775,0.1126266914,0.01952115358,0.0005398117159,0.1399212878,0.02139082975,0.01174532981,0.06501114665,0.04963778985,0,0.0007283518652,0.0267616261,0,-0.1030320091,0.007746134896,0.002450924317,0.0009930019268,0,-6.551203767e-06,-0.0003553235652,0.0822186376,0.006337955258,0.0004769858545,0.01472979506,0.09529762303,0.02153234165,0.0006914602614,0.006422834573,-0.06659879277,0.0263383184,0.0002308503711,0.00401296454,0,-0.0003848376639,-0.01316099281,0.09529762303,0.01611384623,0.01363965349,0.01693546025,0.0822186376,0.03514336755,0.0312230178,0.001098026608,-0.2594730992,0.03257969974,0.0001501896259,0.02818454427,0.004310568892,0.005576117343,0.0008581895986,0.02153234165,0.03514336755,0,0.001054539712,0.006337955258,0.01611384623,0,0.004110632352,-0.2907915642,0.09758837586,0.03350062812,-0.04629926187,0.02698195205,-0.01859144384,-0.003052059179,0.0006914602614,0.0312230178,0,0.01882133415,0.0004769858545,0.01363965349,0,0.0001658560159,0.2318776424,-0.2485122492,-0.07841914446,-0.001160004075,-0.06889956279,-0.03666994073,0,0.006422834573,0.001098026608,0.004110632352,0.0001658560159,0.01472979506,0.01693546025,0.001054539712,0.01882133415
1,1,1,1,0,1500,500,v1,0,0,0,0,0.06393345251,0,0,0.01314725455,0,0,0,0,0,0,0,0,0.14582685,0,0,0.02998778638,0,0,0,0,0,0,0,0,0,0,0,0,0,0,0,0,0,0,0,0,0,0,0,0,0,0,0,0,0,0,0,0,0,0,0,0,0.6196749083,0,0,0.1274297482,-0.5712818925,0,0,0,0.07707873736,0,0,0,0,0,0,0,0,0,0,-0.6699915073,0,0,0,0.1757883522,0,0,0,0,0,0,0,0,0,0,0,0,0,0,0,0,0,0,0,0.6148692485,0,0,0,0.1264354855,0,0,0,0,0,0,0,0,0,0,0.1264354855,0,0,0,0.6148692485,0,0.2528670894,0,0,0,0,0,-0.7470702447,0,0,0,0,0,0,0,0
1,1,1,1,4,1500,500,v1,0.00210059982,0.007053729595,0,0.000518276796,0.06770601394,0.004205992336,0.00783864594,0.1899565883,0.005622839612,0,0.01137377993,0.0004754374983,0.02630850596,0.01732444716,0,0.03948314725,0.07063652733,0.004388039928,0.008308485235,0.1981784624,0.00586621248,0,0.01186607024,0.0004960158173,0,0.00334913517,0,0,0.001422637302,0,0.001606183439,0.001580943806,0.001134047069,0,0,9.588900607e-05,0,0.04695796925,0,0,0.003911636944,0,0.0704733449,0.0009651103666,0.007832198617,0,0,0.02117971131,0,0.01110585081,0.007313327709,0,0.0009251263851,0.003106537142,0.01666738293,0.0002282545843,0.02981844487,0.003507337044,0.003452222605,0.08365889122,0.03425291874,-0.001340001304,-0.01182462767,0,0.01131008242,0.008064137258,-0.001834283204,0,0.02430333508,0.01290402806,0,0,0.02791828302,0.006749667014,0,0.03840889122,0.04133968302,-0.02283883748,0,-0.05862479744,0.01042583737,-0.00221749431,0,0.004889951579,0.007810771961,0,0,0.001231746011,0.009740428381,0,-0.03104268177,0,0.002081567519,0,0.0001060731682,0,0.0001756318281,0.02791828302,0.001231746011,-0.0326365049,0.002082005327,0.02430333508,0.004889951579,-0.06453555117,0.007660595781,0.08504932041,0,-0.1016895851,0,-0.003765304526,0,-0.02498504203,0.006749667014,0.009740428381,-0.06453555117,0.005233276031,0.01290402806,0.007810771961,-0.0326365049,0.0005809424977,-0.1452457473,0,0.02553549004,0.007654806576,0.001024174103,1.775427267e-05,0.1120960858,0,0,0.007660595781,0.0005809424977,0,0,0.002082005327,0.005233276031
1,1,1,1,3,1500,500,v1,0.06753572279,0.02157231492,0.001412727392,0.04220903048,0.0008095154138,0.01028904416,0.01371076666,0.002074654137,5.250247049e-05,0.0009640472195,0.03764932926,9.954019988e-05,8.259491122e-06,0.002259694393,0,2.956048843e-05,3.538896502e-05,0.000449798259,5.826316439e-05,9.069606511e-05,2.29521027e-06,0,0.001645886877,4.351522642e-06,0.0001679521579,0.1069247419,0,0.001764603356,0.04462394826,0.002922332363,0.002756909888,0.02836174719,0.0001086052904,0,0.00199420384,0.0002059063548,2.617004188e-05,6.089766248e-05,0,0.0002749577279,0.02176825536,0.0004553532463,0.0002179510361,0.01360490294,0.003316386222,0,0.0003107337152,0.01213521051,0.0002222836961,0.0005172539488,0.141514269,0.002335442195,0.1848957018,0.05905953385,0.001851237461,0.1155576336,0.002216248148,0.00364875407,0.03753660609,0.005679877504,-0.2991523955,0.1067044866,0.03101361524,-0.000305411406,0.0019867062,-0.04544565278,-5.785681853e-05,0.0002298973852,0.0006626708144,0.1217293155,0,0.002593342948,0.002366520734,0.003234835819,0,-0.1259729662,3.522112816e-05,0.002266503139,0,0.0001175386869,0.001883656839,-7.212451975e-08,0.002593342948,0.1442906817,0.006701188921,0.003527254636,0.0002298973852,0.08983357253,0.006647765517,0.002372463377,-0.1534607211,-0.0001923182355,0.0440492047,0,0.01559526265,-0.004073399522,-0.0002697003412,0.002366520734,0.08983357253,0.002415307006,0.01011786981,0.0006626708144,0.1442906817,0.006043206644,0.03544400843,-0.2434144071,0.0002694229055,0.0002734412974,0,0.03494627844,0.0004456655861,0.01318741038,0.003234835819,0.006647765517,0.006043206644,0.0001648862901,0.1217293155,0.006701188921,0.002415307006,0.0003265576367,0.2370653599,-0.001959264893,-0.002328123456,-0.129625142,-0.2977336011,-0.05550818083,-0.007743253977,0,0.002372463377,0.03544400843,0.0003265576367,0,0.003527254636,0.01011786981,0.0001648862901
1,1,1,1,1,1500,500,v1,0,0.006614283454,0.0047530703,0,0.01316941029,0.01107431137,0.0037278772,0.008803240533,0.01490096162,0.0188266065,0.001941038346,0.0006120092381,0.001439660849,0.0009085038215,0.01953781165,1.402490734e-05,0.003266653889,0.002746967517,0.000689346182,0.002183631559,0.003696162786,0.01920024427,0.0004814718595,0.0001518080395,0.01411455616,0.008434443102,0.1813867557,0.002919896605,0.01523173064,0.01094562805,0.006399809238,0.008584757783,0.03431474252,0.1782528196,0.04335493045,0.001409368063,0.01011995769,0.009582996274,0.1300520024,0.002093528819,0,0.007847876438,9.335576144e-05,0,0.0182849867,0.12780501,0.03108493506,0.003204881927,0.001854974446,0.001756550151,0.001108478102,0.0003837409781,0,0.00200179664,1.711198379e-05,0,0.003985689676,0.0008410808288,0.001128232877,0.002664279123,-0.08361320231,0,0.004751163328,0.01532306188,-0.01618920561,-0.00260960826,0.006271288981,0.005604672001,0.009665134817,0.009738332176,0.06595893539,0.001317524948,9.40619358e-05,0.007321333371,0.05801477191,-0.2013688373,0.001220491704,0.001460745065,0.03752828348,0.001162243105,0.002483273742,0.003376673271,0.001317524948,0,0.0142874357,0.001319835232,0.005604672001,0,0.008351619764,0.009727739416,0.3082503114,-0.01342284005,-0.0144742343,-0.331017769,-0.02149700547,-0.03928530172,-0.03300624029,9.40619358e-05,0,0.01539657916,0.01859928931,0.009665134817,0,0.007900293266,0.003479544169,-0.3263717112,0.006822075899,-0.009149352768,0.2108403476,0,0.01659719006,-0.01459288781,0.007321333371,0.008351619764,0.007900293266,0.03359821757,0.009738332176,0.0142874357,0.01539657916,0.001439199477,-0.05931591906,0.001985966164,0.001422729902,0.001640378882,0,0.001653138509,-0.0005042857849,0.05801477191,0.009727739416,0.003479544169,0.001439199477,0.06595893539,0.001319835232,0.01859928931,0.03359821757
1,1,1,1,1,1500,500,v1,0.366737141,0,0,0.1319612724,0,0,0,0,0,0,0,0,3.645816089e-05,0,0,0.000278934458,0,0,0,0,0,0,0,0,0.06938348828,0,0,0.02797381521,0,0,0,0,0,0,0,0,0.04308300519,0.006714776779,0,0.01737006967,0.1824361534,0,0.05137348061,0.065645129,0,0,0,0,0.004348726754,0.0006777783792,0,0.001753305889,0.01841480133,0,0.005185553529,0.006626109937,0,0,0,0,0.2711204091,-0.4968054571,0,0,0,0,0,0.03288275758,0.008937512205,0,0,0.0132769397,0.06841809259,0,0,-0.05188412353,0.0003137200929,0,0,0,0,0,0.0132769397,0.2490244764,0,0,0.03288275758,0.0895030947,0,0,0.06530928605,-0.09608241755,0,0,0,0,0,0.06841809259,0.0895030947,0,0,0.008937512205,0.2490244764,0,0,-0.5556446277,0.05921645822,-0.05770621468,0,0.2461058003,0,0,0,0,0,0,0,0,0,0,-0.344958115,0.006092827846,0.005822091153,0,0.02501460886,0,0,0,0,0,0,0,0,0,0
1,1,1,1,4,1500,500,v1,0.002835879927,0.1628289763,0.1815315875,0.004411853894,0.005956143903,0.179641602,0.02068221664,0.0004146135029,0,0.02177853495,0.1206571645,0,0.0003448961359,0,0,0.0007662769743,0.003169873793,0.09560568306,0,0.0002206582813,0,0,0.06421402671,0,0.0001432044881,0,0,0.0001123033043,0.003215373516,0.003584692798,0,0.0004084104262,0,0,0.0004300593547,0,0.001110539303,9.924041709e-05,0,0.000870903104,0.0004342750512,0.02779900472,0.0002204885432,0.0006756132576,0.02750958006,0,0.003335075752,0.0184769446,0.001589961899,0.0001420827536,0,0.001246874154,0.0006217526778,0.03569944944,0.0003156739991,0.0009672771919,0.001305855155,0,0.004534473923,9.090196423e-05,0.2887678226,-0.007053808265,-0.1832597269,-0.2032298783,-0.005673324809,-0.2984461467,0,0.001196467053,0.0002106416422,0,0,0.0009025661536,0.0004827844253,0,0,-0.2564460874,-0.0008736937282,0,0,0.00264512546,0.1578238314,0,0.0009025661536,0.002694425989,0.1858335723,0.2253713822,0.001196467053,0.004237927484,0.02359031937,0.02703215245,-0.3170990928,0.0002008056047,0,0,0.003611071598,0.004002912291,0,0.0004827844253,0.004237927484,0.00231092441,0.08493936367,0.0002106416422,0.002694425989,0.0002092615185,0.05712326492,-0.347804087,0.000251716515,0.0002282542445,0,0.0009916301363,0.03095794355,0.04591389678,0,0.02359031937,0.0002092615185,0,0,0.1858335723,0.00231092441,0,-0.1889319504,-0.001851877589,0.0001831554394,0,0.001440609149,0.04003272765,0.001348075394,0,0.02703215245,0.05712326492,0,0,0.2253713822,0.08493936367,0
1,1,1,1,4,1500,500,v1,0,0,0.08601399821,0,0,0,0,0,0,0.5139668842,0,0,0,0,0,0,0,0,0,0,0,0,0,0,0,0,0,0,0,0.05693902399,0,0,0,0,0.3402326756,0,0,0,0,0,0,0.0004082093556,0,0,0,0,0.002439208675,0,0,0,0,0,0,0,0,0,0,0,0,0,0.394118756,0,0,-0.5937710619,0,0,0,0,0,0,0,0,0,0,0,0,0,0,0,0,0,0,0,0,0,0.04302535271,0,0,0,0.2564531057,-0.5909241585,0,0,0,0,0.391271849,0,0,0,0,0,0,0,0,0,-0.2024992126,0,0,0,0,0.002846907208,0,0,0,0,0,0,0,0,0,0,0,0,0,0,0,0,0,0.2564531057,0,0,0,0.04302535271,0,0
1,1,1,1,4,1500,500,v1,0.0001530276057,0,0.0001597906887,3.206525119e-05,8.2902214e-05,5.793627982e-05,0,0.0004253733183,4.197055077e-05,4.467754474e-05,1.174223849e-06,0.005180200394,0.0002004776304,0.0002174032712,0.0003075429116,0.002602861583,0.0002218487256,0.0001550391627,0.0001584114914,0.001138311319,0.0001123144094,0.001036024098,3.142257027e-06,0.01386236628,0.01027980644,0.004823310277,0.006823148879,0.001976313785,0,0.009486836233,0.003514518297,0,0.002491808159,0.02298523684,0.002652523459,0.3075505413,0.03201559905,0.01385229532,0.02125012763,0.006155064315,0.02829543752,0.02954595955,0.1798485309,0.005928997632,0.01071265788,0.07158560149,0.008261062898,0.0002171188486,0.0160517386,0.006945158924,0.00753151494,0.003085979534,0.01418655219,0,0.09017109446,0.002972635933,0.007685519093,0.005487859073,0,0.03943458928,-0.3954265098,0.0001817952045,0,0.0002004384459,0.0004962428432,5.858509851e-05,0.005178297338,0.008195256109,0.01006600921,0.005141177212,0.02118818789,0.001635949681,0.1303716139,0.00373440535,0.07136800123,-0.5273096674,0.002773973725,0.0003571073982,0.001308495521,0.001308125577,0.0001419777457,0.01382715043,0.001635949681,0.02135139954,0,0.0300122809,0.008195256109,0.004672818848,0,0.008410364126,-0.1361408395,0.01168156318,0.003174861609,0.02905003424,0,0.01144941312,-0.3097973562,0.1303716139,0.004672818848,0.01096845648,0.0157245484,0.01006600921,0.02135139954,0.05632132822,0.0003176696443,0.1858656269,-0.03644326639,-0.191654191,-0.09206265593,-0.03308792385,-0.03726494828,-0.01089537479,0.00373440535,0,0.05632132822,0.003504784302,0.005141177212,0,0.01096845648,0.4326830796,-0.2412117115,0.018207566,0.09525513542,-0.009449024049,0.01555664973,0,-0.04666422504,0.07136800123,0.008410364126,0.0003176696443,0.4326830796,0.02118818789,0.0300122809,0.0157245484,0.003504784302
1,1,1,1,4,1500,500,v1,0.001996916869,0.001352364457,0.0003128409999,0.008468014567,3.69232497e-05,9.631513802e-05,0.02096850079,8.854676609e-05,0.0007827540858,0.0007274865856,0.0007445596294,3.878431328e-05,0.01797212162,0.0005368781512,0.002475840375,0.06301141885,0.0006067772609,0.001582792308,0.003817835577,0.001455130971,0.01286336885,0.001506948707,0.01223570125,0.0006373610007,0,1.701319997e-05,7.84572203e-05,0,0.0007042606193,0.0001629158435,0.0001209838768,0.01091960771,0.0004076289304,4.77538891e-05,0.000378847692,2.019741376e-05,0,0.006721674034,0.0009259781516,0,0.01227347279,0.001922786852,0.02356662318,0.05204620584,0.0005919731785,0.0005636072473,0.004471286189,0.004576220722,0,0.02081299242,0.0006217430044,0,0.03800358287,0.02573702268,0.07297169532,0.1611558791,0.0007026911346,0.004421324572,0.399054247,0.001685144943,-0.5768786476,0.0102678232,0.02217751171,0.00074049895,6.373861765e-05,0.0007045374245,0.0007996439799,0,-0.003794959716,0.0002696264664,0.002325414267,0,-0.007723683181,0.002029904447,0.001386949381,-0.01922787689,0.03007536717,0.001889951167,-0.003890729595,-0.0003911628156,-0.01299797531,-0.01339293232,0,0.03608226071,0.0355062251,0.002160610367,0,0.1513454235,0.550626585,0.00505644934,-0.4244294959,0,0.0001185613756,0.0001238601438,0.01159283151,0.0004264439009,0.0004112872628,-0.007723683181,0.1513454235,0.0007006870972,0.001383900773,-0.003794959716,0.03608226071,0.001502269683,0.01054992701,-0.2241892369,0,0.03012417216,0.001291960351,0.06189900656,-0.005978315993,0.004337552707,0.002029904447,0.550626585,0.001502269683,0.01740914597,0.0002696264664,0.0355062251,0.0007006870972,0.0008638557076,0.1678178008,0,-0.05252044406,-0.003541533151,-0.1971186194,-0.4245255515,-0.001141213656,0.001386949381,0.00505644934,0.01054992701,0.0008638557076,0.002325414267,0.002160610367,0.001383900773,0.01740914597
1,1,1,1,3,1500,500,v1,0.0499286116,0,0.4404756549,0.1241634327,0,0.05358606156,0,0,0,0.01876421461,0.0899978642,0,0,0,0,0,0,0.06542581141,0,0,0,0,0.1098827404,0,0,0,0,0,0,0.01054081389,0,0,0,0,0.0004490375162,0,0,0,0,0,0.001242603255,0.01096238139,0,0.003090129701,0.001333628403,0,0.0004669962454,0.002239830739,0,0,0,0,0.005004614892,0,0,0.01244557267,0,0,0,0,-0.1100907275,-0.1736766149,0,-0.4588071011,0,0.1267391042,0,0,0,0,0,0,0,0,0,0.1303082391,0,0,0,0,-0.1577162338,0,0,0.06537257344,0,0.6279090659,0,0.1626051512,0,0.02675422655,-0.4473897247,0,0,0,0,0.01094753065,0,0,0.1626051512,0,0.01460750484,0,0.06537257344,0,0.02650448761,-0.6351458605,0,0,0,0.004324011782,0.01141737597,0.003569134983,0,0,0,0,0,0,0,0,-0.169352603,0,0,0,0.01736745334,0,0,0,0.02675422655,0.02650448761,0,0,0.6279090659,0.01460750484,0
1,1,1,1,1,1500,500,v1,0,0.003609833036,0,0,0,0,0.984702882,0,0,0,0,0,0,0,0,0,0,0,0,0,0,0,0,0,0,0,0,0,2.568562832e-06,0,0,0.0007006615535,0,0,0,0,0,0,0,0,0,0,0,0,0,0,0,0,0,0,0,0,0,4.011949196e-05,0,0,0,0,0.01094393535,0,0.01168727265,0,-0.9883106512,0,0,0,0,0,0,0,0,0,0,0,0,0,0,0,0,0,0,0,0,0,0.005350714758,0,0,0,1.459584356,0,-0.9773266087,0,0,0,0.0007032300392,0,0,0,0,0,0,0,0,0,0,0,0,0,0,0,0,0,0,1.459584356,0,0,0,0.005350714758,0,0,-0.9876074206,0,0,0,0,0.01098404261,0,0,0,0,0,0,0,0,0
1,1,1,1,4,1500,500,v1,0.001053894235,0.000825791388,0.04257672429,0.004147988361,0.01873749019,0.1491317965,0.00037813801,0.004556750447,3.402069079e-05,0.00893480932,0.05118485393,0.0009448386351,0,0.0209369067,0.0007053707656,0,0.007198100184,0.05728972241,0.006811683777,0.001750498381,1.306921782e-05,0.000842781391,0.01966291658,0.0003629644678,0.00268038506,0.06244722817,0.002103866143,0.03478791816,0.0009461880666,0.04878421963,0.02031679165,0.000433268835,3.898075485e-05,0.002513712392,0.01023746442,0.001082591868,0.001754668465,0,0.001377260167,0.0227733186,0.0007905002802,0.03193575917,0,0.003111304581,0.1118601117,0.001645559039,0.006701781864,0.0383925066,0.003391754464,0,0.07902061092,0.04402056947,0.001528028177,0.001197304688,0,0.006014116864,0.02716725456,0.02570883184,0.0005482576094,0.006606775941,0.1281435582,-0.002892140031,-0.0005042801509,-0.006024154077,-0.01478247426,-0.1605055906,-0.0003815192996,0.002580614936,0,0.04872754898,0.002555062342,0.03092067765,0,0.02035462653,0.002332444938,-0.1867591687,0,0.02349136855,0.0004481086683,0.008228107035,0.0709113176,0.0001955699692,0.03092067765,0.002362554857,0.001600934832,0.01932563602,0.002580614936,0.008445252668,0.0006597976128,0.001768359308,-0.05601551275,0.002394726016,0.007453027412,-0.003753353504,3.582634516e-05,-0.03751779838,-0.0005881992444,0,0.008445252668,0.0333919307,0.004251406792,0,0.002362554857,0.007764822708,0.004687981443,-0.1791162357,0.01128670102,0,4.69066452e-05,0.001848664235,0.0294792889,0.08363468063,0.02035462653,0.0006597976128,0.007764822708,4.661478634e-05,0.04872754898,0.001600934832,0.0333919307,0.001114608076,0.03655952616,-0.03601562211,0,-0.07699917962,-0.006161729224,-0.001038701157,-0.02088346838,0.002332444938,0.001768359308,0.004687981443,0.001114608076,0.002555062342,0.01932563602,0.004251406792,4.661478634e-05
1,1,1,1,0,1500,500,v1,0.04226040707,0.01943985929,0.01173191938,0.08604418542,0,0,0.00305552349,0,0,0.280164081,0,0,0.005632456638,0.2185319636,0.01952265168,0.0009701966536,0,0,0.1705059307,0,0,0.1002380614,0,0,0.0004463571964,0.01119990112,0.001000548226,0.0003309868732,0.0005159048558,0.000311347633,0.00873853661,8.108903374e-05,0,0.005137263939,0.007435136629,0,4.434963871e-05,2.868168242e-05,9.941354745e-05,3.288654997e-05,0.0001114339999,3.093521321e-05,4.940450337e-06,0.0002268848887,0,0.0005104337995,0.0007387483073,0,8.687983791e-05,5.618670166e-05,0.002179970664,6.44239325e-05,0.0002182964311,0.0001004167304,9.678219191e-06,0.0004444618473,0,0.001700885861,1.578332816e-05,0,0.01013513201,-0.1277152948,-0.02242730085,-0.2894937925,0,0,0,0.0004685307528,0.008313154696,0.3076421824,0.02759760945,0.0003465555964,0.00143040223,0.2399612088,0.1417781714,0.03057425583,-0.006594538132,-0.3888277643,-0.1196337726,0,0,0,0.0003465555964,0.06264677408,0.02815157719,0.01695009577,0.0004685307528,0.1274335246,0.004425779379,0.404644138,-0.8148183406,-0.0007549930371,0.0198946176,0.006112090631,0.0005933466511,0.007662714994,0,0.00143040223,0.1274335246,0,0,0.008313154696,0.06264677408,0,0,-0.529554721,7.33105942e-05,3.337679323e-05,0.0006044947334,0.0003359794537,0.0007682577405,0,0.2399612088,0.004425779379,0,0,0.3076421824,0.02815157719,0,0,-0.5253892634,0.000138291544,6.545675441e-05,0.003864220015,0.0006591167685,0.0001157164262,0,0.1417781714,0.404644138,0,0,0.02759760945,0.01695009577,0,0
1,1,1,1,4,1500,500,v1,0,0,0,0,0.003617382803,0,0,0.0149813533,0,0,0,0,0.001498019941,0.02214772916,0,0.1138249826,0.02598243624,0,0.007711177861,0.1076059898,0,0,0,0,0,0.01237014286,0,0,0,0,0.004306914317,0,0,0,0,0,0,0.0008473332782,0,0,0,0,0.06438345246,0,0,0,0,0,0,0.00333556136,0.04931517102,0,0,0,0.2534480373,0,0.05785370942,0.01717006977,0,0.2396005365,-0.1634989918,0,0,0,0.01852615149,0,0,0,0.001465140048,0.0221676574,0,0,0.1107436871,0.00772221392,0,-0.5172527852,0.114970706,0.02963086605,0,0.1329459091,0,0,0,0,0,0,0,0,0,0,-0.03644405614,0,0.01651747528,0,0,0,0,0.1107436871,0,0.04241185732,0,0.001465140048,0,0.1750474036,0,-0.1397134945,0,0.06490761007,0,0,0,0,0.00772221392,0,0.1750474036,0,0.0221676574,0,0.04241185732,0,0.3774987185,0,-0.2546842005,-0.06607492216,0,0,-0.2964449008,0,0,0,0,0,0,0,0
1,1,1,1,4,1500,500,v1,0,0,0.002095147592,0,0,0,0,0,0,0.05097902167,0,0,0,0,0,0,0,0,0,0,0,0,0,0,0,0,0,0,0,0.02986778889,0,0,0,0,0.7267414777,0,0,0,0,0,0,0.007512906875,0,0,0,0,0.1828036573,0,0,0,0,0,0,0,0,0,0,0,0,0,-0.5663664011,0,0,0.05296018152,0,0,0,0,0,0,0,0,0,0,0,0,0,0,0,0,0,0,0,0,0,0.03040930285,0,0,0,0.7397000252,0.2430138657,0,0,0,0,-0.7564200851,0,0,0,0,0,0,0,0,0,-0.7034599033,0,0,0,0,0.1900536841,0,0,0,0,0,0,0,0,0,0,0,0,0,0,0,0,0,0.7397000252,0,0,0,0.03040930285,0,0
1,1,1,1,4,1500,500,v1,0,0,0,0,0,0,0,0,0,0,0,0,0,0,0,0,0,0,0,0,0,0,0,0,0.8052858074,0,0,0.02008425615,0,0,0,0,0,0,0,0,0.02199179667,0,0,0.0005484871006,0,0,0,0,0,0,0,0,0.1483887582,0,0,0.003700894518,0,0,0,0,0,0,0,0,0,0,0,0,0,0,0,0.9524431196,0,0,0,0.02375535322,0,0,0,0,0,0,0,0,0,0,0.02375535322,0,0,0,0.9524431196,0,0,0,0.1744697083,-0.82526869,0,0,0,0,0,0,0,0,0,0,0,0,0,-0.6732703473,0.02247136585,0,0,0,0,0,0,0,0,0,0,0,0,0,-0.8027973244,0.1519983424,0,0,0,0,0,0,0,0,0,0,0,0,0
1,1,1,1,0,1500,500,v1,0,0.06423775598,0,0,0,0,0.01301034601,0,0,0,0,0,0,0,0,0,0,0,0,0,0,0,0,0,0,0,0,0,0.2016780422,0,0,0.0408467119,0,0,0,0,0,0,0,0,0,0,0,0,0,0,0,0,0,0,0,0,0,0.5656613451,0,0,0,0,0.1145657988,0,-0.4376790597,0,0.0772393332,0,0,0,0,0,0,0,0,0,0,0,0,0,0,0,0,0,0,0,0,0,0.4496256827,0,0,0,0.09103390857,0,-0.6029093081,0,0,0,0.2424695816,0,0,0,0,0,0,0,0,0,0,0,0,0,0,0,0,0,0,0.09103390857,0,0,0,0.4496256827,0,0,0.3197089147,0,0,0,0,-0.6801486414,0,0,0,0,0,0,0,0,0
1,1,1,1,4,1500,500,v1,0.0012643602,0,0,0.004190462831,0.003335122635,0.005105299313,0,0.00164450727,0,0,0.006404515521,0,0.01803811691,0.001427921389,0.00109902235,0.001283008894,0.0002263989715,0.0003465643217,0.004262334868,0.0001116345021,0,0.0008431617184,0.0004347593434,0,8.125547157e-05,0.002505765866,0.001928602452,0.000530715524,0,0,0.007479692724,0,0,0.001479609361,0,0,0.001380995625,0.5379811699,0.03277799632,0.00901989494,0.002559819457,0,0.03826533718,0.008483997117,0.01033617202,0.02514703336,0,0.01296656083,0.0004565967473,0.1778719989,0.01408058463,0.00298223587,0.0008463497034,0,0.01265161755,0.002805052686,0.002232496763,0.0420304418,0,0.00110081624,-0.0264543308,0.00145000486,0,0,-0.003052585323,0.008190041398,0,0.001265382369,0.5131506931,0.01510793947,0.04458371684,0.008243288419,0.03650150098,0.04518387514,0.03420376188,-0.5027343137,0.01928277581,0.005601663919,0.001930590094,0.0003044451188,0.0006833347274,0,0.008243288419,0.001254824977,0,0,0.001265382369,0.004879711641,0,0,-0.1127577178,0.0005993247303,0.009709922036,0.003389827835,0,0,0,0.03650150098,0.004879711641,0.003596043644,0.007760161946,0.5131506931,0.001254824977,0.001855603199,0.01045395937,0.231431499,-0.01024924581,-0.5748321213,-0.05784540405,-0.009019939403,0,-0.02101612368,0.04518387514,0,0.001855603199,0,0.01510793947,0,0.003596043644,0,-0.5602057554,0.00331080722,0.1891145491,-0.05550612903,0.003480243462,0,-0.0008862910241,0.03420376188,0,0.01045395937,0,0.04458371684,0,0.007760161946,0
1,1,1,1,3,1500,500,v1,0,0,0,0,0,0,0,0,0,0,0,0,0,0,0.7026769342,0,0,0,0,0,0,0.2715536866,0,0,0,0,0.01046538475,0,0,0,0,0,0,0.004044410271,0,0,0,0,0.008121126437,0,0,0,0,0,0,0.003138457684,0,0,0,0,0,0,0,0,0,0,0,0,0,0,0,0,0,0,0,0,0,0,0,0,1.02614078,0,0,0,0.3965572312,0.02576463374,0,0,-0.9742299732,0,0,0,0,0,0,0,0,0,0,0,-0.9629748681,0,0,0.01450953349,0,0,0,0,0,0,0,0,0,0,0,-0.9597204415,0,0,0.01125510024,0,0,0,0,0,0,0,0,0,0,0,0,0,0,0,0,0,0,0.3965572312,0,0,0,1.02614078,0,0,0
1,1,1,1,1,1500,500,v1,0.03694875189,0.03612275456,0.01915607679,0.04769295776,0,0,0.00743145627,0,0,0.07079252852,0,0,0.008827406026,0.1715363288,0.01532352597,0.002956229192,0,0,0.2353948229,0,0,0.00948431258,0,0,0.02386079679,0.04269688791,0.003814159225,0.01810714581,0.005580000139,0.002959101886,0.05859182391,0.001147961376,0,0.002360728098,0.01093555361,0,0.04391514772,0.004043920592,0.007019856347,0.03332570953,0.01050467276,0.005446146564,0.001354277357,0.01355929196,0,0.004344855876,0.02012658908,0,0.003541650644,0.000326132433,0.006337485788,0.002687638019,0.0008471764982,0.0008282376846,0.0001092191994,0.001093524162,0,0.008696766194,0.0001703915498,0,0.07185254095,-0.08381708147,-0.04331658555,-0.08954347523,0,0,0,0.02588761872,0.007948540818,0.1838523592,0.01117533356,0.0197941368,0.00286605434,0.2521723696,0.006123854913,0.1277221456,-0.01012985375,-0.4062007509,-0.02081721575,0,0,0,0.0197941368,0.03841457877,0.04444345693,0.01618725757,0.02588761872,0.0495382462,0.009138352176,0.05951501031,-0.5756585805,0.02977527849,0.1005913301,0.006003327934,0.006610092616,0.01381871834,0,0.00286605434,0.0495382462,0,0,0.007948540818,0.03841457877,0,0,-0.1463326697,-0.06628518719,0.002514210381,0.003281095501,0.02326555155,0.02525657838,0,0.2521723696,0.009138352176,0,0,0.1838523592,0.04444345693,0,0,-0.4469929935,0.006055405034,0.0004059132697,0.01492626831,0.001916313243,0.0009852868617,0,0.006123854913,0.05951501031,0,0,0.01117533356,0.01618725757,0,0
1,1,1,1,0,1500,500,v1,0.001904622825,0.003417264401,0.0004804197557,0.0036424203,0,0.004632856463,0.0003203258655,0,1.943432437e-05,0.003205571991,0.003239915142,0.0002759558982,0.0006621687505,0.0001998797981,0.002856086885,0.0001846989648,0,0.006525211451,0.00117622455,0,2.737254585e-05,0.0003658216426,0.004563303775,0.0003886739425,0.01728058815,0.0002015237464,0.002879577298,0.0166186062,0.004852679995,0.0006822191858,0.001185898626,0.0004548781531,2.75976764e-05,0.0003688304101,0.00455206658,0.000391870663,0.1003531838,0.003877025369,0.01672250661,0.09650887033,0.01570669067,0.00396183664,0.001081420063,0.03003763695,0.03820538241,0.002141900819,0.02643511725,0.02671833198,0.1929206197,0.007453257673,0.002249812662,0.185530248,0.03019480183,0.05417535697,0.00207893981,0.05774484992,0,0.01323938142,0.005078263217,0,-0.1748659369,0.005544528903,0.003717264004,0.003649253949,0,0.007844129391,3.4376013e-05,0.1135039358,0.004374811326,0.00277254231,0.01656758773,0.1082118711,0.001223145502,0.01630008048,0.002121129901,-0.09103569259,0.000823548539,0.001353426286,0.003065580937,0,0.01092687164,-0.000114033292,0.1082118711,0.01873772963,0.06881688242,0.004183599235,0.1135039358,0.03600017741,0.00644236961,0.02782266773,-0.2933373256,0.03384558643,0.001360338479,0.00314324473,0.005229077921,0.005184314719,-9.228789425e-05,0.001223145502,0.03600017741,0,0.04052277945,0.004374811326,0.01873772963,0,0.0283304538,-0.3987925767,0.1947841348,0.004810752529,-0.01866797077,0.04497664474,-0.03017107997,-0.06467315644,0.01630008048,0.00644236961,0,1.913247252e-05,0.00277254231,0.06881688242,0,0.0002387852876,0.2964452999,-0.3764402594,-0.009366272278,-0.01542884663,-0.08701311167,-0.05911917663,0,0.002121129901,0.02782266773,0.0283304538,0.0002387852876,0.01656758773,0.004183599235,0.04052277945,1.913247252e-05
1,1,1,1,4,1500,500,v1,0.004844242219,0.004496553913,4.129681308e-05,0.01110055553,0,0.06247594298,0.00322572969,0,9.284893649e-05,7.357804889e-05,0.8076480684,0.0005702179584,0.001160203276,6.386612992e-06,5.283334273e-05,0.001949135638,0,0.001518050465,4.989302147e-05,0,2.256058324e-06,1.716753345e-05,0.01962436207,1.385524725e-05,8.869963706e-05,1.068477212e-06,8.838992247e-06,1.941107387e-05,1.827880746e-05,1.678744455e-07,8.347077948e-06,1.311281774e-05,3.774374478e-07,2.8721199e-06,2.990999362e-07,2.317976048e-06,0.0005013272561,0.001097054556,4.9957676e-05,0.0001097107127,0.0001112995421,9.488205128e-07,0.001843046108,0.0002550423145,0.001435424476,1.623312153e-05,1.690502411e-06,0.0185562274,0.00687613664,0.01504705148,8.283004922e-05,0.001504777253,0.001526569422,0.001417002164,0.02527897041,0.003498125789,0,0.0006470787301,0.001016526442,0,0.04881317381,-0.01570431328,-0.007553645756,-0.0001131942892,0,-0.8700770689,-0.0006598587135,0.009336200273,0.0191513229,0.0001075649202,4.622231872e-05,0.002024849304,0.03218174751,0.000843643489,1.941679154e-05,-0.8887405425,0.003084964462,3.498792948e-05,-2.476878748e-05,0,0.02114133487,1.601321503e-05,0.002024849304,0.004753352828,0.004508730112,6.083083957e-05,0.009336200273,0.0109197326,0.003211010533,0.0001066077054,-0.01429814135,0.0001051679091,6.2063317e-06,1.573950601e-06,3.095414572e-05,3.427794658e-07,2.671502006e-06,0.03218174751,0.0109197326,0,0.08927765,0.0191513229,0.004753352828,0,1.154142684,-0.9051524892,0.0005922880202,0.002891873848,-2.056456999e-05,0.0003517416242,1.225812923e-06,0.01998884424,0.000843643489,0.003211010533,0,0.0001345211351,0.0001075649202,0.004508730112,0,0.0008272398572,-0.01615977481,-0.008271488983,-0.04019888524,-0.0006753332016,0.004903848042,0.002376197843,0,1.941679154e-05,0.0001066077054,1.154142684,0.0008272398572,4.622231872e-05,6.083083957e-05,0.08927765,0.0001345211351
1,1,1,1,1,1500,500,v1,0,0,0,0,0.06194856731,0,0,0.02102412341,0,0,0,0,0.00243398138,0.0009660006614,0,0.0009887517813,0.006562313626,0,0.0004416292028,0.002227119972,0,0,0,0,0,0.004974009495,0,0,0,0,0.002273981723,0,0,0,0,0,0,0.01861228806,0,0,0,0,0.00756083556,0,0,0,0,0,0,0.1554744723,0.06170484471,0,0,0,0.06315810906,0,0.4191783292,0.02820977508,0,0.1422608674,-0.5523343959,0,0,0,0.08277819532,0,0,0,0.2014325206,0.08324431692,0,0,0.0817788197,0.03799730975,0,-0.7528053555,0.003421082151,0.001406568398,0,0.008786193464,0,0,0,0,0,0,0,0,0,0,-0.08797585677,0,0.00714810566,0,0,0,0,0.0817788197,0,0.5258584969,0,0.2014325206,0,0.178475806,0,-0.2149211683,0,0.02611360787,0,0,0,0,0.03799730975,0,0.178475806,0,0.08324431692,0,0.5258584969,0,0.1296537509,0,-0.2183422504,-0.0893824252,0,0,-0.561120589,0,0,0,0,0,0,0,0
1,1,1,1,4,1500,500,v1,0,0,0,0,0.4504236661,0,0,0.0966525425,0,0,0,0,0,0,0,0,0.2181578819,0,0,0.04681262451,0,0,0,0,0,0,0,0,0,0,0,0,0,0,0,0,0,0,0,0,0,0,0,0,0,0,0,0,0,0,0,0,0,0,0,0,0.1547473759,0,0,0.03320590912,0.4524496894,0,0,0,-0.5459824852,0,0,0,0,0,0,0,0,0,0,-0.3581151918,0,0,0,0.2645823959,0,0,0,0,0,0,0,0,0,0,0,0,0,0,0,0,0,0,0,0.1156333347,0,0,0,0.02466586047,0,0,0,0,0,0,0,0,0,0,0.02466586047,0,0,0,0.1156333347,0,-0.2814000892,0,0,0,0,0,0.1878672935,0,0,0,0,0,0,0,0
1,1,1,1,1,1500,500,v1,0.04664727735,0.1403241224,0,0.04659534909,0.04689408888,0,0.03475642497,0.3404437067,0,0,0,0,0,0,0,0,0.02171611373,0,0,0.1576555687,0,0,0,0,0,0,0,0,0.09488024294,0,0,0.02350057843,0,0,0,0,0,0,0,0,0.007312412798,0,0,0.007304272539,0,0,0,0,0,0,0,0,0.002274507905,0.006842164085,0,0.002271975898,0.002286542365,0,0.001694713343,0.01659993779,0.3270712647,-0.09305660574,-0.1605154618,0,-0.385536865,0,0,0,0,0,0,0,0,0,0,-0.3666998932,0,0,0,0.1777538264,0,0,0,0.0555875723,0.05874185303,0,0,0.05553200143,0.01477597383,0,-0.1520548079,0,0,0,0.1030429234,0,0,0,0.05553200143,0.03478046852,0,0,0.0555875723,0.2486386338,0,-0.08858429476,0,0,0,0.01450457922,0,0,0,0.01477597383,0.2486386338,0,0,0.05874185303,0.03478046852,0,-0.3438076049,0,0,0,0.004472310939,0.008460653901,0.01883697087,0,0,0,0,0,0,0,0
1,1,1,1,3,1500,500,v1,0.001872319932,0.003804629492,0.008365576807,0.03038770701,0.005413907754,8.737806364e-05,0.001366307873,0.00500112835,0,0.01083234594,0.0002071805616,0,0.09616099058,0.001377138639,0.001941481507,0.01699233018,0.005871837592,9.47688476e-05,0.003442849632,0.005424143665,0,0.01063260576,0.0002247047171,0,0.001196281334,0.002006942976,0.002829375753,0.001565721028,0.006013577644,0.01322258732,0.005017361862,0.002159579139,0,0.01549519623,0.01712154981,0,0.0008508211566,0.0996692642,0.002012313227,0.001113574657,0.002104774472,0.009404190067,0.01761226706,0.03416043854,9.82263312e-05,0.01102051868,0.01217721652,0.0002329026945,0.002549261382,0.2986326847,0.004276771761,0.003336533004,0.006306402044,0.01281486288,0.05277051695,0.1023527519,0.01823528038,0.01069193883,0.00460203762,0.01684494487,-0.1216213697,0.02642935563,0.003567572701,0.002107685931,0.007313237559,-0.0001477866273,0,0.002070451916,0.1537678265,0.002936422704,0.001929965526,0.002800350623,0.02775681797,0.007229397116,0.0105117769,-0.2746626005,0.1101387383,0.00409176266,-0.0003770046281,0.008394751,-9.355002593e-05,0,0.002800350623,0.004072736479,0.01064696532,0.0108426958,0.002070451916,0.05898116668,0.003790025903,0.01056371786,-0.0172131885,0.0001810693593,0.003011021256,-0.01115902833,0.002354384524,-0.0193887714,0,0.02775681797,0.05898116668,0.01222492212,0.0001284159389,0.1537678265,0.004072736479,0.01194842406,0.0003278865221,-0.346526505,0.001680028896,0.1152466658,0.003241538014,0.03424178878,0.003010143034,-6.286498771e-05,0.007229397116,0.003790025903,0.01194842406,0,0.002936422704,0.01064696532,0.01222492212,0,0.3166503761,-0.005108299949,-0.3464018335,-0.01387999713,-0.1027070799,-0.01554661802,-0.03182355269,0.0105117769,0.01056371786,0.0003278865221,0,0.001929965526,0.0108426958,0.0001284159389,0
1,1,1,1,2,1500,500,v1,0,0.05564489277,0.01986351958,0,0.003659379142,0.01846222713,0.005803828831,0.01861406296,0.001876287125,0.002242506803,0.03165973601,0.007293222442,0.0676055852,0.01098262152,0.0002162852937,0.01488264126,0.001370193262,0.00691287189,0.02655466759,0.006969724274,0.0007025443048,0.0001544649316,0.01185445816,0.002730825054,0.001838909133,0.0008307700937,1.636069799e-05,0.009091093208,0.001576066602,0.0005626074244,0.0020087029,0.0001643856305,5.314330437e-05,1.168435474e-05,6.351598324e-05,0.0002065706974,0.006548690086,0.01821174589,5.826342302e-05,0.0323750374,0,0.002003547427,0.004009119661,0,0.00186220511,4.161011365e-05,0.0002261919756,0.00319338083,0.04921633016,0.1368694024,0.02223462513,0.2433128624,0,0.04218164608,0.03013032443,0,0.002773994668,0.05376066894,0.004399596108,0.01411040217,0.06425352427,0,-0.04577476284,-0.02199637123,-0.01376707906,-0.04841373255,-0.008431703557,0.0612375654,0.07679526339,0.01565491755,0.0001913941551,0.3026874181,0.01712062981,0.03774344014,0.0001633135035,-0.2751936666,0.08001304799,0.03594218025,-0.0002067741575,0.008161236098,0.01642755991,0.002466168004,0.3026874181,0,0.02810243752,0.02589092779,0.0612375654,0,0.003367652126,0.002917753863,-0.340626076,0.0108505392,0.00282263585,1.612701768e-05,0.001725528508,0.0006078299982,0.0002375351116,0.01712062981,0,0.0006191992855,0.01495750493,0.07679526339,0,0.001122861496,0.02562484998,-0.4197520626,0.03884760355,0.0221118473,-4.582463224e-05,0,0.002182753515,0.004931269393,0.03774344014,0.003367652126,0.001122861496,0.00176524909,0.01565491755,0.02810243752,0.0006191992855,0.006826751564,0.1409327758,-0.2923147985,-0.1647354906,-0.07436372115,0,0.02306917448,0.004444469108,0.0001633135035,0.002917753863,0.02562484998,0.006826751564,0.0001913941551,0.02589092779,0.01495750493,0.00176524909
1,1,1,1,2,1500,500,v1,7.860323458e-06,0.003754464811,0.01624114573,5.884535603e-05,0.005717461914,0.005215601475,0.02028490161,0.01820823361,2.021208707e-05,0.001105135404,0.001157053185,5.546045072e-06,0.0007649362508,0.02742110228,0.01613641985,0.001628746265,0.004402467681,0.004016033212,0.01412765791,0.01402040997,1.556338485e-05,0.1253653369,0.0008909354062,4.270476053e-06,0,0.05505008693,0.03239517165,0,0.005803821337,0.02510629687,0.02836241914,0.03135731741,3.124475741e-05,0.2516810821,0.001708368239,8.573327052e-06,0,0.001179179706,0.02487493407,0,9.330138001e-06,0.01927810373,0.002510777257,6.984894393e-05,0.006190875195,0.1932556614,0.001311786453,0.001373412424,0,0.0003579664427,0.01283222547,0,2.832372618e-06,0.001352876046,0.0007622027403,2.120421328e-05,0.002060218342,0.006611305766,0.007309419283,0.006561117054,-0.0429906329,-4.853496901e-05,-0.002543375783,-0.004575893041,-0.01848168289,-0.003169010217,-8.074463034e-06,0,0.001275375679,0.02695021839,-0.01245175707,0,0.002366995053,0.01158224954,-0.09323300195,-0.1482719078,8.562864536e-05,0.03526168099,0.131745996,-0.007861367687,0.001676850891,8.018603131e-06,0,1.801375491e-05,0.006479141518,0.0174545825,0,0.0001245802122,0.03775374371,0.001353171597,0.3627366665,0,-0.07437093332,-0.2393518711,-0.03234997993,-0.01392283707,-3.098793743e-05,0.002366995053,0.0001245802122,0.009252071349,0.00605012934,0.001275375679,1.801375491e-05,0.02749215238,0.001701654904,-0.1278190601,0,-0.002256138589,0.1780623811,-4.487543963e-05,0.005960227372,-0.003675696839,0.01158224954,0.03775374371,0.02749215238,3.615057792e-05,0.02695021839,0.006479141518,0.009252071349,1.041511805e-05,-0.1026095787,0,-0.0002577372083,0.01342094036,-1.652236079e-06,0.005404765593,0.001846901411,-0.09323300195,0.001353171597,0.001701654904,1.041511805e-05,-0.01245175707,0.0174545825,0.00605012934,3.615057792e-05
1,1,1,1,2,1500,500,v1,0.04120100212,0.0003889193701,0.03979858584,0.00473038275,0.02850541151,0.05045894746,0.0009187742942,0.02350583459,0.08608316968,0.1606956949,0.1212460239,0.1074511912,9.732397969e-05,3.381826349e-05,7.91437583e-05,0.002520318513,0.0008536577518,0.001511105063,5.787934803e-06,0.0007039343357,0.002577951386,0.0009757214725,0.00363098102,0.003217864168,0,0.0007735852257,0.001810395798,0,0.0002664237337,0.02726346038,0.0001323977162,0.0006293933827,0.05897006229,0.02231941081,0.1100823212,0.07360792429,0,8.32331914e-05,6.768514403e-05,0,0.001055214962,0.001019297131,0.002155421037,0.0001211516807,0.001292323817,0.000834454287,0.004115640222,0.003105279287,0,0.0001573805826,5.468681024e-05,0,0.001995241834,1.883420687e-05,0.004075554628,0.0002290783492,0.001380432189,9.359548943e-06,4.449350291e-05,0.001138317568,0.2760713055,-0.04585838194,-0.0008295075761,-0.1907137641,-0.05193622197,-0.1716047542,-0.1826599183,0,0.0001298646973,0.0009151120075,0.002483547289,0,0.001233123565,0.0001539268157,0.03068041848,-0.3031157011,-7.328880303e-05,3.145272244e-05,0.001024138337,0.001513970155,0.005093450353,0.005713920503,0,0.05719144129,0.0001158061143,0.01765088595,0,0.006567770703,0.0003511074087,0.07029775149,-0.3614265546,0,-0.0007801973485,-0.02396615613,0.000481097758,0.1269801059,0.1209402668,0.001233123565,0.006567770703,0.03942595342,0.07148857741,0.0001298646973,0.05719144129,0.0324869812,0.1717119915,-0.298530459,0,0.0007610104181,0.0008327073486,0.00116766968,0.005101233159,0.004377590504,0.0001539268157,0.0003511074087,0.0324869812,0.03771414703,0.0009151120075,0.0001158061143,0.03942595342,0.04629444958,-0.09552239653,0,-0.001596380456,3.605207748e-05,0.002184571223,3.713413617e-05,0.002480295831,0.03068041848,0.07029775149,0.1717119915,0.04629444958,0.002483547289,0.01765088595,0.07148857741,0.03771414703
1,1,1,1,3,1500,500,v1,0,0.0006819539809,0.03680584039,0,0.006365562932,0.01433436785,0.0521954642,0.004172284394,8.022194669e-05,0.005361425744,0.001926657794,0.01133245612,0,0.001558138174,0.0007420272668,0,0.03285107508,0.07397608031,0.1887610126,0.02153211419,0.0004140053633,0.01448866159,0.009942998056,0.05848396611,0,0.0004749723881,0.0002261946141,0,0.001072828334,0.05790177864,0.05754064077,0.08211224582,0.0001262026176,0.0044166264,0.008434424627,0.01782785989,0,0,6.541486256e-05,0,0,0.01674503571,0,0,0.006521505802,0.001277276252,0.002439212489,0.0008765444079,0,0,0.0006199412823,0,0,0.001400272079,0,0,0.01307055944,0.07510293128,0.107174169,0.008567049254,-0.2345785059,0,0.02699776635,0.01522445232,0.00817093023,0.01442475633,0.009546257451,0,0,0.0007748535157,0.00073987473,0,0,0.09035749914,0.01527337562,0.195502829,0,-0.1849041869,-0.01412980319,-0.05108175271,-0.08232859509,-0.05649558356,0,0,0.0002217994952,0.03263959851,0,0,0.02011196069,0.00433811875,-0.1746179056,0,0.05464266841,0.00229599985,0.01101009858,-0.04991824131,0.01445703218,0,0,0.02631909132,0.0813365706,0,0,0.01566798255,0.01094795015,-0.1144314312,0,0,0.001158303158,0,0.01004197751,0.00638082496,0.09035749914,0.02011196069,0.01566798255,0.0003842596013,0.0007748535157,0.0002217994952,0.02631909132,0.04835418134,-0.1351644762,0,0,0.06950661678,0,-0.05156370502,0.01491943993,0.01527337562,0.00433811875,0.01094795015,0.04835418134,0.00073987473,0.03263959851,0.0813365706,0.0003842596013
1,1,1,1,0,1500,500,v1,0,0.08979520469,0,0,0,0,0.02515198778,0,0,0,0,0,0,0,0,0,0,0,0,0,0,0,0,0,0,0,0,0,0.2672305787,0,0,0.07485232951,0,0,0,0,0,0,0,0,0,0,0,0,0,0,0,0,0,0,0,0,0,0.4241608012,0,0,0,0,0.1188090981,0,-0.2007234468,0,0.1149145457,0,0,0,0,0,0,0,0,0,0,0,0,0,0,0,0,0,0,0,0,0,0.1003406304,0,0,0,0.02837272177,0,-0.4255251167,0,0,0,0.3397162152,0,0,0,0,0,0,0,0,0,0,0,0,0,0,0,0,0,0,0.02837272177,0,0,0,0.1003406304,0,0,0.454630761,0,0,0,0,-0.5404396615,0,0,0,0,0,0,0,0,0
1,1,1,1,0,1500,500,v1,0,0.006366738639,0.0002707845579,0,0.005870558926,0.005418832085,0.003441547697,0.006789380216,9.607655338e-05,0.0002456904384,0.00847819106,6.083735562e-05,0,0.0005461418933,0.09822034076,0,0.1343087353,0.123973968,0.002336198612,0.1553298556,0.002198073564,0.02773125189,0.1939670708,0.001391858662,0,5.021987543e-05,0.009031743102,0,0.01339405166,0.0005696640874,0.0002148225667,0.007240169615,0.0002021214302,0.002549996681,0.0005168722341,0.0001279868281,0,0,0.0001436938571,0,0,9.063281481e-06,0,0,0.0001813707579,4.057011528e-05,8.223369965e-06,0.0002837688848,0,0,0.000199044181,0,0,0.05308671159,0,0,0.04894949931,0.0008514394248,0.02869608137,0.05661075314,-0.5654028803,0,0.009778523163,0.0002310608468,0.01265108825,0.01388189646,0.0001555318206,0,0,0.0004592242931,0.1335024581,0,0,0.001950651447,0.03770344896,0.1448393488,0,-0.002808258372,-0.1258759226,-0.2882737658,-0.3173321973,-0.003361014626,0,0,0.04977393683,0.0004294743659,0,0,0.0268890967,0.0003627264209,-0.2020079196,0,0.0002448344336,0.01155824484,0.02038733025,-0.0007686502363,0.0003030698015,0,0,0.1190678448,0.1771381357,0,0,0.1376994783,0.2773428491,-0.4183055672,0,0,0.000180406469,0,9.455531049e-06,0.0004629749414,0.001950651447,0.0268890967,0.1376994783,0.002703102324,0.0004592242931,0.04977393683,0.1190678448,0.001650517176,-0.2480202473,0,0,0.0009568401111,0,-0.08127454274,0.1044444618,0.03770344896,0.0003627264209,0.2773428491,0.001650517176,0.1335024581,0.0004294743659,0.1771381357,0.002703102324
1,1,1,1,2,1500,500,v1,0.000470543857,0.008475514401,0.005928917369,0.000252495841,0,0,0.007864932047,0,0,0.01581309788,0,0,0.3269638703,0.02569403802,0.04155249637,0.06248944482,0,0,0.04594830012,0,0,0.3721410929,0,0,0.0006376046179,0.001107251729,0.001790651723,0.001565825828,0.001651160652,0.001155044356,0.001980083267,0.001532209812,0,0.01603694476,0.003080634847,0,0.000444996332,0.009833740589,0.001249729732,0.001092819485,6.397765975e-05,0.0008061273195,0.001879427808,3.433068515e-05,0,0.01119248731,0.002150033373,0,0.0006808392964,0.01504551059,0.001182332227,0.001672001308,9.78850874e-05,0.001763122514,0.002875503041,5.252555547e-05,0,0.002114348705,0.001636105858,0,0.01353269673,-0.0006929295818,-0.01597134526,-0.02122024182,0,0,0,-0.0001692884083,0.45310019,0.03500499837,0.05773768773,-0.001348317262,0.08659510017,0.06257297586,0.517196018,0.06614593013,-0.3894168049,-0.0713351394,-0.4135319642,0,0,0,-0.001348317262,0.0004798191467,0.007465886533,0.005883587909,-0.0001692884083,0.0002544365573,0.006966901468,0.01547709816,-0.4999609472,0.000582233217,0.00306927225,0.01781063412,0.00315900802,0.004148104774,0,0.08659510017,0.0002544365573,0,0,0.45310019,0.0004798191467,0,0,-0.7846704711,0.0008087265492,0.01170807928,0.01243219568,8.557510927e-05,0.002831679654,0,0.06257297586,0.006966901468,0,0,0.03500499837,0.007465886533,0,0,-0.4580033226,-0.0003792226512,0.01791186577,0.003213883866,0.0001178506702,0.003190478568,0,0.517196018,0.01547709816,0,0,0.05773768773,0.005883587909,0,0
1,1,1,1,1,1500,500,v1,0,0.01127087988,0.01479811265,0,0.02876987057,0.02039150055,0.1257804574,0.04133791865,0.1201542723,0.02483629876,0.02965734555,0.05795476745,0,0.007374733695,0.003738651564,0,0.001245087606,0.0008824928337,0.004516534489,0.001789001103,0.005199974566,0.002696387524,0.00128349529,0.002508136507,0,0.08319788096,0.04217750777,0,0.005502825558,0.007224940146,0.0509531753,0.06141028239,0.0586633881,0.03041923106,0.01212592283,0.02829548173,0,0,0.01704798381,0,0,0.002920292572,0,0,0.004024104222,0.01229533432,0.00490125062,0.005852646752,0,0,0.02362062234,0,0,0.001562301381,0,0,0.003987905915,0.01446606208,0.01743492829,0.005730012929,0.2284201686,0,-0.1361930356,-0.03925613726,-0.06985383225,-0.04985090766,-0.1750590405,0,0,0.07788570437,0.03240078823,0,0,0.04781369501,0.0233718651,-0.330381251,0,0.01184586476,0.006301871668,0.003021001044,0.002150025499,0.007686055462,0,0,0.006314796158,0.007157916231,0,0,0.06987623954,0.01174763654,-0.232205962,0,-0.1329690747,-0.07197451359,0.06644930267,0.01894817405,0.08418647981,0,0,0.03520654912,0.02320009692,0,0,0.05058746044,0.03381872024,-0.1336814867,0,0,0.02849087283,0,0.007704261363,0.009688337361,0.04781369501,0.06987623954,0.05058746044,0.08450373971,0.07788570437,0.006314796158,0.03520654912,0.04027601706,-0.2576997725,0,0,0.03732361056,0,0.01894970907,0.009636824842,0.0233718651,0.01174763654,0.03381872024,0.04027601706,0.03240078823,0.007157916231,0.02320009692,0.08450373971
1,1,1,1,2,1500,500,v1,0,0,0,0,0,0.001003010989,0,0,0,0,0.08574480105,0,0.05092550529,0,0.1563621676,0.02137429346,0,0.004904816079,0,0,0,0.0568820502,0.4192999713,0,0,0,0.01111977798,0,0,0,0,0,0,0.004045196987,0,0,0,0.01247091774,0.03829082732,0,0,0,0.005234254503,0,0.001201118329,0.0139295892,0,0.1026804824,0,0.01023529405,0,0,0,0,0.004295925537,0,0,0,0,0,-0.3201094157,0,0,0,0,0.08659078741,0,0,0.04243220516,0,0.1604254086,0,0.01779129119,0,0.05836158754,0.2896235881,-0.07213341108,0,-0.2131836222,0,-0.4238321766,0,0,0,0,0,0,0,0,0,-0.1610178922,0,0,0.01515989586,0,0,0,0.01779129119,0,0,0.004041400387,0.04243220516,0,0,0.3462365428,-0.5929743774,0,0.01756026339,0.05216572999,0,0,0.1037227608,0,0,0,0,0,0,0,0,-0.05457314772,0,0.01442415014,0,0,0,0,0.05836158754,0,0.3462365428,0,0.1604254086,0,0.004041400387,0
1,1,1,1,3,1500,500,v1,5.333309233e-05,0.02390795977,0.04003787388,0.0001178235856,0.005713437017,0.01037894755,0.09085433453,0.02480297724,4.825672315e-06,0.02186412622,0.001718514763,9.582864005e-07,0.072056457,0.001689268467,7.041160342e-06,0.01257660639,0.0220489209,0.04005375273,0.001277369818,0.0957180208,1.862291767e-05,5.50021152e-05,0.006631979307,3.69815594e-06,0,0.001175097151,4.89800622e-06,0,0.06418115225,0.1074820647,0.0008885702085,0.2438993512,1.295456461e-05,3.826083902e-05,0.05869446106,2.572529231e-06,0,0.003641453908,3.558329386e-07,0,1.040132278e-05,0.007808413711,0.0006355729156,2.297862528e-05,0.002024161338,2.779593608e-06,0.004264066157,0.0003351545159,0,0.003695866794,8.66447157e-05,0,1.055674586e-05,0.004732338671,0.0006450700444,2.33219863e-05,0.001130917033,6.551791316e-05,0.01798369601,0.004909498321,-0.5933496955,-0.0001073575787,0.1142942617,0.06160690932,0.03034618395,0.01137383207,3.677466867e-06,0,0.0965597328,0.0009132485048,4.037219236e-06,0,0.01684069691,0.0009536406329,4.032832856e-05,0.05897672762,-0.08414396399,-0.001636969951,-1.730453337e-05,-0.1174728567,-0.04580120214,-1.090976101e-05,0,4.579150547e-05,0.05318145901,0.08933700261,0,6.945120529e-05,0.2024479652,0.0488185864,0.2091353302,0,0.0002426588407,-1.538661649e-05,-0.3074087754,-0.1657585721,-5.604140928e-06,0.01684069691,6.945120529e-05,0.02282340824,0.04131344415,0.0965597328,4.579150547e-05,0.09885065296,0.006841272428,-0.2185627496,0,0.00425571777,3.114117975e-06,1.819496558e-05,0.01204793649,0.002324225652,0.0009536406329,0.2024479652,0.09885065296,1.557832775e-05,0.0009132485048,0.05318145901,0.02282340824,3.676324863e-06,-0.3616129032,0,0.004287958925,0.0001497183509,1.233413924e-05,0.02269489754,0.006010631777,4.032832856e-05,0.0488185864,0.006841272428,3.676324863e-06,4.037219236e-06,0.08933700261,0.04131344415,1.557832775e-05
1,1,1,1,0,1500,500,v1,0,0.1174270656,0,0,0,0,0.4127085178,0,0,0,0,0,0,0,0,0,0,0,0,0,0,0,0,0,0,0,0,0,0.03076694365,0,0,0.1081333306,0,0,0,0,0,0,0,0,0,0,0,0,0,0,0,0,0,0,0,0,0,0.07330982726,0,0,0,0,0.257654315,0,0.4616284451,0,-0.5202777197,0,0,0,0,0,0,0,0,0,0,0,0,0,0,0,0,0,0,0,0,0,0.01994504548,0,0,0,0.06802886586,0,-0.1974525605,0,0,0,0.1388032856,0,0,0,0,0,0,0,0,0,0,0,0,0,0,0,0,0,0,0.06802886586,0,0,0,0.01994504548,0,0,-0.3814744341,0,0,0,0,0.3228251595,0,0,0,0,0,0,0,0,0
1,1,1,1,1,1500,500,v1,0,0,0,0,0.01538059493,0,0,0.4585923865,0,0,0,0,0,0,0,0,0.004385648273,0,0,0.1307637914,0,0,0,0,0,0,0,0,0,0,0,0,0,0,0,0,0,0,0,0,0,0,0,0,0,0,0,0,0,0,0,0,0,0,0,0,0.01268411902,0,0,0.3781934599,0.4244475174,0,0,0,-0.3764213791,0,0,0,0,0,0,0,0,0,0,-0.08699846058,0,0,0,0.1350245976,0,0,0,0,0,0,0,0,0,0,0,0,0,0,0,0,0,0,0,-0.001385411654,0,0,0,-0.07065379497,0,0,0,0,0,0,0,0,0,0,-0.07065379497,0,0,0,-0.001385411654,0,-0.2413967809,0,0,0,0,0,0.2894229192,0,0,0,0,0,0,0,0
1,1,1,1,1,1500,500,v1,0,0,0,0,0,0,0,0,0.0001822334413,0,0,0.0008341885773,0,0.01006319613,0.04852591379,0,0,0,0.07323012762,0,0.1001338216,0.1360769367,0,0.4583708102,0,0.0001801005938,0.0008684662183,0,0,0,0.001310596484,0,0.001792090752,0.002435363157,0,0.008203442926,0,0,0.0009576545127,0,0,0,0,0,0,0.002685466018,0,0,0,0,0.01862379241,0,0,0,0,0,0,0.1355257989,0,0,-0.548262471,0,0,0,0,0,0.001013410402,0,0,0.01234303227,0.06972358089,0,0,0.0910798192,0.1958687868,-0.1319372628,0,0.08087876353,-0.1839629485,0,0,-0.558237759,0,0,0,0,0,0,0,0,-0.80800881,0,0.001488335272,0.003285979237,0,0,0.009975287907,0,0,0,0,0,0,0,0,-0.1806769695,0,0,0.003615390907,0,0,0,0.0910798192,0,0,0.1471564139,0.01234303227,0,0,0.6737171727,0.08236709888,0,0,-0.1513156663,0,0,0,0.1958687868,0,0,0.6737171727,0.06972358089,0,0,0.1471564139
1,1,1,1,4,1500,500,v1,0,0,0,0,0,0.1095779923,0,0,0,0,0.1505143631,0,0.003815100434,0,0.02077536926,0.002824288519,0,0.2298027163,0,0,0,0.1013702991,0.3156528858,0,0,0,0.007125872891,0,0,0,0,0,0,0.03476962828,0,0,0,4.320197942e-05,0.0002352590949,0,0,0,3.198208188e-05,0,0.002602272834,0.001147911478,0,0.003574435251,0,0.009272248994,0,0,0,0,0.00686417221,0,0,0,0,0,-0.536944706,0,0,0,0,0.2578086309,0,0,0.006412652159,0,0.02012182304,0,0.004806508711,0,0.09842102713,0.2960717626,0.002379559901,0,-0.1209947239,0,-0.543100684,0,0,0,0,0,0,0,0,0,-0.1196956343,0,0,0.04066706772,0,0,0,0.004806508711,0,0,0.1764375267,0.006412652159,0,0,0.2422665879,-0.3731737959,0,7.464634932e-05,0.00129908954,0,0,0.006155977713,0,0,0,0,0,0,0,0,0.002454206251,0,-0.009933646832,0,0,0,0,0.09842102713,0,0.2422665879,0,0.02012182304,0,0.1764375267,0
1,1,1,1,1,1500,500,v1,0.2810433714,0,0.004969485891,0.03187527002,0,0.07095343272,0,0,0,0.068624465,0.07772008474,0,0,0,0,0,0,0.02200124074,0,0,0,0,0.02409944423,0,0,0,0,0,0,0.01550220848,0,0,0,0,0.2140725996,0,0,0,0,0,0.06826112735,0.001207011956,0,0.007742014535,0.0172335013,0,0.01666783074,0.01887701737,0,0,0,0,0.05312462542,0,0,0.006025268526,0,0,0,0,0.005659357821,-0.3125472477,0,0.07305979224,0,-0.1480593369,0,0,0,0,0,0,0,0,0,-0.1120715145,0,0,0,0,0.0458859581,0,0,0.2392867782,0,0.01409593106,0,0.02715240541,0,0.1930177032,0.09092695185,0,0,0,0,-0.2290027078,0,0,0.02715240541,0,0.04746998541,0,0.2392867782,0,0.05180834883,-0.511589899,0,0,0,0.07584749262,0.01786715962,0.03598782235,0,0,0,0,0,0,0,0,-0.2366997551,0,0,0,0.05907363284,0,0,0,0.1930177032,0.05180834883,0,0,0.01409593106,0.04746998541,0
1,1,1,1,4,1500,500,v1,5.183124226e-05,7.606587329e-07,1.876981313e-06,5.17308646e-05,0,5.716037747e-05,9.772882344e-07,0,6.133537406e-06,7.440571835e-06,5.671803452e-05,1.912638459e-06,0.007629971021,0.006619279588,9.584082017e-05,0.001092774088,0,0.02929811353,0.007660499858,0,0.003143804908,0.0002329538399,0.0290713863,0.0009803416491,0.001583315087,0.01193771782,0.000172846705,0.001428624072,0.0007031451872,0.001735062413,0.01381553452,0.0009033952926,0.005669779523,0.0004201268684,0.00687798884,0.001768023516,0.004685149543,0.04071829453,0.0005114665223,0.004227407088,0.1417760519,0.005134181403,0.00583172558,0.1415014849,0.1563530467,0.001243187299,0.02035249114,0.1551430885,0.002114796793,0.01837954539,0.01594492945,0.001908179637,0.06399529774,0.0009391745203,0.002632341709,0.06387136287,0,0.01845308514,0.001206643885,0,-0.4398322647,0.0001013788735,9.309601404e-07,8.512787406e-06,0,0.0001131975327,5.602503461e-06,0.002272277846,0.02260433739,0.002033718073,0.0005362238867,0.002466902648,0.003244905533,0.001542245976,0.001283751117,-0.3552924454,0.00815350567,0.009230379804,0.0002359990928,0,0.05746882994,-0.0001291610302,0.002466902648,0.1186540974,0.001226886375,0.005666546994,0.002272277846,0.120968398,0.001153199558,0.0224806783,-0.04003874155,0.001488282845,0.006960788751,7.541953475e-05,-0.0004899471615,0.004772351963,-0.006044679963,0.003244905533,0.120968398,0,0.1908011376,0.02260433739,0.1186540974,0,0.1892006603,0.2124034205,-0.007207735662,-0.04384757093,-0.001524735297,-0.2788144164,-0.0235456816,-0.3109165593,0.001542245976,0.001153199558,0,0.006692374248,0.002033718073,0.001226886375,0,0.002559983477,-0.3044244032,0.002559999158,0.01846123664,-0.01857514458,0.1189647071,-0.001097707755,0,0.001283751117,0.0224806783,0.1892006603,0.002559983477,0.0005362238867,0.005666546994,0.1908011376,0.006692374248
1,1,1,1,1,1500,500,v1,0.01863841765,0,0,0.7697125315,0,0,0,0,0,0,0,0,0,0,0,0,0,0,0,0,0,0,0,0,0,0,0,0,0,0,0,0,0,0,0,0,0,0,0,0,0.0009245217187,0,0,0.03818006259,0,0,0,0,0,0,0,0,0.004079345418,0,0,0.1684651212,0,0,0,0,0.2115766782,-0.7882405925,0,0,0,0,0,0,0,0,0,0,0,0,0,0,0,0,0,0,0,0,0,0.02044699376,0,0,0,0.8445488816,0,0,0,0,0,0,0,0,0,0,0.8445488816,0,0,0,0.02044699376,0,0,-0.6157664346,0,0,0,0.0391025202,0,0,0,0,0,0,0,0,0,0,-0.7491380725,0,0,0,0.1724741581,0,0,0,0,0,0,0,0,0,0
1,1,1,1,3,1500,500,v1,0,0.0008376983899,0.02104800218,0,0.003839876339,0.001230229372,0.000303872683,0.03916629348,8.603413395e-06,0.02232330335,0.001134984594,7.077565678e-06,0.003309740815,0.0002422481245,0.1030664119,0.01347339216,0.0588164532,0.01884376524,0.0005973045256,0.5999210038,0.0001317808744,0.07113566861,0.0173848745,0.0001084090408,0.001404114894,1.989165914e-06,0.0008463066279,0.0004764557662,0.000105360994,0.002647299385,4.904631584e-06,3.821939774e-05,1.08208897e-06,0.0005841145213,0.002807699597,8.901764218e-07,0.001120735277,2.169226827e-05,0.0006755043314,0.0003802970733,0,0.002113019256,8.830553616e-05,0,0.0001235033296,0.0004662280504,0.002241047365,0.0001139416597,0.001261138525,2.440982789e-05,1.786615737e-06,0.0004279398536,0,9.463243299e-05,9.936825934e-05,0,0.0004337800391,4.405209194e-06,3.432764305e-05,0.004424506108,-0.6800490821,0,-0.001090092125,-0.04315432172,0.04299521523,0.002352992432,7.460748552e-06,-0.001066392821,0.004880938637,0.0003563403081,0.1520996519,-0.0003761776332,0.01982399781,0.0008782305676,0.105037998,0.05326501115,-0.01670283008,-0.0008360156619,-0.1739936176,-0.6586869714,-0.03613512038,-0.0002332333057,-0.0003761776332,0,0.0009653711624,0.0243660303,-0.001066392821,0,0.0003534257084,0.02581491566,-0.2125437538,-0.000239622243,6.838328461e-06,0.001428375867,0.0001153114717,0.005387483074,1.780250797e-06,0.01982399781,0,0.08181212951,0.02618289154,0.004880938637,0,0.8344414708,0.02413452806,-0.2604927242,0.0007603731802,0.000109897291,0.001140141531,0,0.004312874811,0.0002371813859,0.0008782305676,0.0003534257084,0.8344414708,0.000182462576,0.0003563403081,0.0009653711624,0.08181212951,0.000153525882,-0.6335678949,0.0004409626977,0.0001229751556,6.130086593e-06,0,9.558273789e-05,0.00485602333,0.105037998,0.02581491566,0.02413452806,0.000153525882,0.1520996519,0.0243660303,0.02618289154,0.000182462576
1,1,1,1,4,1500,500,v1,0.009337045235,0.03547645872,0.02212240081,0.002922822542,0.05819031853,0.0007635716577,0.007247837371,0.03202700604,0,0.006185417323,0.0014960506,0,0.0001740794583,0,0,0.0003318756194,0.003358099415,4.40648823e-05,0,0.001848243367,0,0,8.633543811e-05,0,0.02574350204,0,0,0.002111943001,0.2900534213,0.1808714363,0,0.05925788826,0,0,0.05057160499,0,0.0002550300576,0.0002443240312,0,2.092213191e-05,0.0007562596622,0.00179181732,0.0004657941265,0.0002367357909,6.18459512e-05,0,0.0005009916411,0.000121173529,0.004108003779,0.003935551962,0,0.000337012028,0.01218177018,0.0462850994,0.007502974551,0.003813321193,0.07591920881,0,0.009456041704,0.04178469925,-0.6231954509,0.007565096093,0.04258546506,0.02828391598,0.06269811718,-0.002247011944,0,0.03186071177,0.00517962987,0,0,0.002617502166,0.009891445878,0,0,-0.04517792231,0.0004677593953,0,0,0.005178129892,0.0001218482412,0,0.002617502166,0.004256217101,0.3115609791,0.2353956566,0.03186071177,0.001660644553,0.06373119254,0.06581592125,0.1334025636,-0.02762183523,0,0,-0.3483852414,-0.2313834641,0,0.009891445878,0.001660644553,0.02793269179,0.0009921323125,0.00517962987,0.004256217101,0.0131924437,0.001926933195,-0.2441096494,0.000271519919,0.0006693727871,0,0.0009666108054,0.002291830037,0.0001791200329,0,0.06373119254,0.0131924437,0,0,0.3115609791,0.02793269179,0,-0.255605,0.004364839409,-0.01118451599,0,-0.01247628134,0.05560499427,-0.09529300401,0,0.06581592125,0.001926933195,0,0,0.2353956566,0.0009921323125,0
1,1,1,1,1,1500,500,v1,0.0003727072445,0.0001816091769,0.0003958773953,0.01199886174,0.01171544062,0.001815125545,0.0002705864935,0.00232091002,0,0.003480239655,0.003008950532,0,0.2201549913,0.01587288263,0.06224854154,0.03857546109,0.1670625068,0.02588374039,0.07725140381,0.03309624097,0,0.03245481278,0.04290771767,0,0.004307474065,0.0002863618761,0.001123022803,0.001354762652,4.67215832e-05,0.0001018451764,0.001393688685,6.96122827e-05,0,0.0005855156429,0.0008953419058,0,0.003200752896,0.002951327511,0.0008344840699,0.0010066829,7.124872072e-05,7.567805132e-05,0.0005171303129,0.002293766922,0.0003469891582,0.0004350788563,0.0006653013239,0.0005752071612,0.05140538088,0.04739950871,0.003417441657,0.0161677329,0.001144283156,0.0005575752153,0.008305321141,0.03683882077,0.03596866325,0.01663227604,0.0008307527456,0.007125641589,-0.259002931,0.0118518646,0.0002132563759,-0.003582597485,0.0138625939,0.004746013833,0,0.06577156221,0.2539854234,0.01817938318,0.09024274666,0.02067914644,0.04447198472,0.08843853428,0.04710725039,0.1458152961,-0.2580364528,-0.09259899228,-0.09449918998,-0.1994438583,-0.06830016044,0,0.02067914644,0.001071983583,0.0005499277016,0.0003716844537,0.06577156221,0.03391941515,0.0008239266366,0.002961054209,-0.2332613649,0.005634048582,0.001667597119,0.001693129801,9.727572275e-05,0.0007525055139,0,0.04447198472,0.03391941515,0.1787913321,0.03535151667,0.2539854234,0.001071983583,0.03540627962,0.05862058442,-0.4490981346,0.004191884293,0.003455503535,0.001239395842,0.002327444395,0.0006082661984,0.0009060790863,0.08843853428,0.0008239266366,0.03540627962,0,0.01817938318,0.0005499277016,0.1787913321,0,-0.5067778346,-0.06745973805,0.05560934289,0.01985278356,-0.03750690811,-0.001226434991,0.04278285641,0.04710725039,0.002961054209,0.05862058442,0,0.09024274666,0.0003716844537,0.03535151667,0
1,1,1,1,3,1500,500,v1,0.02241193173,0.01660138022,0,0.01752455791,0.007135673115,0.05791139425,0.01592242986,0.03404909932,0.06168085809,0,0.01126829956,0.04473677994,0.01760469328,0.008335366852,0,0.04353959833,0.008121770217,0.06591431943,0.02665273797,0.03875443232,0.07020469521,0,0.01282549499,0.05091907113,0,0.001812303207,0,0,0.004108337258,0,0.005794927009,0.00394031767,0.01526413853,0,0,0.01107099394,0,0.02409341263,0,0,0.03491120972,0,0.05958737773,0.02729811619,0.09020895002,0,0,0.01755270246,0,0.005640393592,0.002670580455,0,0.008172896327,0.006053978793,0.013949716,0.006390631415,0.002602145914,0.008539309948,0.005806387867,0.01241658961,-0.1422863052,4.042839724e-05,-0.02730451859,0,0.001446186765,0.05528643872,-0.007936977633,0,0.01930643386,0.007374353924,0,0,0.05139837327,0.02564276951,0,-0.02942283923,-0.002521108865,-0.03319965564,0,-0.03224142112,0.04391686653,-0.06880674558,0,0.03254753247,0.02038851962,0,0,0.02752044544,0.02098519833,0,-0.1307574991,0,0.003496289589,0,0.0009235918903,0,0.02459674082,0.05139837327,0.02752044544,0.003519881463,-0.0230332046,0.01930643386,0.03254753247,0.02319575011,-0.002212475368,0.1273897561,0,-0.06214009872,0,-0.05322820883,0,-0.08237285197,0.02564276951,0.02098519833,0.02319575011,0.0436773828,0.007374353924,0.02038851962,0.003519881463,0.03454309079,-0.2047285152,0,0.01752466947,0.007691950405,0.01314246181,-0.001201551938,0.01298481329,0,0,-0.002212475368,0.03454309079,0,0,-0.0230332046,0.0436773828
1,1,1,1,3,1500,500,v1,0.001655585482,0.05378124039,0.02091803695,0.002977050835,2.264725762e-05,0.005963830667,0.03923992536,0.001056182415,0,0.003153719561,0.008961316507,0,0.0295390535,0,0,0.09271613193,3.166258967e-05,0.008337889136,0,0.001476623394,0,0,0.01252860246,0,8.166284714e-06,0,0,0.001279591728,0.01630625578,0.006342264673,0,0.01189738755,0,0,0.0009561950867,0,5.355732329e-05,0.0420129856,0,0.008392005696,0.003292072504,0.04159476817,0.131868867,0.005919759087,0.01185886393,0,0.006271058527,0.0178192573,5.824097565e-05,0.04568707174,0,0.009125896692,0.003579968206,0.1162942855,0.143400958,0.006437449142,4.897147452e-05,0,0.0848507593,0.0022838443,-0.2305510104,0.001161021958,0.07990624656,-0.002481299645,0.0001503839703,-0.0005205053005,0,8.801245838e-05,-0.0236509669,0,0,0.0124050301,-0.08457187231,0,0,-0.04680953808,0.1015872268,0,0,3.148721129e-05,0.000425688799,0,0.0124050301,0.004385655736,0.07365689099,0.0522377047,8.801245838e-05,0.009942392669,0.05547319631,0.007436361585,-0.1667925422,0.0007977702396,0,0,0.02731423606,0.004482405621,0,-0.08457187231,0.009942392669,4.228883598e-05,0.007461282205,-0.0236509669,0.004385655736,0.001384010714,0.01648296051,0.0617462451,-0.003457041897,0.002648502936,0,-0.004763584003,-0.04178381683,-0.01586801197,0,0.05547319631,0.001384010714,0,0,0.07365689099,4.228883598e-05,0,0.2053762498,-0.005669423383,-0.03208717027,0,-0.005949470221,-0.1933072077,-0.001132737548,0,0.007436361585,0.01648296051,0,0,0.0522377047,0.007461282205,0
1,1,1,1,3,1500,500,v1,0.0968554176,0,0,0.3972359842,0,0,0,0,0,0,0,0,0.003676727322,0,0,0.01461359749,0,0,0,0,0,0,0,0,0.08203204863,0,0,0.0186198318,0,0,0,0,0,0,0,0,0.1164883463,0.0005463623183,0,0.02644080516,0.01162469624,0,0.002171583123,0.04767670996,0,0,0,0,0.1034550761,0.0004852327037,0,0.02348248213,0.01032406994,0,0.001928616076,0.04234241291,0,0,0,0,0.1114028278,-0.493613495,0,0,0,0,0,-0.1057671115,0.004051688749,0,0,-0.02172516753,0.01614463487,0,0,0.003499534963,-0.0169637507,0,0,0,0,0,-0.02172516753,0.1124140951,0,0,-0.1057671115,0.4609019057,0,0,0.001018478788,0.08397637384,0,0,0,0,0,0.01614463487,0.4609019057,0,0,0.004051688749,0.1124140951,0,0,-0.323693355,-0.04792448129,0.001910916934,0,0.05902688751,0,0,0,0,0,0,0,0,0,0,-0.4135875486,0.0489429601,0.001588618028,0,0.05237594032,0,0,0,0,0,0,0,0,0,0
1,1,1,1,1,1500,500,v1,6.053275641e-06,7.605239317e-07,0.006020785411,3.166659604e-06,0.0472283804,0.005658752136,5.041026078e-06,0.02062759038,1.065712263e-05,0.003122574126,0.00177828423,8.236278365e-06,0.111459395,0.2471184801,0,0.08347297022,0.185682776,0.02224791103,0.004259250849,0.08109929264,4.189947012e-05,0,0.006991490065,3.238169545e-05,0.02599867917,0.01163162569,0,0.02413420086,1.407397082e-07,0.001114183981,0.0002004787808,9.328733912e-07,1.972167168e-06,0,0.0005778518637,1.524174803e-06,0.0312061427,0.006297101313,0,0.02896821455,1.344568762e-06,0.001337351951,0.004715957325,7.033863707e-07,0.001256936212,0,0.0006935939938,0.0003949969517,0.01074421054,0.002168078988,0.004806884015,0.009973696492,4.629322502e-07,5.816207223e-08,0.001623694375,2.42174476e-07,0.003611852774,8.284983305e-05,3.855191279e-07,0.00157752222,-0.2853428019,-7.472321638e-06,-4.696051079e-06,-0.008566409316,0.06712244807,0.007182746109,5.492408615e-06,-0.005146435285,0.1540743529,0.3455784726,0,-0.00386689465,0.1152757606,0.005954384551,0,0.1123987348,-0.194255448,-0.2509612103,0,-0.2658843315,-0.02892601103,-5.995460408e-05,-0.00386689465,8.534859124e-06,9.342204384e-07,0.005828359293,-0.005146435285,4.708515844e-06,6.003068596e-06,0.002918145012,-0.2636171189,0.01618702751,0.01173573263,0,1.584312682e-07,0.001457760801,1.467134393e-06,0.1152757606,4.708515844e-06,0.2020931644,0.02294732924,0.1540743529,8.534859124e-06,0.08829269146,0.007236682734,-0.183464252,-0.02985989256,0.01090665161,0,-1.104671075e-06,0.00127764565,0.001620590272,0.005954384551,6.003068596e-06,0.08829269146,4.422698686e-05,0.3455784726,9.342204384e-07,0.2020931644,3.526560446e-05,-0.6350221344,0.01968175171,0.003782054384,0.004870240306,-2.519239162e-07,-8.72395484e-08,0.005171313018,0,0.002918145012,0.007236682734,3.526560446e-05,0,0.005828359293,0.02294732924,4.422698686e-05
1,1,1,1,2,1500,500,v1,0.03866915008,0.02305692978,0,0.004841988196,0.008782020997,0.07736567255,0.0006155928241,0.1131085162,0.1799497355,0,0.001295356283,0.01273192584,0.01557318842,0.01067293435,0,0.002728316164,0.003305490775,0.02911989359,0.005520426941,0.0425732479,0.06773181149,0,0.0004875629706,0.004792207104,0,0.007460953948,0,0,0.00606671337,0,0.003859074725,0.0001619740899,0.04734817155,0,0,0.003350009974,0,0.004899735673,0,0,0.00457932238,0,0.0008584001986,0.0005734034718,0.009161886284,0,0,0.0001534001654,0,0.03958919238,0.02713207082,0,0.03700029691,0.02206185669,0.0069357559,0.004633021426,0.008403013349,0.0140336865,0.0005890255467,0.1082270667,0.2068866991,-0.02332863249,-0.01291482019,0,-0.04510969569,-0.07706525359,-0.1872459752,0,0.03229365105,0.0169415112,0,0,0.006696450111,0.00927119261,0,-0.312609253,0.01207902448,0.012269839,0,0.0452752889,0.02761572821,0.06813797534,0,0.0329702492,0.01440116163,0,0,0.004748748125,0.0004020667636,0,-0.1590652436,0,0.006779003456,0,0.005834285482,0,0.04839111827,0.006696450111,0.004748748125,-0.0004058128317,0.06011526122,0.03229365105,0.0329702492,-0.01121744215,0.001076962729,-0.1100247017,0,0.004717200509,0,0.004718576826,0,0.008654709407,0.00927119261,0.0004020667636,-0.01121744215,0.09858527532,0.0169415112,0.01440116163,-0.0004058128317,0.007490046998,0.01032007017,0,-0.04278962576,-0.03652397832,-0.006535942581,-0.002788284203,0.007583243403,0,0,0.001076962729,0.007490046998,0,0,0.06011526122,0.09858527532
1,1,1,1,1,1500,500,v1,0,0,0.0001355626276,0,0,0.387955793,0,0,0.0009014319244,9.709626068e-07,0.517183398,2.460836935e-05,0.0001766746508,0.0001590478227,0.0001901038706,0.0004927215138,0,0.00425045486,0.0001457863459,0,9.87611417e-06,0.0009991719616,0.005666276229,2.696100045e-07,0.003189657793,0.0008686233348,0.001038232748,0.001668483933,0,8.111420376e-06,0.0007961971427,0,5.393738236e-05,0.005456874962,5.809776641e-08,1.472447326e-06,0.0003880733595,0.0001173944983,0.0001263177735,0.0002029980039,0,9.868852272e-07,0.0003273972506,0,0.002824287546,0.0006639169266,7.068531126e-09,0.003765054309,0.01886750397,0.005707532118,0.005138091695,0.009869437184,0,0,0.01591752893,0,0,0.004709675372,0,0,0.01656228935,0,0,-0.0001336647827,0,-0.9049919758,-0.0009063320659,0.022935007,0.00803750628,0.005438749823,0.001059118068,0.01199733881,0.02251229381,0.005028154033,0.005512891774,-0.9331387944,0.0006666170275,0.0003041140696,0.001178539463,0,0.009914457143,1.009396903e-05,0.01199733881,0,0,0.000194399846,0.022935007,0,0,1.371920601e-06,-0.03559175684,0.004790756291,0.001396277383,-0.00627173771,0,2.201911406e-06,4.805896052e-05,0.02251229381,0,0,0.5712557757,0.00803750628,0,0,0.7614807059,-0.9449679502,0.0005885594874,0.0004224486194,0.0007118583534,0,9.483600139e-07,0.006586529098,0.005028154033,0,0,0.00123854824,0.005438749823,0,0,3.372047131e-05,0.008168772845,-0.02866754633,-0.02145559899,-0.008678327363,0,0,0,0.005512891774,1.371920601e-06,0.7614807059,3.372047131e-05,0.001059118068,0.000194399846,0.5712557757,0.00123854824
1,1,1,1,1,1500,500,v1,0.0009007727977,0.003626099527,0.0003197835698,0.0008647200094,0.0003904183211,0,0.001139512453,8.245227705e-05,0.001344197592,0.003132710571,0,0.003495295257,0,0.0603616993,0,0,0.01028858045,0,0.01213590255,0.002172840873,0.03542324815,0,0,0.09211049919,0.0187360069,0.04130561033,0,0.0009290222137,0.06539018628,0.005766721802,0.008304618118,0.02054905857,0.0242401871,0,0.05649280345,0.06303136643,0.02115240181,0,0,0.001048838809,0.01833879379,0.006510459639,0,0.01760479666,0,0,0.06377871681,0,0.03247837494,0,0.0716021886,0.001610435561,0.0281582312,0.1133521672,0,0.02703121809,0.01220450859,0.01439583698,0.0356212523,0.002577464912,-0.2557339438,0.001671528123,0.004713602535,0.003145791278,0.0004315046668,0,0.004534192867,0.001115060015,0,0.007389051492,0,0.000247164806,0,-0.001705649467,0,0.02586477015,0,-0.00684733654,0,-0.003516406904,0,-0.1070465583,0.000247164806,0.03261626735,0.07125428129,0.007210839178,0.001115060015,0.02894303149,0.02438008017,0.06581659125,-0.3298531269,0.008847577395,0.04457874422,0,0.07609803027,-0.01932186979,0.02742730318,0,0.02894303149,0.01602867739,0,0,0.03261626735,0.002978624807,0,-0.07390174981,0.008804401248,0,0,0.006973587666,-0.03250887509,0,-0.001705649467,0.02438008017,0.002978624807,0.03144032155,0.007389051492,0.07125428129,0.01602867739,0.08118727197,0.1417552327,-0.01856012851,0,-0.04152034232,-0.04968464827,-0.1445678738,-0.009586632565,0,0.06581659125,0,0.08118727197,0,0.007210839178,0,0.03144032155
1,1,1,1,2,1500,500,v1,0,0,0,0,0,0,0,0,0,0,0,0,0,0,0,0,0,0,0,0,0,0,0,0,0.3661008378,0,0,0.275692599,0,0,0,0,0,0,0,0,0.1930695626,0,0,0.1453912256,0,0,0,0,0,0,0,0,0.01126366267,0,0,0.008482112345,0,0,0,0,0,0,0,0,0,0,0,0,0,0,0,0.242887217,0,0,0,0.182727241,0,0,0,0,0,0,0,0,0,0,0.182727241,0,0,0,0.242887217,0,0,0,0.3572610227,-0.6410039951,0,0,0,0,0,0,0,0,0,0,0,0,0,-0.6212603872,0.3375174161,0,0,0,0,0,0,0,0,0,0,0,0,0,-0.3034865791,0.01974360689,0,0,0,0,0,0,0,0,0,0,0,0,0
1,1,1,1,2,1500,500,v1,0.01808346431,0.0710570174,0.0005264005431,0.003378032249,0,0,0.5968261292,0,0,0.0001304064422,0,0,0.0005069959084,0.01062154106,0.01245392909,0.001404000155,0,0,0.002981394221,0,0,0.005024556585,0,0,0.01079730663,0.004869869276,0.005710000678,0.0006544116679,0.006694820816,4.959618969e-05,0.001366939132,0.05623151857,0,0.002303708435,1.228658049e-05,0,0.01474441366,0.0003174287781,0.007797371594,0.0008936410411,0.002326621242,6.772677316e-05,0.0008790407302,0.000434618138,0,0.003145861398,1.677811249e-05,0,0.02038783107,0.0004389244939,0.009195448045,0.00123568173,0.00321713443,0.01264138183,0.001215493157,0.0006009680263,0,0.002581099626,0.106178211,0,0.1868253419,-0.0210309747,-0.6670724137,-0.0006425601838,0,0,0,0.004455685879,0.000656899767,0.0007867834773,0.006752114726,0.0001794686973,0.002007191714,0.0005964513181,0.00395814112,0.008355479483,-0.001346909564,-0.005179233158,-0.01166772483,0,0,0,0.0001794686973,0.01905043679,0.07762659894,0.000679383507,0.004455685879,0.003587550479,0.6517743245,0.000162614317,-0.5765908393,0.005868720014,0.004627014487,0.005340543868,0.0627197239,5.379758047e-05,0,0.002007191714,0.003587550479,0,0,0.000656899767,0.01905043679,0,0,-0.02883836759,-0.0003063596897,-2.260448151e-05,-0.0008129895903,0.002293232573,2.743072057e-05,0,0.0005964513181,0.6517743245,0,0,0.0007867834773,0.07762659894,0,0,-0.6194498044,-0.008652463367,-0.0004065469412,-0.0003699378618,0.003645750573,0.1180854073,0,0.00395814112,0.000162614317,0,0,0.006752114726,0.000679383507,0,0
1,1,1,1,3,1500,500,v1,0,0,0.04910298352,0,0,0,0,0,0,0.04125229787,0,0,0,0,0.0004234759129,0,0,0,0,0,0,0.0001747770055,0,0,0.3217777141,0,0.006969699261,0.0114664784,0,0.3009692244,0,0,0,0.002876534719,0.252849648,0,0.001058867863,0,2.293505808e-05,3.773252449e-05,0,0.0009903937579,0,0,0,9.465758619e-06,0.0008320475739,0,0.008869656059,0,0,0.000316068252,0,0,0,0,0,0,0,0,-0.5515150713,0,0,0.09023763434,0,0,0,0.4674312243,0,0,0.00949214794,0.01665459302,0,0,0.003756972573,-0.009385621787,0,0,0.0005528747809,0,0,0,0.01665459302,0,0,0.3759278777,0.4674312243,0,0,0.3159882783,0.1029161526,-0.3329957101,0,-0.009417927833,0,-0.5533365795,0,0,0,0,0,0,0,0,0,-0.7957834939,0.001095614206,0,3.230606115e-05,0,0.001821508635,0,0,0,0,0,0,0,0,0,-0.3319000965,0.009176215022,0,0,0,0,0,0.003756972573,0.3159882783,0,0,0.00949214794,0.3759278777,0,0
1,1,1,1,4,1500,500,v1,0,0.06313842102,0.08664193075,0,0,0,0.04716751467,0,0.03245445529,0.004111657307,0,0.05044542688,0,0,0,0,0,0,0,0,0.03463694696,0,0,0.05383777235,0,0,0,0,0.08371876243,0.11488338,0,0.06254204479,0.04303317676,0,0.005451876301,0.06688841185,0,0,0,0,0,0.22919216,0,0,0,0,0.01087648453,0,0,0,0,0,0,0.006284641167,0,0,0,0,0.004694936928,0,-0.2321485337,0,0.08937484315,0.08852336662,0,0,0.05590902396,0,0,0,0,0,0,0,0,0.0387261917,0,0,0,0,0,0.02017506658,0,0,0.02319559979,0.04422741124,0,0,0.01630820062,0.002132629316,0.03027952278,0,0,0,-0.1266261616,0.1151881703,-0.01718283231,0,0,0,0,0,0,0,0,0.2037115371,0,0,0,0,-0.234618231,0,0,0.01630820062,0,-0.034117947,0,0.02319559979,0,-0.05423394033,-0.03725131846,0,0,0,0,0.01091545162,0,0,0.002132629316,0,-0.05423394033,0,0.04422741124,0,-0.034117947
1,1,1,1,1,1500,500,v1,2.374905887e-08,1.527011935e-05,8.16124948e-05,7.511389843e-08,5.233863336e-06,2.936312797e-05,0.0002066397552,4.366870488e-06,3.773120607e-05,0.0003642665614,9.272289376e-05,0.0007770357858,0.02671990316,0.0001135939185,0.0684478348,0.0023485616,0.0009444603663,0.005298631015,0.005141199039,0.0007880098956,0.00680866626,0.1444579877,0.01673201851,0.1402175517,0,1.320134871e-05,0.007954684081,0,0.0003202336848,0.00171151707,0.0005974858704,0.004333496595,0.0007912710353,0.01678822505,0.007639129761,0.01629542161,0,0.03826076612,0.09801182974,0,6.136582053e-06,0.02108806811,0.003362952537,1.940887862e-05,0.007587216198,0.2068522947,0.09412379899,0.02395891344,0,0.01075962222,4.574221854e-05,0,1.725718308e-06,0.001109598687,0.0009457233217,5.458129117e-06,0.0003803171247,0.00207026796,0.01501541643,0.0003173173469,-0.2604103609,-5.383962187e-08,0.0001664349687,0.0004409024655,9.682697594e-07,0.0001137862878,0.0007871910934,0,0.001568071502,0.0001412696119,0.03305493996,0,0.0001900891877,0.006219861041,0.07029323543,-0.298131867,0.02367394744,-0.004726079203,0.1960359954,-0.001498329764,0.01496086525,-0.1464880936,0,8.686287528e-06,0.001503459341,0.02893685825,0,3.122637015e-05,0.01593861439,0.1291399781,-0.3734251075,0,0.0001766939485,0.02468129682,0.003401501005,0.009312570331,0.01686074091,0.0001900891877,3.122637015e-05,0.00137866263,0.003958906925,0.001568071502,8.686287528e-06,0.001101927122,0.01309313875,0.2801511962,0,-0.03578300479,-0.2896160761,-2.149126232e-05,-0.1151380303,-0.02644268199,0.006219861041,0.01593861439,0.001101927122,0.008961458018,0.0001412696119,0.001503459341,0.00137866263,0.1842987845,-0.0146094129,0,0.01093695021,0.0003086314859,-5.063336502e-06,-0.01519598511,-0.0001563650063,0.07029323543,0.1291399781,0.01309313875,0.1842987845,0.03305493996,0.02893685825,0.003958906925,0.008961458018
1,1,1,1,3,1500,500,v1,0,0,0,0,0,0,0,0,0.005599445345,0,0,0.007261362065,0,0,0,0,0,0,0,0,0.3643898925,0,0,0.4725408999,0,0,0,0,0,0,0,0,0.06539898317,0,0,0.08480941704,0,0,0,0,0,0,0,0,0,0,0,0,0,0,0,0,0,0,0,0,0,0,0,0,-0.6870148117,0,0,0,0,0,0.01275083728,0,0,0,0,0,0,0,0,0.1625744342,0,0,0,0,0,-0.8368384088,0,0,0,0,0,0,0,0,-0.8240875713,0,0,0,0,0,0.149823597,0,0,0,0,0,0,0,0,0,0,0,0,0,0,0,0,0,0,0.4404419354,0,0,0,0.5709540257,0,0,0,0,0,0,0,0,0,0,0.5709540257,0,0,0,0.4404419354
1,1,1,1,4,1500,500,v1,0.00014513129,1.558009978e-05,0.008385542641,0.0001921919246,2.630056533e-06,0.07668357992,6.812288304e-06,9.971429294e-08,0.003864643699,0.04283361783,0.05848624783,0.01276515345,0.0001536627088,0,0.02184748292,5.861813132e-06,2.736408608e-06,0.0797844478,0,1.03746458e-07,0.004020919,0.02069238664,0.06085126689,0.01328134029,0.0004579694729,0,0.03034803338,5.476380899e-05,2.251724449e-05,0.01211926217,0,9.845505707e-06,0.005585402422,0.02874350527,0.06190557563,0.01844892429,0.0006059231169,0.0002824090574,0.04015240331,7.24560474e-05,0.0002775153794,0.01603456462,1.077313509e-05,0.0003675032096,0.1466318723,0.03802950924,0.08190506477,0.1118355198,0.0007561210316,0.0003524134034,0,9.041665482e-05,0.0003463066669,3.717663107e-05,1.344360991e-05,0.0004586009318,6.275739105e-06,0,1.625521868e-05,2.379343864e-07,-0.1821461846,0.0001247848284,-6.488414929e-06,0.03987331355,-1.425894583e-06,0.1271106404,0.007463512416,0.0008945962669,0.0003824548358,0,0.01980196259,0.0001234849157,1.35981228e-05,0,0.0205775687,-0.1729145053,4.871573862e-05,0,0.02653332681,-1.411225902e-06,0.117257928,-0.002134936052,0.0001234849157,0.0003408721812,6.685128581e-05,0.002282809504,0.0008945962669,0.0006150362019,2.62014819e-05,0.002000263232,-0.04313595407,8.699025118e-05,0,-0.001039311691,-1.911079457e-05,0.01892013717,-0.01450580155,1.35981228e-05,0.0006150362019,9.797373671e-06,-0.007843710133,0.0003824548358,0.0003408721812,3.382755677e-07,0.0001084784567,0.3281374723,-0.0003872910442,-0.0001669954098,-0.05241370275,-0.0005071786854,-0.06164883264,-0.239211747,0,2.62014819e-05,3.382755677e-07,0.003709843942,0,6.685128581e-05,9.797373671e-06,0.01005599384,-0.0008294106509,-0.0003784199951,-0.0001457556345,0,-0.0002548783982,-3.643596905e-05,-3.919979007e-06,0.0205775687,0.002000263232,0.0001084784567,0.01005599384,0.01980196259,0.002282809504,-0.007843710133,0.003709843942
1,1,1,1,2,1500,500,v1,0.01057369786,0.006436489534,0,0.00311443759,0.005987657714,0,0.003350943275,0.008611195582,0,0,0,0,0,0,0,0,0.1529972544,0,0,0.2200341676,0,0,0,0,0,0,0,0,0.07831667436,0,0,0.04077296046,0,0,0,0,0,0,0,0,0.01578742939,0,0,0.004650119969,0,0,0,0,0,0,0,0,0.1247942949,0.07596558782,0,0.03675762713,0.07066832558,0,0.03954894579,0.1016321911,-0.3707244958,0.01342713977,0.009708121679,0,0.01450952472,0,0,0,0,0,0,0,0,0,0,0.1750431082,0,0,0,-0.3692094312,0,0,0,0.1476806187,0.01036578763,0,0,0.04362807481,0.006695604261,0,0.009936356116,0,0,0,-0.02131061728,0,0,0,0.04362807481,0.1196670719,0,0,0.1476806187,0.1715824131,0,-0.1476598495,0,0,0,0.02012072041,0,0,0,0.006695604261,0.1715824131,0,0,0.01036578763,0.1196670719,0,-0.3327545399,0,0,0,-0.1610869892,0.0002282344045,0.1605335836,0,0,0,0,0,0,0,0
1,1,1,1,2,1500,500,v1,0.04467192985,0,0,0.003793229952,0,0,0,0,0,0,0,0,0.0003936181759,0,0,0.0002256939528,0,0,0,0,0,0,0,0,0.002003742469,0,0,0.002204726898,0,0,0,0,0,0,0,0,0.1224935211,0.02103408543,0,0.1347801751,0.3391048645,0,0.01206058605,0.02879442937,0,0,0,0,0.05367415026,0.009216705111,0,0.05905791022,0.1485888012,0,0.00528470161,0.01261712877,0,0,0,0,-0.2065773014,0.04844972333,0,0,0,0,0,0.100212979,0.01723170699,0,0,0.1100873269,0.009876763747,0,0,-0.01868554693,0.0006132331141,0,0,0,0,0,0.1100873269,0.2186455979,0,0,0.100212979,0.01854577513,0,0,-0.1444064246,0.004206221382,0,0,0,0,0,0.009876763747,0.01854577513,0,0,0.01723170699,0.2186455979,0,0,0.3411553496,-0.2569946193,-0.03297650862,0,-0.3675843167,0,0,0,0,0,0,0,0,0,0,-0.604286262,0.1125881944,0.01429096169,0,0.1610070153,0,0,0,0,0,0,0,0,0,0
1,1,1,1,0,1500,500,v1,0.005890199261,0,0.001721493741,0.007136070147,0.06358981488,0.002545749183,0,0.07526717788,0.0004327186244,0.008129118147,0.0006705625491,0.0002245161225,0.0002122886259,0.05897306584,0.02761278142,0.01602180701,0.1009851929,0.004042832531,0.03399676559,0.119529684,0.0006871882523,0.007642424759,0.001064901486,0.0003565477267,0.009902600662,0.01566724048,0.007335824932,0.01939920683,0,0.0007262972336,0.009031843511,0,0.0001825637424,0.00203034563,0.003429670339,9.472322486e-05,0.06129441766,0.000349089822,0.04540677067,0.1200758393,0.01538192135,0.004495583282,0.02634644101,0.01863544252,0.006648079627,0.01256728988,0.02122873106,0.001751136071,0.004958535616,2.824032565e-05,0.007845067428,0.009713777349,0.00124435157,0,0.002131348516,0.001507551731,0.01343385554,0.004522520826,0,0.01590079161,-0.2213261979,0.003613004636,0,0.004994254406,0.1094309983,0.002829164871,0.0002035480474,0.06995603853,0.000369676342,0.05407196085,0.03526605113,0.136388771,0.02240342287,0.03087163442,0.01172578966,0.1120376925,0.0006689325878,-0.09023570023,0.00876914172,-0.1989095809,0.002125669124,-0.0007001818873,0.136388771,0.01534326717,0,0.004014115243,0.06995603853,0.01936853882,0,0.01699941804,-0.301643079,0.02749479039,0.02175033558,0.008882844772,0,0.003489288892,0.0002056175102,0.02240342287,0.01936853882,0.03907781357,0.002263567966,0.000369676342,0.01534326717,0.05197860172,0.0009009957117,0.08181153329,-0.1792058678,-0.01796970727,-0.04897988036,-0.02943207094,-0.02249256549,-0.00706454311,0.03087163442,0,0.05197860172,0.0002865391945,0.05407196085,0,0.03907781357,0.0001499853003,-0.3527948652,0.01414787123,0.002118708543,0.01185630105,0.002677862315,0,0.02877430587,0.01172578966,0.01699941804,0.0009009957117,0.0001499853003,0.03526605113,0.004014115243,0.002263567966,0.0002865391945
1,1,1,1,4,1500,500,v1,0.009943049757,0.008095649443,5.646191255e-05,0.05963195103,0,0.003876495345,0.01357948173,0,0.006132483915,0.0006963181374,0.004754441285,0.004290110155,0.0139875952,0.0001784169767,0.006520963565,0.01725791495,0,0.002377864665,0.0002734845206,0,0.003761701101,0.002549500325,0.002916401782,0.002631578381,0.1319553511,0.002722972555,0.09952194656,0.1034172644,0.07578908236,0.0005285797725,0.00417387884,0.1271271029,0.0574105057,0.03891008323,0.006518725031,0.04016274595,0.007663637562,0.01239818449,0.005779986349,0.006006216693,0.005406080624,3.069859439e-05,0.01529689774,0.03242215848,0.002107667857,0.002259800554,0.0003785912856,0.002585010991,0.004689413791,0.00758650404,9.676867932e-05,0.003675230615,0.003308004695,0.002693383521,0.009360239528,0.01983926248,0,0.0001483308167,0.004517828072,0,-0.2339542494,-0.06426030232,0.0214718821,0.000648841617,0,-0.006095872421,0.01032797131,0.1790226423,-0.004613215891,0.003656942998,0.1308495589,0.1403895462,-0.0051989773,0.005608810878,0.0511820721,-0.2094135212,-0.01100483502,0.0004146590212,0.008971879827,0,0.0009994957632,0.006162317412,0.1403895462,0.002370888261,0.09743402681,0.0006718972039,0.1790226423,0.01124187624,0.1635131224,0.008240969092,0.08571947879,-0.2348516627,-0.006831091736,-0.1383499991,-0.2025828828,-0.006993281574,-0.09735883621,-0.0051989773,0.01124187624,0,0.0008270274921,-0.004613215891,0.002370888261,0,0.002189965103,-0.4055572471,0.01359547954,0.002581581744,0.008023698568,0.03308607871,0.0004025290984,0.003085048256,0.005608810878,0.1635131224,0,0.07134819553,0.003656942998,0.09743402681,0,0.04995462551,-0.4483810931,0.008314723439,0.0149647154,0.0002392634625,0.02209904722,0.007146234704,0,0.0511820721,0.008240969092,0.002189965103,0.04995462551,0.1308495589,0.0006718972039,0.0008270274921,0.07134819553
1,1,1,1,2,1500,500,v1,0,0.01282044805,0.001050724339,0,5.488353537e-05,0.0009882896084,0.1177970416,0.006383417914,2.133301955e-05,0.0001089311779,0.0006719508853,0.0003782508959,1.146199683e-05,0.000414248944,8.744753861e-05,1.743996648e-05,5.220206949e-05,0.0009400043649,8.913808182e-05,0.006071540823,2.029074405e-05,1.997190468e-05,0.0006391211238,0.0003597705472,0.04493221443,0.0007571955066,0.0001598432157,0.008962022201,0.02228925037,0.001826758142,0.0001629333182,0.2047984394,3.708895446e-05,3.650615579e-05,0.000189384512,0.0006576157783,0.01777090711,8.286262288e-06,6.321876129e-05,0.003544522924,0,0.0007224916391,1.260793723e-05,0,0.0006795607115,1.443836036e-05,7.490248619e-05,0.0004620421158,0.08320360378,3.879638107e-05,0.001402143111,0.01659549955,0,0.04127430576,5.903051585e-05,0,0.0001766927186,0.0003017131344,0.3792372227,0.02055085296,-0.2069716135,0,0.1283712934,-4.824474059e-05,0.006225383585,-0.0003942241498,3.920177481e-05,0.03070927663,4.818328234e-05,0.0004296025004,0.0001944435949,0.009974670791,6.813079762e-05,7.517881942e-05,4.621968607e-05,-0.01511951141,-1.10412764e-05,9.564864015e-05,-5.000688768e-05,0.005243762943,-0.0008825503261,-7.015231073e-05,0.009974670791,0,0.009396374795,0.001946150351,0.03070927663,0,0.08230402726,0.0001917388124,-0.3598520289,0.04983915319,0.0006305101203,-0.000116158675,0.2205372484,-0.001248129395,-0.0002938909429,6.813079762e-05,0,0.0001550577471,0.001462744432,4.818328234e-05,0,0.01220369187,0.001020261205,-0.04648215797,0.01652993915,1.273097513e-05,5.723375511e-06,0,-0.0001288853062,-0.0003785626158,7.517881942e-05,0.08230402726,0.01220369187,3.709287355e-05,0.0004296025004,0.009396374795,0.0001550577471,0.0004501693451,0.4274746285,-0.09349172395,-7.923241872e-05,-0.00106267964,0,-0.4100421435,-0.01970831291,4.621968607e-05,0.0001917388124,0.001020261205,0.0004501693451,0.0001944435949,0.001946150351,0.001462744432,3.709287355e-05
1,1,1,1,0,1500,500,v1,0,0.007471449545,0.005761226264,0,0.05741347,0.006704669653,0.009440290024,0.04282932437,0.2948046393,0.0008490845801,0.03606922679,0.1327115663,0,0.007094110562,0.01031395752,0,0.01922882059,0.002245516425,0.0001904146378,0.01434432363,0.09873546257,0.01049651496,0.01208024338,0.04444752946,0,0.001949789579,0.002834752393,0,0.0006877546126,0.0005303268012,5.233474631e-05,0.0008689884029,0.02713707015,0.002884927618,7.81591086e-05,0.01221623613,0,0,0.0354528652,0,0,0.006632538572,0,0,0.007718665793,0.03608038225,0.0009774978399,0.04152423928,0,0,0.001394009954,0,0,0.0004917129448,0,0,0.003778509944,3.741693877e-05,0.000621286777,0.002818694429,0.2105728168,0,-0.01663012675,-0.00225008329,-0.09969835639,0.006332235488,-0.4254570597,0,0,0.007437295754,0.03461271374,0,0,0.0002215453787,0.03472682811,-0.5593581578,0,-0.006407681369,0.01583262089,0.03300631545,0.01412509986,0.1410655312,0,0,0.009423458906,0.003084241771,0,0,0.01182921446,0.0007529239087,-0.3606840562,0,0.0007095675049,0.005503988275,0.001465522806,0.0005546380674,0.0391854388,0,0,0.05170658954,0.002051823271,0,0,0.0385617961,0.005476677704,0.04009849932,0,0,-0.06756297038,0,-0.0008626652276,-0.02547633599,0.0002215453787,0.01182921446,0.0385617961,0.2535292221,0.007437295754,0.009423458906,0.05170658954,0.1142799126,-0.08755475851,0,0,0.0005922197734,0,0.0009961550486,0.006513117179,0.03472682811,0.0007529239087,0.005476677704,0.1142799126,0.03461271374,0.003084241771,0.002051823271,0.2535292221
1,1,1,1,3,1500,500,v1,1.001564762e-05,0,0,1.538305927e-05,0.03568590395,0.1964467558,0,0.01743246984,0,0,0.1345951773,0,0.03733344878,0.0005540104129,0.05740873134,0.02498685684,0.03602332105,0.1983041978,0.0006513916495,0.0175972972,0,0.04420526658,0.1358678007,0,3.757042777e-06,1.672464273e-05,0.00173307306,1.544746249e-06,0,0,1.966441851e-05,0,0,0.001334482662,0,0,1.490713729e-05,0.004471828545,0.006876460973,6.12922071e-06,1.21102502e-06,0,0.002992944485,1.860016482e-06,0.0237530258,0.005294940044,0,0.01627434725,9.022235768e-08,2.706481511e-05,4.016288311e-07,3.709583756e-08,7.329477849e-09,0,1.811417596e-05,1.125736412e-08,2.611504042e-05,4.722251797e-07,0,1.275712828e-05,-0.01283198462,-1.838138302e-05,0,0,0.0004381645706,-0.02136300575,0,-2.552419024e-06,0.0490737783,0.0008040550108,0.07335690112,-3.254744587e-06,0.03282419794,0.0009444236578,0.05624368241,0.04110289098,-0.06192910446,-0.001202651356,-0.1010655711,-0.01359304747,-0.03923679702,0,-3.254744587e-06,8.413188395e-06,0,0,-2.552419024e-06,1.501567305e-05,0,0,-0.09062525898,-3.80285395e-06,3.61285946e-05,0.003030763372,0,0,0,0.03282419794,1.501567305e-05,0.01470720514,0.02411574564,0.0490737783,8.413188395e-06,0.004968515639,0.006847915523,-0.2205425075,7.693318261e-06,0.007287041666,0.01163441886,2.764736778e-06,0,0.03995736196,0.0009444236578,0,0.004968515639,0,0.0008040550108,0,0.01470720514,0,-0.06897519423,-1.902189245e-08,4.341202556e-05,8.703159219e-07,-2.594696726e-09,0,3.77357202e-05,0.05624368241,0,0.006847915523,0,0.07335690112,0,0.02411574564,0
1,1,1,1,3,1500,500,v1,0.06566860464,0.09991462333,0.001339695432,0.01594618137,0,0,0.005110081573,0,0,0.001744815207,0,0,0.02103799526,0.01882648681,0.002598037849,0.02240944258,0,0,0.0317960572,0,0,0.003615194103,0,0,0.02213896818,0.003896352555,0.0005376930655,0.02617385894,0.0121741556,0.0001632359719,0.00658055058,0.0006226408722,0,0.0007482049582,0.0002125980274,0,0.1058778843,0.02082289902,0.002571475044,0.1251744338,0.03826621079,0.0007806632725,0.02218032442,0.009292110607,0,0.003578231711,0.001016733443,0,0.07512717634,0.01477518764,0.01322202386,0.08881932076,0.02715234051,0.04131222049,0.01573836836,0.006593350792,0,0.02233067864,0.002112892084,0,0.07137699151,-0.06262691126,-0.09639186208,-0.002249309761,0,0,0,0.02709274262,0.005532471615,0.01488935452,0.004444332088,0.02707544206,0.007622595852,0.02289460584,0.007041771162,0.01055717964,-0.01797887637,-0.03016102942,-0.004034027965,0,0,0,0.02707544206,0.02884232109,0.09081786838,0.001956263981,0.02709274262,0.006729942558,0.004228902419,0.002261339008,-0.2034304557,0.04659593007,0.00874556808,0.0005459468063,0.01225663242,0.0001512976084,0,0.007622595852,0.006729942558,0,0,0.005532471615,0.02884232109,0,0,0.1095170061,-0.181184773,-0.01140326448,-0.004169321014,0.008887927562,-0.0007137231745,0,0.02289460584,0.004228902419,0,0,0.01488935452,0.09081786838,0,0,-0.3232606585,0.09847671985,0.02061209588,-0.0037738456,0.03002414126,0.0207707158,0,0.007041771162,0.002261339008,0,0,0.004444332088,0.001956263981,0,0
1,1,1,1,4,1500,500,v1,0,0.01693423296,0.01714368973,0,0,0,0.1440719079,0,0.006811067287,0.01111726719,0,0.004826313292,0,0,0,0,0,0,0,0,0.0008160386613,0,0,0.0005782439186,0,0,0,0,0.0453343169,0.04589504968,0,0.3856921978,0.01823378027,0,0.02976182712,0.01292043264,0,0,0,0,0,0.05074178602,0,0,0,0,0.03290481814,0,0,0,0,0,0,0.01853407722,0,0,0,0,0.1576829533,0,-0.3114147657,0,0.1591728048,0.02738276101,0,0,0.01104833038,0,0,0,0,0,0,0,0,-0.01967802223,0,0,0,0,0,0.0013518537,0,0,0.01490353904,0.004167660024,0,0,0.1265639186,-0.002408063707,0.3502970267,0,0,0,-0.4278494099,-0.005532136316,-0.03072635259,0,0,0,0,0,0,0,0,0.0218506247,0,0,0,0,-0.02302368897,0,0,0.1265639186,0,0.0161213555,0,0.01490353904,0,0.01136789729,-0.2686766051,0,0,0,0,0.1743649668,0,0,-0.002408063707,0,0.01136789729,0,0.004167660024,0,0.0161213555
1,1,1,1,3,1500,500,v1,0.03277996144,0,0.5236338309,0.008671828591,0,0.03907813816,0,0,0,0.1100727184,0.01851421528,0,0,0,0,0,0,0.02716131996,0,0,0,0,0.01286833377,0,0,0,0,0,0,0.1469266772,0,0,0,0,0.03088535883,0,0,0,0,0,0.00143359703,0.02290057315,0,0.0003792532744,0.001709041144,0,0.00481391421,0.0008096996723,0,0,0,0,0.01372945724,0,0,0.003632081755,0,0,0,0,0.2502039973,-0.03853225593,0,-0.6334065653,0,-0.05014427384,0,0,0,0,0,0,0,0,0,-0.04763093405,0,0,0,0,0.02716155711,0,0,0.02723625769,0,0.5308916116,0,0.007197287485,0,0.111789423,-0.6057140123,0,0,0,0,0.1772599891,0,0,0.007197287485,0,0.02055044266,0,0.02723625769,0,0.01015362282,-0.5038750732,0,0,0,0.001790084294,0.027692553,0.002513339781,0,0,0,0,0,0,0,0,-0.03674217168,0,0,0,0.01378647486,0,0,0,0.111789423,0.01015362282,0,0,0.5308916116,0.02055044266,0
1,1,1,1,0,1500,500,v1,0.001863743967,5.812427977e-05,0.0008650869086,0.002171011995,0.000325473887,0,5.476164883e-06,0.0008026874887,0.0006395933029,0.006204789973,0,0.001038097145,0.0002085064096,9.212255095e-05,0.0008650559588,0.0001741949192,0.001061340866,0,0.001619048126,0.002617491199,0.002085655831,0.0001165003878,0,0.003385140765,0.0003657388767,0.001404162553,0.01318547056,0.02640818789,0.002889001398,0.04299816356,0.02467806987,0.0002721865641,0.03179025966,0.001775737648,0.3084020478,0.05159744111,0.0002829757179,0.002458945397,0.01020172652,0.02043227123,0.07167281498,0.03326809639,0.002054305168,0.08348922587,0,0.00137390545,0.2386136571,0,4.807879325e-06,4.177854136e-05,1.845864505e-05,0.0003471530883,0.001217751996,3.79778333e-05,3.49035296e-05,0.001418517906,0.0002126614398,0.0003244095432,3.578072329e-06,0.0005244681184,-0.3230660681,0.004017383563,5.951600082e-05,0.007065137605,0.000835098749,0,0.001666783415,0.0002262236512,0.003301413954,0.001939125497,0.003869162766,0.01049227282,0.002761553503,0.03407716113,0.0005009241591,-0.1143346615,0.0003715410568,0.001698600336,0.0009447792823,-0.00322827114,0,0.005430735461,0.01049227282,0.1021978442,0.004131330167,0.01540698544,0.0002262236512,0.1195247086,0.0003896902113,0.1052560913,0.256773272,-0.02074171116,-0.02605025477,-0.01298168577,-0.003111096684,-0.304316983,-0.08314423644,0.002761553503,0.1195247086,0.0009212383586,0,0.003301413954,0.1021978442,0.002235258556,0,-0.3226225004,0.0132486787,-0.004488744595,0.009123515225,-0.1544288638,0.2168097943,0,0.03407716113,0.0003896902113,0.002235258556,0.04347353549,0.001939125497,0.004131330167,0.0009212383586,0.07059654079,-0.1918181234,0.0003473680672,7.522523914e-05,0.0003407966504,0.002596445005,3.756709576e-05,0.0002888411106,0.0005009241591,0.1052560913,0,0.07059654079,0.003869162766,0.01540698544,0,0.04347353549
1,1,1,1,4,1500,500,v1,0.02338346897,0.000201087264,0.00805302081,0.1030100804,0.0003735000341,0.003542039001,0.007440021852,0.0002656807477,0.0002412647434,0.01612436357,0.02134299568,0.0001204279552,0.003134605012,0.01363494449,0.0008312476072,0.0008169362497,0.0001017034654,0.0009644915879,0.0006768415316,7.234444516e-05,6.5696006e-05,0.01460301063,0.005811663788,3.279234072e-05,0,0.01872598815,0.001141620551,0,7.52005541e-05,0.003011586189,0.000929562017,0.002782343121,9.022571606e-05,0.02005551282,0.006030024232,4.503641246e-05,0,0.03112440886,0.008253700319,0,0.06322259726,0.02177319764,0.008111598671,0.2785114917,0.009576718728,0.1449975584,0.04359593288,0.05770570748,0,0.003160907636,0.01374935597,0,0.00642070959,5.521520036e-05,0.0008237912017,0.02828484566,0.0001025568641,0.0006825209419,0.002042905597,7.295149094e-05,-0.4212704658,0.1255588411,-0.004888098565,0.02388665959,-0.0005364218051,0.02455601051,-0.0002682866991,0,0.03727038902,-0.003501110848,0.009757141419,0,0.009703193356,-0.0002447292668,0.1655099795,-0.2146612656,0.003848089465,0.007038020264,0.01503683174,7.10344042e-05,0.006653524374,3.802550363e-05,0,0.05024533713,0.0001694171007,0.0162123023,0,0.2210424483,0.005171362995,0.03213302611,-0.1812025308,0,0.001928474414,0.0204546391,-0.0004077106967,0.008858607625,1.929265977e-05,0.009703193356,0.2210424483,0.0002998046785,0.007651775231,0.03727038902,0.05024533713,0.0002161548345,0.04598455869,0.2669213282,0,-0.0390494113,-0.1523362178,-0.3405998904,-0.06497548611,-0.06696709094,-0.0002447292668,0.005171362995,0.0002161548345,0.0002086798202,-0.003501110848,0.0001694171007,0.0002998046785,0.0001077729833,-0.2470370728,0,0.003885600253,-0.006469267939,0.0341825258,0.001735289197,0.0001214143927,0.1655099795,0.03213302611,0.04598455869,0.0001077729833,0.009757141419,0.0162123023,0.007651775231,0.0002086798202
1,1,1,1,0,1500,500,v1,0,0,0,0,0.0006161571812,0.01601082255,0,0.007632731324,0.372597877,0,0.0215772544,0.1352316296,0,0,0,0,0.0003299477065,0.008573679477,0,0.004087272325,0.1995234637,0,0.01155446341,0.07241555789,0,0,0,0,0,0,0,0,0.07136981943,0,0,0.0259031454,0,0,0,0,0,0,0,0,0.02154592884,0,0,0.02903673353,0,0,0,0,0,0,0,0,0.0001489072595,0,0,0.001844609036,0.3481850811,0,0,0,-0.00754164115,0.01103894461,-0.500074708,0,0,0,0,0,0,0,0,-0.4339891121,0,0,0,0.003759920684,0.01966874079,0.2621681274,0,0,0,0,0,0,0,0,-0.2379065804,0,0,0,0,0,0.09693501167,0,0,0.000228783761,0.003026387616,0,0,0.002878345394,0.004997617416,0.03070768537,0,0,0,0,0,-0.0360570221,0,0,0.002878345394,0.1550105266,0,0,0.000228783761,0.05644682673,-0.003781720466,0,0,0,0,0,0.001710301037,0,0,0.004997617416,0.05644682673,0,0,0.003026387616,0.1550105266
1,1,1,1,4,1500,500,v1,0,0.001510669403,0.09606502275,0,0.0001035749542,0.001018734144,0.003664763272,0.001210616794,0.07088848927,0.04679466089,0.0004212640213,0.01691003637,0.0001087292084,0.01541734818,0.01514242682,0.001228727159,5.432483135e-05,0.000534323775,0.01433380182,0.0006349657952,0.03718085374,0.0001821690636,0.000220952035,0.008869276176,0.002986446421,0.04631320931,0.04548735452,0.04555782293,0.002380171584,0.1513575617,0.04305827151,0.005774106093,0.1116900677,0.0005472299043,0.0737284557,0.02664301533,0.001006165564,0.0001100414094,0.01532517355,0.01534891511,0,0.05099397242,0.001243556082,0,0.0005407722742,0.0001843675752,0.02483990092,0.0002236185999,4.24747688e-05,4.645342268e-06,0.0006586901556,0.0006479466641,0,3.385201792e-05,5.249608909e-05,0,2.320971882e-06,0.0006123967651,8.212229077e-05,2.712825277e-05,-0.2224752298,0,0.002597117902,0.1190589136,-0.0009795281104,-0.0008518250046,0.06791564686,0.003087339987,0.0001936433823,0.04651259907,0.02696000957,0.04691526794,0.002232996068,0.04369643497,0.0003366612709,-0.1742819896,-0.000846002435,0.02657547753,0.01324581644,-0.0002036799456,-2.893537648e-05,0.04097288462,0.04691526794,0,0.002071236541,0.01652803099,0.003087339987,0,0.005282639827,0.006303152887,0.3709549909,-0.04701780382,-0.0879261534,-0.0445396311,-0.007588301244,-0.2067901559,-0.1212653779,0.002232996068,0,0.0001402248852,0.001056902314,0.0001936433823,0,0.001625207575,0.0005296937247,-0.1671176919,0.01304306411,-0.0007840218025,0.01309603411,0,0.07251045295,-0.0001769703119,0.04369643497,0.005282639827,0.001625207575,0.01582726714,0.04651259907,0.002071236541,0.0001402248852,0.002738002407,-0.1031298308,0.000639667804,1.22646036e-05,0.001211319725,0,8.859909544e-05,6.253081495e-06,0.0003366612709,0.006303152887,0.0005296937247,0.002738002407,0.02696000957,0.01652803099,0.001056902314,0.01582726714
1,1,1,1,3,1500,500,v1,0.003459495664,0.002313892373,0.0744292182,0.01820535928,0.003359653697,0.07252029102,0.001671429666,0.001028174832,0.01046183816,0.0175869812,0.1449087573,0.03330260657,0.0001291742095,0.03303068589,0.0007770520318,0.0002295020701,0.001497515058,0.03232482798,0.02134960852,0.000458293453,0.004663206866,0.0001918355358,0.06459089707,0.01484413553,0,0.000426422309,1.003165125e-05,0,1.331503046e-05,0.0004282944698,0.0002756209601,9.618051888e-06,6.020145768e-05,2.47657443e-06,0.0001012022828,0.0001916360613,0,0.0002972811345,0.001788305193,0,0.003548795812,0.07635046363,0.0005281753691,0.0186752952,0.07439226121,0.000441489721,0.01804095489,0.1486492949,0,0.0001866368819,0.04772426515,0,0.002227979203,0.001490189492,0.0003315952227,0.01172458815,0.002163679129,0.03084690342,0.001076431624,0.0006621636116,0.05487212931,0.003024757206,-0.002570227729,-0.0394507832,-0.003812517546,-0.004570801373,-0.04149917458,0,0.0003145768798,0.05009035467,0.002217524516,0,0.0004890149921,0.03136414928,0.0005290365608,-0.1586173381,4.837073423e-05,0.01379799959,5.761875877e-05,0.001199012008,0.09141721733,0.0165306652,0,-0.0004514226198,0.003105099441,0.06498842262,0,-0.001195259335,0.002598305184,0.01361975737,-0.1385413905,0,0.0006822599046,1.088614502e-05,2.024165688e-05,0.0005177271997,0.0002461970422,0.0004890149921,-0.001195259335,0.002433501777,-0.01919219249,0.0003145768798,-0.0004514226198,0.0007648438174,-0.05274459674,0.05077918245,0,-0.0005594075852,-0.001899545621,-0.001675849571,-0.01347239732,-0.03888855637,0.03136414928,0.002598305184,0.0007648438174,0.008840739998,0.05009035467,0.003105099441,0.002433501777,0.02824272854,0.01015463865,0,-2.469106362e-05,-0.06878326211,-0.000251119668,-0.001252283679,0.0004812751425,0.0005290365608,0.01361975737,-0.05274459674,0.02824272854,0.002217524516,0.06498842262,-0.01919219249,0.008840739998
1,1,1,1,0,1500,500,v1,0,0,0,0,0,0,0,0,0,0,0,0,0,0,0.06772900329,0,0,0,0,0,0,0.01479864216,0,0,0,0,0.1534064962,0,0,0,0,0,0,0.03351899088,0,0,0,0,0.5995471083,0,0,0,0,0,0,0.1309997591,0,0,0,0,0,0,0,0,0,0,0,0,0,0,0,0,0,0,0,0,0,0,0,0,0.5678276175,0,0,0,0.1241822191,-0.5435151726,0,0,0.08217528212,0,0,0,0,0,0,0,0,0,0,0,-0.6481469542,0,0,0.1868070634,0,0,0,0,0,0,0,0,0,0,0,0.2689823455,0,0,-0.7303222359,0,0,0,0,0,0,0,0,0,0,0,0,0,0,0,0,0,0,0.1241822191,0,0,0,0.5678276175,0,0,0
1,1,1,1,4,1500,500,v1,3.557170902e-06,0.007107975184,0,9.645192073e-07,3.167420019e-06,0.0064002326,0.0041511769,4.240795381e-05,2.149175878e-05,0,0.001252209411,3.318936347e-06,0.0002178102793,2.390395798e-05,0,1.016393523e-05,2.462323926e-06,0.004975483443,0.0002445843657,3.296756309e-05,1.670750059e-05,0,0.0009734563697,2.580111361e-06,0,0.001041700912,0,0,0.2408012064,0,0.0106586431,0.1406319493,0.0007280894078,0,0,0.000112437629,0,0.01954721725,0,0,0.0002481708835,0,0.0009121546083,6.729099906e-05,0.4465209636,0,0,0.08736209881,0,0.000606927539,6.660829066e-05,0,7.705533818e-06,0.01539727628,2.832176798e-05,2.089338852e-06,6.861256528e-06,0.000681533432,0.008992267977,9.186399284e-05,-0.8858432635,1.517822439e-06,0.01117836779,0,-1.397573966e-05,0.007649925895,2.414281832e-05,0,0.02780459545,0.0013882206,0,0,0.001303507162,0.01402449723,0,-0.5571802942,0.0002223857573,0.0002506044541,0,-4.190119544e-06,0.005943393207,1.881934742e-05,0,0.0003202386217,0.3273628957,0,0,8.911254503e-05,0.1911295835,0,0.03650683023,0,-0.01127084803,0,-0.3811298167,0,-0.0008363388797,0.001303507162,8.911254503e-05,7.436271384e-06,0.6526720093,0.02780459545,0.0003202386217,3.694691918e-05,0.1276966276,0.01445403955,0,-0.02025679307,0,-0.0002822300501,0,-0.5338390864,0.01402449723,0.1911295835,3.694691918e-05,0.001030672419,0.0013882206,0.3273628957,7.436271384e-06,0.0001593926527,-0.4013049771,0,0.0006290055061,0.0007450983543,7.811450089e-06,0.02428979756,-1.142293451e-05,0,0,0.1276966276,0.0001593926527,0,0,0.6526720093,0.001030672419
1,1,1,1,3,1500,500,v1,0.002577820526,0.003681020945,0.0009979649571,0.001880514399,0.002424761086,0,0.008716435408,0.01024682201,0.003641375403,0.0009665495331,0,0.007496123058,0.0005789261585,0.0009769739975,0.0008969720787,0.002091987778,0.000113123634,0,0.001061956449,0.0004780502909,0.0001698829714,7.62626878e-06,0,0.0003497205089,0.07052687982,0.1912563955,0.1755948952,0.03879144727,0.03361906606,0.009114495767,0.2078929052,0.07960791916,0.03325698008,0.001492949333,0.008827576124,0.06846270642,0.001680517661,0.002700502262,0.004184083051,0.0009243243484,0.0005609942937,0.0002171806146,0.009758442668,0.0004092441023,0,3.557406379e-05,0.0002103438805,0,0.0006244886251,0.001003519918,0.001693502446,0.0003434834723,0.0002084682377,0.0002976840092,0.003626285273,0.0001520771205,0.0001960903272,0.001840812395,0.0007048977654,0.0008286600657,-0.2273347372,-0.004058675323,0.01211603718,0.001418660952,-0.01253056497,0,0.01105335334,0.1022029751,0.001525063199,0.2828363408,0.2555097743,0.05625080504,0.005065898109,0.3074326418,0.002172272716,-0.6771826576,0.002458500254,0.002036826825,0.0009030353286,0.000562216484,0,0.0005189395923,0.05625080504,0.002550708849,0.04446038505,0.01181877335,0.1022029751,0.001661785153,0.1054173421,0.01158216734,0.04077033214,-0.1091986436,-0.3990750579,-0.1769027598,-0.11303102,-0.01744620086,-0.1015759149,0.005065898109,0.001661785153,0.003166437283,0,0.001525063199,0.002550708849,0.01334085964,0,-0.2976235331,0.002595531686,-0.01076832486,0.004211693594,0.00093090677,0.0004269127839,0,0.3074326418,0.1054173421,0.01334085964,0.04414094099,0.2828363408,0.04446038505,0.003166437283,0.09086449237,-0.6279622686,0.0009672578556,0.003915850404,0.003525585419,0.0003194392164,0.0009964980121,0.0009634838563,0.002172272716,0.01158216734,0,0.09086449237,0.2555097743,0.01181877335,0,0.04414094099
1,1,1,1,1,1500,500,v1,0,0.01192352281,0,0,0.4127313803,0,0.1151994899,0.06278559141,0.04227942486,0,0,0.01089476771,0.003564037955,0.03319784768,0.00811048903,0.0006218333651,0.03540001478,0,0.01426528853,0.005385126912,0.003626310807,0.001786236296,0,0.0009344453952,3.460143841e-05,0.0002218936983,5.421033385e-05,4.753022127e-06,6.835583311e-06,0,9.534888101e-05,6.604220276e-05,2.423818327e-05,1.19391649e-05,0,6.245812879e-06,0.06129130479,0.04219704847,0.09602554828,0.008419272182,0,0,0.007362304493,0,0,0.02114845591,0,0,1.536318344e-05,1.057704675e-05,9.852173052e-05,2.110361713e-06,0,3.035027593e-06,1.845423831e-06,0,0.0001050571335,4.233530214e-05,2.932301437e-05,1.598151867e-05,0.04519146391,0,-0.1270382524,0,-0.4735369519,0,-0.05278569781,0.09167655472,0.055028078,0.04847524797,0.1313274086,0.01260387847,0.009635056282,0.02082692573,0.02891178329,-0.6894363903,0.003960345366,-0.04664974636,0.009817163741,0.04042899464,0,0.004507150248,0.01260387847,0,0.01785984363,0,0.09167655472,0,0.1725400903,0,-0.3982474254,3.875590527e-05,0.0003104062412,6.588515422e-05,7.267415503e-05,0,2.966286667e-05,0.009635056282,0,0.5636532104,0,0.055028078,0,0.08582768473,0,0.01390884201,-0.06957638948,-0.04707844865,-0.116709177,0,0,0,0.02082692573,0.1725400903,0.08582768473,0.05750997368,0.04847524797,0.01785984363,0.5636532104,0.01486335359,-0.7190686073,1.734465978e-05,9.347179276e-06,0.0001378910303,0,3.228910147e-05,0.0001206930086,0.02891178329,0,0,0.01486335359,0.1313274086,0,0,0.05750997368
1,1,1,1,2,1500,500,v1,0.01276356352,0.09606106281,0,0.002489078189,1.547894972e-07,0.004445596919,0.09598755346,4.108475177e-05,0.002537457485,0,0.01556464149,0.007021784288,0.0008721091658,0.0002537616332,0,0.01242425728,1.018869169e-08,0.0002926220269,5.188581901e-05,2.704317003e-06,0.0001670227791,0,0.00102450965,0.0004621941189,0,0.0002153357076,0,0,0.005365552019,0,4.402899448e-05,0.005361446108,0.0001417313085,0,0,0.0003922062463,0,0.002979422189,0,0,0.002870186202,0,0.04244549795,0.0005597275292,0.0009996965908,0,0,0.003500074191,0,0.02184800361,0.00635721455,0,0.02104697976,0.1584036654,0.3112514218,0.004104463317,2.552462256e-07,0.001299839063,0.1582824492,6.774831634e-05,-0.314809559,0.0129587041,0.1872355998,0,7.808427715e-06,-0.01980980748,-0.009311410955,0,0.02698777908,0.008804354652,0,0,0.3844893294,0.001800516626,0,-0.3192141472,0.01326873211,0.0002934121886,0,1.673763284e-06,0.001289441002,0.0005471787735,0,0.008169831097,0.08596704641,0,0,0.002143764384,0.0856737739,0,-0.1412410668,0,0.0002588049686,0,0.01072090083,0,0.0005310243553,0.3844893294,0.002143764384,3.117157978e-07,0.004723221781,0.02698777908,0.008169831097,6.752597562e-05,0.0164977121,-0.3476426481,0,0.04535604938,0,0.00257242896,0,0.004373077221,0.001800516626,0.0856737739,6.752597562e-05,0.00328120517,0.008804354652,0.08596704641,3.117157978e-07,0.009068606574,0.2726741114,0,-0.3329428547,-0.007622131411,-0.02240686339,-0.3123837141,-5.470731851e-05,0,0,0.0164977121,0.009068606574,0,0,0.004723221781,0.00328120517
1,1,1,1,2,1500,500,v1,0,1.850968033e-05,0.09386061014,0,0.0008242042685,1.049464842e-05,0.0001613132893,5.684715391e-06,0.1025785576,0.01753003624,9.255072267e-05,0.002439114152,0.0002204583232,1.0618099e-06,2.095164832e-06,0.0001567020924,7.595102017e-05,9.670894512e-07,2.87990663e-06,5.238506397e-07,0.009452688367,3.069202219e-06,8.528616113e-06,0.0002247661354,0.0131396564,3.679108335e-05,7.259621892e-05,0.008420498138,5.910081594e-05,0.2996939193,9.978705687e-05,0.0005150681615,0.3275300462,0.0001063460368,0.05597284375,0.007788013298,0.001624315525,0.0009442971796,8.974295969e-06,0.001040936341,0,0.03704796161,0.0006712077897,0,4.142369532e-06,1.314642585e-05,0.006919325462,3.653093258e-05,0.003660696725,0.002128149082,1.024996349e-05,0.002345943381,0,1.646543538e-05,0.00151269142,0,0.0007331775525,2.780058635e-05,0.0001434975372,5.056884411e-06,-0.6370731778,0,0.0001599723873,0.1112760819,-0.0005917573791,-7.808068173e-05,0.1047096013,0.01170451606,0.00165456714,4.447768158e-05,8.952910605e-05,0.007561934485,0.001066960493,0.000120060519,0.000126653943,-0.2332444488,0.0002322570988,2.584605527e-06,3.845302887e-06,6.156499964e-05,4.671230745e-06,0.009667716641,0.007561934485,0,4.046944673e-05,0.2529427956,0.01170451606,0,0.0003387445293,0.04726856264,0.2783949918,-0.02135559159,-0.0001166654727,-0.000160304043,-0.0005155260648,-0.3553614202,-0.334841932,0.001066960493,0,0.0009954254977,1.092809173e-05,0.00165456714,0,8.540498134e-06,9.365349113e-05,-0.2621653788,0.002642557091,0.0005489641607,1.233670717e-05,0,0.0439444329,3.688395626e-06,0.000120060519,0.0003387445293,8.540498134e-06,0.3230075367,4.447768158e-05,4.046944673e-05,0.0009954254977,0.007689384181,-0.01893164006,0.005868734116,-0.002595573013,4.388733345e-06,0,0.0001027443602,-0.000139118284,0.000126653943,0.04726856264,9.365349113e-05,0.007689384181,8.952910605e-05,0.2529427956,1.092809173e-05,0.3230075367
1,1,1,1,1,1500,500,v1,0.0292015966,0.001178636102,0.01725441572,0.05248529003,0.08901329798,0.007927295112,0.0009992280821,0.05464686348,0,0.000184301404,0.00802338383,0,7.877725378e-06,1.070024537e-05,0.0001932032277,1.010882949e-05,0.0007466653407,6.649609261e-05,5.09244606e-05,0.0004583912726,0,7.152863193e-05,6.73021083e-05,0,0.0004067818542,3.081916427e-05,0.0005564696704,0.0003200569941,2.847593289e-05,0.0004168679235,0.0001466741428,2.414142225e-05,0,0.0002060188885,4.452735162e-06,0,0.04798856884,0.002676727647,0.06564742947,0.03775752762,0.08323022048,0.04917843516,0.003434821866,0.1495932678,0.02259433034,0.02430430834,0.0005252947878,0.02286820184,0.01421228586,0.0007927391756,0.001076770677,0.01118226255,0.02464944703,0.0009949020445,0.001017256222,0.04430351513,0.07513728115,0.005124552199,0.0008434614046,0.04612812735,-0.1929496648,0.08142435962,-0.001114787412,0.01721174721,-0.101400096,0.01543773851,0,0.0500737092,0.00244272216,0.001511599592,0.09711436087,0.03940344614,0.002865426963,0.007188681765,0.03591895389,-0.1661478579,1.784870968e-05,6.122683948e-05,0.0002619372623,0.00120214089,0.0001330201156,0,0.03940344614,0.04407808274,0.0007921222303,0.04738520618,0.0500737092,0.07897014993,0.0006883484975,0.0005063551569,-0.1891657502,0.0007246672227,0.0001618734618,0.0007544023734,5.080785247e-05,0.0004188137645,0,0.002865426963,0.07897014993,0.0304849945,0.02153814889,0.00244272216,0.04407808274,0.0255998852,0.02204275778,0.2113105019,-0.08564663584,-0.004429985408,-0.08970521429,-0.2322385827,-0.04955826849,-0.04462469636,0.007188681765,0.0006883484975,0.0255998852,0,0.001511599592,0.0007921222303,0.0304849945,0,-0.3411871614,0.0252705315,0.0008733706206,-0.006023287878,0.06878206796,7.69990724e-05,0.0628080352,0.03591895389,0.0005063551569,0.02204275778,0,0.09711436087,0.04738520618,0.02153814889,0
1,1,1,1,1,1500,500,v1,0.002920226823,0.0007898874697,0.003920500495,0.005881470113,0,0.004914534937,0.004045416455,0,0.06167421963,0.001828687733,0.001957609541,0.03606620061,0.0001535176369,0.05104858539,0.005185192083,0.001286148953,0,0.00245327916,0.03229560189,0,0.03078705914,0.001125287961,0.0009772161053,0.01800383139,0.001078753542,0.03853690204,0.003914334508,0.01446705034,0.0002976616292,0.001477403566,0.02438015543,0.001524476965,0.0232413469,0.0008494870446,0.0006891236929,0.01359120691,0.002415904966,0.0002595427942,0.008766284243,0.03239944751,0.002464517053,0.003308695151,0.002174412658,0.004963649837,0.004147607667,0.001902454907,0.001543315769,0.001652118959,0.006912077006,0.0007425705088,0.2469239026,0.09269713806,0.007051159667,0.001907256869,0.006221150231,0.01420135742,0,0.1562150252,0.009768034839,0,0.04405768082,0.005783892083,0.001773324275,-0.003302153265,0,-0.002226705762,-0.08168623722,0.005363507406,0.0005280019663,0.2359709824,0.00766473871,0.0689275524,0.004923349977,0.1492669441,0.001670731119,-0.4076899975,0.001280793164,0.08310926508,4.406787429e-05,0,0.002632538268,0.03423414458,0.0689275524,0.005106198235,0.001557604122,0.002337775389,0.005363507406,0.005600181116,0.008288905997,0.0009505985801,-0.4516923285,0.01525445651,0.06280959334,0.001594407421,0.001779336652,0.00146954837,0.02950371878,0.004923349977,0.005600181116,0,0.001974894704,0.0005280019663,0.005106198235,0,0.0006615791125,-0.100114852,0.03397088151,0.000928009164,-0.007862121856,0.005128470117,-0.0003596444177,-0.002163481716,0.1492669441,0.008288905997,0,0.01688653547,0.2359709824,0.001557604122,0,0.01003602538,0.2118180218,-0.09875271118,-0.005843036961,-0.4027441426,-0.01804994844,-0.010117001,0,0.001670731119,0.0009505985801,0.0006615791125,0.01003602538,0.00766473871,0.002337775389,0.001974894704,0.01688653547
1,1,1,1,4,1500,500,v1,0,2.969569914e-05,0,0,0.0006924962449,0,0.00559374876,0.003727289102,0.003003380498,0,0,0.003265796099,0.001378770169,0.0008558845546,0.0002542252122,0.0001213797029,0.00642647495,0,0.006065460287,0.03458983383,0.02787184721,5.556714911e-05,0,0.0303071056,0.1042577966,0.002628059026,0.0007806179699,0.09729122024,0.0008461919253,0,0.01862446,0.1593963156,0.0855826399,0.0001706231839,0,0.09306028714,0.152832737,0.006206112631,0.001144317114,0.1426203504,0,0,0.0005463536448,0,0,0.0002501185432,0,0,0.001933103909,7.849797641e-05,4.872835741e-05,0.001803932601,0,1.56897323e-05,6.910550625e-06,0,0.0003658806162,0.0003453268495,0.002955458977,0.001969314409,-0.3159612169,0,0.005536522715,0,0.004237919971,0,0.006214225799,0.07163065327,0.006249477394,0.002820511888,0.0014582612,0.06400804327,0.0006240705715,0.01905655756,0.0002995070141,-0.1905977832,0.0005087290458,0.00451404856,0.0001585788061,-0.04055124269,0,0.05725930453,0.06400804327,0,0.001199914471,0,0.07163065327,0,0.226204743,0,-0.2030356616,0.1888941305,-0.01948493855,-0.0005751978566,-0.1601102668,0,-0.1778010643,0.0006240705715,0,0.007955742954,0,0.006249477394,0,0.04310711907,0,0.1927970697,-0.2830524776,-0.00516937572,-0.0007552264247,0,0,0,0.01905655756,0.226204743,0.04310711907,0.08213806165,0.002820511888,0.001199914471,0.007955742954,0.08935323935,-0.3046769515,0.003732549785,7.828136606e-05,0.0003861770292,0,0.002970638465,0.002271414706,0.0002995070141,0,0,0.08935323935,0.0014582612,0,0,0.08213806165
1,1,1,1,3,1500,500,v1,0,0,0,0,0,0,0,0,0,0,0,0,0.002118898789,0,0,0.006893752576,0,0,0,0,0,0,0,0,0,0,0,0,0,0,0,0,0,0,0,0,0,0.2110753567,0,0,0,0,0.6867252422,0,0,0,0,0,0,0.0219084577,0,0,0,0,0.07127829206,0,0,0,0,0,0,0,0,0,0,0,0,0,0.2805941283,0,0,0,0.9128816871,0,0,-0.8046430863,0.008992542503,0,0,0,0,0,0,0,0,0,0,0,0,0,0,0,0,0,0,0,0,0.9128816871,0,0,0,0.2805941283,0,0,0,0.1021316763,0,-0.8977822201,0,0,0,0,0,0,0,0,0,0,0,0,-0.8887896778,0,0.09313913378,0,0,0,0,0,0,0,0,0,0,0,0
1,1,1,1,4,1500,500,v1,0.000338930912,0.0006717771161,0,4.683681703e-05,0.004470188017,0.001103523943,0.0005564514345,0.001966254023,0.001026480786,0,0.001054119878,0.01368200914,0.02266786401,0.03169888592,0.002277080301,0.007025132835,0.01636510273,0.004039938057,0.01676424966,0.007198343551,0.003757887465,0.008240536737,0.0038590726,0.05008905315,0.002147286952,0.01811328974,0.001301162929,0.02908115347,0.001405307897,0,0.009579381179,0.001164055125,0.002147321663,0.004708784714,0,0.02862174824,0.005841157238,0.03523487586,0.0035394884,0.07910800648,0.001928707074,0,0.01091985038,0.0002665277704,0.006279670456,0.01280907142,0,0.005998533604,0.01252549381,0.07555595603,0.1056579319,0.1696353659,0.004135825749,0.008197402468,0.02341599664,0.0005715292026,0.05454775015,0.05587817667,0.006790133592,0.02399333826,-0.1199189553,0.0001937852674,0.001089632965,0,0.005939397851,0.001215247676,0.006270647446,0.007836243716,0.02918404887,0.08401174041,0.002795034823,0.09306277176,0.009443510361,0.0443299131,0.01008453322,-0.2631385233,0.02750802194,0.04668148575,-0.0009084861016,0.02093305816,-0.0004403292693,-0.04141705782,0.09306277176,0.003909169606,0.00931442715,0,0.007836243716,0.0005195999464,0.007748204011,0,-0.2705823174,0.03006832268,0.02686749287,0.003484668199,0.00222684472,0,0.001677457313,0.009443510361,0.0005195999464,0.05092315212,0.006185630467,0.02918404887,0.003909169606,0.02282682778,0.006184925394,-0.2146241277,0.07911125442,0.04165352378,-0.01116256079,0.001240220766,0,-0.009021955647,0.0443299131,0.007748204011,0.02282682778,0.003658682342,0.08401174041,0.00931442715,0.05092315212,0.04654474721,0.2835130404,-0.1764455874,-0.09491325189,-0.1591100809,-0.004386519067,-0.01469156513,-0.07603910926,0.01008453322,0,0.006184925394,0.04654474721,0.002795034823,0,0.006185630467,0.003658682342
1,1,1,1,3,1500,500,v1,0,0.0009258392086,0,0,0.007918824499,0,0.003542130573,0.003128650924,0.004912770804,0,0,0.07366756461,0.02120803769,0.0004541089793,0.08393405418,0.01557356257,0.01921441497,0,0.01467828698,0.007591429404,0.01192045826,0.1988928873,0,0.1787486459,5.662601185e-05,2.998573387e-05,0.005542335267,0.001020119266,0.0001483394312,0,0.0009692369605,0.0005675257965,0.0007871319553,0.0131332994,0,0.01180313442,0.0001840728335,0.004552278267,0.01801633778,0.0033160775,0,0,0.003342845362,0,0,0.04269210483,0,0,0.002005032266,0.04958615909,0.001061744628,0.03612071513,0,0.005252450881,0.03641228682,0,0.04492490308,0.03431905789,0.0200951382,0.01774939444,-0.2363031147,0,0.004412330838,0,0.01095925454,0,0.07579237953,0.002654952383,0.03576576689,0.0008716578691,0.09050534222,0.04682153054,0.02603347308,0.02798126877,0.2143669476,0.007977005615,0.03260804074,0.01477016856,-0.2819724881,0.02610513574,0,-0.1881885552,0.04682153054,0,0.006252576178,0,0.002654952383,0,0.02392956182,0,-0.4093139031,0.0009913967407,0.0009901658576,0.01863430125,0.0007126375302,0,0.01241385935,0.02603347308,0,0.02694518158,0,0.03576576689,0,0.01060792552,0,-0.3488522875,0.003447898698,0.007882386547,0.06008999302,0,0,0,0.02798126877,0.02392956182,0.01060792552,0.01000494278,0.0008716578691,0.006252576178,0.02694518158,0.1399685334,0.1028794162,-0.03742361745,-0.08168992053,-0.03499561883,0,-0.02524639371,-0.06209979507,0.2143669476,0,0,0.1399685334,0.09050534222,0,0,0.01000494278
1,1,1,1,4,1500,500,v1,0,0,0,0,0.001687172024,0.003316453835,0,0.0009814035855,0.01552121037,0,0.001399507838,0.008012975493,0,0,0,0,0.02071929759,0.04072767505,0,0.012052116,0.1906080542,0,0.01718664069,0.09840325792,0,0,0,0,0,0,0,0,0.3743468913,0,0,0.1932602158,0,0,0,0,0,0,0,0,0.0112155459,0,0,0.004732839707,0,0,0,0,0,0,0,0,0.003685146327,0,0,0.002143596366,-0.3479348576,0,0,0,0.002626995136,0.004703922475,0.0235088845,0,0,0,0,0,0,0,0,-0.5109816583,0,0,0,-0.03270251347,-0.05775771362,0.2843468277,0,0,0,0,0,0,0,0,0.3078557118,0,0,0,0,0,-0.563466996,0,0,0.02300885347,0.03925273355,0,0,0.01338923598,0.01657484066,-0.05305379113,0,0,0,0,0,0.01583540835,0,0,0.01338923598,0.2527482768,0,0,0.02300885347,0.1306686491,-0.03007551833,0,0,0,0,0,0.005810125403,0,0,0.01657484066,0.1306686491,0,0,0.03925273355,0.2527482768
1,1,1,1,0,1500,500,v1,0,0,0.05205857873,0,0,0.04818990676,0,0,0.05545581673,0.02970282835,0.04024870255,0.05765478955,0.0007098993439,0.01560226078,0.000903755863,0.0003843567742,0,0.0158532254,0.009185324448,0,0.01824352072,0.002914476745,0.01324077585,0.01896692556,0.01306252812,0.06095900293,0.003531030348,0.04201120289,0,0.06691202572,0.03588763372,0,0.07127856976,0.01138704185,0.03817769257,0.07410495744,0.008092682526,0.001718352908,0.002187593958,0.02602737573,0,0.04145428635,0.0009303580661,0,0.03837365988,0.007054661528,0.0236523851,0.03205007285,0.001825772085,0.0003876737734,0.008520344976,0.005871978285,0,0,0.0002098960117,0,0,0.005016076461,0,0,-0.07171265914,0,0,0.03641651459,0,-0.05868190133,0.05237198608,0.01412016473,0.002072846548,0.05863209364,0.002624117249,0.04533374513,0.001212424392,0.03436242179,0.006866088772,-0.215550363,8.181462306e-06,0.0213984989,0.00280646542,0,0.02240270674,0.03530913982,0.04533374513,0,0,-0.02182523326,0.01412016473,0,0,-0.01043374081,0.2196725774,-0.04933844783,-0.09516334541,-0.01250411751,0,-0.06143864588,-0.1135565817,0.001212424392,0,0,0.02640625393,0.002072846548,0,0,0.02944862609,-0.1146854288,0.003989231407,-0.00212890109,0.003370848075,0,0.04652811395,-0.0009573920656,0.03436242179,0,0,0.02364119411,0.05863209364,0,0,0.0151719896,-0.1212347825,0.005713276534,-6.946099801e-05,0.01176850295,0,0,0,0.006866088772,-0.01043374081,0.02944862609,0.0151719896,0.002624117249,-0.02182523326,0.02640625393,0.02364119411
1,1,1,1,3,1500,500,v1,0,0,0,0,0,0,0,0,0,0,0,0,0,0.07103797372,0,0,0,0,0.5486470996,0,0,0,0,0,0,0.03361290383,0,0,0,0,0.2596023117,0,0,0,0,0,0,0,0,0,0,0,0,0,0,0,0,0,0,0,0.009984728149,0,0,0,0,0,0,0.07711498305,0,0,0,0,0,0,0,0,0,0,0,0.04116040116,0,0,0,0.3171856715,0,0.3796272788,0,-0.6185246602,0,0,0,0,0,0,0,0,0,0,0,0,-0.5315409746,0,0.2926435933,0,0,0,0,0,0,0,0,0,0,0,0,0,0,0,0,0,0,0,0.3171856715,0,0,0,0.04116040116,0,0,0,-0.325881067,0,0,0.08698368537,0,0,0,0,0,0,0,0,0,0,0
1,1,1,1,2,1500,500,v1,0.02907745939,0,0.2907787532,0.03514272263,0.0003082300339,0.000621899363,0,0.01038193592,0.06101199172,0.1237972854,0.001308564959,0.003685916025,0.0007245814525,0,0.01896102257,1.97431219e-05,4.963114336e-05,0.000100138121,0,0.001671697413,0.009824139683,0.03036105206,0.0002107048891,0.0005935055203,0,0,0.03054378541,0,0,0.07542287808,0,0,0.01582543416,0.04890777674,0.03211083157,0.0009560615827,0,0.0005688113278,0.0148847923,0,0.003675503222,0.03675555796,1.549875634e-05,0.004442175932,7.861048249e-05,0.02383404968,0.01564845523,0.0001654076672,0,0.004386819849,0,0,0.02834643001,0,0.0001195304113,0.03425920793,0.000300480897,0,0,0.01012092618,0.1868725904,-0.03625981781,0,-0.4129970586,-0.00396633587,-0.001885271404,-0.06359505948,0,0.004661220077,0,-0.0009951767561,0,0.0001291883252,0,0.008451805407,-0.08356906883,0.0006818535417,0,0.02009486881,0.0009446771054,0.0002558555844,0.009755484132,0,0.02395170793,0,0.2687501396,0,0.02462893466,0,0.1149081893,-0.365499267,0,0,-0.05446325331,0,0.1053796396,0.0160251482,0.0001291883252,0.02462893466,0.0003872518631,0.0007001775503,0.004661220077,0.02395170793,0.006243973646,0.001454413194,-0.387622439,0,0.0005521121582,0.02939729876,0.007874410788,0.0518451999,0.0001930219888,0,0,0.006243973646,0.05325746322,0,0,0.0003872518631,0.003464177455,-0.03017310028,0,-0.004427571299,0,-0.00400168804,0,-0.001399158238,0.008451805407,0.1149081893,0.001454413194,0.003464177455,-0.0009951767561,0.2687501396,0.0007001775503,0.05325746322
1,1,1,1,1,1500,500,v1,0,0,0,0,0,0,0,0,0,0,0,0,0,0,0,0,0,0,0,0,0,0,0,0,0.03671530898,0,0,0.0212778227,0,0,0,0,0,0,0,0,0.534785195,0,0,0.3099269727,0,0,0,0,0,0,0,0,0.06159703553,0,0,0.03569766502,0,0,0,0,0,0,0,0,0,0,0,0,0,0,0,0.6547990951,0,0,0,0.3794756011,0,0,0,0,0,0,0,0,0,0,0.3794756011,0,0,0,0.6547990951,0,0,0,-0.7473544387,0.05783797355,0,0,0,0,0,0,0,0,0,0,0,0,0,0.1550528879,-0.8445693532,0,0,0,0,0,0,0,0,0,0,0,0,0,-0.7867313792,0.0972149143,0,0,0,0,0,0,0,0,0,0,0,0,0
1,1,1,1,2,1500,500,v1,0.0431836313,0,0,0.0711308804,0,0,0,0,0,0,0,0,0.01046709174,0,0,0.0003394251069,0,0,0,0,0,0,0,0,0.00153366041,0,0,0.002645710328,0,0,0,0,0,0,0,0,0.01131943875,0.19090786,0,0.01952711031,0.02619610893,0,0.006190728277,0.04314950446,0,0,0,0,0.02183272214,0.3682195164,0,0.03766352582,0.05052656585,0,0.01194056113,0.08322595865,0,0,0,0,0.019350971,0.02683666461,0,0,0,0,0,0.01371365954,0.2516231933,0,0,0.02316494442,0.008254838539,0,0,-0.1839927907,0.0107407693,0,0,0,0,0,0.02316494442,-0.02418950656,0,0,0.01371365954,-0.04509194681,0,0,-0.02875599457,0.004170258475,0,0,0,0,0,0.008254838539,-0.04509194681,0,0,0.2516231933,-0.02418950656,0,0,-0.4431373159,0.03042847294,0.1925074694,0,0.06855125452,0,0,0,0,0,0,0,0,0,0,0.3332348891,-0.05918446751,-0.37650026,0,-0.04920028349,0,0,0,0,0,0,0,0,0,0
1,1,1,1,3,1500,500,v1,3.104157964e-05,0.0006540105536,0.0001607925507,3.099571508e-05,0,2.29462314e-07,0.000125100945,0,0.004139370948,0.0002266059281,1.648621152e-06,0.002257647676,9.520366735e-05,8.261727614e-05,7.666232528e-05,0.0004804776257,0,4.871302655e-07,4.552919149e-06,0,0.008787555714,7.770366777e-05,3.499891748e-06,0.004792806682,0.1155255137,0.002966593943,0.002752765529,0.2543315938,0.04985465717,0.01225707666,0.0001634847214,0.009536336518,0.3155406566,0.002790157712,0.01727397333,0.1720985239,0.00582157445,0.0001722675429,0.0001387176647,0.01281630578,0.0001192414748,0.0006176599614,0.0008694066342,0.0001190652931,8.814443418e-07,0.0001406019358,0.0008704719729,6.332925702e-06,0.0002995850573,8.865090044e-06,7.693081712e-06,0.0006595421451,6.136306315e-06,0.0001292849506,4.474068631e-05,6.127239799e-06,0,4.239546579e-07,2.472998242e-05,0,-0.5613213147,1.857097673e-05,0.0007784659684,0.0003843837743,0,-2.748067848e-07,0.006356943006,0.1640266204,0.0001293932677,0.004311515479,0.003769287715,0.3611608949,0.0006232944488,0.0002381489128,0.003829057761,-0.4900998911,0.0001591670649,8.227498374e-05,0.0001284622081,0,2.00606004e-07,0.01354656821,0.3611608949,0.0001226992151,0.07359114641,0.01717252166,0.1640266204,0.0001252062293,0.01407797874,0.02421115521,0.04279010274,-0.3697125688,-0.003123464133,-0.005472720172,-0.05937849231,-0.02945823085,-0.4874845131,0.0006232944488,0.0001252062293,0,3.643157776e-07,0.0001293932677,0.0001226992151,0,2.263449965e-06,-0.402938906,0.01862915695,-0.0007082394788,0.000278694314,-0.000192264893,0.001484729243,-1.677643047e-06,0.0002381489128,0.01407797874,0,0.4538479388,0.004311515479,0.07359114641,0,0.2475235627,-0.4134473903,0.0009584022405,4.72806024e-05,8.079603555e-06,8.423619912e-06,0.0001539424828,0,0.003829057761,0.02421115521,2.263449965e-06,0.2475235627,0.003769287715,0.01717252166,3.643157776e-07,0.4538479388
1,1,1,1,1,1500,500,v1,0,0,0,0,0,0.02412288194,0,0,0,0,0.000422079673,0,0.004366900194,0,5.20724613e-05,0.0007491523785,0,0.001458650467,0,0,0,0.000148268083,2.552210445e-05,0,0,0,0.00676119083,0,0,0,0,0,0,0.01925141963,0,0,0,0.2170572699,0.002588267601,0,0,0,0.03723670403,0,0.07250238709,0.007369681901,0,0.001268579099,0,0.5160835764,0,0,0,0,0.08853539618,0,0,0,0,0,-0.07160622563,0,0,0,0,0.02412339235,0,0,0.4405049464,0,0.005598712404,0,0.07563080791,0,0.01748500862,-0.413748041,0.005108906559,0,0.0001999790867,0,0.001476665308,0,0,0,0,0,0,0,0,0,0.009060319581,0,0,-0.02444946694,0,0,0,0.07563080791,0,0,0.0699976632,0.4405049464,0,0,0.001226586783,-0.5945096625,0,0.2517697249,0.008860340495,0,0,-0.07308289089,0,0,0,0,0,0,0,0,0.2568786315,0,-0.6009691384,0,0,0,0,0.01748500862,0,0.001226586783,0,0.005598712404,0,0.0699976632,0
1,1,1,1,1,1500,500,v1,0.1269660333,0.0004305984332,0.02502250106,0.01372107591,0,0,0.002689709141,0,0,0.0117821423,0,0,0.002641256751,7.26886799e-05,0.0001560250828,0.00068876607,0,0,4.179539788e-05,0,0,8.589396379e-05,0,0,0.009843797066,3.640869257e-05,7.815067328e-05,0.01183993434,3.948681338e-05,0.002294617801,2.093470117e-05,0.0002466521815,0,4.302302539e-05,0.001080448089,0,0.07756667788,0.01042464949,0.0006158079103,0.09329574419,0.09174443553,0.0180810188,0.002718457741,0.009914717596,0,0.0003390107628,0.008513662802,0,0.1282947068,0.01724229252,0.0004745163381,0.1543104651,0.1517446122,0.0005146336429,0.004496308831,0.01639886896,0,0.0002728430229,0.0032146304,0,0.003687146154,0.06454448182,-0.000639014319,-0.01843228699,0,0,0,0.07274963827,0.006358825232,0.0005628733105,0.0006355695887,0.07521705557,0.001695935978,0.0003300749007,0.0003544886329,-0.00977654803,0.003073217634,7.652598554e-05,1.625988622e-06,0,0,0,0.07521705557,-0.1097115097,0.0006688355427,0.0272217683,0.07274963827,-0.008022979051,0.003733066995,0.01237032783,-0.1537814796,0.02148638065,4.579696064e-05,6.785680322e-05,0.0002523135986,0.002699999833,0,0.001695935978,-0.008022979051,0,0,0.006358825232,-0.1097115097,0,0,-0.29737387,0.1469378736,0.01206776494,-0.0007295216062,0.09718078428,-0.01066244362,0,0.0003300749007,0.003733066995,0,0,0.0005628733105,0.0006688355427,0,0,0.3450261232,-0.2670687168,-0.02051082337,-0.0007176217533,-0.08323560693,-0.002547900969,0,0.0003544886329,0.01237032783,0,0,0.0006355695887,0.0272217683,0,0
1,1,1,1,1,1500,500,v1,0,0,0.2145665816,0,0,0,0,0,0,0.7216230118,0,0,0,0,0,0,0,0,0,0,0,0,0,0,0,0,0,0,0,0.01179861157,0,0,0,0,0.03968068818,0,0,0,0,0,0,0.002826183345,0,0,0,0,0.009504923471,0,0,0,0,0,0,0,0,0,0,0,0,0,0.06361078002,0,0,-0.9361526078,0,0,0,0,0,0,0,0,0,0,0,0,0,0,0,0,0,0,0,0,0,0.2999721162,0,0,0,1.008840623,-0.9238601542,0,0,0,0,0.05131832625,0,0,0,0,0,0,0,0,0,-0.8848342812,0,0,0,0,0.01229245374,0,0,0,0,0,0,0,0,0,0,0,0,0,0,0,0,0,1.008840623,0,0,0,0.2999721162,0,0
1,1,1,1,4,1500,500,v1,0.0002730269046,0.002599248419,0.006878723947,0.0006277805592,1.693024935e-05,0.0005123205143,0.0002676073832,6.824611353e-05,0.0002385997432,2.834894067e-05,0.0005345460234,0.0005115274886,0.06972324916,0.0008889801038,0.3562379192,0.06027583547,0.0009822671174,0.02972405097,0.01096478556,0.003959534902,0.01384319139,0.2303545436,0.03101354095,0.02967804084,0,1.390772495e-05,0.005573194468,0,0.002359272425,0.006243644743,0.0001715395216,0.0002429004921,0.0002165709867,0.003603801277,2.573162054e-05,0.0004643006377,0,0.0006974060366,0.003563265887,0,0.0001584454534,0.003991923565,0.0006029083846,0.0003643193166,0.0002973144945,0.002304118801,1.645171476e-05,0.0003102126039,0,0.02262658565,0.0002884917829,0,0.005140591612,0.04893904005,0.01956071139,0.01181994676,0.0003187652804,0.003558291713,0.005038552048,0.001284948087,-0.1699149569,0.000849339358,0.002838710414,-0.0007733121662,7.652765079e-05,0.0010366794,0.0007418612583,0,0.06941618388,0.000872024831,0.5206254704,0,0.05996130696,0.01080638023,0.3366450781,0.06673368326,-0.1294251334,-0.01167067015,-0.5865257947,-0.004793945135,-0.06069232637,-0.04336304971,0,0.006974407663,0.06575362819,-0.003938136046,0,0.01588805995,0.006766625889,-6.247840792e-06,-0.6799336998,0,0.0001828100325,0.009174942134,0.002583064176,0.0003551324411,0.0006740351807,0.05996130696,0.01588805995,0.0009526228763,0.04335964314,0.06941618388,0.006974407663,0.003824495382,0.04522189698,-0.7407147857,0,0.001297834241,0.005837139415,0.0004989698722,0.003047768972,0.0006012870426,0.01080638023,0.006766625889,0.003824495382,0.02000130715,0.000872024831,0.06575362819,0.0009526228763,0.0429194227,-0.1375624926,0,0.04187563872,0.003702256744,-0.01658995431,-0.05376861079,0.001532671975,0.3366450781,-6.247840792e-06,0.04522189698,0.0429194227,0.5206254704,-0.003938136046,0.04335964314,0.02000130715
1,1,1,1,2,1500,500,v1,0,0,0.05625889831,0,0,0.1996539387,0,0,0.01925390478,0.01433233239,0.1343761023,0.0144989216,0.01329457484,0.0003179172145,0.03128679888,0.03872564055,0,0.0552203906,0.0004456482866,0,0.005325255037,0.008780490416,0.03716581253,0.004010119306,0.01127847169,5.717867677e-05,0.005627055342,0.0007646935957,0,0.002798548717,8.015161862e-05,0,0.0009577683201,0.001579206159,0.0007129490911,0.0007212359228,0.07789015847,0.01651303277,0.03886095955,0.005281044007,0,0.01932703374,0.04810065602,0,0.06858858823,0.01090614237,0.004923691719,0.04616321226,0.003101018287,0.0006574285838,1.572128982e-05,0.0002102526732,0,0,0.001915017466,0,0,2.203770527e-05,0,0,0.2405264553,0,0,-0.06875000309,0,-0.3317442771,-0.03309530225,0.09506710955,0.008972602063,0.0003545948837,0.01054472294,0.0064410994,0.02603087177,0.0004950915823,0.003155604482,-0.319283851,0.01822690217,-0.0006981373883,0.01867475934,0,0.09156723032,0.008510060241,0.0064410994,0,0,0.05136479826,0.09506710955,0,0,0.01327882067,-0.1672358935,0.01168894482,0.0001037431265,0.006976971299,0,0.003413099137,0.00162298095,0.02603087177,0,0,0.1142311817,0.008972602063,0,0,0.07627649886,-0.2441208236,-0.08263938165,-0.04410980154,-0.03478528224,0,0.02224115799,0.1131719265,0.0004950915823,0,0,0.0196566084,0.0003545948837,0,0,0.0147867831,-0.09742773011,0.003278297395,0.00254725018,2.793661749e-05,0,0,0,0.003155604482,0.01327882067,0.07627649886,0.0147867831,0.01054472294,0.05136479826,0.1142311817,0.0196566084
1,1,1,1,2,1500,500,v1,0,0,0,0,0.01892079504,0,0,0.1594465363,0,0,0,0,0,0,0,0,0.03549023354,0,0,0.2990780672,0,0,0,0,0,0,0,0,0,0,0,0,0,0,0,0,0,0,0,0,0,0,0,0,0,0,0,0,0,0,0,0,0,0,0,0,0.05166666455,0,0,0.4353977033,-0.1383872296,0,0,0,0.1772165852,0,0,0,0,0,0,0,0,0,0,-0.2211533294,0,0,0,0.2599826852,0,0,0,0,0,0,0,0,0,0,0,0,0,0,0,0,0,0,0,-0.003924585861,0,0,0,-0.05431944781,0,0,0,0,0,0,0,0,0,0,-0.05431944781,0,0,0,-0.003924585861,0,0.4371992706,0,0,0,0,0,-0.3983699146,0,0,0,0,0,0,0,0
1,1,1,1,2,1500,500,v1,0,0.0001452359097,0.002404531813,0,0.0001745631867,0.0001016518389,0.0001486308904,0.0001689822755,4.51605147e-05,0.0004311523868,4.143853473e-05,3.546171999e-05,0,0.01559231003,0.003563809036,0,0.004591896836,0.002673958733,0.01437544043,0.004445090578,0.001187950498,0.02830612318,0.001090043555,0.000932823025,0,0.05829779448,0.01332465853,0,0.01428417407,0.236489385,0.05374806365,0.01461807562,0.004441605758,0.1058332312,0.0424044973,0.00348771445,0,0,3.958858468e-05,0,0,0.0007026281404,0,0,2.970367959e-05,0.0003144386647,0.0001259870209,1.21087525e-05,0,0,0.1239079655,0,0,0.03036003272,0,0,0.03649059017,0.1142378246,0.03106971758,0.03532395964,-0.3821453904,0,0.0002914887285,0.002813301578,0.0003423830121,0.0001404241311,7.605213883e-05,0,0,0.07505579099,0.01452719659,0,0,0.06895109535,0.1156521989,-0.3222227878,0,0.02981346725,0.03091353997,0.008903076831,-0.003719884957,0.001818065438,0,0,0.02379268796,0.3494090928,0,0,0.02428447057,0.06268085756,-0.2267634312,0,0.1075350401,-0.1180485216,0.02796389582,-0.2783617924,-0.007717575517,0,0,0.04754008548,0.003769578222,0,0,0.04597245019,0.001538203876,-0.3662629332,0,0,0.0003487178882,0,0.0008218578719,4.093940179e-05,0.06895109535,0.02428447057,0.04597245019,0.004876755106,0.07505579099,0.02379268796,0.04754008548,0.0038584318,0.1748493511,0,0,-0.2333530981,0,-0.06030682358,-0.07158715017,0.1156521989,0.06268085756,0.001538203876,0.0038584318,0.01452719659,0.3494090928,0.003769578222,0.004876755106
1,1,1,1,0,1500,500,v1,0,0.06512249761,0.03716891585,0,0.0006118194945,0.03569044466,0.04063046924,0.0004624342276,0.006506520081,0.05822194465,0.0005666655674,0.01530430003,0.02329122397,3.796257988e-05,0.008220252822,0.007307795916,0.0002815026146,0.01642143406,0.0002123237201,0.000212769363,0.002993697375,0.008903148371,0.0002607269632,0.007041620137,0.02810064504,3.69000508e-05,0.00799017737,0.008781992185,0.02912469699,0.01662303277,0.0002063810226,0.01817114129,0.002909907218,0.008653959457,0.02603856668,0.006844533263,0.0001621304122,0.0001306206242,4.610039197e-05,5.066887295e-05,0,9.590880036e-05,4.098319887e-05,0,9.20938277e-05,4.993017108e-05,0.0001502329766,1.462195319e-06,0.1250621315,0.1007565049,0.0001642239528,0.03908432208,0,0.1296196824,0.03161310784,0,0.001217764236,0.0009185002889,0.08087080059,0.0009204281148,-0.09857558137,0,0.09676339088,-0.09066710356,0.0001153831219,-0.03147286811,-0.01663880887,0.1452247943,0.1159599576,0.0001621593506,0.009920978146,0.04540100575,0.03643450909,0.0008900952292,0.01173084786,-0.1809977388,0.02974424868,0.0001777187552,-0.008422362512,0.000257032794,0.009485686852,0.005017470109,0.04540100575,0,0.05353274455,0.03166263704,0.1452247943,0,0.0343396657,0.04916996368,-0.3802979041,0.036376396,0.0001443530214,-0.006084599688,0.04701159384,0.03653889586,0.006835789066,0.03643450909,0,0.001247322619,0.03223680621,0.1159599576,0,0.0007303068305,0.0006156105917,-0.319684782,0.0002115290191,0.0001707244513,7.241152304e-05,0,0.0002398071593,8.557005041e-05,0.0008900952292,0.0343396657,0.0007303068305,0.002650815243,0.0001621593506,0.05353274455,0.001247322619,0.004527509276,0.2109723697,-0.1636717917,-0.1315112841,-0.001023574829,0,-0.2023565917,-0.001690835549,0.01173084786,0.04916996368,0.0006156105917,0.004527509276,0.009920978146,0.03166263704,0.03223680621,0.002650815243
1,1,1,1,4,1500,500,v1,0.007615928013,0.009917587065,0.0006380025818,0.006418167322,0.001203950306,0,0.1105057751,0.02581428737,0.02808071896,0.002172745055,0,0.01555625921,0.003714616698,0.007462144298,0.0003895429426,0.0001794054102,0.0009052725693,0,0.0006321023306,0.01941024155,0.02111441351,0.001117521717,0,0.01169703988,0.01229409165,0.004456781174,0.0002326553312,0.00677257585,0.004453838749,0.0002865173355,0.0003775244293,0.04962647667,0.0126106273,0.0006674421654,0.0009757470293,0.006986081352,0.0354385373,0.006395154146,0.0006706444748,0.01952240058,0.009858949458,0.0008259052865,0.0003088677368,0.008308427698,0,0.001923946458,0.002812655745,0,0.06718945422,0.01212484909,0.02435712237,0.03701336286,0.0186920083,0.02434104149,0.0005855956888,0.01575230709,0.002954892571,0.002063239895,0.2712177506,0.063356806,-0.2951882807,0.0086500502,0.1165280142,-0.001339920665,0.02343190258,0,-0.02979538905,0.04655460983,0.009624000759,0.01955010203,0.0007983403378,0.02285576888,0.0005006690515,0.001730992989,0.002294465121,-0.08055842141,0.0004548127327,0.005472457785,-0.0008718937067,0.01448943846,0,0.001117764106,0.02285576888,0.0140034509,0.01502626714,0.0009670487271,0.04655460983,0.01176715425,0.1667724331,0.002688888655,-0.2912571153,0.01789345239,0.004561450217,0.0003113507472,0.05290423897,0.0007497206023,0.01321789187,0.0005006690515,0.01176715425,0.001698176362,0,0.009624000759,0.0140034509,0.03045741683,0,-0.1086891466,0.0275507931,0.004233700674,-0.001501327347,0.005550140555,-0.001847091525,0,0.001730992989,0.1667724331,0.03045741683,0.01466388779,0.01955010203,0.01502626714,0.001698176362,0.008525711796,0.2817204519,-0.09171783131,-0.01143829328,-0.02422130468,-0.03138059419,-0.2906313864,-0.05935840314,0.002294465121,0.002688888655,0,0.008525711796,0.0007983403378,0.0009670487271,0,0.01466388779
1,1,1,1,1,1500,500,v1,0,0,0.156795747,0,0,0,0,0,0,0.01752886578,0,0,0,0,0,0,0,0,0,0,0,0,0,0,0,0,0,0,0,0.01091669271,0,0,0,0,0.001220423672,0,0,0,0,0,0,0.7317345431,0,0,0,0,0.08180372772,0,0,0,0,0,0,0,0,0,0,0,0,0,-0.8012367451,0,0,0.1738425467,0,0,0,0,0,0,0,0,0,0,0,0,0,0,0,0,0,0,0,0,0,0.8464282906,0,0,0,0.09466300793,-0.639529572,0,0,0,0,0.01213537365,0,0,0,0,0,0,0,0,0,0.1859779204,0,0,0,0,-0.8133721189,0,0,0,0,0,0,0,0,0,0,0,0,0,0,0,0,0,0.09466300793,0,0,0,0.8464282906,0,0
1,1,1,1,1,1500,500,v1,0,0.01954572934,0,0,0,0,0.01848490024,0,0,0,0,0,0,0,0,0,0,0,0,0,0,0,0,0,0,0,0,0,0.1880014574,0,0,0.177797826,0,0,0,0,0,0,0,0,0,0,0,0,0,0,0,0,0,0,0,0,0,0.3063998491,0,0,0,0,0.2897702379,0,-0.2336969115,0,0.03786044375,0,0,0,0,0,0,0,0,0,0,0,0,0,0,0,0,0,0,0,0,0,0.1516738773,0,0,0,0.1420808249,0,-0.5389209517,0,0,0,0.3430844845,0,0,0,0,0,0,0,0,0,0,0,0,0,0,0,0,0,0,0.1420808249,0,0,0,0.1516738773,0,0,0.3809449273,0,0,0,0,-0.5767813953,0,0,0,0,0,0,0,0,0
1,1,1,1,4,1500,500,v1,0,0,0,0,0,0.1575415041,0,0,0,0,0.06694645836,0,0.06995894476,0,0.02875624584,0.2427177494,0,0.07614006598,0,0,0,0.06689907395,0.03235533255,0,0,0,0.01786956228,0,0,0,0,0,0,0.04157208751,0,0,0,0.01736949902,0.007139638622,0,0,0,0.06026228275,0,0.01890415595,0.01660979026,0,0.008033224616,0,0.01586877168,0,0,0,0,0.0550556124,0,0,0,0,0,0.1339182902,0,0,0,0,-0.2229512527,0,0,0.05503179525,0,0.005774613401,0,0.1908712368,0,0.01338744596,0.03405887021,-0.3123065616,0,-0.09449978845,0,0.1070044507,0,0,0,0,0,0,0,0,0,-0.07092601048,0,0,0.05815130437,0,0,0,0.1908712368,0,0,0.09369864726,0.05503179525,0,0,0.03985079816,-0.3937408799,0,0.0775102454,0.02357377799,0,0,0.02691383934,0,0,0,0,0,0,0,0,-0.234796316,0,0.07086096167,0,0,0,0,0.01338744596,0,0.03985079816,0,0.005774613401,0,0.09369864726,0
1,1,1,1,1,1500,500,v1,0.002267121735,0.005833969542,0.2356906731,0.01906282553,0,0.005041334105,0.04241894394,0,0.05928879269,0.1338133721,0.008684642358,0.0692388048,0,0,0.007189567178,0,0,0.004427662001,0,0,0.05207167964,0.01592840333,0.007627477203,0.06081049552,2.000613696e-05,0,2.34200027e-05,1.325643188e-05,1.669080688e-05,0.0006743037445,0,0.0001213592899,0.0001696234068,5.188674643e-05,0.0003828359292,0.0001980900845,0.004169832246,0,0.004881376282,0.002763007032,0.001351896243,0.1405435493,0,0.01136726,0.003006173215,0.01081463297,0.07979359561,0.00517869649,0.0004359440845,0,0,0.0002888645155,0.0001413369016,0.0003637013251,0,0.001188414656,0,0,0.002644481773,0,0.2763659088,-0.02085656915,-0.04820948392,-0.3554905959,0,-0.005202053074,-0.08027248309,0.00554032215,0,0,0.007241332241,0.003672861223,0,0,0.01813617886,-0.08509709142,0,0,-0.01143711628,0,0.00361452873,0.04419771324,0.003672861223,0.001342373298,0.008179863489,0.1423575272,0.00554032215,0.01006769959,0.05948018161,0.08136482851,-0.2546870621,3.315434926e-05,0,7.342244003e-05,0.000136685237,0.001053636754,0.0003664684122,0,0.01006769959,0,-0.002135225658,0,0.001342373298,0,-0.003721788968,-0.3862020828,-0.006886345465,0,-0.005554646892,0.01195141322,0.2052887221,0.005492200764,0,0.05948018161,0,0.02318142396,0,0.008179863489,0,0.03038102815,-0.06383114609,0.000711068859,0,0,0.001298440706,0.002966101961,0,0.01813617886,0.08136482851,-0.003721788968,0.03038102815,0.007241332241,0.1423575272,-0.002135225658,0.02318142396
1,1,1,1,2,1500,500,v1,0,0,0,0,0,0,0,0,0,0,0,0,0,0.2486423377,0,0,0,0,0.006875584104,0,0,0,0,0,0,0.1853592047,0,0,0,0,0.005125646794,0,0,0,0,0,0,0,0,0,0,0,0,0,0,0,0,0,0,0,0.5390900354,0,0,0,0,0,0,0.01490719124,0,0,0,0,0,0,0,0,0,0,0,0.156684288,0,0,0,0.004331803751,0,-0.3627430661,0,0.2553990013,0,0,0,0,0,0,0,0,0,0,0,0,-0.2976621074,0,0.1903180429,0,0,0,0,0,0,0,0,0,0,0,0,0,0,0,0,0,0,0,0.004331803751,0,0,0,0.156684288,0,0,0,0.4457170443,0,0,-0.5530611084,0,0,0,0,0,0,0,0,0,0,0
1,1,1,1,3,1500,500,v1,6.730129476e-05,0.0005362424206,0.04139793454,0.0001578599758,0.04906824617,7.228904528e-06,1.530242002e-06,0.007882298232,0,0.008369132567,1.154255107e-05,0,0.02754456527,0.02137934783,0.1886940958,0.01108352153,0.1164641191,1.715789872e-05,0.04406325254,0.01870873716,0,0.02987812467,2.739639476e-05,0,0.01152017054,0.01197583994,0.1056987475,0.0009434227485,0.0007129585923,0.05504042948,0.0246824395,2.034526069e-06,0,0.01673650859,0.01112714091,0,0.003200794634,0.004286929625,0.02936761939,0.0002621230702,2.486139318e-05,0.01529257841,0.001724996431,5.831416677e-05,2.670389008e-06,0.004650115785,0.003091594242,4.26386894e-06,0.0104845809,0.01404234436,0.01089928853,0.0008586150783,8.143643e-05,0.0006488681756,0.005650429566,0.0001910149413,0.05937393639,0.02246364608,1.85163519e-06,0.009537799094,-0.08232216485,-0.0001166218621,-9.583664823e-05,-0.01550113243,0.03377934457,6.965408354e-06,0,0.01400251037,0.01839286966,0.003315773312,0.08442463308,0.001219348866,0.007830743102,0.009343595265,0.0146825744,0.3050062308,-0.03684258359,-0.05803168787,-0.2111325206,-0.1148660269,-4.03579738e-05,0,0.001219348866,0.0001184986015,0.0008245242662,0.04864989592,0.01400251037,0.0002527643401,2.816273417e-06,0.01065544246,-0.2151323356,-0.007334491298,0.02287246863,0.1121941452,-0.0001886043778,-0.03715859128,0,0.007830743102,0.0002527643401,0.0314955504,1.5814239e-05,0.01839286966,0.0001184986015,0.004331835715,2.702968268e-05,-0.1872460692,0.002203705449,0.005544928128,0.03286690381,-1.187831878e-05,0.01312283146,4.829950992e-06,0.009343595265,2.816273417e-06,0.004331835715,0,0.003315773312,0.0008245242662,0.0314955504,0,-0.1530872829,-0.005017120307,0.01381524695,0.02671964022,-0.0001190084468,-0.0002671193338,0.05720175817,0.0146825744,0.01065544246,2.702968268e-05,0,0.08442463308,0.04864989592,1.5814239e-05,0
1,1,1,1,3,1500,500,v1,0,0.2455550763,0,0,0,0,0.217819884,0,0,0,0,0,0,0,0,0,0,0,0,0,0,0,0,0,0,0,0,0,0.1092715627,0,0,0.09692945252,0,0,0,0,0,0,0,0,0,0,0,0,0,0,0,0,0,0,0,0,0,0.1751007359,0,0,0,0,0.1553232886,0,0.4670594226,0,-0.3927507744,0,0,0,0,0,0,0,0,0,0,0,0,0,0,0,0,0,0,0,0,0,-0.054236878,0,0,0,-0.05722609241,0,-0.1276635347,0,0,0,0.201972183,0,0,0,0,0,0,0,0,0,0,0,0,0,0,0,0,0,0,-0.05722609241,0,0,0,-0.054236878,0,0,-0.1907785915,0,0,0,0,0.26508724,0,0,0,0,0,0,0,0,0
1,1,1,1,4,1500,500,v1,0,0,0.2532441257,0,0,0,0,0,0,0.5754371852,0,0,0,0,0.02178415613,0,0,0,0,0,0,0.001245976707,0,0,0.008661336112,0,0.006467450671,0.01833382662,0,0.006228929574,0,0,0,0.000369915311,0.01415376444,0,9.483181603e-05,0,7.081125639e-05,0.0002007346269,0,6.819972066e-05,0,0,0,4.050153494e-06,0.0001549676826,0,0.02999275987,0,0,0.06348697848,0,0,0,0,0,0,0,0,0.02059962874,0,0,-0.8285790474,0,0,0,0.03174473182,0,0,0.02274820779,0.06718589341,0,0,0.001304265864,0.00683108719,0,0,-0.02286606971,0,0,0,0.06718589341,0,0,0.3703778664,0.03174473182,0,0,0.8415912626,-0.9438877314,0.02678597888,0,0.006757107921,0,0.02037649337,0,0,0,0,0,0,0,0,0,-0.8905607067,0.0002954442711,0,7.397927162e-05,0,0.0002231353904,0,0,0,0,0,0,0,0,0,0.02708142315,-0.09303517345,0,0,0,0,0,0.001304265864,0.8415912626,0,0,0.02274820779,0.3703778664,0,0
1,1,1,1,1,1500,500,v1,0.001244900523,0.003990749249,0,0.001256815433,0.006811036636,1.726595583e-05,0.001889597501,0.004906231456,0.0003667246188,0,0.0006864151508,6.935126887e-05,0.0001761523781,0.001541927128,0.001385895782,0.000964865306,0.07884888862,0.0001998816775,0.01047306947,0.05679765332,0.004245437246,0.001511603207,0.007946378013,0.0008028543623,0.2087413779,0.007689517256,0.006911396351,0.09882537619,0.2303944575,0,0.05222869937,0.10909049,0.02117179364,0.007538293302,0,0.004003796522,0.01711806545,7.203936461e-05,0.0005667766318,0.008104283276,0.005893840414,0,0.000394591798,0.005950250206,8.174371079e-05,0.0006181860033,0,0.003249754726,0.00343306604,1.444765455e-05,0.0001264656812,0.001625332008,0.001182022783,0.003789183513,7.913626134e-05,0.001193335892,0.006467023136,0.0008589795464,0.00179415725,0.00465842632,-0.4913864023,0.002421488982,0.005795103566,0,0.01163525799,0.0006890002519,0.0004317735024,0.2822247411,0.0001430662114,0.008990958901,0.007415972695,0.1336212108,0.000764776856,0.06110084768,0.008098033375,-0.07080452897,-0.0008982517779,0.01188851601,0.002869490221,-0.1351654154,-0.005863939368,0.00495820636,0.1336212108,0.005218721997,0.333967425,0,0.2822247411,0.005295509149,0.1581287835,0,0.06391478889,-0.3074938841,-0.05959393843,-0.01437914329,-0.3394231585,0,-0.02498198826,0.000764776856,0.005295509149,0.0980780609,0.0001347890028,0.0001430662114,0.005218721997,0.07065866696,0.004750700398,-0.3152806093,0.02520883914,0.0002084705504,0.001166982348,-0.01166664501,0,0.001917946181,0.06110084768,0.1581287835,0.07065866696,0.02471574175,0.008990958901,0.333967425,0.0980780609,0.004672270884,-0.7970836139,0.005054410525,8.455251645e-05,0.0009775520977,0.002235668605,0.005563915846,0.01103900569,0.008098033375,0,0.004750700398,0.004672270884,0.007415972695,0,0.0001347890028,0.02471574175
1,1,1,1,3,1500,500,v1,0.008514480886,0,0.05356879713,0.01663593904,0.003575736201,0.003186487178,0,0.01360827582,0.01594134666,0.05167285075,0.008431271075,0.007586370613,0.0006614204273,0,0.05951089179,0.006395212436,0.002948868415,0.002627859234,0,0.01122258815,0.01314664477,0.0006629825956,0.006953172038,0.006256392369,0,0,0.03104471481,0,0,0.02304586604,0,0,0.006858136812,0.0003458544308,0.02223020976,0.003263737292,0,0.001963939746,0.1767042578,0,0.02084964445,0.1311753927,0.01898915027,0.04073688329,0.007802839137,0.001968578255,0.1265327364,0.02064588628,0,0.001146268393,0,0,0.0121690538,0,0.01108316221,0.02377639224,0.005110508414,0,0,0.01944919987,-0.2900144472,0.02217226445,0,0.1020917293,-0.0009105438463,0.009626518107,-0.01217484106,0,0.001611206283,0,0.1313181305,0,0.01124792048,0,0.001493076934,-0.1963383436,0.005891128726,0,0.05637589518,2.912241437e-05,0.005948261431,-0.002540296292,0,0.01058452766,0,0.08256170269,0,0.03129126905,0,0.07909546671,-0.2866264512,0,0,0.0309610408,0,0.04463802162,0.00457608726,0.01124792048,0.03129126905,0.003552263369,0.004020715489,0.001611206283,0.01058452766,0.01615670331,0.01134275631,0.2817521242,0,-0.01716119439,-0.175877741,-0.05143941466,-0.2545011971,-0.02581709407,0,0,0.01615670331,0.009787767132,0,0,0.003552263369,0.005420808009,-0.04141863727,0,0.002697314485,0,0.001349952393,0,-0.01225788968,0.001493076934,0.07909546671,0.01134275631,0.005420808009,0.1313181305,0.08256170269,0.004020715489,0.009787767132
1,1,1,1,4,1500,500,v1,0,0,0,0,0,0,0,0,0,0,0,0,0.1420985362,0,0,0.1392870024,0,0,0,0,0,0,0,0,0,0,0,0,0,0,0,0,0,0,0,0,0,0.2225181272,0,0,0,0,0.2181154271,0,0,0,0,0,0,0.1403792113,0,0,0,0,0.1376016958,0,0,0,0,0,0,0,0,0,0,0,0,0,-0.1009765662,0,0,0,-0.09273048366,0,0,-0.1399153501,0.2690533832,0,0,0,0,0,0,0,0,0,0,0,0,0,0,0,0,0,0,0,0,-0.09273048366,0,0,0,-0.1009765662,0,0,0,0.5340034532,0,-0.4048654196,0,0,0,0,0,0,0,0,0,0,0,0,-0.1358120366,0,0.2649500696,0,0,0,0,0,0,0,0,0,0,0,0
1,1,1,1,0,1500,500,v1,0,0.04050665651,0.005127478727,0,0.001507582261,0.0007254504786,0.008065221779,0.0004172939563,2.971763043e-06,0.003274399788,0.000105781474,7.490139479e-05,0,0.000378986573,0.0007862511857,0,0.0005851188451,0.0002815599235,0.0002412810923,0.0001619590281,1.153392823e-06,0.003301353007,4.105562626e-05,2.90705315e-05,0,0.002920942781,0.006059831373,0,0.1211682094,0.01533790912,0.001859612754,0.02412562689,8.889482316e-06,0.02544434004,0.009794764452,0.0002240537401,0,0,0.0710336232,0,0,0.179791679,0,0,0.02543744528,0.298259729,0.1148146812,0.003709158014,0,0,0.0006446855726,0,0,0.02674321352,0,0,0.0009953325647,0.000410437863,0.005324802556,0.0002755048758,-0.4095318744,0,0.04787109673,0.008394741677,-0.0003022621682,0.0008242898559,5.022601054e-05,0,0,0.002884489342,0.09626777139,0,0,0.001899920545,0.4042183716,-0.3699992913,0,0.0003866066026,0.004072609822,0.0001809778705,0.0003174734563,7.340678347e-06,0,0,0.08001478399,0.238497512,0,0,0.01599258182,0.1522549252,-0.5696214283,0,-0.004400366775,0.03141091041,-0.1436704105,0.02498529385,-0.000187313127,0,0,0.0004778704068,0.03629706273,0,0,6.215328242e-05,0.005249166254,0.07000531898,0,0,-0.3691409488,0,-0.29388166,-0.0288392493,0.001899920545,0.01599258182,6.215328242e-05,8.152728385e-06,0.002884489342,0.08001478399,0.0004778704068,0.0001864669285,-0.09993435811,0,0,0.0008241535796,0,0.03179440325,-0.000238731495,0.4042183716,0.1522549252,0.005249166254,0.0001864669285,0.09626777139,0.238497512,0.03629706273,8.152728385e-06
1,1,1,1,4,1500,500,v1,0,0,0,0,0,0.1954692281,0,0,0,0,0.6634371312,0,0,0,0,0,0,0.01756196283,0,0,0,0,0.05960661098,0,0,0,0,0,0,0,0,0,0,0,0,0,0,0,0,0,0,0,0,0,0.01454801605,0,0,0.04937705094,0,0,0,0,0,0,0,0,0,0,0,0,0.1407668066,0,0,0,0,-0.8588353722,0,0,0,0,0,0,0,0,0,-0.7950111498,0,0,0,0,0.07694258447,0,0,0,0,0,0,0,0,0,0,0,0,0,0,0,0,0,0,0,0.2452237481,0,0,0,0.8318791003,-0.781892788,0,0,0,0,0,0.06382422215,0,0,0,0,0,0,0,0,0,0,0,0,0,0,0,0,0,0.8318791003,0,0,0,0.2452237481,0
1,1,1,1,2,1500,500,v1,0,0.06112393002,0.01809345118,0,0,0,0.2835850145,0,0.001434916817,0.03234013443,0,0.09956738444,0,0,0,0,0,0,0,0,0.0004128492525,0,0,0.02864717994,0,0,0,0,0.03545918004,0.01049636276,0,0.1645131798,0.0008324231398,0,0.01876114067,0.05776097529,0,0,0,0,0,0.04115041957,0,0,0,0,0.07355203204,0,0,0,0,0,0,0.012814844,0,0,0,0,0.05945458218,0,0.2739686696,0,-0.3348613531,0.03923150071,0,0,-0.09732886159,0,0,0,0,0,0,0,0,-0.04202084858,0,0,0,0,0,0.02818046068,0,0,0.01935148004,0.0192958854,0,0,0.08762182869,0.03145529091,-0.3949211701,0,0,0,0.191803099,0.02882001492,0.05530801289,0,0,0,0,0,0,0,0,0.06805151564,0,0,0,0,-0.1018856331,0,0,0.08762182869,0,0.0004174230829,0,0.01935148004,0,0.02034315863,-0.1430582542,0,0,0,0,0.07174271484,0,0,0.03145529091,0,0.02034315863,0,0.0192958854,0,0.0004174230829
1,1,1,1,3,1500,500,v1,0.03121754408,0.003005848895,0,0.000145011712,0.01901424472,0.003392444339,0.003449289627,0.1031988552,0.03455806,0,0.002501470906,0.01599248747,0.001234191705,0.001110627726,0.01972007416,0.001264238435,0.00323209114,0.000576656578,0.001468197628,0.01754201181,0.005874269591,0.005908321817,0.0004252065791,0.002718444925,0.05191002205,0.004415167183,0.07839478727,0.1268755329,0.002031188862,0,0.005836643402,0.002330841941,0.0233524535,0.02348782404,0,0.01080685143,0.008505287595,0.000803894496,0.01284472989,0.02078814173,0.003456365689,0,0.0008234655242,1.605550726e-05,0.0003756070044,0.003848403267,0,0.00027695959,0.05768409497,0.005452129153,0.004906276534,0.1409881945,0.02344157378,0.00225712274,0.005584862707,0.0001088907806,0.01427799122,0.006485866871,0.00259010693,0.07749307795,0.03403326142,-0.02039964597,-0.003921870072,0,-0.06935321941,-0.00554812732,-0.03792032995,0.03544932538,0.00543078999,0.003472581572,0.07299746562,0.09029721838,0.005754297916,0.004593231352,0.02178479059,-0.2060138189,0.001708310338,0.002383544081,0.02042538411,0.0198796022,0.0006170904395,0.0074736033,0.09029721838,0.03464689944,0.00175954597,0,0.03544932538,0.0001837380461,0.001818444559,0,-0.03426434987,-0.04990094526,-0.004382470285,-0.09843379045,0.001753093533,0,-0.006092690422,0.005754297916,0.0001837380461,0.009363451651,0.003933095233,0.00543078999,0.03464689944,0.04522795934,0.002922637095,-0.2279574999,0.02633478607,0.001262089943,0.01482023552,0.002913001614,0,0.0003605486635,0.004593231352,0.001818444559,0.04522795934,0.03726753273,0.003472581572,0.00175954597,0.009363451651,0.01754159282,-0.09172372368,-0.06026487004,-0.01042712555,-0.003378282412,-0.005733780667,-0.0002165504809,0.01307934331,0.02178479059,0,0.002922637095,0.01754159282,0.07299746562,0,0.003933095233,0.03726753273
1,1,1,1,3,1500,500,v1,0.0003349317434,0.001396739931,0,0.002519170798,0.004651992811,0.00285409298,0.00216653344,0.0002821193757,0.00620155556,0,0.0002541146729,0.005394878204,0.0002332355492,9.64960187e-06,4.232045985e-05,3.150755198e-05,0.0002765694339,0.0001696810188,2.003638477e-05,1.677251002e-05,0.0003686937578,3.880679668e-05,1.51075795e-05,0.0003207353217,0.002532480608,0.008706331483,0.03818353927,0.01537605117,0.07492150593,0,0.01807778288,0.116213437,0.3326531099,0.03501334461,0,0.2893827193,0.0001538488829,0.01278405902,0.002319660353,0.0009340992733,0.001091428971,0,0.001726985468,0.008209123342,0.009300521156,0.002127070169,0,0.000828073545,5.293890723e-06,0.0004398953712,1.819969216e-05,3.214205643e-05,3.755572089e-05,0.0001566157166,5.942501612e-05,0.0002824733016,0.0005216255163,3.778974922e-05,0.0002429322594,3.163389777e-05,-0.8292130565,0.002313423089,0.003561359277,0,-0.004885355851,0.002950904903,0.01155639955,0.003541293649,0.01756828598,0.01300889715,0.05315390029,0.02147980271,0.002380691652,0.02701079596,0.04877945787,-0.7299870013,0.0002524731593,2.963209277e-05,8.063485264e-05,0.0002830683867,0.0001782295852,0.0006888653933,0.02147980271,0.001108576672,0.1100083606,0,0.003541293649,0.008001057157,0.17064736,0,0.02186126864,-0.01778665776,-0.02676521055,-0.07241945461,-0.191064593,0,-0.6219821779,0.002380691652,0.008001057157,0.005762232219,0.009246058968,0.01756828598,0.001108576672,0.0003499362846,0.0008455330643,-0.08361784105,0.00106859929,-0.01402696285,0.004383247623,-0.00868661886,0,-0.009856862503,0.02701079596,0.17064736,0.0003499362846,0.4891151303,0.01300889715,0.1100083606,0.005762232219,0.4254902412,-0.2557068451,3.732752671e-05,0.0004751712835,5.578357478e-05,0.0003001065647,0.000399419534,0.0005275084632,0.04877945787,0,0.0008455330643,0.4254902412,0.05315390029,0,0.009246058968,0.4891151303
1,1,1,1,2,1500,500,v1,0,0.01730250756,0,0,0.002580942446,0,0.001329617621,0.005254406475,0.02929588724,0,0,0.004881101291,0.01184992622,0.0329801503,0.01988192677,0.01687832386,0.02502478979,0,0.01643360676,0.05094666785,0.284052603,0.02577055187,0,0.04732710486,0.03063174517,0.01618709338,0.009758312267,0.01702927287,0.08234124082,0,0.008065831257,0.006327543241,0.1394167694,0.01264852724,0,0.02322876817,0.02001683411,0.003800629521,0.00637673488,0.01112806757,0,0,0.005413388636,0,0,0.008265394942,0,0,0.001094474922,0.0002078097702,0.0005783662557,0.0006084574024,0,0.002942059703,0.0002959917673,0,0.0004388547001,0.000288192853,0.0002260836709,0.0008934414566,-0.3292096861,0,0.0180161717,0,0.007592708466,0,0.03386069215,0.02397174091,0.01205888205,0.02855705897,0.005518326989,0.01204702685,0.01704788895,0.01418001381,0.008599555168,0.2552846751,-0.02715376444,-0.04520992904,-0.04153671694,-0.07574428575,0,-0.325800839,0.01204702685,0,0.09315161733,0,0.02397174091,0,0.007178988588,0,-0.3284501381,-0.03927589036,0.01587520502,0.01912397889,-0.08801618584,0,0.1559287453,0.01704788895,0,0.03304385855,0,0.01205888205,0,0.06721860386,0,-0.08669863432,0.01361277999,0.007256090469,0.01300081661,0,0,0,0.01418001381,0.007178988588,0.06721860386,0.1748382865,0.02855705897,0.09315161733,0.03304385855,0.02917881578,-0.2130470994,0.001650598531,0.0004931599923,0.0008433421566,0,0.003112943463,0.001309935525,0.008599555168,0,0,0.02917881578,0.005518326989,0,0,0.1748382865
1,1,1,1,0,1500,500,v1,0.005025657729,0.002583065181,0.0246223197,0.007002214234,0.005538682649,0.03729137206,0.001003827974,0.01812210787,0,0.01053453164,0.14512088,0,0.004943319186,0.001813118017,0.0001606308107,0.001174530473,0.0004838554984,0.003257748559,0.0001704949057,0.001583134852,0,0.0003614402111,0.01267766004,0,0.02212820431,0.03948201478,0.003497857272,0.003293354156,0.004913803633,0.04683940803,0.003712655393,0.00190959701,0,0.007870633692,0.02003999753,0,0.007191598029,0.03498413326,0.001136792806,0.001070329925,0.003107095282,0.01522266288,0.008312214735,0.004329094417,0.02305526012,0.002557931631,0.006512937278,0.08972047559,0.02925670795,0.1423217157,0.0522009721,0.004354293705,0.01264021973,0.006496763851,0.03381557729,0.01761153092,0.01393054789,0.004908670991,0.002524765284,0.04557959131,-0.004484609953,0.001785416447,0.001594222589,0.01171608385,0.006854410483,-0.1635644398,0,0.01399284948,0.153702689,0.04533230991,0.003603627028,0.003040921684,0.03658391141,0.005534963433,0.007477659247,-0.2964086724,0.005992819495,0.001873809143,0.0004128200468,0.002001029274,0.01516848648,0,0.003040921684,0.01118207006,0.005461727911,0.02403164636,0.01399284948,0.01550608855,0.001578913342,0.007183525916,-0.03014900712,0.0006882422332,0.0129437253,-0.01025265449,0.001088377996,-0.05247744684,0,0.03658391141,0.01550608855,0.01682923722,0.01769715249,0.153702689,0.01118207006,0.0519794608,0.06769855214,-0.4094831548,0.007370033449,0.04007741674,0.002452310262,0.007032867496,0.01995124815,0.09146548379,0.005534963433,0.001578913342,0.0519794608,0,0.04533230991,0.005461727911,0.01682923722,0,0.08930237033,-0.01941412311,-0.1729279699,-0.04872905,-0.0266103897,-0.007376361418,-0.05472790515,0.007477659247,0.007183525916,0.06769855214,0,0.003603627028,0.02403164636,0.01769715249,0
1,1,1,1,3,1500,500,v1,0,0,0,0,0.2105118344,0,0,0.1343095455,0,0,0,0,0,0,0,0,0.3640481757,0,0,0.2322679157,0,0,0,0,0,0,0,0,0,0,0,0,0,0,0,0,0,0,0,0,0,0,0,0,0,0,0,0,0,0,0,0,0,0,0,0,0.03593529763,0,0,0.02292723117,-0.5336748592,0,0,0,0.3406148154,0,0,0,0,0,0,0,0,0,0,0.3993572601,0,0,0,-0.5924173036,0,0,0,0,0,0,0,0,0,0,0,0,0,0,0,0,0,0,0,0.1768718544,0,0,0,0.1127182107,0,0,0,0,0,0,0,0,0,0,0.1127182107,0,0,0,0.1768718544,0,-0.2518024886,0,0,0,0,0,0.05874244495,0,0,0,0,0,0,0,0
1,1,1,1,2,1500,500,v1,0.04524811759,0.02522169272,0.006436713606,0.01878411239,0.0001806990932,0,0.01687374879,9.964466829e-05,0.005605198329,0.0001335474021,0,0.0009066612675,0,4.591026123e-05,0,0,0.0005301761797,0,0.02485263421,0.0002923602362,0.01644580824,0,0,0.002660169448,0.002414010584,9.26599463e-06,0,0.001307325474,0.01493553379,0.003811629721,0.005015967431,0.009992130509,0.003319231186,0,7.908278633e-05,0.0005368977471,0.02588261652,0,0,0.01401692442,0.2872870454,0.04086765444,0,0.1192631304,0,0,0.0008479123685,0,0.01029735763,0,3.952561812e-05,0.005576610985,0.114296692,0.06370996624,0,0.04744864587,0.0004564456976,0.02139643083,0.04262306967,0.0002517023153,-0.3756112284,0.06353206654,0.04025982666,0.006345140096,0.0001175408906,0,0.001720343726,0.02000621415,0,4.450106773e-05,0,0.01105785767,0,0.0159014056,0,0.004080398476,0,-0.01027467852,0,-0.000384819002,0,-0.01560761265,0.01105785767,0.1930419768,0.03519442875,0.04600715529,0.02000621415,0.07943005695,0.0234913357,0.0009553524786,-0.1522231635,0.003585614958,0.004635787986,0,0.02449798005,0.003844345232,0.002850106193,0,0.07943005695,0.0005168445652,0,0,0.1930419768,0.0002615722708,0,0.249451408,-0.03763479249,0,0,-0.4039845345,-0.04149782392,0,0.0159014056,0.0234913357,0.0002615722708,0.01387858111,4.450106773e-05,0.03519442875,0.0005168445652,0.002677162969,-0.3156500074,0.01333979628,0,-0.004991713935,0.1588044448,-0.1038816497,-0.0002516664464,0,0.0009553524786,0,0.002677162969,0,0.04600715529,0,0.01387858111
1,1,1,1,3,1500,500,v1,0,0,0,0,0,0.0003616046044,0,0,0,0,0.00129231838,0,4.318328099e-07,0,4.092227622e-06,1.048857965e-05,0,4.742253613e-07,0,0,0,1.791644943e-06,1.694807376e-06,0,0,0,0.2541413824,0,0,0,0,0,0,0.111267301,0,0,0,1.592806343e-06,1.509409652e-05,0,0,0,3.868690802e-05,0,1.749170388e-06,6.60844513e-06,0,6.251261778e-06,0,0.02502512795,0,0,0,0,0.6078233097,0,0,0,0,0,1.009522772e-05,0,0,0,0,-0.001638716692,0,0,0.03739752369,0,0.379813159,0,0.9074168486,0,0.166309486,-0.9956055777,1.089609216e-05,0,5.882696837e-06,0,2.15371188e-06,0,0,0,0,0,0,0,0,0,2.757736795e-05,0,0,-0.3641093589,0,0,0,0.9074168486,0,0,0.0005348207321,0.03739752369,0,0,0.001908111448,-0.9956565002,0,4.01996684e-05,2.169467116e-05,0,0,7.941515851e-06,0,0,0,0,0,0,0,0,5.109576048e-05,0,-0.6299273359,0,0,0,0,0.166309486,0,0.001908111448,0,0.379813159,0,0.0005348207321,0
1,1,1,1,2,1500,500,v1,0,0,0,0,0,0.04505651929,0,0,0,0,0.1056713306,0,0.01814428798,0,0.0002411675035,0.01994363442,0,0.05819818616,0,0,0,0.01093736466,0.1364925624,0,0,0,7.279568932e-05,0,0,0,0,0,0,0.003301410795,0,0,0,0.03934775263,0.0005229965091,0,0,0,0.04324982025,0,0.126208746,0.02371879897,0,0.2959981449,0,0.03472540311,0,0,0,0,0.03816907809,0,0,0,0,0,-0.2261093058,0,0,0,0,0.1484434229,0,0,-0.01444848759,0,0.0003498701566,0,-0.01672790212,0,0.01487206136,-0.3020289807,0.03720493994,0,0.009795646621,0,0.187998816,0,0,0,0,0,0,0,0,0,-0.01264350799,0,0,0.002495553622,0,0,0,-0.01672790212,0,0,0.0347436496,-0.01444848759,0,0,0.08175517416,0.3955981667,0,-0.02608046671,-0.0224391546,0,0,-0.4141081216,0,0,0,0,0,0,0,0,0.01112447321,0,0.009659786577,0,0,0,0,0.01487206136,0,0.08175517416,0,0.0003498701566,0,0.0347436496,0
1,1,1,1,1,1500,500,v1,0,0,0,0,0.00459841602,0,0,0.4045388374,0,0,0,0,0,0,0,0,0.002808400186,0,0,0.2470648462,0,0,0,0,0,0,0,0,0,0,0,0,0,0,0,0,0,0,0,0,0,0,0,0,0,0,0,0,0,0,0,0,0,0,0,0,0.003832483028,0,0,0.3371570172,0.4780955321,0,0,0,-0.2899099445,0,0,0,0,0,0,0,0,0,0,-0.05532589736,0,0,0,0.2435114852,0,0,0,0,0,0,0,0,0,0,0,0,0,0,0,0,0,0,0,-0.002705468848,0,0,0,-0.2795729129,0,0,0,0,0,0,0,0,0,0,-0.2795729129,0,0,0,-0.002705468848,0,-0.04639845914,0,0,0,0,0,0.234584047,0,0,0,0,0,0,0,0
1,1,1,1,4,1500,500,v1,0,0,0,0,0,0,0,0,0,0,0,0,0,0.4310812402,0,0,0,0,0.1812466523,0,0,0,0,0,0,0.03220868252,0,0,0,0,0.01354203185,0,0,0,0,0,0,0,0,0,0,0,0,0,0,0,0,0,0,0,0.2407140031,0,0,0,0,0,0,0.1012073901,0,0,0,0,0,0,0,0,0,0,0,0.2378397728,0,0,0,0.1012832191,0,0.3844343994,0,-0.6105163934,0,0,0,0,0,0,0,0,0,0,0,0,-0.2718249695,0,0.04574297546,0,0,0,0,0,0,0,0,0,0,0,0,0,0,0,0,0,0,0,0.1012832191,0,0,0,0.2378397728,0,0,0,-0.5647734179,0,0,0.3386914239,0,0,0,0,0,0,0,0,0,0,0
1,1,1,1,2,1500,500,v1,9.397439837e-06,0,0,0.001022502078,0,0,0,0,0,0,0,0,0.005036428626,0,0,0.0005064981634,0,0,0,0,0,0,0,0,0.0194899487,0,0,0.04112047979,0,0,0,0,0,0,0,0,0.001782799667,0.007137407001,0,0.003761404342,4.236624402e-06,0,0.0007177871079,0.000460972066,0,0,0,0,0.1181644762,0.4730693947,0,0.2493069648,0.0002808046874,0,0.04757513655,0.03055336149,0,0,0,0,-0.03029654517,0.00102332227,0,0,0,0,0,0.145331527,0.6910999797,0,0,0.3066062473,0.0695158746,0,0,-0.5126177776,0.0055405392,0,0,0,0,0,0.3066062473,0.0004004221204,0,0,0.145331527,0.04350941218,0,0,-0.3618893708,0.0605975203,0,0,0,0,0,0.0695158746,0.04350941218,0,0,0.6910999797,0.0004004221204,0,0,-0.8515021987,0.005543617694,0.007852327463,0,0.0004639447077,0,0,0,0,0,0,0,0,0,0,0.08102127095,-0.3674329885,-0.520470105,0,-0.03076048987,0,0,0,0,0,0,0,0,0,0
1,1,1,1,0,1500,500,v1,0,0.1989532043,0,0,0,0,0.2385534477,0,0,0,0,0,0,0,0,0,0,0,0,0,0,0,0,0,0,0,0,0,0.2303965074,0,0,0.2762553204,0,0,0,0,0,0,0,0,0,0,0,0,0,0,0,0,0,0,0,0,0,0.0253935553,0,0,0,0,0.03044796483,0,-0.1924502482,0,0.1624608638,0,0,0,0,0,0,0,0,0,0,0,0,0,0,0,0,0,0,0,0,0,0.02844692774,0,0,0,0.01653714766,0,0.2182456663,0,0,0,-0.2482350508,0,0,0,0,0,0,0,0,0,0,0,0,0,0,0,0,0,0,0.01653714766,0,0,0,0.02844692774,0,0,-0.08577418709,0,0,0,0,0.05578480281,0,0,0,0,0,0,0,0,0
1,1,1,1,3,1500,500,v1,4.229363093e-05,0,0.001909564927,1.47677914e-06,0.02198359609,0.009284308453,0,0.01455652115,0.004314339974,0.0008998529421,0.02629566344,0.0005339230014,0.02836672625,0,0.01526977413,0.002994675935,0.09059488042,0.03826083825,0,0.05998774212,0.01777948942,0.01172671133,0.1083650043,0.002200308369,0,0,0.001517739086,0,0,0.0007821748635,0,0,0.001767192218,0.001165576385,0.0003685878087,0.000218699634,0,0.03270339995,0.01760420029,0,0.0002009386959,0.009072417707,0.003452498675,7.016235492e-06,0.04411011283,0.01351947797,0.004275236547,0.1249317262,0,0.04500302429,0,0,0.0002765109752,0,0.004750970298,9.655014979e-06,0.1437262647,0,0,0.0951688888,-0.1642868046,3.2086504e-05,0,0.002106818897,0.03633120995,0.03527551699,0.004653261042,0,0.01596379098,0,0.01402045358,0,0.001260468787,0,0.01639208206,-0.2547049888,0.02414568244,0,-1.829921445e-05,0.1135029229,0.02885395089,-0.01961603625,0,0.0003634689473,0,0.0095979947,0,1.324606315e-05,0,0.004738801998,-0.04632958681,0,0,0.001043430557,0,0.0004904928595,0.001782551431,0.001260468787,1.324606315e-05,0.04533824334,-0.0008437872356,0.01596379098,0.0003634689473,0.03411682258,0.01573674246,0.06543973559,0,-0.009319416646,-0.0213001551,-0.0001023911423,-0.01215517622,-0.07405810468,0,0,0.03411682258,0.01754761151,0,0,0.04533824334,0.00222272417,0.1645900948,0,-0.02630910565,0,-0.0001808387019,0,-0.2028041769,0.01639208206,0.004738801998,0.01573674246,0.00222272417,0.01402045358,0.0095979947,-0.0008437872356,0.01754761151
1,1,1,1,1,1500,500,v1,0,0,0,0,0.0007201315681,0,0,0.007046833911,0,0,0,0,0.004283163793,0.1788662271,0,0.009009883489,0.0003744325759,0,0.003669628955,0.003664002927,0,0,0,0,0,0.2809119215,0,0,0,0,0.005763203807,0,0,0,0,0,0,0.02073218312,0,0,0,0,0.0436113498,0,0,0,0,0,0,0.009458081854,0.3949723846,0,0,0,0.01989562381,0,0.0008268219762,0.008103274288,0,0.008090850892,-0.0007646656266,0,0,0,-0.002804003746,0,0,0,0.01160564486,-0.099183934,0,0,0.02289611343,-0.001220424458,0,-0.1580811407,0.0131517811,0.1814853118,0,0.003810445032,0,0,0,0,0,0,0,0,0,0,-0.19307932,0,0.260015559,0,0,0,0,0.02289611343,0,0.0004617181007,0,0.01160564486,0,0.004891285951,0,0.03643156515,0,-0.05943273731,0,0,0,0,-0.001220424458,0,0.004891285951,0,-0.099183934,0,0.0004617181007,0,0.3962263549,0,0.02327978405,-0.3745646318,0,0,-0.00457511066,0,0,0,0,0,0,0,0
1,1,1,1,2,1500,500,v1,0.005613434477,0.3936344372,0,0.07938208731,0.02418481094,0,0.1758050834,0.03012820497,0,0,0,0,0,0,0,0,0.00950256337,0,0,0.01183780918,0,0,0,0,0,0,0,0,0.05725536249,0,0,0.02557140033,0,0,0,0,0,0,0,0,0.000933824563,0,0,0.01320563076,0,0,0,0,0,0,0,0,0.001369763747,0.09605281469,0,0.01937044171,0.005901463246,0,0.04289912543,0.007351742162,0.2899535194,-0.08491817467,-0.5689798338,0,-0.05369894844,0,0,0,0,0,0,0,0,0,0,-0.04054555235,0,0,0,0.02075483864,0,0,0,0.004983717878,0.3603598597,0,0,0.07056309646,0.160872411,0,-0.4302861236,0,0,0,0.08279794381,0,0,0,0.07056309646,0.01323981559,0,0,0.004983717878,0.0164462549,0,-0.06437483465,0,0,0,0.01401029174,0,0,0,0.160872411,0.0164462549,0,0,0.3603598597,0.01323981559,0,-0.5900338796,0,0,0,0.02054333989,0.1386937095,0.01315339607,0,0,0,0,0,0,0,0
1,1,1,1,1,1500,500,v1,0.005556493709,2.579512382e-05,0.001954715833,0.003961393281,0,0.00151610021,0.0004545807008,0,0.001922207577,0.0008583253118,0.004282118798,0.0005326898292,0,0,0.3046821724,0,0,0.05373830856,0,0,0.06813282078,0.2184425816,0.1517800866,0.01888123899,0.001592649595,0,0.03165247148,0.0004043761649,9.498483756e-05,0.007197808671,0,0.001673892877,0.007078104209,0.02269331196,0.003160593098,0.001961512464,0.0006799667953,0,0.01351372559,0.0001726446079,0.008735443603,0.00307303685,0,0.006227763299,0.002383482926,0.009688696528,0.001349385556,0.006731980494,0.001362826082,0,0,0.0003460236237,0.01750804666,8.127827638e-05,0,0.0124820187,0,0,0.001432345745,0,-0.2954677443,0.008861807197,0.0004014484156,0.002233786315,0,0.005753017307,0.002426921175,0.0006822199713,0,0,0.3890994729,0.0001707940946,0,0,0.2790314503,0.1035968095,0,0,-0.5228972002,0,-0.205154555,-0.08674506736,0.0001707940946,0.005148248391,8.843418652e-05,0.003204638867,0.0006822199713,0.003809471926,0.001237108972,0.001529147758,-0.5786957776,-0.0006406749033,0,0.05429130986,-0.0008129543726,-0.008488897259,0.008871187514,0,0.003809471926,0,0.07471366101,0,0.005148248391,0,0.2107849943,-0.6938647188,0.0007282753449,0,0.02318527408,0.01233341602,0.003099253195,0.0090691,0,0.001237108972,0,0.08861562336,0,8.843418652e-05,0,0.02455481426,0.02087131766,-0.000656276486,0,0,-0.02716703673,-0.0004721894822,0,0.2790314503,0.001529147758,0.2107849943,0.02455481426,0.3890994729,0.003204638867,0.07471366101,0.08861562336
1,1,1,1,1,1500,500,v1,0.01887935106,0.009848927454,0.001908899406,0.001515149228,0.02305178033,0.0007738367828,0.009557245837,0.00968289344,0.02492034237,0.001963629732,0.001563605173,0.03527907586,0.0523958248,1.537774271e-05,0,0.04488064399,0.08385630013,0.002815014223,0.001330374342,0.03522381381,0.09065363625,0,0.005687983433,0.128335978,0.007087508614,1.249061092e-05,0,0.01528093694,0.0291012238,0.00564034095,0.001080599968,0.02823937442,0.07363364833,0,0.005802055965,0.104241227,0.002860323085,0.01717549502,0,0.006166964879,0.02251287023,0.002276286112,0.01471199815,0.00180675479,0.0009227693801,0,0.002341549834,0.001864536564,0.001635441465,0.009820399968,2.882206447e-06,0.003526073725,0.0128721408,0.00671510268,0.008411851068,0.001033044734,0.01571694711,0.0002493482677,0.006516231075,0.006601898937,-0.2474419099,-0.006735667406,0.01663698667,0.001898000369,0.03115427127,0.00205996902,0.05977568001,0.007453638643,0.04099164015,1.69406508e-05,0,0.01745082066,0.03630495514,0.001313718604,0,0.2089627292,-0.09234789089,-0.0006779259543,0,-0.1166740041,-0.007429145676,-0.1277392686,0.01745082066,0.03244457761,0.02238301423,0.005302529875,0.007453638643,0.003065582075,0.02107220927,0.004480088219,-0.03807172741,-0.01841902766,-0.0004380566258,0,-0.05465944242,-0.009357307834,0.05350278,0.03630495514,0.003065582075,0.06814192118,0.002148127733,0.04099164015,0.03244457761,0.02858940807,0.004660334166,-0.113130104,-0.0004860457781,0.0242453482,0,-0.01526515854,0.0009375620691,0.0008302020605,0.001313718604,0.02107220927,0.02858940807,0.008390644154,1.69406508e-05,0.02238301423,0.06814192118,0.01330056846,-0.2336666133,0.002302100583,0.01657147916,0.0002288764101,-0.001672613841,0.009052306783,0.02103218005,0,0.004480088219,0.004660334166,0.01330056846,0,0.005302529875,0.002148127733,0.008390644154
1,1,1,1,0,1500,500,v1,0.007652862844,0.01245971488,0.02157015411,0.0027941095,0.0001112571418,0.009445750226,0.003117864598,1.064373387e-05,0.009663185251,0.01052357009,0.004062833726,0.002879881943,0.001765071244,0,0.003721848182,0.001553247914,0.0003495468483,0.02967658677,0,3.344040275e-05,0.03035972249,0.001214367421,0.01276458034,0.009047991352,0.006536170502,0,0.01026050688,0.00375920157,0.1079184648,0.1868275428,0,0.02700504497,0.08369662764,0.003347805894,0.09114875731,0.0249437841,0.00242034696,0.001801883283,0.003799470443,0.00139203408,0.02454515836,0.06918232553,0.0015856422,0.008961595362,0.03029551684,0.001239694071,0.03375242699,0.01303079635,0.002332928855,0.001736802852,0,0.001341756585,0.02365863619,0.03851890037,0.001528371966,0.008637920409,0.0003439487019,0,0.009638801285,3.290484001e-05,-0.3860811169,0.007233848435,0.01437876409,0.03009223849,4.431869303e-05,0.01209237027,0.01218854041,0.003931280112,0.001938018945,0,0.006335125786,0.002838930721,0.001514125158,0,0.002037450864,-0.1112624625,-0.0009318621952,0,0.002777512353,-0.0002182026689,-0.007883290243,0.03523633574,0.002838930721,0.01722901424,0.08895498529,0.1451646246,0.003931280112,0.008876529144,0.02212070218,0.07113246727,0.2470628737,-0.009210892684,0,-0.01235322272,-0.1324017638,-0.2740158297,-0.1052772993,0.001514125158,0.008876529144,0.0005010166959,0.01866741696,0.001938018945,0.01722901424,5.136954872e-05,0.00559979594,-0.2592803232,0.002766212869,-0.0009143084844,0.003993992598,-0.01608040167,0.09972553014,-0.02038722198,0,0.02212070218,5.136954872e-05,0.06681910037,0,0.08895498529,0.0005010166959,0.01995953442,-0.1353342872,0.001931205923,-0.0004552587224,0,-0.008557142372,0.04397254123,-0.0001943735204,0.002037450864,0.07113246727,0.00559979594,0.01995953442,0.006335125786,0.1451646246,0.01866741696,0.06681910037
1,1,1,1,3,1500,500,v1,0,0,0,0,0,0.767835333,0,0,0,0,0.2318996327,0,0,0,0,0,0,0.0001499496663,0,0,0,0,4.528740869e-05,0,0,0,0,0,0,0,0,0,0,0,0,0,0,0,0,0,0,0,0,0,5.360704328e-05,0,0,1.619025996e-05,0,0,0,0,0,0,0,0,0,0,0,0,0.0002650030747,0,0,0,0,-0.9997347078,0,0,0,0,0,0,0,0,0,-0.9996649104,0,0,0,0,0.0001952058991,0,0,0,0,0,0,0,0,0,0,0,0,0,0,0,0,0,0,0,1.151447643,0,0,0,0.3477569074,-0.9995395034,0,0,0,0,0,6.979717561e-05,0,0,0,0,0,0,0,0,0,0,0,0,0,0,0,0,0,0.3477569074,0,0,0,1.151447643,0
1,1,1,1,0,1500,500,v1,0.00284708456,0.00192315506,0.003109761442,0.002842564804,0.002456037785,0.000319693804,0.001556752669,0.02472479208,5.459934227e-05,0.004904301851,0.0003516231297,5.1580945e-05,0.03664331568,0,0.005899294541,0.02051901197,0.01994012772,0.002595536323,0,0.2007361267,0.0004432822104,0.00169489178,0.002854764759,0.0004187763875,0.000592705708,0,0.033535623,0.0282276535,0.08875922306,0.1435245734,0,0.07184868258,0.002519919117,0.009634923527,0.2263478547,0.002380611267,7.237479994e-07,0.0002543603003,4.09500697e-05,3.446855239e-05,0.0001604529931,0.0001752566602,0.0001424331273,0.0001601982735,1.80169667e-05,1.17651248e-05,0.0002763914785,1.981640602e-05,1.588554908e-05,0.005582955721,0,0.0007565504582,0.003521783685,0.002378902337,0.003126265545,0.003516192843,0.003038067054,0,0.001925670291,0.03058404749,-0.7216900348,0.001697625953,0.003466661434,0.007995962407,0.02704222125,0.0003114407184,0.0001030085165,0.0008628827137,0.04618833384,0,0.04151039178,0.04111455142,0.02584927144,0,0.01194745109,0.0224934828,-0.05703219747,0,0.007341466989,-0.2191054817,-0.004357055519,-0.0002600544428,0.04111455142,0.0008420894786,0.125873829,0.2102552976,0.0008628827137,0.0001452821616,0.1020848493,0.3315240143,0.02422872711,-0.02878970836,0,-0.04303213224,-0.1597140676,-0.3696320442,-0.004281255027,0.02584927144,0.0001452821616,0.02151175234,0.002776130491,0.04618833384,0.0008420894786,0.216682182,0.003256794611,-0.4787174307,3.516456336e-05,0.0003927747236,5.210336668e-05,0.0002488517777,0.0004498726442,2.366473256e-05,0,0.1020848493,0.216682182,0.003329591855,0,0.125873829,0.02151175234,0.003327859567,-0.4317581523,0.0007695875924,0.008614352501,0,-0.002604725486,0.004274954009,0.03326730443,0.01194745109,0.3315240143,0.003256794611,0.003327859567,0.04151039178,0.2102552976,0.002776130491,0.003329591855
1,1,1,1,1,1500,500,v1,0,0,0,0,0,0,0,0,0.0008841042596,0,0,0.02047569072,0,0.05708642799,0.1454868815,0,0,0,0.3308365667,0,0.004481786522,0.0908109275,0,0.1037973448,0,0.002359535441,0.006013363686,0,0,0,0.01367436415,0,0.000185244278,0.003753459612,0,0.00429022313,0,0,0.1294901128,0,0,0,0,0,0,0.08082596259,0,0,0,0,0.0008164397447,0,0,0,0,0,0,0.004731564604,0,0,-0.102736128,0,0,0,0,0,0.02008591841,0,0,0.08082053692,0.03389400079,0,0,0.4683324946,0.0156799886,0.1219486875,0,-0.3874787702,-0.1093179085,0,0,-0.1069535662,0,0,0,0,0,0,0,0,-0.5117082138,0,0.01592988147,0.00975933631,0,0,0.004217438207,0,0,0,0,0,0,0,0,-0.09955857227,0,0,0.06650924589,0,0,0,0.4683324946,0,0,0.00513354342,0.08082053692,0,0,0.1188417711,-0.3715488886,0,0,0.005446867193,0,0,0,0.0156799886,0,0,0.1188417711,0.03389400079,0,0,0.00513354342
1,1,1,1,0,1500,500,v1,0,0,0,0,0,0,0,0,0,0,0,0,0,0.01240289264,0,0,0,0,0.176162866,0,0,0,0,0,0,0.03486257011,0,0,0,0,0.4951659621,0,0,0,0,0,0,0,0,0,0,0,0,0,0,0,0,0,0,0,0.01850943046,0,0,0,0,0,0,0.2628962786,0,0,0,0,0,0,0,0,0,0,0,0.005816594925,0,0,0,0.08348155125,0,-0.2466949034,0,0.1871628017,0,0,0,0,0,0,0,0,0,0,0,0,0.4662308654,0,-0.5257629668,0,0,0,0,0,0,0,0,0,0,0,0,0,0,0,0,0,0,0,0.08348155125,0,0,0,0.005816594925,0,0,0,-0.3386001652,0,0,0.2790680638,0,0,0,0,0,0,0,0,0,0,0
1,1,1,1,4,1500,500,v1,0,0,0,0,0.0003864091118,0.008401326312,0,0.001330882781,0.001544924203,0,0.001732463426,0.004407288684,0,0,0,0,0.002351658333,0.05112987356,0,0.008099657814,0.009402298664,0,0.01054364902,0.02682244503,0,0,0,0,0,0,0,0,0.06600313757,0,0,0.188290714,0,0,0,0,0,0,0,0,0.4994318219,0,0,0.1029893773,0,0,0,0,0,0,0,0,0.003854900199,0,0,0.01327717215,-0.765054515,0,0,0,0.00171482371,0.01011908873,0.005947087785,0,0,0,0,0,0,0,0,-0.8549755716,0,0,0,0.009875586569,0.06163429872,0.03619217065,0,0,0,0,0,0,0,0,0.04213925842,0,0,0,0,0,-0.2541629214,0,0,0.001689841953,0.6596297504,0,0,0.005527804477,0.1360273811,0.07175338747,0,0,0,0,0,-0.6021914778,0,0,0.005527804477,0.08256867548,0,0,0.001689841953,0.2354668165,0.01159041028,0,0,0,0,0,-0.01640217457,0,0,0.1360273811,0.2354668165,0,0,0.6596297504,0.08256867548
1,1,1,1,4,1500,500,v1,0.008635790713,0.0203236053,0.03169011547,0.005596900091,0.06980406108,0.01040562886,0.06572391941,0.01240405842,0.02615474421,0.0007268192498,0.004175521571,0.0302815992,0,0.004281747513,0.01560327059,0,0.01264411772,0.001884847304,0.002749913887,0.002246837397,0.004737599213,0.02264061989,0.000756342618,0.005485126498,0.000951522353,0.01211604442,0.04415251462,0.002643815308,0.01041713748,0.01624319527,0.007781420719,0.03368767962,0.01340596622,0.06406607477,0.0003725409904,0.0155212413,0.002376139055,0,0.1102575405,0.006602128461,0.01105357112,0.04056246345,0,0.007163875928,0.01331891457,0.1599856292,0.0009303083571,0.005344551088,0.0005048501474,0,0.006428421564,0.001402731679,0.002348514493,0.00552703084,0,0.001522084244,0.01898330501,0.004128596017,0.01787370519,0.003373299787,0.06736071998,-0.009641268377,-0.07469970487,-0.003306643291,-0.07905186718,-0.002786558119,-0.04801727563,0.001815808087,0,0.01291934587,0.07632530181,0.00531251599,0,0.007438368625,0.1097171121,-0.2876184966,0,0.0009632094727,0.03773933991,0.01215072884,0.002542059706,0.00800573622,0.00531251599,0.01630457446,0.008442928134,0.01959784183,0.001815808087,0.01080663729,0.03676181617,0.0003740929643,-0.3637468934,0.002942827304,-0.01139488776,0.1046335497,0.02567806836,0.01607237516,0.01538825025,0,0.01080663729,0.06277181209,0.01625310652,0,0.01630457446,0.01094629449,0.006019858776,0.1520333513,-0.008057832237,0,-0.2664011655,-0.01190775317,-0.02608035504,-0.01460414511,0.007438368625,0.03676181617,0.01094629449,0.01766145637,0.01291934587,0.008442928134,0.06277181209,0.01927347733,-0.1530184801,0.0003627888867,0,-0.003140131378,0.003474880399,0.01888514033,0.01775573398,0.1097171121,0.0003740929643,0.006019858776,0.01927347733,0.07632530181,0.01959784183,0.01625310652,0.01766145637
1,1,1,1,3,1500,500,v1,0,0,0,0,0.009896445409,0.03064103398,0,0.001473300823,0.001934007319,0,0.003327394079,0.0003543444795,0,0,0,0,0.1440746426,0.4460789543,0,0.02144863946,0.0281557066,0,0.04844093945,0.005158625359,0,0,0,0,0,0,0,0,0.03457307355,0,0,0.006334400925,0,0,0,0,0,0,0,0,0.168796613,0,0,0.01833008804,0,0,0,0,0,0,0,0,0.02696714538,0,0,0.004014645243,-0.4531125976,0,0,0,0.01127557877,0.03391756116,0.0022757159,0,0,0,0,0,0,0,0,0.2412607968,0,0,0,-0.1654071111,-0.4935627084,0.01206527526,0,0,0,0,0,0,0,0,0.01434099116,0,0,0,0,0,-0.02348936465,0,0,0.1612213068,0.3693538992,0,0,0.02400413011,0.0401637227,-0.4596451472,0,0,0,0,0,0.1866333992,0,0,0.02400413011,0.01152762783,0,0,0.1612213068,0.00219493237,-0.1541315324,0,0,0,0,0,0.03064790763,0,0,0.0401637227,0.00219493237,0,0,0.3693538992,0.01152762783
1,1,1,1,2,1500,500,v1,0,0,0,0,0.007950911308,0,0,0.001766875193,0,0,0,0,0.1246568393,0.09958714702,0,0.08501585593,0.02117337904,0,0.02783932374,0.004705211355,0,0,0,0,0,0.06866131667,0,0,0,0,0.0191940896,0,0,0,0,0,0,0.009868233892,0,0,0,0,0.006730126927,0,0,0,0,0,0,0.1795617315,0.1434501361,0,0,0,0.1224609447,0,0.03049915772,0.04010110639,0,0.00677761367,-0.01125881592,0,0,0,0.009265293735,0,0,0,0.06898162354,-0.03905013735,0,0,0.04944919538,-0.01089790224,0,-0.3786621708,0.1869716434,0.1230917417,0,0.02095008551,0,0,0,0,0,0,0,0,0,0,-0.05377315548,0,0.08707184829,0,0,0,0,0.04944919538,0,0.002146146354,0,0.06898162354,0,0.0008441369337,0,-0.09551023681,0,0.01655635787,0,0,0,0,-0.01089790224,0,0.0008441369337,0,-0.03905013735,0,0.002146146354,0,0.44390697,0,-0.2824818804,-0.1768648972,0,0,-0.03220890145,0,0,0,0,0,0,0,0
1,1,1,1,3,1500,500,v1,0,0,0,0,0,0,0,0,0,0,0,0,0,0.008139374564,0,0,0,0,0.3711405766,0,0,0,0,0,0,0.005085255847,0,0,0,0,0.2318783553,0,0,0,0,0,0,0,0,0,0,0,0,0,0,0,0,0,0,0,0.008235440284,0,0,0,0,0,0,0.3755209975,0,0,0,0,0,0,0,0,0,0,0,-0.005201398123,0,0,0,-0.2599262718,0,0.1427291903,0,0.03402258962,0,0,0,0,0,0,0,0,0,0,0,0,-0.05483023587,0,0.2315820159,0,0,0,0,0,0,0,0,0,0,0,0,0,0,0,0,0,0,0,-0.2599262718,0,0,0,-0.005201398123,0,0,0,0.2656046053,0,0,-0.08885282548,0,0,0,0,0,0,0,0,0,0,0
1,1,1,1,1,1500,500,v1,0,0,0,0,0.04052418942,0.00172238826,0,0.002404020561,0.06654689321,0,0.08749361186,0.09433683195,0,0,0,0,0.05389352171,0.002290621241,0,0.003197130803,0.08850137375,0,0.1163586228,0.1254594891,0,0,0,0,0,0,0,0,0.08095322513,0,0,0.1147592386,0,0,0,0,0,0,0,0,0.000606426156,0,0,0.03080514188,0,0,0,0,0,0,0,0,0.08509894059,0,0,0.005048333003,-0.1332737811,0,0,0,0.03664092598,0.04926565392,0.1370753925,0,0,0,0,0,0,0,0,0.1791106866,0,0,0,0.02843507691,-0.09553026846,-0.02230730371,0,0,0,0,0,0,0,0,0.1147680888,0,0,0,0,0,-0.007751822925,0,0,-0.0002281469767,0.001058500182,0,0,0.0003246770498,0.02480708215,-0.0462646144,0,0,0,0,0,0.0290208931,0,0,0.0003246770498,-0.06310823808,0,0,-0.0002281469767,-0.0974161603,0.06507600291,0,0,0,0,0,-0.06514035631,0,0,0.02480708215,-0.0974161603,0,0,0.001058500182,-0.06310823808
1,1,1,1,0,1500,500,v1,0.001587358334,0,0.01415485939,0.003748515485,0,0.0288550771,0,0,0,0.007655169153,0.008428625804,0,0,0,0,0,0,0.494043752,0,0,0,0,0.1443111693,0,0,0,0,0,0,0.0701218023,0,0,0,0,0.03792296646,0,0,0,0,0,0.004485372786,0.03999715736,0,0.01059211961,0.08153532493,0,0.02163108773,0.02381663169,0,0,0,0,0.002116035148,0,0,0.004996975383,0,0,0,0,-0.5852132392,0.004707372028,0,0.02177771527,0,0.03722856133,0,0,0,0,0,0,0,0,0,0.1423158518,0,0,0,0,-0.6371402004,0,0,0.001158218693,0,0.02328717618,0,0.002666776265,0,0.01290069333,0.08199745715,0,0,0,0,-0.1061227037,0,0,0.002666776265,0,0.5743315067,0,0.001158218693,0,0.1679050164,-0.6733314048,0,0,0,-0.0134752198,0.06021974201,0.1050872905,0,0,0,0,0,0,0,0,-0.008767847781,0,0,0,0.006217851127,0,0,0,0.01290069333,0.1679050164,0,0,0.02328717618,0.5743315067,0
1,1,1,1,4,1500,500,v1,0,0,0,0,0,0.0003140205787,0,0,0,0,0.0007706108999,0,0.08383888702,0,0.3971636156,0.05884060976,0,0.001544092988,0,0,0,0.004830976517,0.003789225828,0,0,0,0.07483335779,0,0,0,0,0,0,0.0009102500328,0,0,0,0.05591962122,0.2649037903,0,0,0,0.03924604354,0,0.001029893145,0.003222208531,0,0.002527372208,0,0.003710961501,0,0,0,0,0.002604462503,0,0,0,0,0,-0.00180368948,0,0,0,0,0.001041918851,0,0,0.03630494823,0,0.1006986111,0,0.02562233426,0,0.001033450788,0.4105014509,-0.1398286841,0,-0.375527467,0,-0.005013303141,0,0,0,0,0,0,0,0,0,-0.14344427,0,0,0.07562289686,0,0,0,0.02562233426,0,0,0.0003392504446,0.03630494823,0,0,0.0008034055105,-0.4373902232,0,0.09222942093,0.2320831968,0,0,0.003209613663,0,0,0,0,0,0,0,0,-0.04759926326,0,0.006314408291,0,0,0,0,0.001033450788,0,0.0008034055105,0,0.1006986111,0,0.0003392504446,0
1,1,1,1,4,1500,500,v1,9.409421317e-05,0.0006204086175,9.724031669e-05,5.728889304e-05,0.000326655966,0.0004818565053,0.001305443038,0.001923748457,5.631755573e-05,7.027772391e-05,0.000589774749,3.149345192e-05,0,0.001221903428,0.01500138396,0,0.03978407052,0.05868624847,0.009101011364,0.2342970961,0.006859025524,0.1006533752,0.07182982295,0.003835649253,0.01527055641,0.001261283821,0.01548485948,0.00638314418,0.0779960097,0.0122247765,0.00939432538,0.1641165918,0.007080083189,0.1038973054,0.008835115893,0.003959267347,0.0005511548724,0,0.0005588896383,0.0002303845991,0.0004269492624,0.0004412245991,0,0.0002599463857,0.002186407352,0.003749929247,0.0003188827599,0.002676082679,0.0004178877272,0,3.451577109e-05,0.0001746784821,0.0003237145598,0.002134406524,0,0.0001970923415,0.00112380229,0.0002570812207,0.004491146736,0.006618317577,-0.6504145281,4.711268152e-05,0.00191898665,0.0001667657162,0.002236683333,0.001064779486,8.669721311e-05,0.02139832223,0,0.0003291105548,0.004535775607,0.008950730304,0,0.002103220396,0.03712643679,0.003118017382,0,0.001500125958,-0.01977834407,-0.2732145415,-0.1304059818,-0.001829201607,0.008950730304,0.0002353257758,0.1127480296,0.01749829586,0.02139832223,0.0001474458566,0.2372442672,0.01264655138,-0.004639837791,-0.021597236,-0.003412290135,-0.01226564409,-0.2418628968,-0.02101842738,-0.001702824898,0,0.0001474458566,0.05732577548,0.08396602277,0,0.0002353257758,0.3375848379,0.1027757092,-0.2031043162,0.0007726594575,0,0.004269179828,-0.0003930777181,0.0007550968273,0.004846712665,0.002103220396,0.2372442672,0.3375848379,0.003325708651,0.0003291105548,0.1127480296,0.05732577548,0.001842285284,-0.5340044709,0.0005918748397,0,0.0002906102091,9.078394844e-05,0.006615711643,0.007704113988,0.03712643679,0.01264655138,0.1027757092,0.001842285284,0.004535775607,0.01749829586,0.08396602277,0.003325708651
1,1,1,1,3,1500,500,v1,0,0,0,0,0,0,0,0,0,0,0,0,0.01518331607,0,0,0.02876276787,0,0,0,0,0,0,0,0,0,0,0,0,0,0,0,0,0,0,0,0,0,0.03039869516,0,0,0,0,0.05758627486,0,0,0,0,0,0,0.299916716,0,0,0,0,0.56815223,0,0,0,0,0,0,0,0,0,0,0,0,0,0.3815254023,0,0,0,0.7227538118,0,0,-0.7800784257,0.04389228503,0,0,0,0,0,0,0,0,0,0,0,0,0,0,0,0,0,0,0,0,0.7227538118,0,0,0,0.3815254023,0,0,0,-0.8241420528,0,0.08795591185,0,0,0,0,0,0,0,0,0,0,0,0,0.131848197,0,-0.8680343377,0,0,0,0,0,0,0,0,0,0,0,0
1,1,1,1,0,1500,500,v1,0,0,0,0,0,0,0,0,0.04955903259,0,0,0.02661628983,0,0,0,0,0,0,0,0,0.3441941978,0,0,0.18485374,0,0,0,0,0,0,0,0,0.2568384706,0,0,0.1379382691,0,0,0,0,0,0,0,0,0,0,0,0,0,0,0,0,0,0,0,0,0,0,0,0,-0.1349268557,0,0,0,0,0,0.07611827534,0,0,0,0,0,0,0,0,0.4166916285,0,0,0,0,0,-0.4755002088,0,0,0,0,0,0,0,0,-0.3993819336,0,0,0,0,0,0.3405733531,0,0,0,0,0,0,0,0,0,0,0,0,0,0,0,0,0,0,0.05689084483,0,0,0,0.0313220258,0,0,0,0,0,0,0,0,0,0,0.0313220258,0,0,0,0.05689084483
1,1,1,1,4,1500,500,v1,0,0.00232614778,0.009338503682,0,0.001968054032,0.0003137950519,0.009060553978,0.1148747155,0.007983610752,0.0002025520507,0.0002597354058,0.0006800976324,0.04768966695,0.02998054705,0.08262092315,0.000926400044,0.001621074385,0.0002584711154,0.004735652327,0.09462161898,0.006576052629,0.08745607326,0.0002139425069,0.0005601923694,0.00820817491,0.008761280804,0.02414449299,0.0001183505503,0.0005599268257,0.002247870392,0.001383910032,0.002180965144,0.001921734235,0.02555747947,4.875628613e-05,0.0001637062407,0.03139500568,0.05330479775,0.09234896951,0.0004526726393,0,0.008597758272,0.001035477288,0,0.0002889043144,0.09775342534,0.0001864852902,0.000239132768,0.01741643629,0.02957093314,0.01859003866,0.0002511209669,0,0.001188075302,0.0005744329016,0,0.00100517964,0.002936436073,0.004627659728,0.05867202997,0.02209914554,0,-0.01020565582,-0.003127432244,-0.05054907455,-0.0002454281991,-0.005392605212,0.03408123772,0.01657364173,0.01731420991,0.005040133292,0.0004995622208,0.0001482196546,0.003150196965,0.01338224052,-0.05178446147,-0.003163828985,-0.03093639448,0.04091734647,-0.02009762041,0.0002391370004,-0.001539498264,0.0004995622208,0,0.003102305557,0.01025306985,0.03408123772,0,0.01358024719,0.0002566148754,-0.1367930562,0.00510273881,0.006722140005,0.04902006648,-0.0001866579544,0.002096119935,0.001015978107,0.0001482196546,0,5.448149801e-05,0.0001579035444,0.01657364173,0,0.03460885533,0.0002439097722,0.1094611881,-0.02757944593,-0.02718370737,-0.1022189953,0,-0.005975144177,-0.0002615843456,0.003150196965,0.01358024719,0.03460885533,0.008132372729,0.01731420991,0.003102305557,5.448149801e-05,0.0007418153409,-0.158077507,-0.0005771595278,0.01919962877,0.01057131654,0,-0.0007293880765,0.04753780378,0.01338224052,0.0002566148754,0.0002439097722,0.0007418153409,0.005040133292,0.01025306985,0.0001579035444,0.008132372729
1,1,1,1,0,1500,500,v1,0.03250934957,0.01236878917,0.001091283166,0.08220882045,0.01667504483,1.641534484e-05,0.005123914138,0.02031903378,0.0001594435137,0.00939246653,0.001690708902,0.01113776867,0.008581614494,0.001842313968,0.000423760929,0.002709619588,0.001942438585,1.912186716e-06,0.001834413521,0.002366918688,1.857321742e-05,6.246935921e-05,0.0001969468892,0.0012974137,0,0.03608235525,0.008299504125,0,0.02821881071,0.002489711214,0.03592762227,0.0116899691,0.0003637628769,0.001223483972,0.0214284706,0.02541029533,0,0.139369277,0.006882067977,0,0.0615016281,0.002064504284,0.04400544014,0.1555237607,3.105477184e-05,0.001014530475,0.01776879547,0.003198506014,0,0.045418266,0.009750461981,0,0.02004241798,0.007625512222,0.01434068418,0.05068275936,0.01028037235,0.009708648799,0.003158956738,0.01252693682,-0.1985491206,0.101973274,0.004695273172,0.009014235484,-0.02920731096,0.0004828928131,-0.0005552452658,0,0.1292656982,0.04090900159,0.01330012003,0,0.0406680142,0.03816714138,0.001683898868,-0.2410562815,0.01092648819,0.003442428987,0.0004129842242,0.00202701375,0.0001112106201,0.0006834803342,0,0.01458001525,0.02312461247,0.001413546987,0,0.03830310773,0.009293459649,0.01031912065,0.03283025524,0,-0.06825479366,-0.006807003227,-0.03536035584,-0.01442046852,-0.02077988265,0.0406680142,0.03830310773,0.01582297825,2.69621266e-05,0.1292656982,0.01458001525,0.02138989248,0.002967836344,0.2252092889,0,-0.1783960278,-0.00359532693,-0.2065639662,-0.002415545404,-0.002590635746,0.03816714138,0.009293459649,0.02138989248,0.0004774997984,0.04090900159,0.02312461247,0.01582297825,0.03049997158,-0.3947179761,0,0.05418039804,0.01209493602,0.06933527688,0.009053034618,0.002371716726,0.001683898868,0.01031912065,0.002967836344,0.03049997158,0.01330012003,0.001413546987,2.69621266e-05,0.0004774997984
1,1,1,1,3,1500,500,v1,0,0,0,0,0,0,0,0,0,0,0,0,0,3.292409433e-05,0,0,0,0,0.0006200626827,0,0,0,0,0,0,0.01922670628,0,0,0,0,0.3620984363,0,0,0,0,0,0,0,0,0,0,0,0,0,0,0,0,0,0,0,0.03116113692,0,0,0,0,0,0,0.5868607337,0,0,0,0,0,0,0,0,0,0,0,0.01795757354,0,0,0,0.3393915297,0,-0.2388855929,0,0.000652858597,0,0,0,0,0,0,0,0,0,0,0,0,-0.6097516587,0,0.3715189244,0,0,0,0,0,0,0,0,0,0,0,0,0,0,0,0,0,0,0,0.3393915297,0,0,0,0.01795757354,0,0,0,0.3721717829,0,0,-0.6104045174,0,0,0,0,0,0,0,0,0,0,0
1,1,1,1,4,1500,500,v1,0,0,0,0,0,0,0,0,0.01835365818,0,0,0.435812152,0,0,0,0,0,0,0,0,0.0100328725,0,0,0.2382330383,0,0,0,0,0,0,0,0,0.01202526997,0,0,0.285543009,0,0,0,0,0,0,0,0,0,0,0,0,0,0,0,0,0,0,0,0,0,0,0,0,0.5405989325,0,0,0,0,0,-0.4456796575,0,0,0,0,0,0,0,0,-0.1520714889,0,0,0,0,0,0.2469907637,0,0,0,0,0,0,0,0,-0.1986888936,0,0,0,0,0,0.2936081686,0,0,0,0,0,0,0,0,0,0,0,0,0,0,0,0,0,0,-0.005696010294,0,0,0,-0.1366829025,0,0,0,0,0,0,0,0,0,0,-0.1366829025,0,0,0,-0.005696010294
1,1,1,1,1,1500,500,v1,0,0,0,0,0.007336215604,0,0,0.0005516449532,0,0,0,0,0.004508125213,0.001467191271,0,0.002947994094,0.2757733763,0,0.002331975128,0.02073671215,0,0,0,0,0,3.215760391e-06,0,0,0,0,5.111176298e-06,0,0,0,0,0,0,1.761898547e-05,0,0,0,0,1.152156665e-05,0,0,0,0,0,0,0.0100237137,0.003262266365,0,0,0,0.006554797705,0,0.6131758194,0.005185093569,0,0.04610760704,-0.363246166,0,0,0,0.007883298609,0,0,0,0.008178852328,0.002680729399,0,0,0.005349623747,0.004244139504,0,-0.6747068533,0.007277833856,0.00371245415,0,0.2947181356,0,0,0,0,0,0,0,0,0,0,-0.004624721351,0,8.142068529e-06,0,0,0,0,0.005349623747,0,0.4957895574,0,0.008178852328,0,0.03725474348,0,-0.009047687954,0,2.870390009e-05,0,0,0,0,0.004244139504,0,0.03725474348,0,0.002680729399,0,0.4957895574,0,0.3136285689,0,-0.0163255218,-0.008337175499,0,0,-0.6579643021,0,0,0,0,0,0,0,0
1,1,1,1,1,1500,500,v1,0.0504400884,0.05040489953,0.0115704801,0.04440270955,0,0,0.004808688209,0,0,0.05460917878,0,0,0.05823687714,0.04078826678,0.01113346741,0.1582205319,0,0,0.01012020902,0,0,0.003769409783,0,0,0.003026419138,0.003846591424,0.001049956363,0.001615428931,0.01373634471,0.003153187578,0.0009543996911,0.001310463852,0,0.0003554791731,0.01488209501,0,0.009710805477,0.01762240048,0.003368972221,0.005183391791,0.04410628164,0.01011756462,0.04787731955,0.03882702182,0,0.001140618316,0.04775185563,0,0.00991810788,0.01799859645,0.01260595674,0.005294044772,0.04504784495,0.04501641791,0.04889938547,0.0396558856,0,0.003127735673,0.004294620563,0,0.03290412301,0.002896923187,-0.02726383731,-0.03853474711,0,0,0,0.01222741176,0.0349390974,0.04078148697,0.01314576941,0.008061475332,0.09475406895,0.009972054051,0.00439207123,0.1437293591,-0.213100148,-0.04833810844,-0.01428080127,0,0,0,0.008061475332,-0.04221133681,0.05753854297,0.01080454928,0.01222741176,-0.01516424521,0.005494089674,0.02853470747,-0.1546963258,0.001156823885,0.003270945595,0.0007468849357,0.01249293359,0.009727298867,0,0.09475406895,-0.01516424521,0,0,0.0349390974,-0.04221133681,0,0,-0.1817399083,-0.007333688742,0.06286482029,0.001842022578,0.02212976482,0.00258127708,0,0.009972054051,0.005494089674,0,0,0.04078148697,0.05753854297,0,0,-0.1912235712,-0.007349059872,0.06377321683,0.01123146883,0.01322370001,-0.02725085136,0,0.00439207123,0.02853470747,0,0,0.01314576941,0.01080454928,0,0
1,1,1,1,0,1500,500,v1,0.005586140715,0.01042095978,0.0004867024365,0.004036358348,0,0,0.001588940723,0,0,0.0004777922883,0,0,0.1449122569,0.0642167039,0.002618753484,0.03080319829,0,0,0.02457393934,0,0,0.02427047488,0,0,0.0001207781777,0.003592809897,0.0001465145806,0.0003944725655,0.005157818896,0.0002408917295,0.001374868019,0.0007864408521,0,0.001357889725,0.0002364816817,0,0.0003120325703,0.02094608222,0.0003785230248,0.001019126889,0.00714301721,0.0006223480677,0.004452393042,0.005161305205,0,0.003508132255,0.0006109546309,0,0.002916993112,0.1958115383,0.08677231206,0.009527166071,0.06677550355,0.1245698725,0.0416225775,0.04824974432,0,0.03320534072,0.01899384966,0,-0.2399474779,0.009579727526,0.01198511801,-0.0001172275955,0,0,0,0.0037310852,0.0455057441,0.03339700632,0.003195419554,0.01217434588,0.01182607137,0.01357693953,0.02937494529,-0.274464558,0.1395894317,0.07022228074,-0.02659790511,0,0,0,0.01217434588,0.08109565691,0.1630388289,0.0001652311219,0.0037310852,0.05852588441,0.02485514246,6.904703361e-05,-0.202041117,0.0005065552462,0.004954288854,0.001432162981,0.005897452154,0.0001986647152,0,0.01182607137,0.05852588441,0,0,0.0455057441,0.08109565691,0,0,-0.2054581684,0.001318972552,0.02509137106,0.003452165558,0.01205766322,-0.0002376225569,0,0.01357693953,0.02485514246,0,0,0.03339700632,0.1630388289,0,0,0.2812028575,-0.0124291485,-0.2029020132,-0.1064925334,-0.1147184181,-0.1431452177,0,0.02937494529,6.904703361e-05,0,0,0.003195419554,0.0001652311219,0,0
1,1,1,1,4,1500,500,v1,0.01106457782,0.03462866031,0.006134526391,0.01048469326,0.0007603024768,0.01429678784,0.02205730202,0.0001150855363,0,0.003798403526,0.0007785598645,0,3.292766487e-05,0,0,0.0006469867315,0.0001286902556,0.002419901734,0,1.947959862e-05,0,0,0.0001317805361,0,0.04002219787,0,0,0.007510823791,0.2216819252,0.03927133215,0,0.141203995,0,0,0.02431619933,0,0.006937870683,0.0002158845361,0,0.001302005561,0.01227876557,0.006807707683,0.004241856535,0.01163524652,0.01586566692,0,0.004215226934,0.0008639962783,0.02444943096,0.0007607887638,0,0.004588337909,0.04327103297,0.1354247696,0.01494853151,0.04100323708,0.002973369077,0,0.08626106285,0.0004500732079,-0.2638637498,0.01756721394,0.0562510321,0.009399288383,0.0004000256714,-0.005393941507,0,0.01497606289,0.0007762849386,0,0,0.003549645286,0.01510067789,0,0,-0.02704535374,0.0005985125698,0,0,0.0001061344106,0.00119532444,0,0.003549645286,0.03193596234,0.07870949064,0.04049781021,0.01497606289,0.0305549015,0.0499682519,0.0249526732,0.310558737,-0.04038004622,0,0,-0.3495075117,-0.06244046822,0,0.01510067789,0.0305549015,0.003159839248,0.01735866738,0.0007762849386,0.03193596234,0.0004714311304,0.0008511728831,-0.1504303376,0.007533882985,0.003590497043,0,0.01747047087,0.009407524227,-0.007941276443,0,0.0499682519,0.0004714311304,0,0,0.07870949064,0.003159839248,0,-0.2863697884,0.02049569113,-0.01477365148,0,-0.0766982607,0.2074713183,-0.002927007,0,0.0249526732,0.0008511728831,0,0,0.04049781021,0.01735866738,0
1,1,1,1,2,1500,500,v1,0.008075391566,0.002369083609,0,0.001559243981,0.02130972502,0,0.0004459373096,0.005189823032,0,0,0,0,0,0,0,0,0.5362635347,0,0,0.1306029449,0,0,0,0,0,0,0,0,0.01773391614,0,0,0.003338090231,0,0,0,0,0,0,0,0,0.0003064549503,0,0,5.917211972e-05,0,0,0,0,0,0,0,0,0.05654894075,0.01658980466,0,0.01091880124,0.1492240181,0,0.003122731856,0.03634238571,-0.5546522378,0.008707701866,0.002795220183,0,0.0263059506,0,0,0,0,0,0,0,0,0,0,0.2069448353,0,0,0,-0.6656624406,0,0,0,0.07223874982,0.0006633857646,0,0,0.01394949623,0.0003370109818,0,0.00547719867,0,0,0,-0.006144129839,0,0,0,0.01394949623,0.5530745637,0,0,0.07223874982,0.1350018446,0,-0.0578164074,0,0,0,0.0003575766911,0,0,0,0.0003370109818,0.1350018446,0,0,0.0006633857646,0.5530745637,0,-0.6336401201,0,0,0,-0.06652410928,0.002681978488,0.1806388847,0,0,0,0,0,0,0,0
1,1,1,1,0,1500,500,v1,0,0,0,0,0.0004369126002,0,0,0.0004934895348,0,0,0,0,0.04500042228,0.0185121615,0,0.01596993997,0.004850004277,0,0.01159934055,0.005478043786,0,0,0,0,0,0.002114711469,0,0,0,0,0.001325034816,0,0,0,0,0,0,0.07412515579,0,0,0,0,0.02630584845,0,0,0,0,0,0,0.3522420683,0.1449044636,0,0,0,0.1250051533,0,0.03796354458,0.09079416371,0,0.04287954147,-0.07049328124,0,0,0,0.0009289583331,0,0,0,0.3497647219,0.1865034421,0,0,0.1242246245,0.116914689,0,-0.6880640285,0.06047213699,0.02990876757,0,0.009847149948,0,0,0,0,0,0,0,0,0,0,-0.2056978947,0,0.003419140621,0,0,0,0,0.1242246245,0,0.0490789477,0,0.3497647219,0,0.05526753632,0,-0.4161768617,0,0.1001839641,0,0,0,0,0.116914689,0,0.05526753632,0,0.1865034421,0,0.0490789477,0,0.204760118,0,-0.4766489986,-0.2356066621,0,0,-0.08034043113,0,0,0,0,0,0,0,0
1,1,1,1,4,1500,500,v1,0,0,0,0,0.2422320273,0.04983213993,0,0.08561975582,0.1193773121,0,0.002037430794,0.1415941539,0,0,0,0,0.000774994757,0.0001594324566,0,0.0002739310015,0.0003819345939,0,6.51853597e-06,0.0004530149382,0,0,0,0,0,0,0,0,0.00280815638,0,0,0.003330771313,0,0,0,0,0,0,0,0,0.03173522384,0,0,0.001297522491,0,0,0,0,0,0,0,0,0.2350163795,0,0,0.08306930032,0.03068757761,0,0,0,-0.04880794618,-0.04801978603,-0.2607813741,0,0,0,0,0,0,0,0,-0.3289635139,0,0,0,0.001047354934,0.0001623818017,0.0008322494832,0,0,0,0,0,0,0,0,-0.2599491246,0,0,0,0,0,0.006119594422,0,0,0.05117364187,0.03114538426,0,0,0.02590649285,0.001412478817,-0.04785740454,0,0,0,0,0,0.02615216218,0,0,0.02590649285,0.1741934399,0,0,0.05117364187,0.2065508566,-0.04776059203,0,0,0,0,0,-0.0036261652,0,0,0.001412478817,0.2065508566,0,0,0.03114538426,0.1741934399
1,1,1,1,4,1500,500,v1,0,0,0,0,0,8.706896469e-05,0,0,0,0,1.059713337e-05,0,0.001228251811,0,0.001733616336,0.0002953112982,0,0.0006475307614,0,0,0,0.02422253099,7.881074343e-05,0,0,0,0.06257207825,0,0,0,0,0,0,0.8742730863,0,0,0,0.001426756649,0.00201379604,0,0,0,0.0003430382553,0,0.0007521819313,0.02813727351,0,9.154780086e-05,0,0.00168209369,0,0,0,0,0.0004044295046,0,0,0,0,0,-0.0002532901001,0,0,0,0,9.203252673e-05,0,0,-0.001592620183,0,0.08827142894,0,-0.0003696268234,0,1.233098012,-0.9071788916,0.001326195239,0,0.02577538184,0,0.000311260854,0,0,0,0,0,0,0,0,0,0.05588006399,0,0,-0.936793025,0,0,0,-0.0003696268234,0,0,0.00019578325,-0.001592620183,0,0,4.610310962e-05,-0.9101530202,0,0.0008468358999,0.03010468211,0,0,-0.000564550954,0,0,0,0,0,0,0,0,0.002173031137,0,-0.00086486647,0,0,0,0,1.233098012,0,4.610310962e-05,0,0.08827142894,0,0.00019578325,0
1,1,1,1,2,1500,500,v1,0.005299930437,0,0.0002004792251,0.001206081729,0.004540948274,0.0007084017774,0,0.01026997795,0.0009550213338,0.0017494981,0.0009381346457,0.01159237308,0.0004912206445,0.002047771727,2.875925555e-05,0.002919510564,0.07625196699,0.01189553936,0.008431642456,0.172454292,0.0160367947,0.003331103971,0.01575323208,0.1946600568,0.000102690981,0.0003616780284,5.079467945e-06,0.001514891122,0,0.0005945856936,0.001489199103,0,0.002832423269,0.0005883405366,0.005188699928,0.03438091494,0.0009999613417,0.0008448276171,4.946171056e-05,0.01475136905,0.1530615678,0.005789824013,0.005021130892,0.03483154401,0.02045858676,0.005729011316,0.05052536541,0.02709325366,0.0001404292007,0.0001186430535,0.0004945921825,0.002071603049,0.02149514459,0,0.0007051406573,0.004891554983,0.01841690959,0.002036469392,0,0.04165236951,-0.5937821025,0.006444748716,0,0.001932648637,0.01477050153,0.00161292152,0.01247473369,0.001132101959,0.0003869285172,0.001792225854,2.943943936e-05,0.01670481594,0.002265285233,0.007337428555,0.003283674055,0.07622938536,0.002675782107,-0.01030171394,0.002097995985,-0.2483011697,0.02443718659,-0.2099689282,0.01670481594,0.1896372608,0,0.007472495212,0.001132101959,0.04307716061,0,0.06503069769,-0.275705162,0.001598752764,0.001789768055,0.000563835735,0,0.005736692219,0.03669993531,0.002265285233,0.04307716061,0.07993655742,0.01188363669,0.0003869285172,0.1896372608,0.1807299012,0.0158607265,0.07603602503,-0.01567165566,-0.005224981562,-0.004870574049,-0.1875604771,-0.05600480279,-0.04454635017,0.007337428555,0,0.1807299012,0.0183486879,0.001792225854,0,0.07993655742,0.2228426999,-0.4397804427,0.002181624251,0.0007810569625,0.002425509611,0.02597278016,0,0.05975302943,0.003283674055,0.06503069769,0.0158607265,0.2228426999,2.943943936e-05,0.007472495212,0.01188363669,0.0183486879
1,1,1,1,2,1500,500,v1,0.0009943488271,0.02577825934,0.07598179527,0.007992486985,0.00241067391,0,0.004831178561,0.003247685725,0.02973437819,0.02544502648,0,0.01482628487,0,0.009563241935,0,0,0.008068353774,0,0.01743288242,0.01086977267,0.09951884471,0,0,0.04962251884,0.001148329625,0.004277597513,0,0.006652047069,0.03859178166,0.1137498391,0.007797654288,0.007232598048,0.04451435669,0,0.03809290973,0.02219594198,0.00163625101,0,0,0.009478479438,0.002121110848,0.1620817622,0,0.01704929938,0,0,0.05427845863,0,0.001084888028,0,0.004041273717,0.00628454241,0.001406365986,0.03645970722,0,0.01130424408,0.00340955779,0.007366858437,0.006833019775,0.004593392793,-0.1922673792,0.004612229152,0.01803273865,0.09591527826,0.0009528573049,0,0.03848415712,0.001250600988,0,0.009775770609,0,0.008733258088,0,0.01871658828,0,0.1031045363,0,-0.02307507874,0,-0.01583708207,0,-0.1387782351,0.008733258088,0.001459100932,-0.002050973918,-0.03525197382,0.001250600988,0.01373035265,0.002498714504,-0.012366473,-0.2251847017,0.002562646476,0.001061978001,0,0.007155773154,0.1199065515,0.05661073216,0,0.01373035265,0.007969375407,0,0,0.001459100932,0.009892036296,0,0.2189334619,-0.007659323968,0,0,-0.01223451627,-0.1840761986,0,0.01871658828,0.002498714504,0.009892036296,0.04230764025,0.009775770609,-0.002050973918,0.007969375407,0.02321737865,-0.02442777831,-0.001559228553,0,0.003018194815,-0.002504015272,-0.02548700552,0.002976616973,0,-0.012366473,0,0.02321737865,0,-0.03525197382,0,0.04230764025
1,1,1,1,3,1500,500,v1,0.000163022392,0,0.04494793769,0.00327102543,0.0006763973941,0.02848150577,0,0.0005592942569,0.01363403512,0.1708350711,0.04020051831,0.02108142769,6.911963179e-05,0,1.884552407e-05,2.803718237e-05,5.0452089e-06,0.0002124418983,0,4.171743397e-06,0.0001016954765,0.0002709800634,0.0002998533326,0.0001572451454,0,0,0.005623474168,0,0,0.1000422574,0,0,0.03034576715,0.08086001646,0.3802338224,0.04692169928,0,9.540717263e-07,2.601284356e-07,0,1.678433343e-08,4.627715027e-06,3.870026834e-07,3.36775708e-07,2.932376857e-06,3.74039054e-06,1.758870521e-05,4.138933892e-06,0,0.0161923685,0,0,0.0002848612997,0,0.006568154037,0.005715709014,0.001181920094,0,0,0.000977296965,-0.5579431402,-0.0003135023729,0,0.2149712349,0.0005390526843,-0.06818208492,0.03435856403,0,0.02395279706,0,0.008391610547,0,0.009709395779,0,0.1206693175,-0.2206436208,9.55489007e-05,0,0.0002868687779,8.449542866e-06,0.0005068027815,0.0002581841779,0,0.0001328188954,0,0.08264281316,0,0.001589703104,0,0.3139809554,0.2499010598,0,0,-0.08633148424,0,-0.4794092927,-0.07694036024,0.009709395779,0.001589703104,0.000753660798,0.042143045,0.02395279706,0.0001328188954,0.0007670508831,0.05935935365,-0.4417494441,0,1.328567369e-06,3.996419542e-06,3.524709687e-07,2.221288217e-05,7.016312735e-06,0,0,0.0007670508831,0.02491953496,0,0,0.000753660798,0.03856588315,0.0003312297864,0,-0.02253833945,0,-0.0008351980976,0,-0.001561310016,0.1206693175,0.3139809554,0.05935935365,0.03856588315,0.008391610547,0.08264281316,0.042143045,0.02491953496
1,1,1,1,1,1500,500,v1,0.0158437194,0,0,0.01616763974,0,0,0,0,0,0,0,0,0.001894305075,0,0,0.003359905476,0,0,0,0,0,0,0,0,0.008056274456,0,0,0.00150262089,0,0,0,0,0,0,0,0,0.01017809836,0.0546497085,0,0.001898374156,0.06765838974,0,0.09693151184,0.06904164627,0,0,0,0,0.02212176749,0.1187793733,0,0.004126054809,0.1470533211,0,0.2106775049,0.1500597844,0,0,0,0,-0.1598755966,0.03199765494,0,0,0,0,0,0.006034173773,0.09305304798,0,0,0.001128368073,0.1651090439,0,0,-0.1773596864,0.00525162594,0,0,0,0,0,0.001128368073,0.09475290448,0,0,0.006034173773,0.09706400791,0,0,-0.01413771761,0.009362689717,0,0,0,0,0,0.1651090439,0.09706400791,0,0,0.09305304798,0.09475290448,0,0,-0.6039427168,0.01178752885,0.1514450316,0,0.1359491259,0,0,0,0,0,0,0,0,0,0,0.3457936573,-0.02592524645,-0.3288047181,0,-0.2958247227,0,0,0,0,0,0,0,0,0,0
1,1,1,1,4,1500,500,v1,0.02238050783,0.01122969744,0.0003631701612,0.0221251462,0.07283776055,0.005430763478,0.01049479598,0.04856940909,0.002241083798,0.002325260561,0.00147229417,0.003479613045,0.002505136129,2.471367006e-06,0,0.01574170144,0.02196720083,0.001637868477,0.000613143424,0.01464808851,0.000675890328,0,0.0004440304242,0.001049419395,0.01759821275,3.435552959e-06,0,0.003565142448,0.004708099087,0.0001522606565,0.000852356894,0.00439998848,0.0009395840484,0,0.0009748755196,0.001458842777,0.01269956837,0.002513107872,0,0.002572748205,0.006771234784,0.0001098773293,0.01579179404,0.006693974984,0.001643080436,0,0.0007035088443,0.0004454433998,0.09118888165,0.01804529805,1.780204823e-05,0.01847354372,0.0486206546,0.0243960166,0.1133925182,0.04806589285,0.1582367847,0.004416668501,0.02279947597,0.105514874,-0.3375239275,0.04086794687,0.01883464414,-0.002000243641,0.1182910543,-0.005722234861,-0.003964229984,0.09211460074,0.019642355,1.860835337e-05,0,0.01866555466,0.1227468574,0.004652196698,0,-0.2666289113,0.01779013643,0.0005170681307,0,0.03607871857,0.001159889181,0.0006867023879,0.01866555466,0.03043865581,0.01277218336,0.0004168327281,0.09211460074,0.03066714855,0.01211378336,0.001882302499,-0.1270912431,0.01971433526,0.0005055299356,0,0.008423681667,7.94605963e-05,0.0008121430129,0.1227468574,0.03066714855,0.09551402561,0.004277402448,0.019642355,0.03043865581,0.06381939304,0.001225682098,-0.2617799291,0.01462746854,0.01816780329,0,0.01298474746,0.0003880262243,0.000893622647,0.004652196698,0.01211378336,0.06381939304,0.001480173063,1.860835337e-05,0.01277218336,0.09551402561,0.002217903808,0.3068031335,-0.1081952408,-0.1308840814,-0.004136468097,-0.09458989726,-0.04384897025,-0.2605920519,0,0.001882302499,0.001225682098,0.002217903808,0,0.0004168327281,0.004277402448,0.001480173063
1,1,1,1,1,1500,500,v1,0,0,0,0,0,0,0,0,0,0,0,0,0.007958302748,0,0,0.09766646153,0,0,0,0,0,0,0,0,0,0,0,0,0,0,0,0,0,0,0,0,0,0.05931335357,0,0,0,0,0.7279096497,0,0,0,0,0,0,0.008073389908,0,0,0,0,0.09907884255,0,0,0,0,0,0,0,0,0,0,0,0,0,0.06492237412,0,0,0,0.7967801227,0,0,-0.6800851502,0.1056168187,0,0,0,0,0,0,0,0,0,0,0,0,0,0,0,0,0,0,0,0,0.7967801227,0,0,0,0.06492237412,0,0,0,0.2127296427,0,-0.787197974,0,0,0,0,0,0,0,0,0,0,0,0,-0.6815811548,0,0.1071128242,0,0,0,0,0,0,0,0,0,0,0,0
1,1,1,1,3,1500,500,v1,0.001154617819,0,0.0001919676407,0.0005804935122,1.361252065e-07,0.0004024685022,0,3.619819917e-05,0.002771202294,0.0002670461826,0.01059497898,0.00469690859,0.0591993994,0.0001649573982,0.01594959929,0.1358599541,2.399050631e-07,0.0007093045725,0.000809905743,6.379517415e-05,0.004883926189,0.004243629168,0.01867243523,0.00827776266,0.0005473541742,3.382202817e-05,0.003270224934,0.000127786463,0,6.93676111e-05,0.0001660589653,0,0.001001375452,0.0008700921987,9.649728295e-05,0.001697230467,0.003949424055,0.08758111749,0.02359624833,0.0009220408918,0.003010456106,0.000500520732,0.2009947183,0.001513531325,0.001049363469,0.006278134381,0.0006962743841,0.02762448201,0.004811346473,0.1066948231,0.0002973020096,0.001123267122,0.003667458133,0,0.2448598113,0.001843844445,4.323798641e-07,0.001459689639,0,0.0001149777682,-0.0298699313,-0.0003012770962,0,-2.92373e-05,-5.506130254e-06,-0.0002836196591,-0.002553844468,0.003603599502,-0.04319471442,0.0002410368979,0.01482103353,0.0006989293388,-0.1152994893,0.001205992909,0.004476659075,-0.1274012208,0.1865846165,0.0004846027214,0.007938598658,-2.20516973e-05,0.006257616227,-0.00915668985,0.0006989293388,0.005224131602,0,0.0006407081049,0.003603599502,0.00219326366,0,0.0007857471282,-0.03064740029,0.0005014094063,9.507161782e-05,0.0006699348023,0,2.131251608e-05,-0.0004840746217,-0.1152994893,0.00219326366,6.349253705e-07,0.0007993730491,-0.04319471442,0.005224131602,0.0001560917302,0.02147326039,-0.04062337772,0.0009718078003,0.1533890038,-0.02147366187,-0.001313308121,-0.0009430453714,-0.02082241886,0.001205992909,0,0.0001560917302,0.006783795816,0.0002410368979,0,6.349253705e-07,0.01150811758,0.3403843687,-0.004341569771,-0.234310818,-0.001544360878,-0.003330344958,0,-7.69266097e-05,0.004476659075,0.0007857471282,0.02147326039,0.01150811758,0.01482103353,0.0006407081049,0.0007993730491,0.006783795816
1,1,1,1,0,1500,500,v1,0,0,0,0,0,0,0,0,0.06223857532,0,0,0.2049658025,0,0.001743044032,0.003776455471,0,0,0,0.003547741862,0,0.02825471398,0.008396023012,0,0.09304920775,0,0.006750601634,0.0146257616,0,0,0,0.01373998107,0,0.1094271372,0.03251679568,0,0.3603684831,0,0,0.004380737654,0,0,0,0,0,0,0.009739496317,0,0,0,0,0.01399480893,0,0,0,0,0,0,0.02848463296,0,0,-0.3450481531,0,0,0,0,0,0.2641291042,0,0,0.008251547567,0.009795145745,0,0,0.01673067046,0.021702953,-0.2569916809,0,0.005275064992,0.01200197896,0,0,0.1211420448,0,0,0,0,0,0,0,0,0.3775847509,0,0.01498188305,-0.04494902851,0,0,-0.4661901978,0,0,0,0,0,0,0,0,-0.03294704956,0,0,0.01194831696,0,0,0,0.01673067046,0,0,0.02800219603,0.008251547567,0,0,0.09337637721,0.02025694803,0,0,-0.03691176009,0,0,0,0.021702953,0,0,0.09337637721,0.009795145745,0,0,0.02800219603
1,1,1,1,4,1500,500,v1,0.01010454568,0.0006200869127,0.007807454335,0.009010116001,0.01090072955,0.004078351218,0.00909562885,0.006675027044,0.005227176416,0.003479351669,0.002519771652,0.002703244424,0.01882517856,0,0.01116632779,0.00412716107,0.02720205037,0.010177256,0,0.01665708896,0.01304407338,0.002084728739,0.006287923672,0.006745767853,0.0008572043837,0,0.06752413495,0.07250065376,0.009357229853,0.1178159759,0,0.1372547752,0.0788790897,0.01260660688,0.05250408071,0.04079247426,0.0001403626527,0.01864038787,0.01105671749,0.01187159594,0.02496770979,0.01929173861,0.004086648257,0.02226344149,0.01007735458,0.002064264739,0.008597263598,0.0062262005,7.711670804e-05,0.01024122387,0,0.006522378858,0.01371752065,0.0008418047976,0.002245247254,0.01223176739,0.01479838753,0,0.01234785616,0.009061745498,-0.4316825463,0.01077477479,0.008878217693,0.01088729303,0.01094986464,0.005411813498,0.007695110979,0.0009692773747,0.00299152543,0,0.06810709116,0.08140197284,0.0004199700837,0,0.01284200112,-0.1462095283,-0.007882736517,0,0.01205861138,-0.03575311375,-0.006339913319,0.01893871593,0.08140197284,0.008099431658,0.01193634406,0.1362490599,0.0009692773747,0.01049995328,0.1746945706,0.06072748757,0.1283984343,-0.07249187571,0,-0.07849604593,-0.1461099284,-0.1692852939,-0.1189431415,0.0004199700837,0.01049995328,0.01133267439,0.005394516831,0.00299152543,0.008099431658,0.004943963505,0.003286233169,-0.2695427521,0.0111685789,-0.003402531185,0.01247137329,-0.03357491866,0.02708030285,-0.004859066854,0,0.1746945706,0.004943963505,0.0912823974,0,0.01193634406,0.01133267439,0.04718157457,-0.257443669,0.00640912992,0.009010937353,0,0.0104005539,0.0128111006,0.01395215721,0.01284200112,0.06072748757,0.003286233169,0.04718157457,0.06810709116,0.1362490599,0.005394516831,0.0912823974
1,1,1,1,3,1500,500,v1,0,0,0.01039323582,0,0,0,0,0,0,0.0331847598,0,0,0,0,0.001300414911,0,0,0,0,0,0,0.01364218591,0,0,0.0005176430963,0,0.0009121244761,0.007317949778,0,0.0003773463248,0,0,0,0.009568770379,0.001204836239,0,0.0004686180798,0,0.0008257388605,0.006624880342,0,0.000341608555,0,0,0,0.008662529903,0.001090728435,0,0.05969235961,0,0,0.8438742695,0,0,0,0,0,0,0,0,0.003000359781,0,0,-0.04343803686,0,0,0,0.0879957248,0,0,-0.0007039684424,1.244253922,0,0,-0.007668620371,0.01817922033,0,0,-0.01259749447,0,0,0,1.244253922,0,0,0.01447697988,0.0879957248,0,0,0.04617953588,-0.941666907,0.007814446872,0,0.009255428654,0,0.001574653126,0,0,0,0,0,0,0,0,0,-0.9404582427,0.007086366277,0,0.008923791694,0,0.001425706653,0,0,0,0,0,0,0,0,0,0.01490081315,-0.9030672397,0,0,0,0,0,-0.007668620371,0.04617953588,0,0,-0.0007039684424,0.01447697988,0,0
1,1,1,1,3,1500,500,v1,0.0009010057738,0,0,0.01204032184,0.03683271511,0.008395276562,0,0.07121275737,0,0,0.1533346754,0,0.001668770355,0.0008611709536,0.01231560145,0.002045337833,0.01611109433,0.003672199896,0.00291189564,0.0311493586,0,0.007858158517,0.06707052172,0,0.2140766149,0.002961272769,0.04234914688,0.08349492364,0,0,0.01001301452,0,0,0.02702152312,0,0,0.0597244814,0.001600916846,0.01181483945,0.02329395491,0.0003780864202,0,0.001962172796,0.005052445074,0.003522885373,0.00753863964,0,0.0643433818,0.005283476511,0.0001416237756,7.308512014e-05,0.002060680323,3.34471003e-05,0,0.0001735819824,0.0004469603459,0.001367302577,0.0002471242694,0,0.002643557131,0.1855328839,-0.01136982119,0,0,-0.1044881754,-0.1567138063,0,0.2237156064,0.0016305283,0.003055723036,0.02711509991,0.08726016875,0.001858620282,0.0102764249,0.01821188204,-0.2517089994,-0.001315463352,0.003514151683,0.01686025017,0.04314777314,0.06905288275,0,0.08726016875,0.0009687651302,0,0,0.2237156064,0.01106378501,0,0,0.128999049,-0.2967787272,-0.0126995048,-0.06594408709,0,0,0,0.001858620282,0.01106378501,0.02997013669,0.00182445868,0.0016305283,0.0009687651302,0.05608526361,0.03064597119,-0.4381955833,0.08214107495,-0.001249981825,0.01886584894,0.002894748998,0,0.06601397038,0.0102764249,0,0.05608526361,0,0.003055723036,0,0.02997013669,0,-0.2962039244,0.007320468833,0.0002393461212,0.0002972545069,0.000453372106,0,0.003970135384,0.01821188204,0,0.03064597119,0,0.02711509991,0,0.00182445868,0
1,1,1,1,2,1500,500,v1,0.003242767779,0.002197832453,0.02701096697,0.0007469134963,0.0348224789,0.005794046541,0.124720891,0.03120358354,0.04218799731,0.01299965048,0.05684747344,0.03456922412,0,5.767503968e-05,0.003255292973,0,0.07966365806,0.01325508571,0.001069462665,0.07138468278,0.09651381229,0.007516166463,0.1300504108,0.07908428512,0.0005060010315,9.132194871e-06,0.0005154390869,0.0002854387954,0.0007961271068,0.009784259464,0.0001693374035,0.04517800342,0.01528187837,0.001190100557,0.004708900402,0.01252210847,0.0004114255542,0,0.0004190995647,0.0002320880933,0.0009550883312,0.007955506259,0,0.0002199874962,0.001706513268,0.0009676616264,0.003828770768,0.01674321513,0.0001219028854,0,2.200076354e-06,6.87662882e-05,0.0002829868543,0.0001917984063,0,6.5180955e-05,0.003038855827,4.079580239e-05,0.01088402716,0.00272304542,-0.3313266483,-0.003836235882,-0.1259139837,-0.03914943832,0.06548511865,0.06161049201,0.07455042112,0.0004650473178,0,6.803424748e-05,0.003473205482,0.0002159293472,0,0.001263634104,0.008040681079,0.2566406186,0,-0.00109362507,-0.01067592245,-0.1504275015,-0.1422933569,-0.1731293452,0.0002159293472,0.003073241158,0.001816308131,0.01420289278,0.0004650473178,0.0007059457719,0.1025600899,0.0068887989,-0.2520835754,-0.0004432261498,0.0001673957851,0.001663715745,0.04536810578,0.0140855835,0.02772829866,0,0.0007059457719,0.06267920823,0.008651009688,0,0.003073241158,0.05612133605,0.0848956491,-0.1186444322,-6.899821394e-05,0,0.001336282338,0.0009810631397,0.01100272701,0.0183184256,0.001263634104,0.1025600899,0.05612133605,0.05830196068,6.803424748e-05,0.001816308131,0.06267920823,0.04797397721,-0.1697818814,5.823992111e-05,0,3.845038216e-05,0.0003357147884,0.01096161262,0.005742020039,0.008040681079,0.0068887989,0.0848956491,0.04797397721,0.003473205482,0.01420289278,0.008651009688,0.05830196068
1,1,1,1,3,1500,500,v1,0,0,0,0,0,0,0,0,0.1383989553,0,0,0.1155919166,0,0,0,0,0,0,0,0,0.4026043008,0,0,0.3362583383,0,0,0,0,0,0,0,0,0.00389410302,0,0,0.003252386048,0,0,0,0,0,0,0,0,0,0,0,0,0,0,0,0,0,0,0,0,0,0,0,0,-0.7308221366,0,0,0,0,0,0.2531520839,0,0,0,0,0,0,0,0,0.2602964677,0,0,0,0,0,-0.7379665206,0,0,0,0,0,0,0,0,-0.4848144368,0,0,0,0,0,0.007144384186,0,0,0,0,0,0,0,0,0,0,0,0,0,0,0,0,0,0,0.3904509353,0,0,0,0.3260541456,0,0,0,0,0,0,0,0,0,0,0.3260541456,0,0,0,0.3904509353
1,1,1,1,3,1500,500,v1,0,0.02783120468,0,0,0.006293774039,0,0.02261663956,0.01855455689,0.006311861107,0,0,0.01360186136,0.005651618043,0.003174961394,0.002009737017,0.01526467656,0.001559409775,0,0.002675943201,0.004597266636,0.001563891212,0.0008553102778,0,0.003370136175,0.005974342827,0.008294854169,0.005250607302,0.03185869458,0.01801571145,0,0.006991127094,0.01464021615,0.004085797569,0.002234570171,0,0.00880476473,0.001158793179,0.002863906922,0.001018416268,0.006179363828,0,0,0.007735238395,0,0,0.0004334208375,0,0,0.02819210355,0.0696755573,0.03914227798,0.1503368057,0,0.08501366886,0.1881894421,0,0.0192250687,0.03299016891,0.06908516998,0.05667706353,-0.177395067,0,0.0495735607,0,0.02449646927,0,-0.01624832473,0.03159316328,0.09168314728,0.04158245581,0.002885730935,0.1682916121,0.2477195741,0.03510933733,0.001404596916,-0.367979681,0.02078494632,0.005789232021,0.002377046924,0.005992164305,0,0.004291351914,0.1682916121,0,0.05883412469,0,0.03159316328,0,0.04779334947,0,-0.3486941631,0.03757230544,0.01502248485,-0.006603888291,0.0324167089,0,0.00853451694,0.2477195741,0,0.01711798307,0,0.09168314728,0,0.05048090166,0,-0.381655931,0.00731918084,0.01058491177,0.001366622805,0,0,0,0.03510933733,0.04779334947,0.05048090166,0.001824813579,0.04158245581,0.05883412469,0.01711798307,0.003308870235,0.2095519638,-0.1781480029,-0.2576383384,-0.07193957904,0,-0.1530752524,-0.07555455676,0.001404596916,0,0,0.003308870235,0.002885730935,0,0,0.001824813579
1,1,1,1,3,1500,500,v1,0.0002926825893,0.0008670189281,0.000321915284,1.767634549e-05,0,0,0.001661352992,0,0,0.0003193812942,0,0,0.0002436988548,0.004611047756,0.03247078248,0.003210310127,0,0,0.02542385868,0,0,0.003057433732,0,0,0.03767706201,0.01814238099,0.1277577978,0.03981453544,0.008001335292,0.002970814176,0.1000313497,0.01533189402,0,0.01202961464,0.002947429102,0,0.05262140992,0.001339163493,0.178432051,0.05560669751,0.003772386915,0.004149167218,0.01764115849,0.0002278304787,0,0.01680107868,0.004116506615,0,0.03649907653,0.0009288658528,0.0175751536,0.03856972116,0.002616589691,0.007751170967,0.01223619806,0.0001580269721,0,0.09690383728,0.01485253742,0,-0.02371199256,-4.834544461e-05,0.002249295851,0.0005659503083,0,0,0,-0.01925271208,0.001475630737,0.010526512,0.07331075379,-0.0297585842,0.0157897662,0.03698018601,0.006512632646,-0.1623872122,0.002428061601,0.02884767294,0.03471449023,0,0,0,-0.0297585842,0.005650121688,0.007836144365,0.002902753232,-0.01925271208,0.0003331564588,0.01138559796,0.003309864084,-0.1464323156,0.05856776734,-0.04571716743,0.07403257148,-0.01146727302,0.001847652052,0,0.0157897662,0.0003331564588,0,0,0.001475630737,0.005650121688,0,0,0.1946816917,-0.04845931505,-0.01482414957,-0.1619626525,-0.003062481348,-0.00655534724,0,0.03698018601,0.01138559796,0,0,0.010526512,0.007836144365,0,0,-0.03148593411,0.02256574529,0.0008858233236,-0.01480163751,-0.0008780253061,-0.003596517716,0,0.006512632646,0.003309864084,0,0,0.07331075379,0.002902753232,0,0
1,1,1,1,2,1500,500,v1,0,0,0,0,0,0.5250786308,0,0,0,0,0.254829149,0,0,0,0,0,0,0.04484638884,0,0,0,0,0.02176467758,0,0,0,0,0,0,0,0,0,0,0,0,0,0,0,0,0,0,0,0,0,0.1033323121,0,0,0.05014884172,0,0,0,0,0,0,0,0,0,0,0,0,0.2194184948,0,0,0,0,-0.7796275724,0,0,0,0,0,0,0,0,0,-0.6266143448,0,0,0,0,0.06640526694,0,0,0,0,0,0,0,0,0,0,0,0,0,0,0,0,0,0,0,0.565794431,0,0,0,0.2745191857,-0.7132223055,0,0,0,0,0,0.1530132276,0,0,0,0,0,0,0,0,0,0,0,0,0,0,0,0,0,0.2745191857,0,0,0,0.565794431,0
1,1,1,1,1,1500,500,v1,0,0.01519775031,0,0,0,0,0.005180122403,0,0,0,0,0,0,0.01010283842,0,0,0,0,0.006610900987,0,0,0,0,0,0.04421421571,0.0189326781,0,0.07409260892,0.2062148508,0,0.01238880155,0.07028791409,0,0,0,0,0.03331791169,0,0,0.0558329705,0,0,0,0,0,0,0,0,0.04644451731,0,0.01988770086,0.07783006897,0,0.2166169648,0,0,0,0.01301373097,0.07383345358,0,-0.06140836181,0,0.02020635099,0,0,0,0,-0.04061460163,0,-0.009106361494,0,-0.06463985156,0,-0.006569357011,0,-0.005256285072,0,0.01570676405,0,0,0,0,-0.06463985156,0,0.04288837692,0,-0.04061460163,0,0.01891463901,0,0.007605946844,0.01977017588,0.001520125271,0,0.01052185542,0,0,0,0,0,0,0,0,0,0,-0.001706474733,0.07187611007,0,0,0,0,0,-0.006569357011,0.01891463901,0,0,-0.009106361494,0.04288837692,0,0,0.1396013818,-0.02147665062,0,-0.006776410346,0,-0.07193021713,0,0,0,0,0,0,0,0,0
1,1,1,1,0,1500,500,v1,0,0.0004157100753,0,0,0,0,0.01195331624,0,0,0,0,0,0,0.04311518876,0,0,0,0,0.0819379188,0,0,0,0,0,0.05825392964,0.02280168587,0,0.03616046364,0.0004305570269,0,0.04333328322,0.01238022509,0,0,0,0,0.2938958468,0,0,0.1824325011,0,0,0,0,0,0,0,0,0.07153687275,0,0.02800088013,0.04440569936,0,0.0005287317686,0,0,0,0.05321405074,0.01520313895,0,0.007278167118,0,-0.002293455503,0,0,0,0,0.2461283217,0,-0.01134033639,0,0.1524644134,0,-0.02340365434,0,0.1375803097,0,-0.1144176493,0,0,0,0,0.1524644134,0,-0.0001886851977,0,0.2461283217,0,-0.007288382216,0,-0.4016995973,0.09385429081,0.06434239254,0,0.005921804214,0,0,0,0,0,0,0,0,0,0,0.2087500913,-0.4744785811,0,0,0,0,0,-0.02340365434,-0.007288382216,0,0,-0.01134033639,-0.0001886851977,0,0,-0.4270711994,0.1148958007,0,0.07323791713,0,0.001356362903,0,0,0,0,0,0,0,0,0
1,1,1,1,3,1500,500,v1,0,0,0,0,0,0,0,0,0.1200669072,0,0,0.1061453891,0,0,0,0,0,0,0,0,0.003238709109,0,0,0.002863187258,0,0,0,0,0,0,0,0,0.4074652973,0,0,0.3602205101,0,0,0,0,0,0,0,0,0,0,0,0,0,0,0,0,0,0,0,0,0,0,0,0,-0.7608920198,0,0,0,0,0,0.2242638505,0,0,0,0,0,0,0,0,-0.5427113449,0,0,0,0,0,0.006083175166,0,0,0,0,0,0,0,0,0.2303470257,0,0,0,0,0,-0.7669751951,0,0,0,0,0,0,0,0,0,0,0,0,0,0,0,0,0,0,0.4272579846,0,0,0,0.3776842694,0,0,0,0,0,0,0,0,0,0,0.3776842694,0,0,0,0.4272579846
1,1,1,1,1,1500,500,v1,0.01200422031,0.002860652668,0,0.1017731833,0.04834547823,0.006384223399,0.003728560445,0.02690337556,1.471650948e-05,0,0.002367251282,4.905510075e-05,5.557155643e-05,0.003783518911,0,0.0001216968484,0.09635206161,0.01272369431,0.02021017421,0.05361816231,2.932985834e-05,0,0.004717908473,9.776633229e-05,0,0.006883769313,0,0,0.01037291168,0,0.03677057795,0.01352000144,5.336301563e-05,0,0,0.0001778769695,0,9.006365746e-05,0,0,0.03877360015,0,0.000197231533,0.3287271152,0.02062102485,0,0,0.007646215437,0,1.879436431e-05,0.001279590448,0,0.008091223335,0.001928170178,4.115801411e-05,0.06859833741,0.03258637808,0.006835104167,0.00251316741,0.01813372417,-0.4147670169,0.1124019819,0.002152479351,0,0.05905993143,0.00850701094,2.07125251e-05,0,0.0001004792253,0.005026403616,0,0,0.0001613065887,0.02661709084,0,0.06855100765,-5.742761169e-05,0.00214658016,0,-0.1319198329,-0.0002754155713,-3.884232164e-05,0,0.02819253827,0.01010861615,0,0,0.2382804957,0.01187008678,0,0.01584189813,0,-0.0309053341,0,-0.0207028254,0,-0.0001499807712,0.0001613065887,0.2382804957,0.0232715235,0.01811785455,0.0001004792253,0.02819253827,0.01278667795,0.006057393423,0.196596334,0,-0.0001705012264,0,-0.3660174509,0,-0.02434842735,0.02661709084,0.01187008678,0.01278667795,5.475384166e-05,0.005026403616,0.01010861615,0.0232715235,0.00019741201,-0.3740123986,0,5.340496178e-05,0.007663090982,0.07596677951,0.003897877435,0.04882110047,0,0,0.006057393423,0.00019741201,0,0,0.01811785455,5.475384166e-05
1,1,1,1,2,1500,500,v1,0,1.64666077e-05,0.01181142211,0,0,0,1.557381703e-05,0,7.295687827e-05,0.001885319813,0,1.938430143e-05,0,0,0,0,0,0,0,0,0.001773399261,0,0,0.0004711838916,0,0,0,0,0.001028680801,0.7378680162,0,0.0009729075272,0.004557668546,0,0.1177772818,0.001210951222,0,0,0,0,0,0.1030170258,0,0,0,0,0.01644340859,0,0,0,0,0,0,0.0005439216655,0,0,0,0,0.000514431184,0,-0.7406190289,0,3.145725223e-05,0.01368397318,0,0,9.172804914e-05,0,0,0,0,0,0,0,0,-0.005520258698,0,0,0,0,0,0.002106105666,0,0,0.0006805049115,0.9345492276,0,0,0.000689371264,0.1491774628,0.1362885605,0,0,0,-0.001893021486,-0.8555954156,-0.00561198675,0,0,0,0,0,0,0,0,-0.841911442,0,0,0,0,0.1194269826,0,0,0.000689371264,0,0.004024463683,0,0.0006805049115,0,0.001096765876,-0.001861564233,0,0,0,0,0.0009483134487,0,0,0.1491774628,0,0.001096765876,0,0.9345492276,0,0.004024463683
1,1,1,1,1,1500,500,v1,0.0002148127312,0.008865026834,0.02044135892,8.252968079e-05,0.0244663455,9.008673406e-05,0.005437216312,0.04325296546,0,0.005350924821,4.742791144e-05,0,3.737688567e-05,0,0,6.119359074e-05,3.771863635e-05,1.388825626e-07,0,6.66811018e-05,0,0,7.311742344e-08,0,0.001176743454,0,0,0.001959492666,0.004285780437,0.009882336265,0,0.002628611931,0,0,0.002586894473,0,0.002214141857,0.02205412073,0,0.003686950384,0.0001954040368,0.01859444749,0.03610709705,7.507298422e-05,8.194724492e-05,0,0.004867459692,4.314271924e-05,0.01244739263,0.1239831581,0,0.02072718101,0.001098516231,0.04533425841,0.2029857357,0.0004220429273,0.125116782,0,0.02780501108,0.2211884013,-0.3962284134,0.0002058708299,0.01414864693,-0.01046336727,0.06747384759,-6.129432891e-05,0,0.01360556918,0.1528289532,0,0,0.0226739704,0.2501629788,0,0,-0.5468676687,9.846934688e-05,0,0,0.0001042237589,1.790924872e-07,0,0.0226739704,0.001308168925,0.04826212335,-0.00730088747,0.01360556918,0.0005245261404,0.02964570711,-0.002057837973,-0.09152849962,0.003084590195,0,0,0.006898234963,0.01165991144,0,0.2501629788,0.0005245261404,0.1506865642,6.631153232e-05,0.1528289532,0.001308168925,0.2662002827,5.210276286e-05,-0.3566781627,0.005823665332,0.05790031284,0,2.01712195e-05,0.005042606134,-1.782762705e-05,0,0.02964570711,0.2662002827,0,0,0.04826212335,0.1506865642,0,0.1557580323,-0.03309461521,-0.3266600693,0,-0.001447838757,-0.07298543546,-0.3455026383,0,-0.002057837973,5.210276286e-05,0,0,-0.00730088747,6.631153232e-05,0
1,1,1,1,3,1500,500,v1,0,0.08123638573,0,0,0,0,0.04345223067,0,0,0,0,0,0,0.07716327615,0,0,0,0,0.4514111867,0,0,0,0,0,0.01087379382,0.01052486466,0,0.02152768421,0.01169858832,0,0.06157127956,0.006257414747,0,0,0,0,0.07426232183,0,0,0.1470228183,0,0,0,0,0,0,0,0,0.0002662340271,0,0.0002576908438,0.0005270839376,0,0.0002864283002,0,0,0,0.001507511544,0.0001532065768,0,0.01830841784,0,-0.1240580324,0,0,0,0,0.09456675742,0,0.09952958551,0,0.1871276265,0,0.5820754041,0,0.07379004486,0,-0.5281933699,0,0,0,0,0.1871276265,0,0.1033573118,0,0.09456675742,0,0.05526710873,0,-0.8701825909,0.03233737206,0.07202635422,0,0.01786966084,0,0,0,0,0,0,0,0,0,0,0.03313030875,-0.220926564,0,0,0,0,0,0.5820754041,0.05526710873,0,0,0.09952958551,0.1033573118,0,0,-0.7509445863,0.000792936671,0,0.00176369055,0,0.0004387570208,0,0,0,0,0,0,0,0,0
1,1,1,1,4,1500,500,v1,0.1110831357,0,0,0.05987881736,0,0,0,0,0,0,0,0,0,0,0,0,0,0,0,0,0,0,0,0,0,0,0,0,0,0,0,0,0,0,0,0,0,0,0,0,0.04367710087,0,0,0.02354392617,0,0,0,0,0,0,0,0,0.4949933122,0,0,0.2668237077,0,0,0,0,-0.6941670077,0.1706880596,0,0,0,0,0,0,0,0,0,0,0,0,0,0,0,0,0,0,0,0,0,0.5100764132,0,0,0,0.2751420089,0,0,0,0,0,0,0,0,0,0,0.2751420089,0,0,0,0.5100764132,0,0,-0.5905894956,0,0,0,0.06711054734,0,0,0,0,0,0,0,0,0,0,0.2377986068,0,0,0,-0.7612775548,0,0,0,0,0,0,0,0,0,0
1,1,1,1,2,1500,500,v1,0.01300314237,0.004264006023,0.03822933579,0.001749296546,0.1950469705,0.002447035893,0.00574345302,0.05735823038,0,0.0272316177,0.01206988407,0,0.009710277661,0,0,0.0002509079281,0.03594267447,0.0004509324819,0,0.01056980376,0,0,0.002224202267,0,0.0004749313059,0,0,4.180057287e-05,0.0001125643649,0.001009206103,0,0.000151619894,0,0,0.0007188802581,0,0.001329634911,0.003894441601,0,0.0001170264,0.0009610213699,0.002825410014,0.0001006301063,0.0001292850078,0.0001808527292,0,0.002012603246,0.0008920471832,0.02916895347,0.08543456922,0,0.002567274362,0.02108246962,0.006913388696,0.002207579587,0.002836198378,0.3162367768,0,0.009312070144,0.09299699376,-0.380635615,0.01365193658,0.009655480803,-0.06533533748,0.2412954649,-0.01446409419,0,0.04095459838,0.1078286486,0,0,0.003609076312,0.002786840724,0,0,-0.2555451247,0.009877572266,0,0,0.04632432661,0.00263461223,0,0.003609076312,0.01084986181,0.003742104082,0.05150502973,0.04095459838,0.001430269839,0.00508255759,0.03669099212,-0.0968921042,0.0005151806196,0,0,0.0002638093765,0.001723542232,0,0.002786840724,0.001430269839,0.1294718481,0.002721939164,0.1078286486,0.01084986181,0.03883347876,0.01342016591,-0.1934865233,0.00139473702,0.003943454486,0,0.001067523752,0.004814447299,0.00106807858,0,0.00508255759,0.03883347876,0,0,0.003742104082,0.1294718481,0,0.3279894866,-0.03161903424,-0.08756468703,0,-0.02290621474,-0.01580239796,-0.3998233435,0,0.03669099212,0.01342016591,0,0,0.05150502973,0.002721939164,0
1,1,1,1,4,1500,500,v1,0,0,0.001158626184,0,0,0,0,0,0,0.0006450902265,0,0,0,0,0.7139165848,0,0,0,0,0,0,0.09894283535,0,0,0.0002642446925,0,0.004414782434,0.0005316403588,0,0.000736921598,0,0,0,0.0006118517216,0.000410297063,0,0.005352305112,0,0.08942190048,0.01076843354,0,0.01492642747,0,0,0,0.01239312346,0.008310611833,0,0.01234902278,0,0,0.02484530091,0,0,0,0,0,0,0,0,-0.02200118377,0,0,0.001789559213,0,0,0,0.01008311436,0,0,0.9301571861,0.02017079114,0,0,0.1288909664,0.1065713728,0,0,-0.812603476,0,0,0,0.02017079114,0,0,0.0194771566,0.01008311436,0,0,0.01084028036,-0.753376957,0.000794219721,0,0.005026198907,0,0.001143543042,0,0,0,0,0,0,0,0,0,-0.8407559115,0.01594246604,0,0.1015451738,0,-0.02314472683,0,0,0,0,0,0,0,0,0,0.01673668578,-0.03690595609,0,0,0,0,0,0.1288909664,0.01084028036,0,0,0.9301571861,0.0194771566,0,0
1,1,1,1,3,1500,500,v1,0.002456790967,0.001104785801,0.002747651256,0.001996237403,0,0.005088122721,0.000119811546,0,0.0123882762,0.002909354732,0.02704526196,0.07769608803,0.000446644973,0.00050004488,0.02780438738,0.01042221452,0,0.001261370315,0.0005740987525,0,0.003071113788,0.005419556257,0.006704651687,0.01926123727,0.04246344524,0.0002882296432,0.01602665876,0.002954563283,0.0001578675146,0.0003926235062,0.0003309148543,1.712037842e-05,0.001770213169,0.003123873134,0.0004157299996,0.01110232255,0.002244000227,1.360503861e-05,0.0008469361278,0.0001561352509,1.855199264e-05,2.074836914e-05,0.0003174660849,1.507420945e-05,3.842199705e-05,0.0001650825076,2.196944238e-05,0.000204227184,0.5659382865,0.003431199403,0.003841426183,0.03937740973,0.004678824361,0.002104004284,0.08006514881,0.003801725224,0,0.004410320089,0.0002281745528,0,0.03417920527,0.002568523332,0.0001954747005,-0.004438420992,0,-0.03113785271,-0.08961325285,0.7812819538,0.004372193382,0.004642280725,0.01634435666,0.05437325622,0.1030015202,0.005332086911,0.003954722627,-0.181154384,0.01073026047,0.0009962374224,-0.03008184119,0,0.007443526225,0.02163682803,0.05437325622,0.003685957615,0.00158931875,0.003090817513,0.7812819538,0.002802424028,0.0002226013018,0.002981467639,-0.7124683176,0.04531457805,0.0005649126956,0.01556077278,0.0001615532162,0.0003481718121,0.01276423034,0.1030015202,0.002802424028,0,0.00565797854,0.004372193382,0.003685957615,0,0.02952062836,-0.6780798767,0.002398464503,0.0003308151193,0.0009883489119,3.341682919e-05,4.205908369e-05,0.0002419219215,0.005332086911,0.0002226013018,0,0.01142394738,0.004642280725,0.00158931875,0,0.07139434425,0.06329423553,-0.6048165154,-0.08264355138,-0.008210728532,-0.006927527925,-0.001564974616,0,0.003954722627,0.002981467639,0.02952062836,0.07139434425,0.01634435666,0.003090817513,0.00565797854,0.01142394738
1,1,1,1,4,1500,500,v1,0,0,0,0,0.001839539625,0.2470479738,0,0.0373423488,0.009799895302,0,0.6854982402,0.01060230554,0,0,0,0,9.684895697e-06,0.001300669921,0,0.0001966017738,5.159495481e-05,0,0.003609043733,5.581952238e-05,0,0,0,0,0,0,0,0,0.0004637712408,0,0,0.0005017445844,0,0,0,0,0,0,0,0,0.0002115484271,0,0,0.0005869956036,0,0,0,0,0,0,0,0,4.141919906e-05,0,0,0.0008408028602,0.007857843032,0,0,0,-0.03910084875,-0.9325194367,-0.02035962495,0,0,0,0,0,0,0,0,-0.9893422769,0,0,0,0.0002062254715,0.004906627349,0.0001073558115,0,0,0,0,0,0,0,0,-0.02025226913,0,0,0,0,0,0.0009603011788,0,0,0.002677341712,0.3683014234,0,0,0.05434616002,1.021920233,-0.9276128095,0,0,0,0,0,0.0007983770857,0,0,0.05434616002,0.01388932158,0,0,0.002677341712,0.01504863061,-0.03889462329,0,0,0,0,0,0.0008789562175,0,0,1.021920233,0.01504863061,0,0,0.3683014234,0.01388932158
1,1,1,1,0,1500,500,v1,0.007420431744,0,0.0001205726455,0.01730856993,0,0.01215189769,0,0,0,0.02368101434,0.02565934676,0,0,0,0,0,0,0.005541624107,0,0,0,0,0.01170141966,0,0,0,0,0,0,9.94208011e-05,0,0,0,0,0.01952669618,0,0,0,0,0,0.01096325361,0.000178139027,0,0.02557239905,0.01795371763,0,0.0349873127,0.03791018308,0,0,0,0,0.2248196524,0,0,0.5244043486,0,0,0,0,-0.7570883509,0.02469874143,0,0.01732768829,0,0.0328975031,0,0,0,0,0,0,0,0,0,-0.01810884408,0,0,0,0,0.01656099503,0,0,0.3096204099,0,-2.663873997e-05,0,0.7222503238,0,-0.01091923764,-0.007760273339,0,0,0,0,0.01505752413,0,0,0.7222503238,0,0.0005505812361,0,0.3096204099,0,0.001771192363,-0.6425596631,0,0,0,0.03648955369,-0.02508796151,-0.05100634719,0,0,0,0,0,0,0,0,0.06118829511,0,0,0,-0.7491021153,0,0,0,-0.01091923764,0.001771192363,0,0,-2.663873997e-05,0.0005505812361,0
1,1,1,1,0,1500,500,v1,0.0002841295433,1.998019709e-05,0.0001496823889,0.0004728206235,0,0,0.0001572433764,0,0,4.619401639e-05,0,0,0.06533700269,0.01308540816,0.0001675218667,0.1418999604,0,0,0.01109740934,0,0,0.0002053212699,0,0,0.003049063288,0.004344322546,5.561683774e-05,0.001191944174,0.0002346357605,0.001757782519,0.003684311944,0.001846574338,0,6.816614439e-05,0.0005424755381,0,0.001585686763,0.01128093139,2.892392682e-05,0.0006198789332,0.00173524895,0.0009141471359,0.02450010946,0.002887631751,0,3.545028182e-05,0.000282118211,0,0.02340184422,0.1664859701,0.03334307945,0.009148282351,0.02560910928,0.001800851277,0.3615769257,0.0426161774,0,0.02827743671,0.01417262973,0,-0.07815799194,0.0007562820242,0.0001741364244,0.0001745170265,0,0,0,0.02820511831,0.1348301285,0.02394764686,0.0001252439842,0.01102519151,0.2928480871,0.02034665498,0.0001524551091,-0.5449273076,0.2064566205,0.02399907449,-0.0003618646779,0,0,0,0.01102519151,0.03537377494,0.002316589632,0.0005221575317,0.02820511831,0.05886193145,0.01823190375,0.0002732277818,-0.08294471657,0.004192213678,0.007952487622,0.0001144631061,0.002070151328,-0.001482058473,0,0.2928480871,0.05886193145,0,0,0.1348301285,0.03537377494,0,0,-0.4181999866,0.002180589047,0.03576984939,6.226884331e-05,0.004598455918,0.0007772845712,0,0.02034665498,0.01823190375,0,0,0.02394764686,0.002316589632,0,0,0.2881498618,-0.03252634266,-0.52734528,-0.06148109667,-0.06817854199,-0.01594328336,0,0.0001524551091,0.0002732277818,0,0,0.0001252439842,0.0005221575317,0,0
1,1,1,1,3,1500,500,v1,0.000396566921,0.005532386302,0.01776803341,0.002180256571,0.003618750754,0,0.01815210782,0.0003454004784,0.01729135543,0.02706838652,0,0.00261735351,0.01507893435,0.01282496892,0.02643917249,0.02204380274,0.005922258303,0,7.338489922e-05,0.0005652643661,0.02829812834,0.04581625852,0,0.004283423925,0.04045525026,0.01897049574,0.03910841517,0.03371251436,0.01339255782,0.04301207504,0.0001085498083,0.0439418255,0.04185815393,0.06777070124,0.06552596144,0.006335974443,0.03438543727,0.01895800653,0.03324067823,0.02865436601,0.0008159568215,0.03655864193,0.02771459485,0.004485989949,0,0.05760254062,0.05569459643,0,0.005735896329,0.003162418997,0.002689707669,0.004779886074,0.0001361112177,0.001898846818,0.004623121167,0.0007483160116,0.001242041495,1.539059685e-05,0.006230235976,0.0001185496752,-0.1540591306,-0.001322220808,0.01197848552,0.03398654467,-0.002490303121,0,0.009831044038,0.03585575793,0.0249610507,0.02306100596,-0.005238383628,0.03444618964,0.03682783727,0.0001362070814,-0.0184734945,-0.09599996631,-0.01079853315,-0.0003568492525,0.03393062361,-0.005263094086,0,0.00723296439,0.03444618964,0.001229435687,0.01339099174,0.02535017513,0.03585575793,0.007019560684,0.04221038565,0.01830476268,0.1624502282,-0.05495102551,-0.01699986681,-0.05309674594,-0.05505584173,-0.07797847189,-0.04019294237,0.03682783727,0.007019560684,0.009991463159,0,0.0249610507,0.001229435687,0.0009231947568,0,-0.1141973092,-0.001408260798,-0.03649289295,0.03497404112,-0.004619474571,0.01488863531,0,0.0001362070814,0.04221038565,0.0009231947568,0.02957709771,0.02306100596,0.01339099174,0.009991463159,0.005116303155,-0.1777798771,0.009491321271,0.006098834111,0.00189190738,0.000442364465,0.006009771301,0.0004769585999,-0.0184734945,0.01830476268,0,0.005116303155,-0.005238383628,0.02535017513,0,0.02957709771
1,1,1,1,1,1500,500,v1,0.01148999914,0.01042141421,0.007579843413,0.2698471222,0.01241702631,0,0.08130322289,0.0368747858,0.03867614801,0.003265840101,0,0.0011626832,0.03788264749,0.05908521261,0.00709472823,0.02650714156,0.007389387737,0,0.03330182136,0.02194423069,0.02301622358,0.002314495757,0,0.000691914212,0.0001421758905,0.0004323270892,5.191219713e-05,0.001219585538,4.537860679e-05,3.300537977e-05,0.0002436697586,0.000354023639,0.0001684099372,1.693518851e-05,1.422064902e-05,5.062743181e-06,0.0007678497307,0.001497008437,0.0002803623486,0.006586619033,0.0002702058676,0.000178252247,0.001047482613,0.006345890446,0,9.146192006e-05,7.680149903e-05,0,0.009413000309,0.01835169086,0.02862296138,0.08074476622,0.003312429259,0.003004369011,0.01284099448,0.07779369626,0.0035796801,0.01613257708,0.02343874626,0.01063055949,0.1603086096,-0.280762,-0.09031233659,-0.01081289698,-0.04122668988,0,-0.0359749244,0.01273483009,0.02701978533,0.0456598844,0.009865721654,0.1091610923,0.01920532817,0.02597361978,0.003258562645,0.01168291836,-0.06280346317,-0.090170942,-0.009126531799,0.01902910659,0,0.01466261655,0.1091610923,0.0118870794,0.01106407042,0.01102257636,0.01273483009,0.2786977074,0.08664524003,0.004747140841,-0.2372513576,0.001349941584,0.0006689129675,5.560773967e-05,0.0003960166979,4.674810549e-05,0.0001673490463,0.01920532817,0.2786977074,0.00341470154,0,0.02701978533,0.0118870794,0.008974402139,0,-0.342079422,0.007316797727,0.002508124518,0.0003214012175,0.006613548836,0.0002530041414,0,0.02597361978,0.08664524003,0.008974402139,0.03066025774,0.0456598844,0.01106407042,0.00341470154,0.001057180419,-0.5273929812,-0.08993068757,0.0294785963,0.04174635958,0.08042526033,0.02477677956,0.01393818085,0.003258562645,0.004747140841,0,0.001057180419,0.009865721654,0.01102257636,0,0.03066025774
1,1,1,1,3,1500,500,v1,0,0,0,0,0.0072478682,0,0,0.03629450492,0,0,0,0,0,0,0,0,0.1335622794,0,0,0.6688279466,0,0,0,0,0,0,0,0,0,0,0,0,0,0,0,0,0,0,0,0,0,0,0,0,0,0,0,0,0,0,0,0,0,0,0,0,0.02564536876,0,0,0.1284220321,-0.6483611225,0,0,0,0.04353362813,0,0,0,0,0,0,0,0,0,0,0.1974467179,0,0,0,-0.8022742131,0,0,0,0,0,0,0,0,0,0,0,0,0,0,0,0,0,0,0,0.1510481098,0,0,0,0.7561931306,0,0,0,0,0,0,0,0,0,0,0.7561931306,0,0,0,0.1510481098,0,-0.7587405851,0,0,0,0,0,0.15391309,0,0,0,0,0,0,0,0
1,1,1,1,2,1500,500,v1,0,0,0,0,0.1261468987,0.003121216807,0,0.202672654,0.03798313987,0,0.0592971817,0.009873117977,0,0,0,0,0.007744084853,0.0001916096871,0,0.01244195653,0.002331762898,0,0.003640219547,0.0006061049787,0,0,0,0,0,0,0,0,0.003922500429,0,0,0.001019592104,0,0,0,0,0,0,0,0,0.005105944888,0,0,0.09700323959,0,0,0,0,0,0,0,0,0.1637735838,0,0,0.2631251915,-0.3711542628,0,0,0,0.2079734855,0.0142690283,-0.04761593409,0,0,0,0,0,0,0,0,-0.2233350183,0,0,0,0.02013230154,0.003786431702,0.002888602878,0,0,0,0,0,0,0,0,-0.0447273313,0,0,0,0,0,0.004903034217,0,0,0.06774894266,0.00287568838,0,0,0.09552811356,0.06890233459,0.01805546001,0,0,0,0,0,-0.06590747547,0,0,0.09552811356,0.04740640267,0,0,0.06774894266,0.01233004268,0.2281057869,0,0,0,0,0,-0.3369571577,0,0,0.06890233459,0.01233004268,0,0,0.00287568838,0.04740640267
1,1,1,1,4,1500,500,v1,0,0,0,0,0.4335820047,0,0,0.1860824004,0,0,0,0,0,0,0,0,0.1606789741,0,0,0.06895934071,0,0,0,0,0,0,0,0,0,0,0,0,0,0,0,0,0,0,0,0,0,0,0,0,0,0,0,0,0,0,0,0,0,0,0,0,0.1054435728,0,0,0.0452537073,0.3802410784,0,0,0,-0.6195016178,0,0,0,0,0,0,0,0,0,0,-0.4688342065,0,0,0,0.2295736668,0,0,0,0,0,0,0,0,0,0,0,0,0,0,0,0,0,0,0,0.2511493944,0,0,0,0.1077414144,0,0,0,0,0,0,0,0,0,0,0.1077414144,0,0,0,0.2511493944,0,-0.3899279509,0,0,0,0,0,0.1506674116,0,0,0,0,0,0,0,0
1,1,1,1,1,1500,500,v1,0.04139820577,0,0,0.005977055249,0,0,0,0,0,0,0,0,0.0009811202314,0,0,0.007103081975,0,0,0,0,0,0,0,0,0.01319390166,0,0,0.06862711616,0,0,0,0,0,0,0,0,0.02728500209,0.007482041427,0,0.1419209462,0.06318086452,0,0.05416823739,0.009122026207,0,0,0,0,0.05036169396,0.01381008802,0,0.2619526741,0.1166170101,0,0.09998182095,0.01683711405,0,0,0,0,-0.06030881542,0.04666808778,0,0,0,0,0,0.01573653053,0.007984168118,0,0,0.07546846374,0.05785525124,0,0,-0.05196370851,0.008070762339,0,0,0,0,0,0.07546846374,0.01775827714,0,0,0.01573653053,0.002702814427,0,0,-0.1420214945,0.08121816466,0,0,0,0,0,0.05785525124,0.002702814427,0,0,0.007984168118,0.01775827714,0,0,-0.4121313671,0.1644202139,0.06087599688,0,0.0684981534,0,0,0,0,0,0,0,0,0,0,0.4297513778,-0.3064417085,-0.1128397054,0,-0.1288069686,0,0,0,0,0,0,0,0,0,0
1,1,1,1,0,1500,500,v1,0,0,0.0468322902,0,0,0,0,0,0,0.2421484591,0,0,0,0,0,0,0,0,0,0,0,0,0,0,0,0,0,0,0,0.1018721535,0,0,0,0,0.5267345435,0,0,0,0,0,0,0.0133557984,0,0,0,0,0.06905675525,0,0,0,0,0,0,0,0,0,0,0,0,0,-0.5458765216,0,0,0.2887567973,0,0,0,0,0,0,0,0,0,0,0,0,0,0,0,0,0,0,0,0,0,0.06251952484,0,0,0,0.3231600608,0.3711594659,0,0,0,0,-0.6282791909,0,0,0,0,0,0,0,0,0,-0.3395223934,0,0,0,0,0.08240266888,0,0,0,0,0,0,0,0,0,0,0,0,0,0,0,0,0,0.3231600608,0,0,0,0.06251952484,0,0
1,1,1,1,3,1500,500,v1,0,0,0,0,0,0,0,0,0.0001519050628,0,0,0.0004711951287,0,0.01626757615,0.01328106145,0,0,0,0.01269631662,0,0.001162093008,0.1945066496,0,0.003604702532,0,0.04313036367,0.03521219172,0,0,0,0.03366185277,0,0.003081067123,0.5156971424,0,0.009557178628,0,0,0.005914753046,0,0,0,0,0,0,0.0866240099,0,0,0,0,0.01402998898,0,0,0,0,0,0,0.01094995227,0,0,-0.007899860317,0,0,0,0,0,0.0006124818599,0,0,0.01931134722,0.02395587326,0,0,0.01517101078,0.3517121117,-0.5217072758,0,0.02872559204,0.2075630012,0,0,0.004697741809,0,0,0,0,0,0,0,0,0.3586885819,0,-0.07630380672,-0.5505081148,0,0,-0.01259760212,0,0,0,0,0,0,0,0,-0.3429451137,0,0,0.09249979016,0,0,0,0.01517101078,0,0,0.002666312194,0.01931134722,0,0,0.008264755466,-0.04757821468,0,0,0.02458997603,0,0,0,0.3517121117,0,0,0.008264755466,0.02395587326,0,0,0.002666312194
1,1,1,1,3,1500,500,v1,0,0,0.01204634065,0,0,0.001852868253,0,0,0.002421540203,0.1178395432,0.002987586037,0.004010142768,0.005465639418,0.05775672468,0.0009386524999,0.0009688796242,0,0.001653917153,0.00614846248,0,0.002161528145,0.004285846145,0.002666794999,0.003579555048,0.08302261652,0.1188244395,0.001931114651,0.1849710919,0,0.02212216202,0.01264939472,0,0.004446969106,0.008817384797,0.2164031006,0.007364313414,0.009159366873,0.001240547028,0.0002130478212,0.02040670558,0,0.002440600001,0.0002199085316,0,0.0003753928594,0.0009727670074,0.02387440283,0.0006052877549,0.01069309239,0.00144827521,0.01530427205,0.02382378511,0,0,0.0002567319639,0,0,0.001629208426,0,0,-0.2078835069,0,0,0.1178761599,0,-0.002259821194,0.003989365582,0.09475304868,0.004809989431,0.0709231131,0.001582553208,0.2111189004,0.0009348752561,0.008103884841,0.006223907352,-0.1209254868,-0.004556607157,0.05506120127,0.002769720617,0,-0.002442704936,0.003346025006,0.2111189004,0,0,0.01230888473,0.09475304868,0,0,0.1125643651,0.2908220742,-0.2677173657,-0.1243973225,-0.009122500844,0,-0.2273019335,-0.008365892545,0.0009348752561,0,0,0.002332389452,0.004809989431,0,0,0.003665311893,-0.3572207071,0.02941814737,-0.0004230627795,0.001148473199,0,0.02617694023,0.0007040585702,0.008103884841,0,0,0.0002567567279,0.0709231131,0,0,0.001288996219,-0.3126150106,0.03438458605,0.001149760145,0.01665145595,0,0,0,0.006223907352,0.1125643651,0.003665311893,0.001288996219,0.001582553208,0.01230888473,0.002332389452,0.0002567567279
1,1,1,1,2,1500,500,v1,0.005516585085,0.1480896133,0.02778281753,0.001044513342,0,0,0.09005430867,0,0,0.09205599396,0,0,0.00444167199,0.03317748237,0.002244716598,0.0009372347805,0,0,0.02630389976,0,0,0.0003398572862,0,0,0.0004610446629,0.05833310009,0.003946691209,0.004551419081,0.1398083433,0.02622918383,0.04624787381,0.08501841163,0,0.0005975416963,0.08690816134,0,0.0002388272711,0.004045377283,0.00204443857,0.002357695656,0.002697861985,0.01358706629,0.0008536128509,0.0005108147151,0,0.000309534551,0.04501958418,0,5.82703348e-05,0.0009870124445,0.007372581326,0.000575242997,0.0006582385687,0.01767004289,0.0002082689568,0.0001246312631,0,0.005845158414,0.01074527417,0,0.1107067516,-0.00508705567,-0.0871366799,-0.04243546841,0,0,0,0.000672529452,0.008593510088,0.03774669071,0.006521048432,0.00661079994,0.001978555915,0.0311253201,0.0009936626806,-0.08604143479,-0.003389231602,0.03176014562,-0.0003020044578,0,0,0,0.00661079994,0.007939265631,0.03071507094,-0.00850490665,0.000672529452,0.001687563927,0.02371032914,-0.01961864552,-0.01874527309,-0.004410195007,-0.09036808041,-0.003839707727,0.02252877125,0.02151988545,0,0.001978555915,0.001687563927,0,0,0.008593510088,0.007939265631,0,0,-0.03828457296,-0.0005744939568,-0.003420250373,-0.0008680952249,-0.001099460898,0.03966461779,0,0.0311253201,0.02371032914,0,0,0.03774669071,0.03071507094,0,0,-0.1411965312,0.0001291360314,-0.0002385620418,0.01269326097,-0.0002313697986,0.02832430858,0,0.0009936626806,-0.01961864552,0,0,0.006521048432,-0.00850490665,0,0
1,1,1,1,0,1500,500,v1,0.003032013104,0.0004546778067,0.001722820648,0.002126865354,0.008281929902,0.0001118897904,0.001316334062,0.01555362137,0.002896926489,1.572288939e-05,0.0003473528698,0.008689605361,0,7.498714502e-06,0.008261586479,0,0.05125699365,0.000692487662,7.727037477e-05,0.09626160584,0.01792912333,0.002785683872,0.002149772342,0.05378010344,0.04841101744,3.014739551e-05,0.03321440162,0.08016952267,0.01131327426,0.04286715166,0.0003106533192,0.03275296935,0.07208120433,0.01119940137,0.0003912162793,0.216214399,0.01391511538,0,0.009547046422,0.02304368338,0.0216849405,0.01232160349,0,0.01521132893,0.0008002351452,0.003219121813,0.0001124500156,0.002484265752,0.003840346866,0,2.391531143e-06,0.006359684044,0.005984692977,0.0008974588774,0,0.004198080849,0.01634716145,2.464349158e-05,0.002598225979,0.03070027912,-0.4143931529,0.005012380857,0.001762770212,0.001724654872,0.02369352388,0.0004486337128,0.01156366341,0.04599816441,0,3.959754104e-05,0.02333264499,0.07634436187,0,0.0004069269958,0.007903165062,-0.2396925377,0,1.182895625e-05,0.01080903523,-0.1459575757,-0.0001198074276,0.07134695656,0.07634436187,0.01753680482,0.01491014401,0.04314052945,0.04599816441,0.01239516482,0.04317566629,0.0004021615909,0.1707025096,-0.1283889556,-0.0003358980062,-0.04324863206,-0.0439623901,-0.04229159095,-0.2876967931,0,0.01239516482,0.0399023796,0.0004607919573,0,0.01753680482,0.07464568911,0.001532698022,-0.1768315951,0.0366732529,0,0.01161572348,-0.03403569437,0.01153847559,-0.001657819607,0.0004069269958,0.04317566629,0.07464568911,0.07679877442,3.959754104e-05,0.01491014401,0.0399023796,0.2303804849,-0.2855267545,0.01015401862,0,2.638602439e-05,0.009068667122,0.003475746366,0.04589867279,0.007903165062,0.0004021615909,0.001532698022,0.2303804849,0.02333264499,0.04314052945,0.0004607919573,0.07679877442
1,1,1,1,4,1500,500,v1,0,0,0.1748081285,0,0,0,0,0,0,0.1413916189,0,0,0,0,0,0,0,0,0,0,0,0,0,0,0,0,0,0,0,0.1072033541,0,0,0,0,0.0867102458,0,0,0,0,0,0,0.2708293401,0,0,0,0,0.2190573126,0,0,0,0,0,0,0,0,0,0,0,0,0,-0.2855319749,0,0,0.3096563338,0,0,0,0,0,0,0,0,0,0,0,0,0,0,0,0,0,0,0,0,0,-0.01878432231,0,0,0,-0.01740221607,-0.1693508178,0,0,0,0,0.1934751767,0,0,0,0,0,0,0,0,0,0.5031315101,0,0,0,0,-0.4790071514,0,0,0,0,0,0,0,0,0,0,0,0,0,0,0,0,0,-0.01740221607,0,0,0,-0.01878432231,0,0
1,1,1,1,0,1500,500,v1,0.09975018574,0,0,0.007140011289,0,0,0,0,0,0,0,0,0,0,0,0,0,0,0,0,0,0,0,0,0,0,0,0,0,0,0,0,0,0,0,0,0,0,0,0,0.5147063348,0,0,0.0368421273,0,0,0,0,0,0,0,0,0.3187458545,0,0,0.02281548633,0,0,0,0,-0.2096530814,0.1068833699,0,0,0,0,0,0,0,0,0,0,0,0,0,0,0,0,0,0,0,0,0,0.1438555613,0,0,0,0.01029900411,0,0,0,0,0,0,0,0,0,0,0.01029900411,0,0,0,0.1438555613,0,0,0.4454139775,0,0,0,-0.5481836886,0,0,0,0,0,0,0,0,0,0,-0.4413003189,0,0,0,0.3385306072,0,0,0,0,0,0,0,0,0,0
1,1,1,1,0,1500,500,v1,0.1672731765,0,0,0.7370779171,0,0,0,0,0,0,0,0,0,0,0,0,0,0,0,0,0,0,0,0,0,0,0,0,0,0,0,0,0,0,0,0,0,0,0,0,0.0161750005,0,0,0.07127404362,0,0,0,0,0,0,0,0,0.001516686411,0,0,0.00668317589,0,0,0,0,0.09564646194,-0.9043482055,0,0,0,0,0,0,0,0,0,0,0,0,0,0,0,0,0,0,0,0,0,0.2243721308,0,0,0,0.9886804857,0,0,0,0,0,0,0,0,0,0,0.9886804857,0,0,0,0.2243721308,0,0,-0.8961485209,0,0,0,0.08744677748,0,0,0,0,0,0,0,0,0,0,-0.8169014279,0,0,0,0.008199684398,0,0,0,0,0,0,0,0,0,0
1,1,1,1,0,1500,500,v1,0,0.000480754546,0.02841835385,0,0.01747158814,0.04914127172,0.03534211696,0.04247245604,0.09655175092,0.0004116635708,0.01240687595,0.1480797349,0,0.00241176432,0.008641529975,0,0.001336591343,0.003759349057,0.001299825627,0.003249178988,0.007386291014,0.06162172122,0.0009491365563,0.01132822559,0,0.008379181805,0.03002322828,0,0.0001277780946,0.007553216372,0.004515978262,0.009393459517,0.02566215727,0.2140920657,0.0001094146424,0.03935760262,0,0,0.005480626586,0,0,0.001378811035,0,0,0.002384252377,0.03908169555,1.997322847e-05,0.0006019608864,0,0,0.01727860695,0,0,0.0002634896252,0,0,0.009575743482,0.0093123428,0.01937013644,0.02327809818,0.135289454,0,-0.02820892801,-0.02796231047,-0.05016778833,-0.06119991697,-0.2438616721,0,0,0.01216997871,0.02414885803,0,0,0.006213464198,0.1709012941,-0.4822059602,0,0.003474650644,0.06793562657,0.004413662681,0.004509615573,0.01854033813,0,0,0.0002407468,0.02960622106,0,0,0.02232383113,0.0004314353593,-0.1824033236,0,0.00495877499,-0.240692475,0.008807770803,0.006650700586,0.06425721794,0,0,0.0119255158,0.06445622726,0,0,0.02731412551,0.01627246567,-0.2507587592,0,0,0.04272341353,0,0.001286505616,0.002871172747,0.006213464198,0.02232383113,0.02731412551,0.09536594307,0.01216997871,0.0002407468,0.0119255158,0.1462302307,-0.05672185705,0,0,-0.02068905424,0,0.004358105251,0.01959436476,0.1709012941,0.0004314353593,0.01627246567,0.1462302307,0.02414885803,0.02960622106,0.06445622726,0.09536594307
1,1,1,1,1,1500,500,v1,0.009508703839,0.008394228042,0.001811543194,0.04405956275,0.0008666621439,0.02235615923,0.03171900698,0.004436527492,0.03041225866,0.003031379109,0.03039297441,0.0003425861152,0.003501729777,0,0.008445560445,0.0002857843191,0.0004107052753,0.01059443128,0,0.002102440101,0.01441216183,0.0213136399,0.01440302315,0.000162349222,0.03546476133,0,0.01858815821,0.0941366095,0.008755261123,0.001889457092,0,0.03308323139,0.03172028025,0.04691000829,0.003161757761,0.0003573206352,0.0438930369,0.009538698099,0.02300567334,0.116508374,0.01227462547,0.002338490568,0.0007784753579,0.05687574672,0.02885918903,0.05805827103,0.003913156184,0.03923377825,0.009953951436,0.00216316173,0,0.02642147315,0.002783608391,0.00245735318,0.0001765406646,0.0128981374,0.0002537094495,0,0.009285523609,0.001298763256,-0.1020541356,-0.006813353779,-0.01640580724,-0.0005665185673,-0.004718480342,-0.0009150240818,-0.01537429331,0.009096547878,0.008485407127,0,0.01510128524,0.01788887042,0.0006561292886,0,0.04393629033,-0.1595004697,0.001827514862,0,0.01500232764,-0.0004071764455,0.0189877163,0.006204241004,0.01788887042,0.01044280802,0.009562183516,0.001829111056,0.009096547878,0.04894333344,0.03807865956,0.002765668333,-0.1122848233,0.04061828614,0,-0.005271348204,-0.02517127076,0.0007666930322,-0.02076367239,0.0006561292886,0.04894333344,0.001075321705,0.02307100617,0.008485407127,0.01044280802,0.00600333919,0.0335994012,0.1151810078,-0.09368669495,-0.009443010729,-0.04908936322,-0.047722853,-0.003263360725,-0.05585296378,0,0.03807865956,0.00600333919,0.04438052291,0,0.009562183516,0.001075321705,0.000520064094,-0.1619228461,0.03507813004,0.001521138259,0,0.01494544581,0.009816515941,0.0004065495279,0.04393629033,0.002765668333,0.0335994012,0.000520064094,0.01510128524,0.001829111056,0.02307100617,0.04438052291
1,1,1,1,4,1500,500,v1,0.0009831610477,0.0002471332248,9.444704738e-05,0.0002838789436,0.004295632295,0.002602630935,2.502166428e-05,0.04702088227,0,7.867894393e-05,9.549379276e-05,0,0.02810483902,0.001502797365,0.00251250967,0.02518132018,0.009455556698,0.005728917813,0.03256779719,0.1035024853,0,0.0005641385666,0.0002102011787,0,0.104167004,0.01999601241,0.03343110368,0.03238372418,0.007238258903,0.002766249589,0.4333425728,0.0007328568808,0,0.007506349185,0.002304419273,0,0.002930804066,0.01052157333,0.0009406050938,0.000911136414,0.0008101851012,7.783016915e-05,0.009427099255,0.0002339336889,0.002144727776,0.0002111958476,6.483628323e-05,7.869275164e-05,0.00229487427,0.008238588244,0.0004405265833,0.0007134368132,0.0006343900516,0.0001594640671,0.007381594618,0.0001831744434,0.002771780269,0.009546849597,1.614536594e-05,0.03034048186,-0.09032361445,-0.0003872900791,0.0002267883776,0.0001671577709,0.04835705083,0.001808084798,0,0.1479117954,0.01388538755,0.02697373272,0.04496255886,0.04606559683,0.01222613035,0.5847151878,0.01009532159,-0.364369572,-0.0501532094,0.03365488046,0.003057198419,-0.1069723625,-0.00475320014,0,0.04606559683,0.0003548536643,0.0100765112,0.003889597344,0.1479117954,0.0001910061609,0.001030709706,0.003238978811,0.05532350529,-0.1361124248,-0.451415336,-0.04090831176,-0.007802855612,-0.005057905069,0,0.01222613035,0.0001910061609,0.003073305982,0.001865781513,0.01388538755,0.0003548536643,0.03642923316,7.775656495e-05,-0.2143417251,0.003808188382,0.01787130338,0.001145859568,-0.0001145889732,0.0001383631791,0.001649423286,0.5847151878,0.001030709706,0.03642923316,0,0.02697373272,0.0100765112,0.003073305982,0,-0.6490398557,0.00298597467,0.01487422747,0.009967841588,0.0001379725014,0.0001712532959,0.03228028555,0.01009532159,0.003238978811,7.775656495e-05,0,0.04496255886,0.003889597344,0.001865781513,0
1,1,1,1,0,1500,500,v1,2.671378539e-05,0.004094520564,0.0005781700614,0.000721917782,0.006473639668,0.0008351315229,0.02069889581,0.0438084692,0,0.002148029406,0.002689036049,0,0.003253611112,0,0,0.05322179615,0.0250438304,0.003230777939,0,0.1694768213,0,0,0.01040276664,0,0.01738672174,0,0,0.008346756056,0.01465651776,0.00206958535,0,0.07409261459,0,0,0.007688966424,0,0.05636582812,0.009759764564,0,0.02705925961,0.0003099997639,0.006709366716,0.1596479057,0.008377485209,0.009691272545,0,0.0249267784,0.03120488273,0.009703484424,0.001680162016,0,0.004658302962,5.336704845e-05,0.008179764648,0.02748369035,0.001442199999,0.01293261276,0,0.04135089653,0.08751768663,-0.2298931163,0.000657173304,0.01481816576,0.002152644812,0.04661488314,0.002992159781,0,0.04867308257,0.007537423145,0,0,0.02394520086,0.1204528595,0,0,-0.04428709098,0.05234150729,0,0,-0.1825384362,0.007792987436,0,0.02394520086,0.0003478650547,0.01143774993,0.007351013339,0.04867308257,0.009374477056,0.06462826733,0.02880149809,-0.0660277867,0.01755054154,0,0,-0.07645838609,0.00171108986,0,0.1204528595,0.009374477056,0.01325840597,0.008851378927,0.007537423145,0.0003478650547,0.07038241063,0.02955407061,0.1281778803,-0.07869617693,-0.1665085664,0,-0.008544861157,-0.02796540897,-0.03638878023,0,0.06462826733,0.07038241063,0,0,0.01143774993,0.01325840597,0,-0.3807641572,0.01273344641,0.02884020421,0,0.001406126446,0.01092954223,0.08016300862,0,0.02880149809,0.02955407061,0,0,0.007351013339,0.008851378927,0
1,1,1,1,0,1500,500,v1,0.01598944152,0.02257529533,0,0.008083628812,0.002985977032,0.000362385404,0.0009654261303,0.08434178343,0.004601941167,0,0.0005307555638,0.002325015815,0.0008016096522,0.002856473105,0.000221562388,0.006866762202,0.0004233417994,5.137778601e-05,0.01558013239,0.01195769491,0.0006524477695,0.0005748286792,7.524874204e-05,0.0003296329369,0.002137262648,0.01338346777,0.001038088919,0.007521133307,0.01499604196,0,0.07299778151,0.0006413015001,0.003056921375,0.002693251719,0,0.001544433161,0.0001523456705,0.0002677155986,7.399574989e-05,0.0005361119735,0.0007570921133,0,0.002293309903,0.0003827558087,1.715876886e-05,0.0001919769847,0,2.513101229e-05,0.006675301923,0.01173044462,0.04180051908,0.02349071869,0.03317336439,0.04683706415,0.1004855337,0.01677114012,0.006195019633,0.2279936122,0.002002973823,0.1749842677,-0.2369542808,0.008511198,0.02078538929,0,0.08267369825,-0.0007504546689,-0.005173036237,0.006789348869,0.01599507736,0.03864378573,0.00115206145,0.02380970845,0.1369720058,0.2112187636,0.002991007329,-0.3986601973,0.007616991769,0.01829328531,0.000569472656,0.01227213282,7.662199786e-05,0.0006450301203,0.02380970845,0.03227809523,0.0154343692,0,0.006789348869,0.01611470648,0.0007267644723,0,-0.3062105022,0.00870586602,0.08232044844,-0.003546688268,0.01369233044,0,0.0006123378308,0.1369720058,0.01611470648,0.004446536085,0.0003843589248,0.01599507736,0.03227809523,0.1205168874,0.0005860088704,-0.1624551848,0.0006620219263,0.002549831969,0.0002151697611,0.000952988904,0,2.692080811e-05,0.2112187636,0.0007267644723,0.1205168874,0.003746914892,0.03864378573,0.0154343692,0.004446536085,0.002126587539,0.2590361817,-0.02976725946,-0.1121448783,-0.2671887667,-0.04172605471,-0.04525180889,-0.1782547802,0.002991007329,0,0.0005860088704,0.002126587539,0.00115206145,0,0.0003843589248,0.003746914892
1,1,1,1,0,1500,500,v1,0.01119529989,0,0,0.06649906431,0,0,0,0,0,0,0,0,0,0,0,0,0,0,0,0,0,0,0,0,0,0,0,0,0,0,0,0,0,0,0,0,0,0,0,0,0.1169327856,0,0,0.6945701241,0,0,0,0,0,0,0,0,0.01596601967,0,0,0.09483670646,0,0,0,0,-0.7008376319,0.07762692206,0,0,0,0,0,0,0,0,0,0,0,0,0,0,0,0,0,0,0,0,0,0.1347156069,0,0,0,0.8001004581,0,0,0,0,0,0,0,0,0,0,0.8001004581,0,0,0,0.1347156069,0,0,0.1882439666,0,0,0,-0.811454677,0,0,0,0,0,0,0,0,0,0,-0.733827755,0,0,0,0.1106170445,0,0,0,0,0,0,0,0,0,0
1,1,1,1,0,1500,500,v1,0,0,0,0,0,0,0,0,0,0,0,0,0,0,0,0,0,0,0,0,0,0,0,0,0.2304006798,0,0,0.6782223174,0,0,0,0,0,0,0,0,0.01019947378,0,0,0.03002382957,0,0,0,0,0,0,0,0,0.0129711081,0,0,0.03818259132,0,0,0,0,0,0,0,0,0,0,0,0,0,0,0,0.3109075426,0,0,0,0.9151442205,0,0,0,0,0,0,0,0,0,0,0.9151442205,0,0,0,0.3109075426,0,0,0,0.09124361468,-0.9086114584,0,0,0,0,0,0,0,0,0,0,0,0,0,-0.8575125748,0.04014473072,0,0,0,0,0,0,0,0,0,0,0,0,0,-0.8684667271,0.05109888402,0,0,0,0,0,0,0,0,0,0,0,0,0
1,1,1,1,2,1500,500,v1,0.00284816496,0.02221983986,0.2547170875,2.568313782e-05,0.01827618012,0.03664650989,0.01202750929,0.06113498623,0.00466972255,0.01799439085,0.005274743834,0.0001725620387,0.001137843927,0.01965963563,0.01280618789,0.002254181204,0.03214379779,0.06445318419,0.03388107872,0.1075230504,0.008213019153,0.02048093282,0.009277119073,0.0003034988297,0,0.002685862656,0.001749557442,0,0.005339013498,0.06120376999,0.004628769616,0.002889986376,0.001122047318,0.002798066742,0.004323716834,4.146344256e-05,0,0.0001084910269,0.001221043099,0,0.0004776260671,0.04271505422,0.0002149314399,4.306961247e-06,0.006145475644,0.001952813897,0.003017588606,0.0008845538048,0,0.0004706914204,0.008132593233,0,0.002072194341,0.01616613752,0.0009324861941,1.868587445e-05,0.01329691136,0.01401557164,0.008750664741,0.04447901519,-0.007175091822,-0.00229310498,-0.02721025159,-0.2712549817,0.05954503284,0.02477675142,0.001134596785,0,0.001074116343,0.01588381261,0.01488624881,0,0.001904371477,0.02965541816,0.02432601987,0.1726992112,-0.003138684471,-0.049721204,-0.03171388059,-0.1215342775,-0.06629741787,-0.006414965615,0,0.002871632286,0.009701173336,0.2271955183,0,2.612985124e-05,0.006373287887,0.01609599079,-0.31503432,0,0.005201704247,0.003322021803,0.007799070785,0.06401950893,0.001048148911,0.001904371477,2.612985124e-05,0.006132961783,0.04526413884,0.001074116343,0.002871632286,0.006868552032,0.006837857297,-0.2816346355,0,0.000243415173,0.002250346312,0.0003257226167,0.04504113341,0.006786002295,0.02965541816,0.006373287887,0.006868552032,0.006105750239,0.01588381261,0.009701173336,0.006132961783,0.000242579643,-0.1307825772,0,0.000909610754,0.01416001257,3.554094351e-05,0.008694873317,0.05332156873,0.02432601987,0.01609599079,0.006837857297,0.000242579643,0.01488624881,0.2271955183,0.04526413884,0.006105750239
1,1,1,1,1,1500,500,v1,0.07036535385,0,0.02955250763,0.01644286043,0.004741454231,0.0007883626408,0,0.004119679635,0.01754245491,0.05563654798,1.610713475e-05,0.01100863487,0.0007442910945,0.02268650593,0.02551449193,0.003996322687,0.006557524191,0.001090320994,0.1361424507,0.00569759773,0.02426155918,0.05916074754,2.227648325e-05,0.01522515793,0.1310736002,0.01657834329,0.01864491638,0.01101373999,0,0.02986731567,0.09948717047,0,0.01772932588,0.04323218325,0.05622921621,0.01112590434,0.01759173562,7.299780466e-05,0.002502383693,0.001478183264,0.009544522175,0.004008571676,0.0003919471629,0.002230348281,0.0001069353637,0.005802306012,0.007546672288,2.18480966e-06,0.0008875723661,3.683026825e-06,0.000112261198,7.458016906e-05,0.0004815587451,0,1.977527847e-05,0.0001125298574,3.244904807e-05,0.0006736830543,0,2.819381481e-05,-0.01974039264,-0.08665751221,0,-0.01485451718,0.0007884210183,-0.0002009876457,0.00566187402,0.168937031,0.0009969265766,0.01269363358,0.008504894397,0.01426919581,0.005339366141,0.06930512662,0.03468236021,0.1295771942,-0.004632930388,-0.1288558604,-0.0598629212,-0.009759024245,-0.0008017835534,-0.02582591117,0.01426919581,0.09049069064,0,0.01157796091,0.168937031,0.02114819511,0,0.03056827818,-0.1846818549,-0.1416356983,0.07341029497,0.02324138182,0,-0.02419048141,0.01751398592,0.005339366141,0.02114819511,0.007696306316,0.001343727689,0.0009969265766,0.09049069064,0.005675227259,2.920867737e-05,-0.3080290911,0.01854516357,0.00038677817,0.007830036325,0.01164023559,0.01094750588,8.748028763e-05,0.06930512662,0,0.005675227259,0.001465135049,0.01269363358,0,0.007696306316,0.002509941835,-0.2667701316,0.0009530501895,2.19570726e-05,0.0007797251875,0.0005913526881,0,5.624750322e-05,0.03468236021,0.03056827818,2.920867737e-05,0.002509941835,0.008504894397,0.01157796091,0.001343727689,0.001465135049
1,1,1,1,0,1500,500,v1,0,0,0,0,0,0,0,0,0,0,0,0,0.0729947759,0,0,0.2291645131,0,0,0,0,0,0,0,0,0,0,0,0,0,0,0,0,0,0,0,0,0,0.1465529016,0,0,0,0,0.460097643,0,0,0,0,0,0,0.02202945929,0,0,0,0,0.06916070704,0,0,0,0,0,0,0,0,0,0,0,0,0,0.076955619,0,0,0,0.2423733238,0,0,-0.5142351551,0.3013491932,0,0,0,0,0,0,0,0,0,0,0,0,0,0,0,0,0,0,0,0,0.2423733238,0,0,0,0.076955619,0,0,0,0.3925217077,0,-0.6054076691,0,0,0,0,0,0,0,0,0,0,0,0,-0.3040584759,0,0.09117251429,0,0,0,0,0,0,0,0,0,0,0,0
1,1,1,1,2,1500,500,v1,6.024807523e-06,2.13569976e-05,0.02117324601,5.908809373e-06,0.006730397708,0,3.28031334e-05,0.0009350579062,0.0007752867127,0.01932055977,0,0.002370106756,0,0.0307988011,0,0,0.120110325,0,0.002190721425,0.01668699442,0.01383572607,0,0,0.04229680102,0.0006514895887,0.02102797471,0,0.0004764982426,0.0002602216628,0.2579827646,0.001495721686,0.0003996856712,0.009446383866,0,0.2354089411,0.02887826897,0.0001060279513,0,0,7.754864135e-05,1.194701244e-05,0.04198591117,0,1.171699159e-05,0,0,0.03831208997,0,0.0004763721983,0,0.01537575229,0.0003484177173,5.367664385e-05,0.0001902752826,0,5.264318488e-05,0.05996293813,0.00109367861,0.0002922520101,0.008330684427,-0.5025725654,3.416546464e-07,3.793553923e-05,0.04040211448,0.007632959245,0,0.003111297657,0.0005085357789,0,-0.007423339389,0,0.0004127697437,0,-0.0003442016347,0,0.1364779243,0,-0.02650885521,0,-0.1345376305,0,-0.04866750617,0.0004127697437,7.336827247e-05,0.0002568319244,0.292122874,0.0005085357789,6.870942837e-05,0.0003680883562,0.2665703628,0.06394757884,-0.0006581651431,0.01615958385,0,-0.0004894106494,-0.4928304108,0.02805481016,0,6.870942837e-05,0.08012381758,0,0,7.336827247e-05,0.01124572753,0,-0.4532304136,0.0001011495158,0,0,-7.952842922e-06,0.07996613815,0,-0.0003442016347,0.0003680883562,0.01124572753,0.006185057518,-0.007423339389,0.0002568319244,0.08012381758,0.02006703993,-0.1382700438,-5.718805423e-05,0,0.01552763205,-8.710727896e-05,3.486158969e-05,0.06599164138,0,0.2665703628,0,0.02006703993,0,0.292122874,0,0.006185057518
1,1,1,1,0,1500,500,v1,0.007062827175,0.09053902672,0,0.06105398833,0.0158294135,0.01985505533,0.03154768283,0.002690827429,0.0006857844177,0,0.007630476196,0.01456467654,2.575077369e-06,9.980163634e-07,0,9.722316705e-06,1.183312833e-06,1.48424588e-06,8.874892601e-07,2.011502591e-07,5.126516545e-08,0,5.704090302e-07,1.088768618e-06,0,0.05834140025,0,0,0.395648714,0,0.05188027776,0.1378609931,0.002996826151,0,0,0.06364653732,0,0.000711041991,0,0,0.0001457868314,0,0.002684569991,0.001260241442,0.0004098366747,0,0,0.0001575039172,0,0.002833736482,0.001098264236,0,0.000581008531,0.007448001432,0.01069889545,0.005022477146,0.001302173203,0.0009766350033,0.002595203366,0.000221355224,-0.5783388886,-0.06770513468,0.1213586297,0,-0.01779748672,-0.02706553177,0.01509455272,0,0.003107093399,0.08582043087,0,0,0.01204648552,0.07631706951,0,-0.2121726982,1.190722024e-05,1.877819401e-06,0,1.339083905e-06,1.999795526e-06,1.13186146e-06,0,0.009468545006,0.4445042763,0,0,0.08169016938,0.1550772047,0,0.1485062991,0,-0.1101152188,0,-0.5311080504,0,-0.06614822366,0.01204648552,0.08169016938,0.02102897895,0.02876647817,0.003107093399,0.009468545006,0.003538515951,0.01102780427,-0.1016801818,0,0.002349241487,0,0.001392546019,0,0.0005340102927,0.07631706951,0.1550772047,0.003538515951,0.003442504684,0.08582043087,0.4445042763,0.02102897895,0.07313630407,-0.6016103474,0,-0.01246353466,0.00202167471,0.005540112299,0.01002843412,0.001417817734,0,0,0.01102780427,0.07313630407,0,0,0.02876647817,0.003442504684
1,1,1,1,3,1500,500,v1,0,0.06735297677,0,0,0.08525248316,0,0.0111626456,0.005624443271,0.001867058509,0,0,0.001875480894,0.01407829416,0.06523967623,0.01865557585,0.01755893834,0.1878446469,0,0.1428630257,0.0123928538,0.004113861947,0.02171119088,0,0.004132419764,0.03509084859,0.03041496414,0.008697294396,0.06921911473,0.06918693509,0,0.06660323986,0.01146659396,0.001917896759,0.01012183276,0,0.001926548478,0.005763330583,0.001077966359,0.001428446013,0.01136856636,0,0,0.001344477151,0,0,0.001662412585,0,0,0.000988089668,0.0001848110925,0.0008564259067,0.001949074896,0,0.001948168781,0.0002305028252,0,0.002465907732,0.001875416976,0.0003228768603,0.0001626856795,-0.2418625446,0,0.004613529627,0,0.07561970567,0,0.002612407884,0.04315630886,0.01919152356,0.05251884158,0.01285942289,0.0849064632,0.02393118119,0.1160786477,0.01752037,0.1872240725,-0.03156608063,-0.1967127885,-0.03700409424,-0.1902334354,0,-0.00655881767,0.0849064632,0,0.05847232093,0,0.04315630886,0,0.009876305243,0,-0.207990077,-0.102592416,0.08162889108,0.01380212313,-0.05238738507,0,0.002521799644,0.02393118119,0,0.1578999273,0,0.01919152356,0,0.01013988222,0,-0.1540398197,0.01430869701,0.002405500333,0.002948775867,0,0,0,0.1160786477,0.009876305243,0.01013988222,0.0009883237844,0.05251884158,0.05847232093,0.1578999273,0.001148591432,-0.3949157833,0.002908537579,0.0004121104794,0.002685571178,0,0.002208104705,0.002587189957,0.01752037,0,0,0.001148591432,0.01285942289,0,0,0.0009883237844
1,1,1,1,3,1500,500,v1,0.001497598429,0.0006394108432,0.001222955007,0.0001693426793,0.0008820407429,0.0006850348933,0.0138648078,0.02254863601,0.0003536791905,0.001365520752,0.008853771337,3.085685926e-05,0,0.00123343346,0.01279348651,0,0.01583779984,0.01230039044,0.0002420778482,0.4048801448,0.006350613926,0.005166623529,0.158977076,0.0005540614359,0.0004683770347,0.001152271043,0.01195164921,0.001231799786,0.01072568709,0.02051424819,0.000226148636,0.232572831,0.005932730681,0.004826649247,0.02290569274,0.0005176030725,2.164326344e-05,0,0.0005522744997,5.692031268e-05,0.001160827411,0.0009479441667,0,0.0001312619059,0.0005309883253,0.0002230349344,0.001058450576,0.006862787955,3.494243997e-06,0,8.596314247e-06,9.189624359e-06,0.00018741232,8.001709085e-05,0,2.119186545e-05,0.0001103802587,1.687141886e-06,0.001735068457,0.00282177926,-0.8661128129,-0.001008016029,0.0144029902,0.002554740296,0.02339898178,0.009395051109,0.000378980729,0.0006397454053,0,0.0005366031049,0.002768079822,0.001701076629,0,0.0001520479832,0.002684041498,0.04875516086,0,-0.0003995507294,-0.008142198823,-0.4205330499,-0.1708226921,-0.003063142514,0.001701076629,0.001814750334,0.01500233118,0.02742085012,0.0006397454053,0.0001615668303,0.3252771078,0.03064108552,0.01040669498,-0.001649658199,-6.939652714e-05,0.00373494309,-0.243066049,-0.04325601037,0.0008345372276,0,0.0001615668303,0.02225692288,0.0165898569,0,0.001814750334,0.5690519715,0.2144942491,-0.2090732976,7.749383652e-05,0,0.0007725081852,-0.0004184550858,0.001993312961,0.007371570788,0.0001520479832,0.3252771078,0.5690519715,0.002408238092,0.0005366031049,0.01500233118,0.02225692288,0.0003661987462,-0.6292647076,1.161634032e-05,0,9.84653134e-06,0.0001089263392,0.001810098349,0.002928138011,0.002684041498,0.03064108552,0.2144942491,0.0003661987462,0.002768079822,0.02742085012,0.0165898569,0.002408238092
1,1,1,1,1,1500,500,v1,0.1544020854,0.002181421386,0.002017407829,0.06114490646,0.04484424329,0,0.0002486907073,0.01614968827,0.001509042934,0.001518368279,0,0.0007511356646,0.004832721386,0.0725402971,0.0008652834803,0.001174698268,0.03898499196,0,0.07956286841,0.01403960511,0.001311874665,7.217626865e-05,0,0.0006529939118,0.04053456117,0.1136552888,0.001355716033,0.0008916127831,0.002971259857,0.002747861066,0.1246581714,0.0003387354318,0.002055429877,0.0001130849333,0.002068131697,0.001023103221,0.02117106778,0.003954753007,0.0007080860187,0.0004656864197,0.1098427804,0.001435198784,0.0009612889173,0.04349893667,0,5.906388817e-05,0.001080178373,0,0.001551126808,0.0002897503079,0.004349221018,3.411914304e-05,0.008047779319,0.0001137005233,7.043012783e-05,0.003187008208,0.002337381472,0.004770265816,1.296231152e-05,0.0008417575895,0.0890823514,-0.1689132836,-0.0001889115958,0.000120491773,-0.035296205,0,0.000116696844,0.04043389988,0.005819338827,0.05471662203,0.0009996411544,0.0009555502773,0.001430964074,0.06858470122,8.340762903e-05,-0.2330998098,-0.003706416023,0.1153345456,0.0002224824494,-0.006146397204,0,0.000340413832,0.0009555502773,0.07622506102,0.002697313783,0.001934778577,0.04043389988,0.03156091703,0.0003362422691,0.0009158799306,0.1307946811,-0.03215063836,-0.206607979,-0.001039001255,-0.001942591998,-0.003036051405,-0.001452168759,0.001430964074,0.03156091703,0.04114753037,0,0.005819338827,0.07622506102,0.01630797992,0,-0.1954474493,0.003016733117,-0.001460989156,9.448628397e-05,0.08587580547,0.001015120625,0,0.06858470122,0.0003362422691,0.01630797992,0.001129211568,0.05471662203,0.002697313783,0.04114753037,0.0003633755556,-0.252186327,0.00154093845,0.0003338699137,0.009072551348,0.0111801595,0.0001091328937,0.003138928715,8.340762903e-05,0.0009158799306,0,0.0003633755556,0.0009996411544,0.001934778577,0,0.001129211568
1,1,1,1,4,1500,500,v1,0,0.02289980724,0,0,0,0,0.0325786837,0,0,0,0,0,0,0.002054673251,0,0,0,0,0.01047575459,0,0,0,0,0,0.003600023243,0.00220361146,0,0.07822027795,0.07764948782,0,0.01123511627,0.1104689693,0,0,0,0,0.001440347839,0,0,0.03129546692,0,0,0,0,0,0,0,0,0.007824101891,0,0.004789213688,0.1699998537,0,0.1687593283,0,0,0,0.02441781302,0.2400874698,0,-0.2198251061,0,0.05527312898,0,0,0,0,0.00420040988,0,0.0008197149176,0,0.09047619449,0,0.004028292979,0,-0.01502847245,0,0.01179646716,0,0,0,0,0.09047619449,0,0.1020172561,0,0.00420040988,0,0.1448107094,0,-0.512135301,0.08127375311,0.01315220878,0,0.1868076207,0,0,0,0,0,0,0,0,0,0,-0.09566587746,0.03254814125,0,0,0,0,0,0.004028292979,0.1448107094,0,0,0.0008197149176,0.1020172561,0,0,0.380851322,-0.1769396306,0,-0.02818068122,0,-0.4066327266,0,0,0,0,0,0,0,0,0
1,1,1,1,1,1500,500,v1,0.02851520358,0.001751234241,0,0.002014704018,0.000567229913,0.0002972118008,0.01405744316,0.001776937014,0.0206974682,0,0.00130335068,0.008158936464,0.001056454782,0.02440609569,0.02204409534,0.002384997816,0.0008250586896,0.0004323065009,0.001895964248,0.002584626253,0.03010529875,0.05431596998,0.00189577591,0.01186750077,0.0007476426242,0.0008375315053,0.0007564759471,0.001317557267,8.741235093e-05,0,6.506283556e-05,0.000701673212,0.001033108142,0.001863933366,0,0.0004072509551,0.01396904002,0.0006773704779,0.01413408283,0.02461739018,0.02659362529,0,0.001529196647,0.001878937444,0.0002771833363,0.0348259435,0,0.001215520679,0.0866815867,0.004203262911,0.09710329165,0.1527574148,0.1650204762,0.01013457637,0.009489069513,0.01165930363,0.003282619047,0.007543376526,0.08135189915,0.01028332102,-0.2738888524,0.03036100728,0.01529430371,0,0.002197929796,0.0001041344329,0.01027254732,0.1079797253,0.003724388747,0.1077718239,0.01355743541,0.190193262,0.008417373974,0.008368983813,0.03149343279,-0.08127315633,0.003383092327,0.02568220766,-0.06235140774,0.003256982707,-8.672025952e-05,-0.02709158918,0.190193262,0.16496969,0.01245485417,0,0.1079797253,0.01166697216,0.1000094312,0,-0.4043683817,0.002058341684,0.0008989114285,0.002586421727,0.000786367543,0,0.001373480982,0.008417373974,0.01166697216,0.002871987256,-0.0001332936572,0.003724388747,0.16496969,0.008965499685,-0.0004850871071,-0.4531519887,0.03845257941,0.002100031843,0.02973107387,0.02821753229,0,0.0003948396687,0.008368983813,0.1000094312,0.008965499685,0.01577843741,0.1077718239,0.01245485417,0.002871987256,0.007389903919,0.1526892862,-0.2392929123,-0.01357763264,-0.1040083242,-0.1763363143,-0.09105686151,-0.01334657048,0.03149343279,0,-0.0004850871071,0.007389903919,0.01355743541,0,-0.0001332936572,0.01577843741
1,1,1,1,3,1500,500,v1,0,0.000959659194,0.01720742458,0,0.003638191347,0.000348632044,0.0009084186151,0.0001798273393,6.259320559e-06,0.01234164072,5.923435583e-05,1.100363673e-05,0,0.06905571773,0.01559386082,0,0.05127580044,0.004913536813,0.02379484015,0.002534443597,8.821736991e-05,0.003699877146,0.0008348348723,0.0001550826296,0,0.04914523066,0.01109776152,0,0.009625552668,0.1725935338,0.01693419381,0.009111600534,6.278210023e-05,0.002633110215,0.123788855,0.0001103684366,0,0,0.008786716492,0,0,0.1366519228,0,0,0.002768644369,0.002084780152,0.09801053769,0.0004704067469,0,0,0.05928689065,0,0,0.01161189155,0,0,0.04402217331,0.02042875134,0.01099187973,0.002175913673,-0.1829337968,0,0.001368637466,0.02936445947,0.001990451609,0.0003433454866,1.102849483e-05,0,0,-0.01748596827,0.01225006242,0,0,-0.003258927223,0.002634917142,0.0350091529,0,-0.01216825452,-0.01328020788,-0.03145679555,-0.00354251745,-0.0001213596664,0,0,0.01521400131,0.1111031017,0,0,0.01526370268,0.03900311881,0.1391690729,0,-0.004934117003,-0.004494312541,-0.008657055163,-0.237676592,-5.237945239e-05,0,0,0.03593726344,0.005169003123,0,0,0.0019315458,0.0009180110938,-0.2292858249,0,0,0.007851200717,0,0.1082413187,-0.0008588375136,-0.003258927223,0.01526370268,0.0019315458,8.455832096e-05,-0.01748596827,0.01521400131,0.03593726344,0.0001595076148,-0.05385713323,0,0,0.03093230185,0,-0.01303005163,0.004220471122,0.002634917142,0.03900311881,0.0009180110938,0.0001595076148,0.01225006242,0.1111031017,0.005169003123,8.455832096e-05
1,1,1,1,0,1500,500,v1,0,0.001045667939,0.01190986354,0,0.0001213434258,0.04068474462,0.01021095866,5.207088628e-07,0.01170830437,0.003331789604,0.001167018015,0.07022772072,0,0.03678059962,0.0108196879,0,0.0005787190622,0.194036365,0.02744869941,2.483399021e-06,0.05584001671,0.06628730019,0.005565819221,0.3349346734,0,0.0006640023736,0.0001953284753,0,9.003184603e-05,0.001025437388,0.0004955330187,0.0008791619435,0.001008083175,0.001196688611,0.0002868665639,0.006046595773,0,0,0.001426854548,0,0,0.007490715311,0,0,0.02558869281,0.00874168799,0.002095530929,0.0007339966314,0,0,0.01841647339,0,0,0.002497083086,0,0,0.0002897713555,0.01374388257,0.02438404316,1.243466731e-06,-0.5755392002,0,0.01063633673,-0.0115389762,0.0001104029708,0.041656079,0.08140050296,0,0,0.02676209676,0.01384451322,0,0,0.0196411805,0.08461415271,0.1997869894,0,-0.06297256576,-0.07691375363,-0.0004350366344,-0.1988753434,-0.3895779131,0,0,0.002014355038,0.007156598885,0,0,0.01979208366,0.002329757434,-0.4302810218,0,0.001149880974,0.001379666258,0.0009639985816,0.001173575301,0.007028640756,0,0,0.0003648412716,0.1910488992,0,0,1.563363789e-06,0.00548102744,-0.2431187526,0,0,0.009894976875,0,0.004041163347,0.02619931328,0.0196411805,0.01979208366,1.563363789e-06,0.06459956475,0.02676209676,0.002014355038,0.0003648412716,0.3871235882,-0.05054698292,0,0,0.03088716655,0,-0.02613796113,8.036390686e-05,0.08461415271,0.002329757434,0.00548102744,0.3871235882,0.01384451322,0.007156598885,0.1910488992,0.06459956475
1,1,1,1,4,1500,500,v1,1.956094082e-05,0.0002511619913,2.979020187e-06,1.660010121e-05,2.452116967e-06,0.00098940534,0.0005741534001,6.585796565e-06,0.0002747960281,1.282680019e-05,0.0002602076799,5.624286353e-05,0.002583056715,0.03784920324,0,0.0004165125517,0.0001699796029,0.06858511605,0.007891501242,0.0004565243418,0.01904873232,0,0.01803747483,0.00389872903,0.002480589327,0.004282472014,0,0.002887551178,0.00196991432,2.336505813e-05,0.0008928888941,0.004503201297,0.002155280853,0,0.0001006031894,0.0004411241594,0.03878579,0.004569719099,0,0.04514892989,0.002398838054,0.0003653294111,0.0007368577513,0.002035738203,0.1213348173,0,0.001573002889,0.03191033041,0.07983596046,0.00940622618,0.1378282421,0.0929337312,0.00493772436,0.06340025739,0.001516734513,0.004190326268,0.000618982379,0.02873697862,0.1449322533,0.001662437836,-0.2995835334,3.362970548e-05,0.0008180530149,1.570159525e-05,6.998629829e-06,0.001213107467,0.000288797172,0.05882792901,0.003433062587,0.1433279335,0,0.06718077866,0.0006190455306,0.02989495331,0,-0.309900591,0.002554013903,0.04413094235,0,0.0001512319976,0.07834396933,-0.02261292649,0.06718077866,0.004994790205,0.09155393814,0.0005046292627,0.05882792901,0.003746477457,0.2091115485,0.00217443987,-0.441064327,0.005324259736,0.005134963353,0,0.006441101554,0.0001224405204,0.002419430225,0.0006190455306,0.003746477457,0.0006945433092,0.07882734257,0.003433062587,0.004994790205,0.001820469298,0.02252564241,-0.09615376141,0.07980425833,0.002836093251,0,0.0006739071555,-0.001924188201,-0.1471257333,0.02989495331,0.2091115485,0.001820469298,0.02478406397,0.1433279335,0.09155393814,0.0006945433092,0.005072984688,0.1479094527,-0.1691343232,-0.008091512573,-0.1647478301,-0.006535048638,-0.2077028125,-0.001834905701,0,0.00217443987,0.02252564241,0.005072984688,0,0.0005046292627,0.07882734257,0.02478406397
1,1,1,1,4,1500,500,v1,0,0,0.2176639247,0,0,0,0,0,0,0.06872448562,0,0,0,0,0,0,0,0,0,0,0,0,0,0,0,0,0,0,0,0.5238516627,0,0,0,0,0.1653991864,0,0,0,0,0,0,0.01851490569,0,0,0,0,0.005845834911,0,0,0,0,0,0,0,0,0,0,0,0,0,-0.6638523976,0,0,0.285154435,0,0,0,0,0,0,0,0,0,0,0,0,0,0,0,0,0,0,0,0,0,0.4317749539,0,0,0,0.1362719884,0.309511437,0,0,0,0,-0.6882093985,0,0,0,0,0,0,0,0,0,-0.4030549636,0,0,0,0,0.02435700158,0,0,0,0,0,0,0,0,0,0,0,0,0,0,0,0,0,0.1362719884,0,0,0,0.4317749539,0,0
1,1,1,1,4,1500,500,v1,0.08705954086,0.01360212017,0.01602827723,0.000347892318,0,0,0.02363377993,0,0,0.1167786973,0,0,0.001089027743,0.000318643812,0.001270656976,0.0006630037995,0,0,0.0002204185436,0,0,0.003080033076,0,0,0.03244928533,0.00452942622,0.01806200782,0.0267998344,0.009861544347,0.0116205095,0.00313318349,0.017134503,0,0.04378174642,0.08466461756,0,0.000252536175,0.0001204744927,0.0001405673598,0.0002085693906,0.0004912167404,9.043647617e-05,7.334528155e-05,1.962915595e-06,0,0.0003407309178,0.0006589013735,0,0.08576049172,0.04091275927,0.01197085902,0.07082950988,0.166815662,0.02606315929,0.02490782721,0.00066659997,0,0.008280717247,0.04528492345,0,-0.1587706232,0.07839824271,0.02416135047,-0.09640876193,0,0,0,0.08098441501,0.05924460034,0.01079201076,0.0249581069,0.06620270478,0.03609026536,0.007465953839,0.06056284762,-0.1391893257,0.001695142466,0.0005328036856,0.004218855969,0,0,0,0.06620270478,0.1237886526,0.005735757641,0.01183943399,0.08098441501,0.0005080766093,0.01140516753,0.07565259916,-0.3020131046,0.05650643767,0.00738141802,-0.06170796751,0.02541657525,0.03735064338,0,0.03609026536,0.0005080766093,0,0,0.05924460034,0.1237886526,0,0,-0.3622317722,0.0004585297794,0.000191811912,0.0004751419397,0.0004883912192,0.0007300965011,0,0.007465953839,0.01140516753,0,0,0.01079201076,0.005735757641,0,0,0.1952307029,-0.155089714,-0.06544353148,-0.02008619811,-0.1617511201,-0.06100520914,0,0.06056284762,0.07565259916,0,0,0.0249581069,0.01183943399,0,0
1,1,1,1,1,1500,500,v1,0.001293483822,0.02314349806,0.01220630553,0.002682749777,0.1466304933,0.002960012679,0.06266029495,0.02881233935,0.03008088525,0.01140373077,0.009238121971,0.01978325037,0.0006388985511,0,0.1064956193,0.0339350523,0.2203529405,0.00444823913,0,0.04329852241,0.04520486408,0.02968967212,0.01388283771,0.02972981468,5.173802747e-05,0,0.02116595996,0.0005058137807,0.006912414673,0.003645734331,0,0.01871514588,0.008984447902,0.005900809964,0.003406024263,0.005908788282,4.41258401e-05,0.0001082982029,0.01805182398,0.0004313936789,0.0003294920215,0.003109339456,0.005752251548,0.0006833828396,0.0007540106377,0.005032627058,0.002904897797,0.002353247433,3.986783245e-06,9.784775992e-06,0,3.897655177e-05,2.976970563e-05,0.0005326507474,0.0005197176992,6.174385006e-05,0.003374720695,0,0.001442135189,0.0006631198988,-0.2599491943,-0.003602651662,-0.08246627767,-0.01858894,0.1441575265,0.005882105198,0.0183227192,9.347342421e-05,0.0007847455364,0,0.1009754107,0.0008734991192,0.04150904993,0,0.02993651837,0.2396481481,-0.03439453826,0,-0.1323035107,-0.2390336005,-0.01333639967,-0.05380291428,0.0008734991192,0.001644619538,0.02418262927,0.01224440126,9.347342421e-05,0.003322334527,0.06586812473,0.0104764619,-0.2471236584,-0.0004190423429,0,0.02491937308,0.02074152756,0.003301259422,0.01325186715,0.04150904993,0.003322334527,0.114678783,0.001840745986,0.0007847455364,0.001644619538,0.0216001781,0.005166297746,-0.1679091343,-0.0002498303833,0.005673770016,0.02010951823,0.0002072665818,0.0001404384801,0.00278293197,0,0.06586812473,0.0216001781,0.02165972987,0,0.02418262927,0.114678783,0.01168276203,-0.1893858497,2.422436383e-05,0.0005249045999,0,8.408236968e-05,0.001690914158,0.004023433219,0.02993651837,0.0104764619,0.005166297746,0.01168276203,0.1009754107,0.01224440126,0.001840745986,0.02165972987
1,1,1,1,2,1500,500,v1,0.0666412987,0.001136926386,0.06505934725,0.02930460331,0.04432699596,0.03829263228,0.1880828862,0.004113759952,0.112711586,0.002930503129,0.0325371281,0.1375794401,0.00636363565,0.008369677124,0.0004075785817,0.0009283184984,0.01945046364,0.0168026151,0.000461998356,0.001805097247,0.04945727898,0.0004936613789,0.01427712872,0.06036916868,0,0.002879751276,0.0001402353906,0,0.0001716486051,0.009822400413,0.0001589595794,0.028396003,0.01701674511,0.0001698538623,0.0004424356586,0.02077119439,0,0.0004523604257,2.897281222e-05,0,0.002078664541,0.002029320569,6.598972258e-05,0.0009140644163,0.001194417553,3.50920266e-05,9.140777659e-05,0.001014892803,0,0.0004002757186,0.0005264566843,0,0.001839327438,3.137963902e-05,5.839167646e-05,0.0008088191854,0.001223443443,2.905991702e-05,0.005191165539,0.000113541478,0.2522044279,-0.09582125216,-0.188825672,-0.06766691502,-0.04783015511,-0.07030620894,-0.2491365887,0,0.008235720839,0.007214378171,0.0003301409278,0,0.00121298331,0.0004080263757,0.0004270002709,-0.3214022483,-0.007195244904,-0.008508051558,-0.0007937835843,0.02060517927,0.03035055279,0.1086603298,0,0.09408534016,0.001398479741,0.07969425594,0,0.04137648343,0.2313267418,0.003595584903,-0.3986102126,0,0.002948922219,0.0002385897777,0.02850445006,0.01017892525,0.03774550453,0.00121298331,0.04137648343,0.03553507546,0.03060971008,0.008235720839,0.09408534016,0.00332044295,0.02603529017,-0.1980351546,0,0.0004756574583,5.043300742e-05,0.002953637487,0.001961429082,0.002192322664,0.0004080263757,0.2313267418,0.00332044295,0.06926034961,0.007214378171,0.001398479741,0.03553507546,0.08483578182,-0.2926925267,0,0.000420451353,0.0004775263112,0.00255972944,0.005171073874,0.001321296947,0.0004270002709,0.003595584903,0.02603529017,0.08483578182,0.0003301409278,0.07969425594,0.03060971008,0.06926034961
1,1,1,1,0,1500,500,v1,0,0,0,0,0,0.00368995961,0,0,0,0,0.04276876933,0,0.009720788081,0,0.0002431113462,0.001271226834,0,0.001614498024,0,0,0,0.0007995571385,0.01871296731,0,0,0,0.00106678289,0,0,0,0,0,0,0.003508490607,0,0,0,0.2642051098,0.006607618577,0,0,0,0.03455117243,0,0.04388107467,0.02173147689,0,0.508607074,0,0.0327389212,0,0,0,0,0.004281401343,0,0,0,0,0,-0.5321056691,0,0,0,0,0.0464575254,0,0,0.3327184511,0,0.007963170159,0,0.043534512,0,0.0261413351,-0.7913978597,0.01084695543,0,0.001032380196,0,0.02029873524,0,0,0,0,0,0,0,0,0,-0.02714586966,0,0,0.004409532831,0,0,0,0.043534512,0,0,0.0578678305,0.3327184511,0,0,0.6706043885,0.1199355507,0,-0.2985726857,-0.02817824984,0,0,-0.5524044041,0,0,0,0,0,0,0,0,-0.2877257301,0,0.03689042194,0,0,0,0,0.0261413351,0,0.6706043885,0,0.007963170159,0,0.0578678305,0
1,1,1,1,1,1500,500,v1,0.008645454965,0.0008126899988,0.0306344866,0.001753759171,0.01485125758,0,0.03265620307,0.007713133509,0.02449169696,0.05545712703,0,0.06426123587,0,0.002288510894,0,0,0.0001875234824,0,3.240605094e-05,9.739199849e-05,0.0003092511377,0,0,0.0008114121425,0.005018987014,0.05949414367,0,0.01645532384,0.0002667709761,0.01005597694,0.0008424562255,0.01071961902,0.008039564794,0,0.01820417617,0.0210941843,0.02211098964,0,0,0.0724934123,0.01250240676,0.04430129055,0,0.002536154616,0,0,0.08019792627,0,0.01795398754,0,0.2128232472,0.05886420475,0.01015187736,0.0009542967069,0,0.002059341944,0.01743900653,0.003013645688,0.03834636466,0.009057104085,-0.08846981593,0.003512193829,-0.007313053662,0.04802893268,-0.00428993017,0,-0.08476002847,0.007969806553,0,0.2265332805,0,0.011110398,0,0.003258819944,0,-0.2385982401,0,0.002244907532,0,0.0002254659467,0,0.0009490352019,0.011110398,0.006551179603,0.000653899888,0.01363685003,0.007969806553,0.001282043316,0.028273149,0.02656428383,-0.4122944757,0.0207159958,0.05886538562,0,0.01032114149,0.02658063445,0.02278755042,0,0.001282043316,0.02162959373,0,0,0.006551179603,0.009811388765,0,0.1070409629,-0.04449676823,0,0,-0.005876912609,-0.101410323,0,0.003258819944,0.028273149,0.009811388765,0.02650059045,0.2265332805,0.000653899888,0.02162959373,0.06503457387,0.03390842543,0.01106063606,0,-0.2143050267,-0.002857429842,-0.0222927871,-0.01689619075,0,0.02656428383,0,0.06503457387,0,0.01363685003,0,0.02650059045
1,1,1,1,4,1500,500,v1,0,0,0,0,0.04567123686,0,0,0.1216855929,0,0,0,0,0.1191996147,0.009197131364,0,0.1212079899,0.04468993362,0,0.006094242054,0.1190710268,0,0,0,0,0,1.50849351e-05,0,0,0,0,9.99564345e-06,0,0,0,0,0,0,0.1726843625,0,0,0,0,0.1755938938,0,0,0,0,0,0,0.01843718019,0.001422564735,0,0,0,0.01874782529,0,0.006912407907,0.0009426258566,0,0.01841729089,0.008617666476,0,0,0,-0.008117012154,0,0,0,0.05967287814,0.01154632521,0,0,0.05955943098,0.007757416775,0,-0.2599393205,0.1997265235,-0.01495011499,0,-0.01669379897,0,0,0,0,0,0,0,0,0,0,-0.01289235159,0,2.319025438e-05,0,0,0,0,0.05955943098,0,0.00128769304,0,0.05967287814,0,-0.002038674654,0,0.2363839176,0,-0.3158721234,0,0,0,0,0.007757416775,0,-0.002038674654,0,0.01154632521,0,0.00128769304,0,-0.1558833353,0,0.03665739409,0.002057763415,0,0,0.02531146546,0,0,0,0,0,0,0,0
1,1,1,1,1,1500,500,v1,0,0.0006013762531,0.0007501405593,0,0.0001307214286,0.01144620573,0.002648395989,0.0003132035798,0.0002112501499,0.00180804735,0.01601557436,3.247825343e-05,0,0.01108876839,0.1058126748,0,0.002271275046,0.1988769684,0.00923401566,0.005441888773,0.003670455554,0.03661317137,0.2782694066,0.0005643072242,0,0.002359720875,0.02251723264,0,0.002223548162,0.002773594157,0.001965024315,0.009792265661,0.0007810831904,0.007791385097,0.006685133209,0.000120086153,0,0,0.03896843796,0,0,0.004799996232,0,0,0.07324193272,0.0134838109,0.01156932572,0.1024803893,0,0,0.001659592807,0,0,0.001563822474,0,0,0.0003399287997,0.00138200253,0.00688690507,0.0008144564977,-0.3244206231,0,0.001508252138,0.002374855189,0.0003861063755,0.02730231061,0.000229144911,0,0,0.01052293432,0.06646476453,0,0,0.008743231401,0.02291703626,0.2920085384,0,-0.01874843459,-0.1413378169,-0.007498638472,-0.4756171755,-0.003990238071,0,0,0.001640291647,0.002580753469,0,0,0.004653694344,0.005927513324,-0.1183682357,0,0.003454887497,0.02991752616,-0.005250402041,0.004184985335,0.0004030256693,0,0,0.002696926814,0.1708740939,0,0,0.006430815167,0.2390887489,-0.5531753162,0,0,0.05183242365,0,-0.01223201837,0.1750063033,0.008743231401,0.004653694344,0.006430815167,0.004366663048,0.01052293432,0.001640291647,0.002696926814,0.000670438189,-0.02614822908,0,0,0.002449436605,0,-0.0004538407504,0.001027370766,0.02291703626,0.005927513324,0.2390887489,0.000670438189,0.06646476453,0.002580753469,0.1708740939,0.004366663048
1,1,1,1,0,1500,500,v1,0.0293359383,0.009205821104,0.001096307434,0.05962076142,4.542639554e-05,0.001062809057,0.005984322973,0.0004050002037,0.01678042373,0.000869713161,7.076244564e-05,0.004218598765,0,4.871907895e-05,2.661900281e-05,0,3.074423633e-05,0.0007193010238,7.047500909e-05,0.0002741010338,0.01135686217,6.622649429e-06,4.789148085e-05,0.002855115311,8.422399719e-05,2.684045235e-05,1.466501609e-05,4.619575946e-05,0.003432485605,0.0004087695646,3.882629074e-05,0.00223131671,0.006256754529,3.648568698e-06,0.0003242815466,0.001572948178,0.00132471211,0,0.0002306578298,0.0007265872441,0.1720409511,0.006429307686,0,0.3496466483,0.006232856066,5.73862949e-05,0.005100442941,0.0004149871849,0.0006429615217,0,0.0002048985879,0.0003526559744,0.08350169886,0.02620341282,0,0.1697042997,0.0001293015128,0.0002963978415,0.01703375326,0.00115279098,-0.313124065,0.08884408838,0.0137400237,0.001854515084,0.0002205558857,0.00110382803,-0.01238719893,0.0009963017665,0,0.0002337943086,0.0002972642086,0.0006402010725,0,0.0003478575353,7.294161467e-05,-0.01337726918,0,6.882240041e-06,9.640875901e-06,8.922153446e-05,0.0006210670183,0.00151347945,0.0006402010725,0.08853684794,0.01967497606,0.007311523623,0.0009963017665,0.1793915081,0.01314990503,0.005804022276,-0.04963863631,9.529062422e-05,4.489397006e-05,1.3382245e-05,0.005560371665,0.0006984536072,0.005802813995,0,0.1793915081,0.0001239427699,0.00668274959,0,0.08853684794,0.0008792776832,0.0004612810343,0.3440529851,-0.001734383055,0,-0.0002698270033,-0.5177276208,-0.01129666595,-0.00648758214,0.0003478575353,0.01314990503,0.0008792776832,0.005651323896,0.0002337943086,0.01967497606,0.0001239427699,0.001955034339,-0.4108606741,0.0005480905401,0,-0.0004395441062,0.2502646284,-0.04118364942,-0.000978591055,7.294161467e-05,0.005804022276,0.0004612810343,0.001955034339,0.0002972642086,0.007311523623,0.00668274959,0.005651323896
1,1,1,1,4,1500,500,v1,0,0,0.2532899239,0,0,0,0,0,0,0.1330226227,0,0,0,0,0,0,0,0,0,0,0,0,0,0,0,0,0,0,0,0.3451527021,0,0,0,0,0.1812670514,0,0,0,0,0,0,0.05721799426,0,0,0,0,0.03004970566,0,0,0,0,0,0,0,0,0,0,0,0,0,-0.3849821073,0,0,0.3212281362,0,0,0,0,0,0,0,0,0,0,0,0,0,0,0,0,0,0,0,0,0,0.06666227862,0,0,0,0.02896867633,0.4083256759,0,0,0,0,-0.4720796472,0,0,0,0,0,0,0,0,0,-0.1508515111,0,0,0,0,0.08709754042,0,0,0,0,0,0,0,0,0,0,0,0,0,0,0,0,0,0.02896867633,0,0,0,0.06666227862,0,0
1,1,1,1,3,1500,500,v1,0,0,0,0,0,0.04603222861,0,0,0,0,0.02954616854,0,0.0003750222902,0,0.05710615461,0.000676409055,0,0.02627774727,0,0,0,0.005831409637,0.0168665905,0,0,0,0.004752804971,0,0,0,0,0,0,0.0004853338996,0,0,0,0.002841462245,0.4326809007,0,0,0,0.005125004146,0,0.19910077,0.04418332124,0,0.1277944841,0,0.0001156307617,0,0,0,0,0.0002085574546,0,0,0,0,0,-0.2832757013,0,0,0,0,0.07532481421,0,0,0.003344714892,0,0.5561883382,0,0.006296225132,0,0.05679945351,-0.7298636249,0.0009577280731,0,0.06275395898,0,0.04311522972,0,0,0,0,0,0,0,0,0,-0.4138851728,0,0,0.005226646748,0,0,0,0.006296225132,0,0,0.1899400809,0.003344714892,0,0,0.1219862502,0.1876754466,0,-0.007682090952,-0.4766391318,0,0,-0.3263909309,0,0,0,0,0,0,0,0,-0.006724362876,0,0.0002970695135,0,0,0,0,0.05679945351,0,0.1219862502,0,0.5561883382,0,0.1899400809,0
1,1,1,1,4,1500,500,v1,0.0007516933246,0,0.0004563586865,0.0008352087882,6.354616556e-05,3.214677642e-05,0,5.218965759e-05,6.629230896e-05,0.001011851494,0.0003884855019,0.0002318757999,0.0022892484,0.04064144258,0.03835565951,0.002523414063,0.006171144717,0.003121862786,0.003612470026,0.005068282671,0.006437830333,0.1202422124,0.0377269066,0.02251810326,0.0002901107292,0.001209985502,0.001141932692,0.001362257062,0,0.001319452481,0.0001075512108,0,0.0001916684269,0.003579876216,0.002925527669,0.0006704136649,0.01130262667,0.002655336486,0.04448935387,0.05307312502,0.0846727604,0.05140547143,0.002926949052,0.09408016712,0.003621099468,0.1394708996,0.1139776772,0.04376005313,0.001775022861,0.0004170077546,0.007403214399,0.008334877636,0.01329744756,0,0.0004596631946,0.0147748353,0.001124131048,0.0006580448038,0,0.0009232345326,-0.3652713437,0.001576204578,0,0.00146604036,0.0001055213182,0.0004072441017,0.0002938261452,0.01380051958,0.0008530702627,0.04819969803,0.02413530284,0.06484343011,0.001006225538,0.004311019154,0.05857042042,-0.1263956367,0.0009362493239,-0.04356725823,0.04929452062,-0.01087675551,0.01528157957,-0.02891681045,0.06484343011,0.1059524717,0,0.07443486616,0.01380051958,0.1174157191,0,0.165040273,-0.3425615583,0.001599358835,0.001239400661,0.004655104066,0,0.004221022508,0.0008525113291,0.001006225538,0.1174157191,0.00736687298,0.001567041899,0.0008530702627,0.1059524717,0.006077512852,0.02262329318,0.1173001625,-0.06395134555,-0.003000685889,-0.1090867736,-0.1776035781,-0.1653371568,-0.0318157137,0.004311019154,0,0.006077512852,0.009261109914,0.04819969803,0,0.00736687298,0.03239459945,-0.2935428885,0.009922686898,0.0008249060327,0.007320712757,0.0271152462,0,0.001808310298,0.05857042042,0.165040273,0.02262329318,0.03239459945,0.02413530284,0.07443486616,0.001567041899,0.009261109914
1,1,1,1,4,1500,500,v1,0,0.07393630845,0.002645402654,0,0,0,0.01497258201,0,0.01023469719,0.06436170445,0,0.02693259771,0,0,0,0,0,0,0,0,0.1533119405,0,0,0.4034402526,0,0,0,0,0.07335154516,0.002624480128,0,0.01485416365,0.01015375083,0,0.06385266684,0.02671958742,0,0,0,0,0,0.001649832736,0,0,0,0,0.04013984291,0,0,0,0,0,0,0.01398632348,0,0,0,0,0.002832321219,0,-0.4824546596,0,-0.03090179446,-0.008708131718,0,0,0.03670969997,0,0,0,0,0,0,0,0,0.07352173251,0,0,0,0,0,-0.5566386411,0,0,0.03087019578,-0.001183291205,0,0,0.007493678415,-0.03382361512,-0.5195738051,0,0,0,-0.009687448768,0.007094336515,0.0368120326,0,0,0,0,0,0,0,0,-0.001613795206,0,0,0,0,0.02495173275,0,0,0.007493678415,0,0.1995462806,0,0.03087019578,0,0.5251290818,-0.04058924323,0,0,0,0,0.01501332715,0,0,-0.03382361512,0,0.5251290818,0,-0.001183291205,0,0.1995462806
1,1,1,1,3,1500,500,v1,0,0.05935382171,0.0008946564906,0,0,0,0.01360164111,0,0.01930036556,0.0005381940875,0,0.003290132963,0,0,0,0,0,0,0,0,0.02083896773,0,0,0.003552418446,0,0,0,0,0.02321311057,0.0003498976046,0,0.005319563086,0.007548317984,0,0.0002104861743,0.001286761628,0,0,0,0,0,0.0006881023089,0,0,0,0,0.0004139383083,0,0,0,0,0,0,0.6830666886,0,0,0,0,0.1565329356,0,-0.8091896626,0,0.07281521367,-0.0008794086215,0,0,-0.001502766361,0,0,0,0,0,0,0,0,0.006001207833,0,0,0,0,0,-0.006710124933,0,0,0.90078656,-5.670476007e-05,0,0,0.2064521611,-0.0001104561398,-0.7752954776,0,0,0,0.02851728116,0.0005175987365,0.007503974193,0,0,0,0,0,0,0,0,-0.0003618098851,0,0,0,0,0.0004732504851,0,0,0.2064521611,0,-0.0002472412532,0,0.90078656,0,0.001310616902,0.1013324948,0,0,0,0,-0.8394916425,0,0,-0.0001104561398,0,0.001310616902,0,-5.670476007e-05,0,-0.0002472412532
1,1,1,1,2,1500,500,v1,0,0,0,0,0.0980263937,0,0,0.1990942696,0,0,0,0,0,0,0,0,0.1994048764,0,0,0.4049967231,0,0,0,0,0,0,0,0,0,0,0,0,0,0,0,0,0,0,0,0,0,0,0,0,0,0,0,0,0,0,0,0,0,0,0,0,0.03248988923,0,0,0.06598784799,-0.5048683629,0,0,0,0.2962267842,0,0,0,0,0,0,0,0,0,0,0.3946303375,0,0,0,-0.6032719158,0,0,0,0,0,0,0,0,0,0,0,0,0,0,0,0,0,0,0,0.1033351683,0,0,0,0.2096271983,0,0,0,0,0,0,0,0,0,0,0.2096271983,0,0,0,0.1033351683,0,-0.3070451307,0,0,0,0,0,0.09840355351,0,0,0,0,0,0,0,0
1,1,1,1,2,1500,500,v1,0,0.3127140553,0,0,0,0,0.09655915468,0,0,0,0,0,0,0,0,0,0,0,0,0,0,0,0,0,0,0,0,0,0.2751032978,0,0,0.08494578812,0,0,0,0,0,0,0,0,0,0,0,0,0,0,0,0,0,0,0,0,0,0.1762542931,0,0,0,0,0.05442341097,0,0.3632265765,0,-0.2075252104,0,0,0,0,0,0,0,0,0,0,0,0,0,0,0,0,0,0,0,0,0,-0.1770718529,0,0,0,-0.05648019581,0,0.01997912118,0,0,0,0.1357222449,0,0,0,0,0,0,0,0,0,0,0,0,0,0,0,0,0,0,-0.05648019581,0,0,0,-0.1770718529,0,0,-0.07180296552,0,0,0,0,0.2275043315,0,0,0,0,0,0,0,0,0
1,1,1,1,1,1500,500,v1,0.4802077008,0,0,0.007030941335,0,0,0,0,0,0,0,0,0,0,0,0,0,0,0,0,0,0,0,0,0,0,0,0,0,0,0,0,0,0,0,0,0,0,0,0,0.4049579698,0,0,0.005929175488,0,0,0,0,0,0,0,0,0.1004041493,0,0,0.00147006323,0,0,0,0,0.2816244224,-0.2835828872,0,0,0,0,0,0,0,0,0,0,0,0,0,0,0,0,0,0,0,0,0,0.0005436065106,0,0,0,0.002394091087,0,0,0,0,0,0,0,0,0,0,0.002394091087,0,0,0,0.0005436065106,0,0,-0.1832772999,0,0,0,0.1813188347,0,0,0,0,0,0,0,0,0,0,-0.1022640525,0,0,0,0.1003055874,0,0,0,0,0,0,0,0,0,0
1,1,1,1,4,1500,500,v1,0,0,0,0,0,0.05451574275,0,0,0,0,0.08475790883,0,0,0,0,0,0,0.2401324402,0,0,0,0,0.3733439635,0,0,0,0,0,0,0,0,0,0,0,0,0,0,0,0,0,0,0,0,0,0.09678079254,0,0,0.1504691521,0,0,0,0,0,0,0,0,0,0,0,0,-0.3655400205,0,0,0,0,0.1391781548,0,0,0,0,0,0,0,0,0,0.38623168,0,0,0,0,-0.6125935465,0,0,0,0,0,0,0,0,0,0,0,0,0,0,0,0,0,0,0,0.1324492066,0,0,0,0.2070935954,-0.473415392,0,0,0,0,0,0.2470535256,0,0,0,0,0,0,0,0,0,0,0,0,0,0,0,0,0,0.2070935954,0,0,0,0.1324492066,0
1,1,1,1,4,1500,500,v1,0.0006215351157,0.0003537339512,0.09153024048,0.001577096386,0,0,0.001643075195,0,0,0.0003927181416,0,0,0.004745955345,0.0006587617651,0.0009819639993,0.001330846046,0,0,0.0006896214468,0,0,0.00135547194,0,0,0.005034838695,0.005955493389,0.00887738241,0.0006814670082,0.001949960664,0.5045610349,0.006234478356,0.0090574625,0,0.01225405694,0.002164861262,0,0.002541168583,0.02165513652,0.004480565644,0.0003439479707,0.001729269541,0.254660522,0.006072466074,0.004387885213,0,0.006184830616,0.001092642239,0,0.001794184983,0.01528954868,0.00212226398,0.0002428435044,0.001220945932,0.0006948763114,0.004287447718,0.003098054104,0,0.002221681393,0.003227663127,0,-0.2620401779,6.824601671e-05,0.001679732813,0.09171410022,0,0,0,0.002418607755,0.01338763251,0.007191682583,0.005537676406,0.0003917512587,0.0043066107,0.006608424552,0.00719614134,-0.03532249174,0.003144330078,0.0007962981923,0.001896418034,0,0,0,0.0003917512587,0.001609740164,0.00174192464,0.2373115953,0.002418607755,0.003752340665,0.007396547309,0.001055000898,0.3666212335,-0.004845353714,-0.01087588631,-0.020437478,-0.01064321989,-0.5043855311,0,0.0043066107,0.003752340665,0,0,0.01338763251,0.001609740164,0,0,-0.4338132054,0.002620190625,-0.01481913723,0.01005184813,-0.002444790858,0.253760366,0,0.006608424552,0.007396547309,0,0,0.007191682583,0.00174192464,0,0,-0.0353195903,0.0003515904213,-0.0001213549849,0.0008795166981,-0.001198175712,0.002871172433,0,0.00719614134,0.001055000898,0,0,0.005537676406,0.2373115953,0,0
1,1,1,1,1,1500,500,v1,0.004701197034,0.02615391556,0.2054084655,0.006811262447,0,0,0.008678475945,0,0,0.1916383523,0,0,0.01213243656,0.025530097,0.007781150293,0.05858180442,0,0,0.01819134205,0,0,0.005543105897,0,0,0.0002252926631,0.003332328803,0.001015638571,0.0009851837146,0.003193201601,0.02507886971,0.002374434108,0.001059578372,0,0.0007235166964,0.02339763971,0,0.0007279539305,0.005116821392,0.003281678506,0.003183274358,0.001854619925,0.08103353891,0.02470671317,0.002687039696,0,0.002337789504,0.07560123602,0,0.001724719044,0.01212312885,0.02551051094,0.00754203484,0.004394094418,0.02444542817,0.0585368619,0.006366321191,0,0.0181773861,0.008111560191,0,0.1984642587,-0.003276401522,-0.02053008242,-0.3925060297,0,0,0,0.001451618779,-0.001029663133,0.02350680152,0.008642929372,0.006210494958,-0.009553606585,0.01371607175,0.006150503433,0.002737848108,-0.01061023499,-0.0082679182,-0.01148171923,0,0,0,0.006210494958,0.002480488703,0.0208449247,0.150959587,0.001451618779,0.003398583016,0.008054254609,0.1410345432,-0.3130770375,0.0009736395884,0.005129983876,0.001157078194,0.004197856793,0.0479039933,0,-0.009553606585,0.003398583016,0,0,-0.001029663133,0.002480488703,0,0,-0.3893911226,0.001910499612,0.02718017352,0.0004623524966,0.00340182879,0.1499392823,0,0.01371607175,0.008054254609,0,0,0.02350680152,0.0208449247,0,0,0.0001093450857,-0.007992215026,-0.009514425402,-0.02167731453,-0.00404480841,-0.002933893925,0,0.006150503433,0.1410345432,0,0,0.008642929372,0.150959587,0,0
1,1,1,1,4,1500,500,v1,0,0,0,0,0.03660946671,0,0,0.01660266943,0,0,0,0,0.1757466691,0.01684778355,0,0.08136450579,0.1279338302,0,0.229637865,0.05801895744,0,0,0,0,0,0.01213814471,0,0,0,0,0.1654447677,0,0,0,0,0,0,0.01516131818,0,0,0,0,0.007019155283,0,0,0,0,0,0,0.01464871599,0.001404284915,0,0,0,0.006781838557,0,0.01066345299,0.01914061804,0,0.004835956402,-0.1701037861,0,0,0,0.05272063981,0,0,0,0.2185137595,0.005187788725,0,0,0.1011674351,0.06486253569,0,0.2923120959,-0.2565961118,-0.2274549277,0,-0.185465216,0,0,0,0,0,0,0,0,0,0,-0.2069461874,0,0.1602459716,0,0,0,0,0.1011674351,0,0.1211405852,0,0.2185137595,0,0.05493413452,0,-0.2351782993,0,0.02205750302,0,0,0,0,0.06486253569,0,0.05493413452,0,0.005187788725,0,0.1211405852,0,-0.4344921421,0,0.02141781242,0.02050873985,0,0,0.01536142973,0,0,0,0,0,0,0,0
1,1,1,1,4,1500,500,v1,0.00437842438,0.03916389058,0.02764446534,0.0006333568063,0.001801508929,0.03095870405,0.01344305002,0.0006600172933,0.01715878807,0.1233548266,0.002248753512,0.01373235481,0,0.01011707109,0.01082231193,0,0.001377421728,0.02367081892,0.001186517755,0.0005046448266,0.01311949508,0.01291518919,0.001719381958,0.01049966703,0.07731189707,0.009672675925,0.01034693886,0.04524616483,0.0286291316,0.02020833539,0.001134399632,0.009826982008,0.0125432176,0.0123478859,0.09017340999,0.01003846623,0.02230724152,0,0.002985461138,0.01305513336,0.0009235060372,0.005830825984,0,0.0001335888858,0.006529871848,0.003562805772,0.02601824702,0.0004743115935,0.1001213801,0,0.01252642478,0.058595231,0.004144963371,0.03707564134,0,0.0005995857265,0.001705451065,0.001469083816,0.01272625609,0.0006248246555,0.08197889167,-0.003449630274,-0.02426829431,-0.1144642881,-0.001496526466,-0.02242955003,-0.01436774505,0.04942678485,0,0.009366740272,0.01154909948,0.01076239807,0,0.0009953814458,0.0127749717,-0.04635478821,0,-0.00445586599,-0.004373650531,-0.0006405845546,-0.01064314476,0.001502492752,0.01076239807,0.007357914197,0.01131085244,0.01091674443,0.04942678485,0.00100882477,0.005761518871,0.04862773911,-0.2275310631,0.03905014169,0.003218399672,-0.01759240946,0.03206996589,0.04359155932,0.002715199928,0,0.00100882477,0.003796569978,0.03983488451,0,0.007357914197,0.0009540402604,0.00295154592,-0.2070580137,0.03450490714,0,0.005750012538,0.0009376752029,0.0311764065,0.004548407851,0.0009953814458,0.005761518871,0.0009540402604,0.008228934968,0.009366740272,0.01131085244,0.003796569978,0.006996143587,0.07547018825,-0.1136811708,0,-0.005670614827,-0.003065870906,-0.01918325243,-0.001029962473,0.0127749717,0.04862773911,0.00295154592,0.006996143587,0.01154909948,0.01091674443,0.03983488451,0.008228934968
1,1,1,1,4,1500,500,v1,0,0,0,0,0.01065372259,0,0,0.006270175539,0,0,0,0,0.0193459276,0.2811688503,0,0.07170062327,0.01741790828,0,0.3627069815,0.01025119075,0,0,0,0,0,0.07671751163,0,0,0,0,0.09896536204,0,0,0,0,0,0,0.002028290676,0,0,0,0,0.007517329157,0,0,0,0,0,0,0.000894400856,0.01299899729,0,0,0,0.00331486296,0,0.0008052646738,0.01676866788,0,0.0004739330145,-0.02466864728,0,0,0,0.01441657062,0,0,0,0.02458344364,0.287227953,0,0,0.09106525599,0.370390589,0,0.2343005589,-0.09077647913,-0.6433402017,0,-0.02594745066,0,0,0,0,0,0,0,0,0,0,-0.6136790648,0,0.1752667034,0,0,0,0,0.09106525599,0,0.009997532964,0,0.02458344364,0,0.005380581988,0,-0.08658412505,0,0.009484990949,0,0,0,0,0.370390589,0,0.005380581988,0,0.287227953,0,0.009997532964,0,-0.5608958659,0,0.004192354082,0.0296611368,0,0,0.001278803378,0,0,0,0,0,0,0,0
1,1,1,1,1,1500,500,v1,0,0,0,0,0,0,0,0,0,0,0,0,0,0,0,0,0,0,0,0,0,0,0,0,0.1337639565,0,0,0.005001140508,0,0,0,0,0,0,0,0,0.6254968625,0,0,0.02338595372,0,0,0,0,0,0,0,0,0.2046988466,0,0,0.007653240232,0,0,0,0,0,0,0,0,0,0,0,0,0,0,0,0.4310138451,0,0,0,0.01608395118,0,0,0,0,0,0,0,0,0,0,0.01608395118,0,0,0,0.4310138451,0,0,0,-0.4360821737,0.1380169762,0,0,0,0,0,0,0,0,0,0,0,0,0,0.3492473665,-0.6473125642,0,0,0,0,0,0,0,0,0,0,0,0,0,-0.5092955878,0.2112303902,0,0,0,0,0,0,0,0,0,0,0,0,0
1,1,1,1,1,1500,500,v1,0.0006761373,0,0,0.0001891045753,0,0,0,0,0,0,0,0,0,0,0,0,0,0,0,0,0,0,0,0,0,0,0,0,0,0,0,0,0,0,0,0,0,0,0,0,0.009434007518,0,0,0.002638538038,0,0,0,0,0,0,0,0,0.771332963,0,0,0.2157292496,0,0,0,0,-0.9749948908,0.0008648111638,0,0,0,0,0,0,0,0,0,0,0,0,0,0,0,0,0,0,0,0,0,1.141840951,0,0,0,0.3193541803,0,0,0,0,0,0,0,0,0,0,0.3193541803,0,0,0,1.141840951,0,0,-0.9861864846,0,0,0,0.01205640462,0,0,0,0,0,0,0,0,0,0,0.0129212158,0,0,0,-0.9870512957,0,0,0,0,0,0,0,0,0,0
1,1,1,1,2,1500,500,v1,0.03041459064,0,0.01765825555,0.05134518121,0.006250580945,0.01070951928,0,0.01039555137,0.001256284156,0.02443715746,0.0004285830724,0.005850588179,6.396985712e-05,4.156070593e-05,0.01527382613,0.0001824189971,0.0003137665277,0.0005375962184,4.27164672e-05,0.0005218356637,6.306292503e-05,0.01002522117,2.151400384e-05,0.0002936876995,0.003080755975,0.001090337792,0.4007061354,0.001160641423,0,0.02325477678,0.001120658985,0,0.001654444718,0.2630099097,0.03218215074,0.007704845011,0.0002400258933,0.0001307538019,0.03121956068,9.042715382e-05,0.003120664987,0.001811811327,0.0003728627587,0.005268231657,0.001098841745,0.02049146022,0.002507355189,4.397442674e-05,0.0002704791095,0.0001473431529,9.572767117e-05,0.000101900073,0.00351659846,0,0.000420169614,0.005936637035,0.000722705217,9.838976107e-05,0,0.00120195535,-0.02751496656,-0.08149188825,0,0.03263077454,-0.01655281413,-0.01104241291,0.004484237835,0.00379796764,0.0001733031307,0.001234997064,0.5312049222,0.001449631962,0.0002215134612,0.001417071043,0.3487036565,-0.6413132978,3.741279941e-05,6.228214384e-05,0.02524270448,0.0008266661266,0.0005106290768,0.0003470148341,0.001449631962,0.03558585258,0,0.007609139033,0.00379796764,0.06004151245,0,0.007519680253,0.1194835813,-0.004177362363,-0.001931563775,-0.6634794135,0,-0.0470220339,-0.0072008513,0.0002215134612,0.06004151245,0.007810619564,0.0135901593,0.0001733031307,0.03558585258,0.01297569591,0.0005435465266,-0.7392525958,0.0003191459764,-9.914211337e-05,0.05163098975,0.008359653222,0.004305379861,0.001109313235,0.001417071043,0,0.01297569591,0.0006990987699,0.001234997064,0,0.007810619564,0.002855299167,-0.09464760951,0.0003598166448,-0.0002014817471,0.000101236227,0.00938065827,0,0.001868604311,0.3487036565,0.007519680253,0.0005435465266,0.002855299167,0.5312049222,0.007609139033,0.0135901593,0.0006990987699
1,1,1,1,1,1500,500,v1,6.487092938e-05,1.152209639e-05,0.0008091377424,0.0002484977516,0.0008263310332,4.749992479e-05,2.094754921e-06,9.644280127e-05,7.648961855e-06,0.0001821902446,4.667670459e-05,1.367630985e-05,0,1.301531771e-05,0.0003947525834,0,0.002075556344,0.0001193090497,0.0002049536418,0.000242242467,1.921245926e-05,0.0001332200968,0.000117241307,3.435179189e-05,0.005906603899,0.001351029743,0.04097652421,0.09846986193,0.003004153397,0.2109662873,0.0212748142,0.0005461649425,0.001994311969,0.01382865307,0.04750241828,0.003565820951,0.003236677214,0,0.02245415208,0.05395912166,0.009268346533,0.1156044635,0,0.03550378107,0.006786487684,0.007577770076,0.02603018545,0.006668871209,0.003362688877,0,0.0007691547912,0.05605988062,0.009629185654,0.001710294678,0,0.03688602904,0.1226573291,0.01211196523,0.000310937183,0.01431559016,-0.3048646845,0.0002761093893,1.010558385e-05,0.00098659215,0.0009115792798,9.171812047e-05,2.035175439e-05,-0.0008763528037,0,0.0009467223718,0.02764855987,-0.01417934802,0,0.01385773899,0.009235698308,-0.1887801581,0,0.0002110336865,0.000519891034,0.002310560795,0.0002217427617,5.081875301e-05,-0.01417934802,0.01123383256,0.00339118815,0.1421473988,-0.0008763528037,0.0375434115,0.0005500216085,0.03247604422,0.2767472843,-0.08957695213,-0.02071724913,-0.05381809614,-0.003295982606,-0.2527329478,-0.005452992877,0,0.0375434115,0.1786294438,0.009499520648,0,0.01123383256,0.02087163584,0.009437114496,-0.3717101402,0.05560061138,0,0.02870869986,-0.01110259841,0.1353307271,-0.01293788425,0.01385773899,0.0005500216085,0.02087163584,0.002893400392,0.0009467223718,0.00339118815,0.1786294438,0.00517933317,-0.0653727824,0.04401347462,0,0.01063657452,-0.0216916737,0.0006584038536,-0.136222859,0.009235698308,0.03247604422,0.009437114496,0.00517933317,0.02764855987,0.1421473988,0.009499520648,0.002893400392
1,1,1,1,2,1500,500,v1,0,0,0.02169615324,0,0,0,0,0,0,0.05841018825,0,0,0,0,0,0,0,0,0,0,0,0,0,0,0,0,0,0,0,0.2229345073,0,0,0,0,0.6001822717,0,0,0,0,0,0,0.02621123333,0,0,0,0,0.0705656462,0,0,0,0,0,0,0,0,0,0,0,0,0,-0.7262953402,0,0,0.08001099594,0,0,0,0,0,0,0,0,0,0,0,0,0,0,0,0,0,0,0,0,0,0.2626139391,0,0,0,0.7068125771,0.1767596642,0,0,0,0,-0.8230440087,0,0,0,0,0,0,0,0,0,-0.743033013,0,0,0,0,0.09674866819,0,0,0,0,0,0,0,0,0,0,0,0,0,0,0,0,0,0.7068125771,0,0,0,0.2626139391,0,0
1,1,1,1,4,1500,500,v1,0.000307848862,0,0.0003752193034,3.128551007e-05,0.05256198407,0.0001009490028,0,0.01577767956,0.00787364663,0.0004706282751,0.0001739935218,0.01447970324,0.00132124249,0,0.1392346683,0.00111494159,0.1760582846,0.0003381323702,0,0.05284791369,0.02637306684,0.07158217341,0.0005827976534,0.04850029464,0,0,0.008603176475,0,0,7.76571299e-05,0,0,0.001629566479,0.00442299377,9.740341385e-05,0.002996786641,0,0.00162437526,0.1711792894,0,0.001267728059,0.001545160947,0.001370742729,0.0001288343855,0.0004157101069,0.08800527719,0.00193805709,0.0007165089657,0,0.0005903479825,0,0,0.0004607314089,0,0.0004981701115,4.682238238e-05,0.07866508525,0,0,0.02361312134,-0.2009976324,0.0001319827534,0,0.000470233247,0.06616566361,0.0002437264188,0.02017559589,0,0.00125783936,0,0.07221259652,0,0.0007771793458,0,0.04936189251,0.01906167654,-0.0004330968043,0,0.08070751489,-0.2189505631,-0.0001325265955,-0.07312511266,0,0.001005332959,0,0.001698808288,0,0.000120728983,0,0.002192123956,-0.1496682528,0,0,0.01295868335,0,0.0001164386634,0.004332051197,0.0007771793458,0.000120728983,0.06947735375,0.0004009642093,0.00125783936,0.001005332959,0.02220792836,0.0006862103042,0.09478538108,0,-0.00157047808,-0.1747158574,-0.000958220555,-0.003180626745,-0.0008359828301,0,0,0.02220792836,0.0258985371,0,0,0.06947735375,0.04702766124,-0.155614712,0,0.0006468957467,0,7.552983957e-05,0,0.09166137823,0.04936189251,0.002192123956,0.0006862103042,0.04702766124,0.07221259652,0.001698808288,0.0004009642093,0.0258985371
1,1,1,1,2,1500,500,v1,0.03198771626,0,0,0.01942578171,0.001678943755,0.007646279431,0,0.0044395442,0,0,0.0101214916,0,0.002742793131,0.007947906564,0.004850805552,0.03858919961,0.001545274225,0.007037518971,0.0009011057746,0.004086088772,0,0.0009825544093,0.009315666497,0,0.01620509906,0.01347222241,0.008222433255,0.002026661694,0,0,0.001527433332,0,0,0.001665494105,0,0,0.01851615634,0.005312252296,0.009395058869,0.002315689934,0.05702145414,0,0.07473971038,0.03462849025,0.01363029384,0.001903015163,0,0.01804261874,0.04768626214,0.01368110373,0.03964430745,0.00596379698,0.1468522927,0,0.1924836536,0.08918175207,0.007707856904,0.004494732555,0,0.02038148766,-0.1789311434,0.05065738867,0,0,0.005453193375,0.00321272617,0,0.0233062556,0.008542824123,0.03202681834,0.008717134222,0.00294057387,0.1189732011,0.003732349948,0.001776129405,-0.202960008,0.03977820752,0.008258780404,0.002766698557,0.004070578014,0.006175421191,0,0.00294057387,0.08709194648,0,0,0.0233062556,0.05322277941,0,0,-0.06935330289,0.01481911186,0.01019795857,-0.003996608419,0,0,0,0.1189732011,0.05322277941,0.006923414716,0.006208668149,0.008542824123,0.08709194648,0.01841216111,0.007552782555,-0.3743319703,0.01815173346,0.07881190029,-0.005765599225,0.08947485349,0,-0.01856244784,0.003732349948,0,0.01841216111,0,0.03202681834,0,0.006923414716,0,0.3196737052,-0.05046873162,-0.2036007912,-0.0422961845,-0.233675393,0,-0.0264141553,0.001776129405,0,0.007552782555,0,0.008717134222,0,0.006208668149,0
1,1,1,1,1,1500,500,v1,0.003018220546,0.02874494119,0,0.004872475599,0.009447913589,0.0006552703096,0.0005381167068,0.001212739006,0.003020555613,0,0.02045174173,0.003931581816,0.07486407901,0.2102338229,0,0.02855634497,0.03914186756,0.002714726742,0.001559328112,0.005024270081,0.01251389385,0,0.08472975103,0.01628819456,0,0.01987155127,0,0,0.01125631502,0,0.0001473895498,0.0002107226844,0.001182828147,0,0,0.001539579544,0,0.003164546852,0,0,0.000528560428,0,0.001207092811,0.0008532834989,0.0001147530308,0,0,0.003581574373,0,0.05903267408,0.1657759624,0,0.009859969511,0.09390441801,0.02251757355,0.01591747857,0.03086459009,0.001229579117,0.001757927972,0.003961794523,-0.2279302176,0.006239735944,0.02809451522,0,0.009905733802,0.01926641283,0.006201235276,0,0.02345800798,0.07171927902,0,0,0.01185374408,0.0006875126411,0,0.2278368729,-0.07400108445,-0.1695347397,0,-0.0268088589,-0.08654251031,-0.02812138246,0,0.01025540166,0.0813723696,0,0,0.01598537599,0.00168171933,0,-0.1567194753,0,0.01990791964,0,0.01125082138,0,0.002553661603,0.01185374408,0.01598537599,0.003074114454,0.003108985768,0.02345800798,0.01025540166,0.0004709345904,0.09233524668,-0.1137486138,0,0.004328534429,0,0.001108961986,0,0.003646609181,0.0006875126411,0.00168171933,0.0004709345904,0.0125145005,0.07171927902,0.0813723696,0.003074114454,0.01653522789,-0.18950846,0,0.04613138198,0.1013556256,-0.0248425497,-0.0947147291,0.01453975908,0,0,0.09233524668,0.01653522789,0,0,0.003108985768,0.0125145005
1,1,1,1,0,1500,500,v1,0.001462416883,0.007023081622,0.05448638357,0.00458059206,0.02463894845,0.009774247494,0.08332497134,0.07931870697,0,0.03216086055,0.008204441953,0,0.001644591672,0,0,0.001551623684,0.002821211161,0.001119171793,0,0.009082157942,0,0,0.0009394257735,0,0.001636522279,0,0,0.001496732983,0.00178623899,0.01385797688,0,0.02119273571,0,0,0.0081797402,0,0.009882021554,0.02205872397,0,0.00903791399,0.002245985334,0.08368039224,0.02081175475,0.007034890465,0.01501132596,0,0.04939277026,0.01260041272,0.01064357442,0.02375866811,0,0.009734416148,0.00241907103,0.01161729838,0.02241560184,0.007577030653,0.04075675486,0,0.1378328072,0.1312058062,-0.3769431109,0.003315257559,0.06249285887,0.05535294085,0.0884363166,0.00457306674,0,0.01188411181,0.01688618024,0,0,0.008346729901,0.01488353565,0,0,-0.1104585788,0.003085578752,0,0,0.01169358374,0.001882295958,0,0.008346729901,0.00138940718,0.00484664065,0.0326717043,0.01188411181,0.00766391158,0.06932993713,0.01933144011,-0.144414042,0.002762642377,0,0,0.02247552459,0.02156883261,0,0.01488353565,0.00766391158,0.02329283025,0.007414546428,0.01688618024,0.00138940718,0.06876921067,0.009449377041,0.05782690984,-0.008179966573,-0.003501936207,0,-0.003470454851,-0.1115905363,-0.01769797833,0,0.06932993713,0.06876921067,0,0,0.00484664065,0.02329283025,0,0.1791094049,-0.008069903621,-0.02076345315,0,-0.005880348548,-0.1344194354,-0.1615045943,0,0.01933144011,0.009449377041,0,0,0.0326717043,0.007414546428,0
1,1,1,1,1,1500,500,v1,0,0,0,0,0.006477247538,0,0,0.003564283688,0,0,0,0,0.02707915675,0.222371849,0,0.0003878783611,0.08752726926,0,0.03044027533,0.04816428835,0,0,0,0,0,0.471813207,0,0,0,0,0.06458607056,0,0,0,0,0,0,0.01716625848,0,0,0,0,0.0002458872803,0,0,0,0,0,0,0.001313452938,0.01078596949,0,0,0,1.881373109e-05,0,0.004245440509,0.001476481319,0,0.002336170459,-0.1285917374,0,0,0,0.009910961248,0,0,0,0.01327465823,0.3571771867,0,0,0.000213073968,0.04917686438,0,-0.4899807899,-0.0223357137,0.2487782238,0,-0.1350370226,0,0,0,0,0,0,0,0,0,0,0.2610179907,0,-0.5319206913,0,0,0,0,0.000213073968,0,0.1147532787,0,0.01327465823,0,0.06326788545,0,-0.02110406821,0,0.01211224662,0,0,0,0,0.04917686438,0,0.06326788545,0,0.3571771867,0,0.1147532787,0,-0.4184919965,0,0.001231645605,0.01223976676,0,0,0.006445285238,0,0,0,0,0,0,0,0
1,1,1,1,0,1500,500,v1,0,0,0,0,0,0,0,0,0,0,0,0,0,0,0,0,0,0,0,0,0,0,0,0,0.4353676131,0,0,0.4121563175,0,0,0,0,0,0,0,0,0.05889637204,0,0,0.05575635643,0,0,0,0,0,0,0,0,0.01942960789,0,0,0.01839373301,0,0,0,0,0,0,0,0,0,0,0,0,0,0,0,0.5358250067,0,0,0,0.5071606201,0,0,0,0,0,0,0,0,0,0,0.5071606201,0,0,0,0.5358250067,0,0,0,0.1521501188,-0.8474738702,0,0,0,0,0,0,0,0,0,0,0,0,0,-0.8097070771,0.1143833259,0,0,0,0,0,0,0,0,0,0,0,0,0,-0.733090544,0.03776679295,0,0,0,0,0,0,0,0,0,0,0,0,0
1,1,1,1,1,1500,500,v1,0,0.1038605495,0,0,0,0,0.01068932575,0,0,0,0,0,0,0.001538911239,0,0,0,0,0.0169625041,0,0,0,0,0,0.05542488842,0.003064135122,0,0.06694085739,0.4757766251,0,0.0337741406,0.04896692105,0,0,0,0,0.003816017144,0,0,0.004608894429,0,0,0,0,0,0,0,0,0.01414709041,0,0.0007821142782,0.01708651814,0,0.121441019,0,0,0,0.00862078092,0.01249870733,0,-0.3907742022,0,0.1144479803,0,0,0,0,0.05630831984,0,0.001111560078,0,0.06806220399,0,0.0122652679,0,-0.02722378061,0,0.01830589542,0,0,0,0,0.06806220399,0,0.3757716834,0,0.05630831984,0,0.03871764807,0,0.3152159908,-0.1222845264,-0.03660637242,0,-0.5244828809,0,0,0,0,0,0,0,0,0,0,-0.09127742694,0.008363746434,0,0,0,0,0,0.0122652679,0.03871764807,0,0,0.001111560078,0.3757716834,0,0,-0.5422561559,0.03100709949,0,0.009382591281,0,0.1337086786,0,0,0,0,0,0,0,0,0
1,1,1,1,4,1500,500,v1,0,0,0,0,0,0,0,0,0,0,0,0,0,0,0.5240484852,0,0,0,0,0,0,0.1073874023,0,0,0,0,0.296836231,0,0,0,0,0,0,0.06082733307,0,0,0,0,0.009046707749,0,0,0,0,0,0,0.001853840765,0,0,0,0,0,0,0,0,0,0,0,0,0,0,0,0,0,0,0,0,0,0,0,0,0.3276722319,0,0,0,0.06788387363,0.3631314434,0,0,-0.6268355135,0,0,0,0,0,0,0,0,0,0,0,-0.6159995495,0,0,0.3522954793,0,0,0,0,0,0,0,0,0,0,0,-0.2745400343,0,0,0.01083596427,0,0,0,0,0,0,0,0,0,0,0,0,0,0,0,0,0,0,0.06788387363,0,0,0,0.3276722319,0,0,0
1,1,1,1,0,1500,500,v1,0,0,0,0,0.01024437603,0.002243134295,0,0.06426859178,0.01028155667,0,0.0006377993572,0.001435585684,0,0,0,0,0.01390102234,0.003043802754,0,0.08720874049,0.01395147431,0,0.0008654566263,0.001948006263,0,0,0,0,0,0,0,0,0.05938375778,0,0,0.008291591952,0,0,0,0,0,0,0,0,0.01858205212,0,0,0.005283509293,0,0,0,0,0,0,0,0,0.09602321675,0,0,0.6024063255,-0.6676968601,0,0,0,0.07438394398,0.002848753383,0.01169504117,0,0,0,0,0,0,0,0,-0.6991226721,0,0,0,0.1007828947,0.003809905736,0.0157607487,0,0,0,0,0,0,0,0,0.02745578986,0,0,0,0,0,-0.06722133319,0,0,0.1077297405,0.01981512697,0,0,0.6753101484,0.005650348281,0.006658659118,0,0,0,0,0,-0.02363564261,0,0,0.6753101484,0.05233972317,0,0,0.1077297405,0.007308591872,0.1751668387,0,0,0,0,0,-0.697193435,0,0,0.005650348281,0.007308591872,0,0,0.01981512697,0.05233972317
1,1,1,1,3,1500,500,v1,0,0,0,0,0,0,0,0,0,0,0,0,0,0.4591613717,0,0,0,0,0.1926775262,0,0,0,0,0,0,0.1064809975,0,0,0,0,0.04468253745,0,0,0,0,0,0,0,0,0,0,0,0,0,0,0,0,0,0,0,0.1387669153,0,0,0,0,0,0,0.0582306518,0,0,0,0,0,0,0,0,0,0,0,0.3207932819,0,0,0,0.1344986177,0,0.3478766426,0,-0.6514045716,0,0,0,0,0,0,0,0,0,0,0,0,-0.4546499831,0,0.1511220537,0,0,0,0,0,0,0,0,0,0,0,0,0,0,0,0,0,0,0,0.1344986177,0,0,0,0.3207932819,0,0,0,-0.500282518,0,0,0.1967545885,0,0,0,0,0,0,0,0,0,0,0
1,1,1,1,4,1500,500,v1,0.003004470835,0,0.0001375582425,0.00139683002,9.329201419e-05,9.271194246e-05,0,4.661481461e-06,0.0001720550152,0.0001802722919,0.000168806268,5.417465162e-05,3.446361391e-05,0.0004423119264,2.070976667e-05,7.721058085e-05,0.0001243824753,0.0001236090891,0.0001621155382,6.214964997e-06,0.0002293940041,7.227574893e-05,0.0002250625805,7.222887538e-05,0.0002005039163,3.704881881e-05,1.734686196e-06,0.0003618458335,0,1.536197524e-05,1.357908038e-05,0,1.921444209e-05,6.053942855e-06,2.013211593e-05,6.050016645e-06,0.1749680372,0.002519082514,0.001513759155,0.3157616891,0.2927954308,0.01340549704,0.005643628222,0.1361256174,0.009035079596,0.005282921743,0.01756811974,0.0164507185,0.0002413770552,3.475198834e-06,4.460129733e-05,0.0004356088568,0.0004039257684,0,7.78566407e-06,0.0001877920173,1.254232462e-05,1.634720406e-05,0,6.266968742e-07,-0.484521867,0.004398308433,0,0.0003168315165,3.349357613e-05,0.000261180251,5.723157531e-05,0.261502951,0.003712399214,0.0002606215677,0.002233781217,0.4723621831,0.008320875202,8.717033254e-05,0.007776536093,-0.03991220456,0.0001098734616,-0.0002992132586,9.219178292e-05,-7.33308274e-05,0.0003475529762,-0.0001662292823,0.4723621831,0.4340416049,0,0.0198728235,0.261502951,0.2017636115,0,0.02604352992,-0.5274956221,0.0005616565537,2.198253549e-05,7.77350872e-06,0,3.548085772e-05,2.287635053e-05,0.008320875202,0.2017636115,4.735270963e-05,0.01321681162,0.003712399214,0.4340416049,1.095250355e-07,0.0240672,0.00741008718,-0.490481564,-0.00814329047,-0.006773510186,-0.4288599796,-0.03096321475,-0.02546474105,8.717033254e-05,0,1.095250355e-07,8.992114946e-05,0.0002606215677,0,4.735270963e-05,3.926088494e-05,-0.922732064,0.0006764849509,1.123404879e-05,4.536945605e-05,0.0005915189135,0,8.195761334e-06,0.007776536093,0.02604352992,0.0240672,3.926088494e-05,0.002233781217,0.0198728235,0.01321681162,8.992114946e-05
1,1,1,1,2,1500,500,v1,0.0001276641296,0.002345017351,0.0002043419713,0.000263311867,0.0002587002023,0,0.002185602221,0.0001812284688,0.001178354292,0.0002015697684,0,0.001079746553,0,0.3972492375,0,0,0.02315783502,0,0.1022603881,0.01622286703,0.105481689,0,0,0.09665470812,0.001465777018,0.06137329933,0,0.002137550094,0.03243124688,0.002826019568,0.01579879031,0.03022655896,0.01629646746,0,0.002787680407,0.01493273686,0.00178145434,0,0,0.002597903941,0.002145819867,0.003434645763,0,0.004425830789,0,0,0.003388049681,0,0.0005004794611,0,0.02095549009,0.0007298517484,0.0006028438376,0.01107342574,0,0.001243387135,0.001221610355,0.005394388072,0.01032065025,0.0008557804448,-0.2563984412,0.0003155673611,0.004467201825,0.0003781280814,0.000425126996,0,0.002237773199,0.0006530613275,0,0.4717045772,0,0.0005692386818,0,0.1213554064,0,0.1380141152,0,-0.4980094191,0,-0.03927400938,0,-0.2011793033,0.0005692386818,0.002279344469,0.02845675705,0.001596319984,0.0006530613275,0.004931596158,0.02648715315,0.00149785685,-0.6483584907,-0.0004296965673,0.07645401877,0,-0.06149323845,5.627643773e-06,0.03070344101,0,0.004931596158,0.0324795241,0,0,0.002279344469,0.02277628221,0,0.002378535139,-0.001372991539,0,0,-0.006243948304,-0.00244654028,0,0.1213554064,0.02648715315,0.02277628221,0.1316936859,0.4717045772,0.02845675705,0.0324795241,0.1206634478,-0.5251613861,0.0009878214344,0,0.02618207738,0.001121087191,0.02039676321,0.002011678198,0,0.00149785685,0,0.1206634478,0,0.001596319984,0,0.1316936859
1,1,1,1,2,1500,500,v1,0,0,0,0,0,0,0,0,0,0,0,0,0.3800726166,0,0,0.002370448558,0,0,0,0,0,0,0,0,0,0,0,0,0,0,0,0,0,0,0,0,0,0.3394985802,0,0,0,0,0.002117395163,0,0,0,0,0,0,0.2742306294,0,0,0,0,0.001710330005,0,0,0,0,0,0,0,0,0,0,0,0,0,-0.356891372,0,0,0,-0.001995610999,0,0,0.3156909752,-0.07643298576,0,0,0,0,0,0,0,0,0,0,0,0,0,0,0,0,0,0,0,0,-0.001995610999,0,0,0,-0.356891372,0,0,0,0.1552604275,0,0.08399756183,0,0,0,0,0,0,0,0,0,0,0,0,0.007564576046,0,0.2316934134,0,0,0,0,0,0,0,0,0,0,0,0
1,1,1,1,0,1500,500,v1,0,0,0,0,0,0,0,0,0,0,0,0,0.06349626808,0,0,0.04514336151,0,0,0,0,0,0,0,0,0,0,0,0,0,0,0,0,0,0,0,0,0,0.4729836357,0,0,0,0,0.3362728536,0,0,0,0,0,0,0.0479870013,0,0,0,0,0.03411687982,0,0,0,0,0,0,0,0,0,0,0,0,0,0.542635725,0,0,0,0.3858080857,0,0,-0.7270941902,0.1081316487,0,0,0,0,0,0,0,0,0,0,0,0,0,0,0,0,0,0,0,0,0.3858080857,0,0,0,0.542635725,0,0,0,0.1901003066,0,-0.8090628481,0,0,0,0,0,0,0,0,0,0,0,0,-0.7009311993,0,0.08196865796,0,0,0,0,0,0,0,0,0,0,0,0
1,1,1,1,1,1500,500,v1,0.0379773977,0,0,0.04139532901,0,0,0,0,0,0,0,0,0,0,0,0,0,0,0,0,0,0,0,0,0,0,0,0,0,0,0,0,0,0,0,0,0,0,0,0,0.09637670649,0,0,0.1050505226,0,0,0,0,0,0,0,0,0.3441150032,0,0,0.3750850411,0,0,0,0,-0.5174112713,0.07935617123,0,0,0,0,0,0,0,0,0,0,0,0,0,0,0,0,0,0,0,0,0,0.3143326775,0,0,0,0.3427499719,0,0,0,0,0,0,0,0,0,0,0.3427499719,0,0,0,0.3143326775,0,0,-0.63929163,0,0,0,0.2012365298,0,0,0,0,0,0,0,0,0,0,0.280592701,0,0,0,-0.7186478011,0,0,0,0,0,0,0,0,0,0
1,1,1,1,2,1500,500,v1,0,0,0,0,0,0,0,0,0,0,0,0,0,0,0.02225484538,0,0,0,0,0,0,0.01862121957,0,0,0,0,0.262060618,0,0,0,0,0,0,0.2192730718,0,0,0,0,0.2601314008,0,0,0,0,0,0,0.2176588445,0,0,0,0,0,0,0,0,0,0,0,0,0,0,0,0,0,0,0,0,0,0,0,0,0.03625378761,0,0,0,0.02771513839,-0.0834609581,0,0,0.04081500772,0,0,0,0,0,0,0,0,0,0,0,0.09699263762,0,0,-0.1396385881,0,0,0,0,0,0,0,0,0,0,0,-0.09882358045,0,0,0.05617762998,0,0,0,0,0,0,0,0,0,0,0,0,0,0,0,0,0,0,0.02771513839,0,0,0,0.03625378761,0,0,0
1,1,1,1,4,1500,500,v1,0,0,0.0675436444,0,0,0.04851747003,0,0,0.0005081127023,0.007833095481,0.08979660216,0.000229600667,3.484777622e-06,0.04510784133,0.0008277662,0.002405565977,0,0.01824622914,0.009135989655,0,0.0001910887107,0.0006522946163,0.03377029713,8.634717306e-05,0.007354731992,0.05386206639,0.000988413471,0.01041595779,0,0.03033125881,0.0109090408,0,0.0002281739165,0.0007788875479,0.003517542597,0.000103104849,0.03278683559,1.854977675e-05,0.004406272044,0.04643354726,0,0.1352144438,0.01280503856,0,0.09712627716,0.003472221422,0.01568093724,0.1797622519,0.002492581348,1.410225376e-06,0.0182543133,0.003530056858,0,0,0.0009734882829,0,0,0.003697166891,0,0,-0.3331853557,0,0,0.06786294806,0,0.133061345,-0.0004690368795,0.0348899237,2.239785033e-05,0.0230064147,0.004542752696,0.04954934383,0.01454935631,0.007324504855,0.003711146139,-0.1716604331,0.001663899742,-0.006777832701,0.0009907039349,0,0.05106707284,4.634056273e-05,0.04954934383,0,0,0.05751803078,0.0348899237,0,0,0.007728317057,-0.1486725946,0.01609258843,-0.02641271399,0.00112583581,0,0.03193056577,9.047248309e-05,0.01454935631,0,0,0.04734225368,2.239785033e-05,0,0,0.08600821177,0.3096172453,-0.07734264023,-0.01224348175,-0.007619138969,0,-0.143291079,-0.2730287282,0.007324504855,0,0,0.000355227385,0.0230064147,0,0,0.0001431083654,-0.1050201803,0.004957206725,0.000865079281,0.01296993368,0,0,0,0.003711146139,0.007728317057,0.08600821177,0.0001431083654,0.004542752696,0.05751803078,0.04734225368,0.000355227385
1,1,1,1,2,1500,500,v1,0.004958983399,0.000549791825,0.02960950267,0.08734879829,0.003995314828,0.0237311153,0.002306471489,0.009986446941,0,0.0320200302,0.01966086691,0,0.005558809512,0.01824543129,0.02334687083,0.01006803358,0.005634683693,0.03346853356,0.01524698007,0.01408411406,0,0.09536159791,0.02772816936,0,7.627114869e-05,0.0002757976299,0.0003529109035,1.111891272e-05,1.172069078e-05,0.0006312276923,0.0002304730921,4.917031846e-05,0,0.001441484296,0.0006826163207,0,0.005593415134,0.00616218814,0.02588104706,0.0008154157338,0.007752903008,0.04629166582,0.01116086403,0.1365616108,0.03710136138,0.1057125822,0.05006029835,0.03073791178,0.001679129504,0.001849873766,0.006071757743,0.0002447858033,0.002327402468,0.0002580341064,0.003350464007,0.04099546063,0.001875123355,0.00507392606,0.001082497561,0.004686944759,-0.2242534246,0.06686762399,-0.002487541692,0.04519917888,-0.0007049844679,0.03246180165,0,0.006038524457,0.003376871913,0.02423271975,0.02311257166,0.000923535427,0.006516228392,0.02069772532,0.07478268637,-0.06324662516,-0.0007946360814,-0.03069338154,0.0003848885164,-0.01426100697,-0.008732669805,0,0.000923535427,0.001343167284,0.0006701335567,0.03038119639,0.006038524457,0.03336819014,0.002751868514,0.0325651203,-0.1471704834,5.809024898e-05,0.000338443133,0.001523280243,1.320021157e-05,0.001133414891,0,0.006516228392,0.03336819014,0.004514455215,0.003039494392,0.003376871913,0.001343167284,0.01355647114,0.002185922452,0.1826443828,-0.006121547934,-0.01028059335,-0.06717167408,-0.1286500254,-0.08829680497,-0.02721274304,0.02069772532,0.002751868514,0.01355647114,0,0.02423271975,0.0006701335567,0.004514455215,0,-0.1267163596,0.001422084424,0.004479829231,0.0004013083518,0.0386414965,0.0001930067653,0.002918707205,0.07478268637,0.0325651203,0.002185922452,0,0.02311257166,0.03038119639,0.003039494392,0
1,1,1,1,1,1500,500,v1,0.003773988455,0,0.03964661897,0.003109444483,0.01139162892,0.0322986077,0,0.1217109962,0.002092979728,0.04193172852,0.003109163518,0.0009840012476,0.08137792504,0.004901288216,0.005645174275,0.04968004469,0.003739678407,0.01060308465,0.03496931524,0.03995565406,0.0006870897171,0.008039384174,0.001020685606,0.0003230309065,0.009527043822,0.003041174011,0.003502743878,0.003145762417,0,0.008075801078,0.02169792267,0,0.0004263286096,0.004988314323,0.00854126549,0.0002004357129,0.03058158539,0.1620837493,0.01124372502,0.01009782297,0.002467640312,0.0259231305,0.09894978157,0.002033125073,0.02111859836,0.01601237102,0.02741726025,0.002032941363,0.00167577046,0.008881657231,0.0005349308416,0.0005533275411,0.0001352185862,0,0.005422123112,0.0001114085779,0.0004081517408,0.003816581357,0,0.004360794695,0.07320186692,-0.00504500411,0,-0.05948485203,-0.1272921686,-0.02746513044,-0.002622518258,0.03318589483,0.1108150173,0.005670152042,0.006061201615,0.0112542253,0.0663486483,0.03291379639,0.01033907258,-0.4049392965,0.1217984019,-0.02943232414,0.006640610587,0.03722325524,0.01108822986,0.0004761416327,0.0112542253,0.004836811641,0,0.03325438448,0.03318589483,0.004038513025,0,0.02736241604,-0.1331484644,0.00557249461,-6.011997497e-05,0.004400486211,0,0.01439513139,0.0001953120094,0.0663486483,0.004038513025,0.01093683051,0.01951894604,0.1108150173,0.004836811641,0.1171114425,0.003075768253,0.08842989868,-0.03724672718,-0.2541531807,-0.02197461291,-0.001108255625,0.004678520337,0.001313757744,0.03291379639,0,0.1171114425,0.001943951288,0.005670152042,0,0.01093683051,0.0009826456324,-0.2897436279,0.002047485796,0.01424566838,0.003769811834,0.0002363766227,0,0.004703398068,0.01033907258,0.02736241604,0.003075768253,0.0009826456324,0.006061201615,0.03325438448,0.01951894604,0.001943951288
1,1,1,1,2,1500,500,v1,0,0,0,0,0,0,0,0,0,0,0,0,0,0.2516917063,0,0,0,0,0.01704443899,0,0,0,0,0,0,0.683536772,0,0,0,0,0.04628877518,0,0,0,0,0,0,0,0,0,0,0,0,0,0,0,0,0,0,0,0.0013470837,0,0,0,0,0,0,9.122384793e-05,0,0,0,0,0,0,0,0,0,0,0,0.6463195392,0,0,0,0.04383454411,0,-0.727816144,0,0.2677134262,0,0,0,0,0,0,0,0,0,0,0,0,0.2691505692,0,-0.7292532877,0,0,0,0,0,0,0,0,0,0,0,0,0,0,0,0,0,0,0,0.04383454411,0,0,0,0.6463195392,0,0,0,-0.4615398664,0,0,0.001437144631,0,0,0,0,0,0,0,0,0,0,0
1,1,1,1,4,1500,500,v1,0.004902341724,0.02074617003,0.07230363492,0.01107154031,0.00805228235,0.01345190741,0.06580989305,0.06744796751,0,0.04694752862,0.0005331380178,0,5.704561335e-05,0,0,0.002605319041,0.001239740172,0.002071073676,0,0.01038437939,0,0,8.208264306e-05,0,0.002835301598,0,0,0.0005126197792,0.007944708759,0.02768854785,0,0.025201781,0,0,0.01797847223,0,8.12508941e-06,4.06611361e-07,0,1.469008285e-06,5.379879091e-06,7.934673583e-05,1.857026788e-05,1.215001963e-05,1.476225842e-05,0,5.152068988e-05,5.850710204e-07,0.02140417314,0.001071148825,0,0.003869853745,0.01417238109,0.05997595525,0.0489202283,0.03200717072,0.02327867386,0,0.1902525235,0.1949881002,-0.4240970655,0.01511742777,0.08588038164,-0.1160491874,0.07466069857,-0.01372480615,0,0.02775600952,0.001514431186,0,0,0.004991443107,0.06904483241,0,0,-0.2053000837,0.00250550909,0,0,0.01153179802,0.00179043696,0,0.004991443107,0.01404830944,0.04679844749,0.06826448272,0.02775600952,0.03155364657,0.1482925673,0.0447121274,-0.3039781745,0.003099351821,0,0,0.03306504228,0.04060372921,0,0.06904483241,0.03155364657,0.02093588364,0.01713190066,0.001514431186,0.01404830944,0.1748328552,0.0007486070861,-0.1866977191,9.318180259e-06,1.8789281e-05,0,1.733563457e-05,0.000127718009,1.403070877e-05,0,0.1482925673,0.1748328552,0,0,0.04679844749,0.02093588364,0,0.2259056519,-0.0249403051,-0.04956380758,0,-0.04553606742,-0.2490061004,-0.216704989,0,0.0447121274,0.0007486070861,0,0,0.06826448272,0.01713190066,0
1,1,1,1,0,1500,500,v1,0,0,0,0,0,0.02429377868,0,0,0,0,0.09765432475,0,0,0,0,0,0,0.05285797371,0,0,0,0,0.2124745515,0,0,0,0,0,0,0,0,0,0,0,0,0,0,0,0,0,0,0,0,0,0.1220623231,0,0,0.4906570482,0,0,0,0,0,0,0,0,0,0,0,0,-0.3472948193,0,0,0,0,0.1219183548,0,0,0,0,0,0,0,0,0,-0.4904474033,0,0,0,0,0.2650709388,0,0,0,0,0,0,0,0,0,0,0,0,0,0,0,0,0,0,0,0.06734718219,0,0,0,0.2707175147,0.3869892935,0,0,0,0,0,-0.612365758,0,0,0,0,0,0,0,0,0,0,0,0,0,0,0,0,0,0.2707175147,0,0,0,0.06734718219,0
1,1,1,1,4,1500,500,v1,0,0,0,0,0,0.02198911215,0,0,0,0,0.2232336524,0,0,0,0,0,0,0.06767083709,0,0,0,0,0.6869949103,0,0,0,0,0,0,0,0,0,0,0,0,0,0,0,0,0,0,0,0,0,9.997125229e-06,0,0,0.0001014908998,0,0,0,0,0,0,0,0,0,0,0,0,-0.754478103,0,0,0,0,0.2451160375,0,0,0,0,0,0,0,0,0,0.2452275146,0,0,0,0,-0.7545896042,0,0,0,0,0,0,0,0,0,0,0,0,0,0,0,0,0,0,0,0.06847865388,0,0,0,0.6955644799,-0.5094735663,0,0,0,0,0,0.0001114818181,0,0,0,0,0,0,0,0,0,0,0,0,0,0,0,0,0,0.6955644799,0,0,0,0.06847865388,0
1,1,1,1,2,1500,500,v1,0.001527335819,0,0,0.0006129184014,1.004685277e-05,1.955079192e-07,0,9.480625884e-07,0,0,1.92106179e-07,0,0.001098456334,4.576018399e-05,0.0006100935514,0.0002767829099,2.844638541e-05,5.535557996e-07,0.0009319222579,2.684318601e-06,0,0.0001461300778,5.439242051e-07,0,0.01973350066,0.004355869766,0.05807424322,0.01058686754,0,0,0.08870882136,0,0,0.01390998751,0,0,0.01667099568,0.08833388396,0.04906151596,0.008943857758,0.3477571896,0,0.02225788015,0.1395546271,4.451495453e-05,0.01175125213,0,4.374041654e-05,0.002718823649,0.01440611331,0.0006001389178,0.001458627454,0.05671469717,0,0.003629972205,0.02275955366,0.0003730706799,0.01222204035,0,3.520449264e-05,-0.4082481058,0.002138349887,0,0,1.039864545e-05,3.822614204e-07,0,0.004700414211,0.1091492713,0.005554865399,0.01758610566,0.001175860282,0.0275060201,0.1130343246,0.00409243409,-0.1881841486,0.001373258756,0.0009727727414,0.0007512055417,2.952362387e-05,1.078504221e-06,0,0.001175860282,0.4342532715,0,0,0.004700414211,0.1742337533,0,0,0.06746600082,-0.01865074785,-0.09271618329,-0.05352840588,0,0,0,0.0275060201,0.1742337533,0.000486023531,6.516365062e-05,0.1091492713,0.4342532715,4.609913574e-05,6.415802709e-05,0.03356484682,0.01059601435,-0.1104526143,0.03832484053,-0.4871630456,0,-8.767521718e-05,0.1130343246,0,4.609913574e-05,0,0.005554865399,0,0.000486023531,0,-0.6938622715,0.004137217174,0.01797582812,0.01268395045,0.07936668044,0,-0.000394670714,0.00409243409,0,6.415802709e-05,0,0.01758610566,0,6.516365062e-05,0
1,1,1,1,3,1500,500,v1,0,0,0,0,0.4243266064,0,0,0.1071203198,0,0,0,0,0,0,0,0,0.3394703342,0,0,0.08569854027,0,0,0,0,0,0,0,0,0,0,0,0,0,0,0,0,0,0,0,0,0,0,0,0,0,0,0,0,0,0,0,0,0,0,0,0,0.03463952683,0,0,0.008744672467,0.2824433654,0,0,0,-0.365768098,0,0,0,0,0,0,0,0,0,0,-0.3225128082,0,0,0,0.2391880757,0,0,0,0,0,0,0,0,0,0,0,0,0,0,0,0,0,0,0,0.09517770807,0,0,0,0.02980939049,0,0,0,0,0,0,0,0,0,0,0.02980939049,0,0,0,0.09517770807,0,-0.126580022,0,0,0,0,0,0.04325528982,0,0,0,0,0,0,0,0
1,1,1,1,1,1500,500,v1,0.1742471765,0,0.1874210942,0.1569753541,0,0.025927754,0,0,0,0.04705004534,0.01310955487,0,0,0,0,0,0,0.0001951903328,0,0,0,0,9.869186421e-05,0,0,0,0,0,0,0.02607471391,0,0,0,0,0.006545775848,0,0,0,0,0,0.1035999854,0.1114326385,0,0.09333089192,0.01541554354,0,0.02797396267,0.007794385655,0,0,0,0,0.001476813442,0,0,0.001330427945,0,0,0,0,0.3867207943,-0.3290325538,0,-0.2308776594,0,-0.03862758141,0,0,0,0,0,0,0,0,0,-0.01579786902,0,0,0,0,0.0002936315833,0,0,0.1053335252,0,0.075612797,0,0.09440297708,0,0.01911984562,-0.09563093715,0,0,0,0,0.03247584168,0,0,0.09440297708,0,0.01546850595,0,0.1053335252,0,0.007787850286,-0.5629646225,0,0,0,0.193071182,0.1352467221,0.02282971237,0,0,0,0,0,0,0,0,-0.1359613721,0,0,0,0.002803703563,0,0,0,0.01911984562,0.007787850286,0,0,0.075612797,0.01546850595,0
1,1,1,1,4,1500,500,v1,0,0,0,0,0,0.2178883014,0,0,0,0,0.07290021268,0,0,0,0,0,0,0.1843826678,0,0,0,0,0.06169002928,0,0,0,0,0,0,0,0,0,0,0,0,0,0,0,0,0,0,0,0,0,0.3470306395,0,0,0.1161081493,0,0,0,0,0,0,0,0,0,0,0,0,-0.2074860425,0,0,0,0,0.2845247001,0,0,0,0,0,0,0,0,0,-0.1651201694,0,0,0,0,0.242158827,0,0,0,0,0,0,0,0,0,0,0,0,0,0,0,0,0,0,0,-0.08704925827,0,0,0,-0.02850872807,0.5266835277,0,0,0,0,0,-0.4496448696,0,0,0,0,0,0,0,0,0,0,0,0,0,0,0,0,0,-0.02850872807,0,0,0,-0.08704925827,0
1,1,1,1,3,1500,500,v1,0.01594849052,0.02153918896,0.001672803393,0.004984248744,0,0.03723938994,0.01690252706,0,0.007371474075,0.01975199021,0.02814334817,0.002793877913,0,0,0.01752922146,0,0,0.02519311311,0,0,0.004986934008,0.01065083329,0.01903947822,0.001890108361,0.000589920935,0,0.008267983902,0.0002329273782,0.006872988536,0.0005337786192,0,0.0053934656,0.00235218034,0.005023663967,0.006302707243,0.0008915048243,0.00361948176,0,0.05072852165,0.001429134561,0.03122399305,0.003275018501,0,0.009758174165,0.07290736708,0.03082287645,0.03867049387,0.05509911466,0.01284262016,0,0,0.005070845372,0.1107887563,0.1496254428,0,0.03462388612,0,0,0.1174161247,0,-0.4658456701,0.02046347144,0.03732281257,0.009050457635,0,0.04781773991,-0.004511103435,0.01632458182,0,0,0.0405523373,0.005667197327,0,0,0.02548732494,-0.1381639731,0,0,0.02352035645,0,0.04035542847,-0.002351253281,0.005667197327,0.09539395207,0.1818148381,0.00266939223,0.01632458182,0.03139037973,0.1432260104,0.03013936568,-0.3331846995,0.000693166173,0,0.01048627264,0.01219272138,0.005696151005,0.0005775071834,0,0.03139037973,0,0.02328559571,0,0.09539395207,0,0.01620662957,0.002922025686,0.0009672289711,0,-0.07803307061,0.03385307743,-0.03661911387,-0.1145013187,0,0.1432260104,0,0.006682864611,0,0.1818148381,0,0.002744409689,0.105492478,-0.01632158124,0,0,-0.1388394369,-0.2662094327,0,0.02548732494,0.03013936568,0.01620662957,0.002744409689,0.0405523373,0.00266939223,0.02328559571,0.006682864611
1,1,1,1,2,1500,500,v1,0,0,0,0,0,0,0,0,0,0,0,0,0.1999595768,0,0,0.6772800754,0,0,0,0,0,0,0,0,0,0,0,0,0,0,0,0,0,0,0,0,0,0.01344542542,0,0,0,0,0.04554079825,0,0,0,0,0,0,0.01453678802,0,0,0,0,0.04923733609,0,0,0,0,0,0,0,0,0,0,0,0,0,0.2579926999,0,0,0,0.8738649971,0,0,0.1226313478,-0.8772031454,0,0,0,0,0,0,0,0,0,0,0,0,0,0,0,0,0,0,0,0,0.8738649971,0,0,0,0.2579926999,0,0,0,-0.813454462,0,0.05888266416,0,0,0,0,0,0,0,0,0,0,0,0,-0.818320481,0,0.06374868373,0,0,0,0,0,0,0,0,0,0,0,0
1,1,1,1,0,1500,500,v1,0,0.1625315038,0,0,0,0,0.07873267688,0,0,0,0,0,0,0.004915270603,0,0,0,0,0.01220354581,0,0,0,0,0,0.02644656153,0.01025082009,0,0.04193734017,0.0197619038,0,0.02545055252,0.009572960013,0,0,0,0,0.200001192,0,0,0.317149661,0,0,0,0,0,0,0,0,0.0180471553,0,0.006995168049,0.02861807537,0,0.01348553938,0,0,0,0.01736747794,0.006532595773,0,0.04921053245,0,-0.2407162565,0,0,0,0,0.2331739641,0,-0.001327653635,0,0.3697273405,0,-0.005748864146,0,-0.0108083101,0,0.0155259886,0,0,0,0,0.3697273405,0,0.1935644022,0,0.2331739641,0,0.09369418362,0,-0.6608676404,0.06832231071,-0.02541511687,0,0.02923819521,0,0,0,0,0,0,0,0,0,0,0.1149402157,-0.5168744191,0,0,0,0,0,-0.005748864146,0.09369418362,0,0,-0.001327653635,0.1935644022,0,0,-0.6699192987,0.04661790504,0,0.01460680677,0,0.01997233724,0,0,0,0,0,0,0,0,0
1,1,1,1,3,1500,500,v1,0,0,0,0,0,0.0007591434917,0,0,0,0,0.001663251885,0,0.04402845521,0,0.06184428852,0.05432448393,0,0.02235090268,0,0,0,0.1518186487,0.04896990018,0,0,0,0.03895050295,0,0,0,0,0,0,0.09561776625,0,0,0,0.05134973308,0.07212807474,0,0,0,0.06335783838,0,0.02606752568,0.177063834,0,0.05711286692,0,0.01459041199,0,0,0,0,0.01800237138,0,0,0,0,0,-0.02862046495,0,0,0,0,0.002373705154,0,0,-0.00247063183,0,-0.04000743138,0,-0.007854677714,0,-0.105452809,-0.07700688733,0.04259800525,0,0.0869008496,0,0.02511830605,0,0,0,0,0,0,0,0,0,-0.02657208199,0,0,0.1235455756,0,0,0,-0.007854677714,0,0,0.008095564715,-0.00247063183,0,0,0.03127457499,0.3111720898,0,-0.06635011296,-0.1134729316,0,0,-0.053738771,0,0,0,0,0,0,0,0,-0.0237521077,0,0.03063564741,0,0,0,0,-0.105452809,0,0.03127457499,0,-0.04000743138,0,0.008095564715,0
1,1,1,1,0,1500,500,v1,0,3.297090316e-05,0,0,0,0,0.00127652311,0,0,0,0,0,0,0.2013556654,0,0,0,0,0.09688874668,0,0,0,0,0,0.0007702547531,0.0009055035861,0,0.001286832217,4.462093135e-06,0,0.0004357121386,0.0001727573242,0,0,0,0,0.01441815203,0,0,0.02408780012,0,0,0,0,0,0,0,0,0.1418278119,0,0.1667313208,0.2369457596,0,0.0008216098679,0,0,0,0.080228131,0.03180998648,0,-0.03232068078,0,0.001297209463,0,0,0,0,0.1899505058,0,0.07690223413,0,0.3173467825,0,0.03973121353,0,0.1283648875,0,-0.206120519,0,0,0,0,0.3173467825,0,0.001172290909,0,0.1899505058,0,0.04536291599,0,-0.4505379914,0.002052019036,0.0013326321,0,0.0001760454455,0,0,0,0,0,0,0,0,0,0,-0.3766912515,0.03849305884,0,0,0,0,0,0.03973121353,0.04536291599,0,0,0.07690223413,0.001172290909,0,0,-0.1627695532,-0.3787432707,0,0.1270322554,0,-0.03249672623,0,0,0,0,0,0,0,0,0
1,1,1,1,3,1500,500,v1,0.03823722164,0.05812609203,0.03170284283,0.2731799435,0,0.002634165003,0.1876145713,0,0.002696097027,0.001461677699,0.01209102401,0.001179702081,0.0007849769555,0.008467620027,0.001125770883,0.00449157148,0,0.001161358967,0.001564428002,0,0.001188663754,0.003451961521,0.005330728769,0.0005201107711,0.0001869899504,0.008051489138,0.001070446242,0.0007271669816,0.02436741599,0.01329035433,0.00148754609,0.0786511211,0.001130248319,0.00328231907,0.000612759387,0.0004945505597,0.0002517991418,0.001005096444,0.001441454176,0.0009791971252,0.02158542777,0.01789668272,0.0057510765,0.1542137657,0.001487021701,0.004419944082,0.0008251367916,0.006825546267,9.727101719e-06,3.882727826e-05,0.0004188334916,3.782677721e-05,0.0008338537218,0.001267577928,0.0002221663891,0.005957339546,0,7.738122877e-05,0.004091382737,0,0.308249149,-0.3028874765,-0.2412001891,-0.02871916539,0,-0.007912342546,-0.003305973954,0.0002597288266,0.001096351537,0.009705172445,0.001256160795,0.0008841911405,0.006456188704,0.00212813154,0.004769998334,-0.01447411121,-0.000113847246,-0.00646506603,-0.001412845736,0,0.001869128928,0.0006975262193,0.0008841911405,0.02361014294,0.04878381146,0.009573856833,0.0002597288266,0.1696532841,0.1572144398,0.0003916432497,-0.2623088597,0.0001184841632,-0.001600288898,-0.0007200507732,0.0985568572,0.006700654146,0.001404077715,0.006456188704,0.1696532841,0,0.0003644978378,0.001096351537,0.02361014294,0,0.002265766388,-0.3260265624,-0.0009194604209,-0.00516188246,-0.001884542911,0.1672733589,0.0153748445,0.004289704136,0.00212813154,0.1572144398,0,0.001336059292,0.009705172445,0.04878381146,0,0.0004704957378,-0.2923995123,3.836294628e-05,0.0002407028768,0.0001764856166,0.006771832797,0.005311164456,0,0.004769998334,0.0003916432497,0.002265766388,0.0004704957378,0.001256160795,0.009573856833,0.0003644978378,0.001336059292
1,1,1,1,3,1500,500,v1,0.04927573226,0.003451686633,0.008090440784,0.04265827342,0.0183558475,0.01170433243,0.003484551386,0.00910540091,0.002220267356,0.0005768944881,0.05826164271,0.0003687651569,0,0.005965716167,0.02642277429,0,0.08331709164,0.05312590102,0.0009331328354,0.04132936504,0.01007778141,0.01085085077,0.2644492783,0.001673823035,8.718620673e-05,0.0002061998332,0.0009132804004,0.0001089930245,0.0005415227966,0.001269280379,3.225293152e-05,0.0005466788303,0.0003483298212,0.0003750502966,9.050691727e-05,5.785424932e-05,0.000345888945,0,0.003623206078,0.0004324019094,0.03066954753,0.005035544816,0,0.02655079659,0.007284855307,0.001487915993,0.0003590630136,0.03626243869,0.0007648003443,0,0.001808791887,0.0009560904851,0.06781390631,0.004750256226,0,0.05870687302,0.02526155707,0.0002829238024,0.004795485127,0.01253097165,-0.4086732008,0.05475247028,-0.0001641892671,-0.005332597316,0.02674179743,0.0676447129,0.002372536687,0.0009060012281,0,0.006524672958,0.03306235792,0.0009021085186,0,0.001106016465,0.01348803556,0.1818028128,0,-0.006400793332,-0.03666709852,-0.1221671121,-0.3162571643,-0.01164928137,0.0009021085186,-0.01940799626,0.003383527354,0.005873026213,0.0009060012281,-0.01277294551,0.003659436688,0.0004257907096,-0.05776966043,3.328909764e-05,0.0002003512686,0.001215975436,0.0006324026163,0.0001902481873,0.0003953123451,0,-0.01277294551,0.0609953763,0.05172406393,0,-0.01940799626,0.03004683696,0.2567384468,-0.3226958446,0.0001208092223,0,0.004417527365,0.05361767316,0.0009431378442,0.04297077765,0.001106016465,0.003659436688,0.03004683696,0.01139783729,0.006524672958,0.003383527354,0.0609953763,0.00192431121,0.007366698504,-0.001359504818,0,0.001113315787,-0.08691618234,-0.005163522711,0.03473050585,0.01348803556,0.0004257907096,0.2567384468,0.00192431121,0.03306235792,0.005873026213,0.05172406393,0.01139783729
1,1,1,1,4,1500,500,v1,0.000920318937,0.001037308847,0,0.0008621740545,0.0011683499,0.01155825446,0.001793716705,0.0005820551255,0.009158355099,0,0.006912135348,0.01678325988,0.0163016557,0.09438834528,0,0.0314724961,0.01127346442,0.1115261536,0.2977097119,0.005616277921,0.08836940915,0,0.06669552665,0.1619424824,0,0.005482948539,0,0,0.000581417838,0,0.01729373499,0.001005388985,0.00513331303,0,0,0.009407117949,0,0.00158769012,0,0,0.0008648819969,0,0.003065245153,0.000810239568,0.0108620238,0,0,0.006495771392,0,4.353722325e-05,0.0002520852199,0,2.371656793e-05,2.673139142e-05,8.405435094e-05,2.221817753e-05,3.010831208e-05,0.0007951004751,4.622397994e-05,1.499952828e-05,-0.4118004913,-0.0008887715883,-0.002361970139,0,0.001734981242,0.01830927009,0.02549882584,0,0.02199483851,0.1329565187,0,0,0.04246211294,0.419375557,0,0.1048654646,-0.04767887273,-0.3920208137,0,-0.01685056796,-0.1780897672,-0.2488923334,0,0.0009379057851,0.0006324871231,0,0,0.0004252955311,0.001055235731,0,-0.6166637479,0,0.02275264825,0,0.001171058576,0,0.01349618249,0.04246211294,0.0004252955311,0.01508865215,0.1338319452,0.02199483851,0.0009379057851,0.007517233306,0.07992749514,-0.2081785293,0,0.004580313327,0,-6.238166559e-05,0,0.01727420334,0.419375557,0.001055235731,0.007517233306,0.1111545488,0.1329565187,0.0006324871231,0.01508865215,0.2036914388,-0.4296243742,0,0.0001272584894,0.001046785581,4.235237653e-05,6.576299745e-05,4.499639974e-05,0,0,0.07992749514,0.2036914388,0,0,0.1338319452,0.1111545488
1,1,1,1,2,1500,500,v1,0.03427003521,0,0,0.005692069556,0,0,0,0,0,0,0,0,0,0,0,0,0,0,0,0,0,0,0,0,0,0,0,0,0,0,0,0,0,0,0,0,0,0,0,0,0.8175849923,0,0,0.1357964944,0,0,0,0,0,0,0,0,0.005708291783,0,0,0.0009481167345,0,0,0,0,-0.9467281855,0.03995146481,0,0,0,0,0,0,0,0,0,0,0,0,0,0,0,0,0,0,0,0,0,1.166426693,0,0,0,0.1937383812,0,0,0,0,0,0,0,0,0,0,0.1937383812,0,0,0,1.166426693,0,0,0.04659224882,0,0,0,-0.9533689654,0,0,0,0,0,0,0,0,0,0,-0.9134175017,0,0,0,0.006640783955,0,0,0,0,0,0,0,0,0,0
1,1,1,1,1,1500,500,v1,0,0.09361305694,0,0,0,0,0.04169499401,0,0,0,0,0,0,0,0,0,0,0,0,0,0,0,0,0,0,0,0,0,0.5930498456,0,0,0.2641427443,0,0,0,0,0,0,0,0,0,0,0,0,0,0,0,0,0,0,0,0,0,0.005188441683,0,0,0,0,0.002310917429,0,-0.8496535362,0,0.1352547201,0,0,0,0,0,0,0,0,0,0,0,0,0,0,0,0,0,0,0,0,0,0.7413767176,0,0,0,0.3302215042,0,0.1427469063,0,0,0,-0.8571457222,0,0,0,0,0,0,0,0,0,0,0,0,0,0,0,0,0,0,0.3302215042,0,0,0,0.7413767176,0,0,-0.7218910017,0,0,0,0,0.007492186273,0,0,0,0,0,0,0,0,0
1,1,1,1,0,1500,500,v1,0.006421995263,1.880963679e-05,0.001878085553,0.01511367875,0.02898218829,0,0.0001384676524,0.01426621946,0.02208678897,0.003200192079,0,0.02063132034,0,0.1203546529,0,0,0.05544092956,0,0.02211675979,0.027290295,0.04225050569,0,0,0.03946629447,0.007179991009,0.1589678013,0,0.004917007493,4.75254264e-05,0.004745270614,0.02921243668,0.000349859718,0.055805653,0,0.008085775119,0.05212818873,0.0002657160783,0,0,0.0001819679087,0.0006004951821,0.0001756122949,0,0.001413219864,0,0,0.0002992372069,0,0.005044004593,0,0.111676229,0.003454239475,0.01139901084,3.338701522e-05,0,0.0268267074,0.05144324542,0.02052198458,0.0002457794198,0.02532247122,-0.143920007,0.001103068451,4.335287469e-05,-0.0006755069418,0.01365420392,0,0.0351140228,0.01013969988,0,-0.06146814763,0,0.007575573476,0,-0.01043737053,0,-0.09961213698,0,0.0938741402,0,-0.02664761129,0,0.0312540638,0.007575573476,0.01588965015,6.136677542e-05,0.006168103577,0.01013969988,0.03495643024,0.0004192996597,0.01092361426,0.2569601138,-0.008774364771,-0.1463475163,0,-0.0003098387161,-0.01074839991,-0.08047697884,0,0.03495643024,0.0361365845,0,0,0.01588965015,0.01630291162,0,-0.05768078462,0.0001246917582,0,0,0.000424616847,2.942829839e-05,0,-0.01043737053,0.0004192996597,0.01630291162,0.01207341466,-0.06146814763,6.136677542e-05,0.0361365845,0.00908992369,-0.07285525688,-0.003160509227,0,0.1004103882,-0.0354250722,-5.395844869e-05,-0.02196625673,0,0.01092361426,0,0.00908992369,0,0.006168103577,0,0.01207341466
1,1,1,1,2,1500,500,v1,0.001876631928,0.0002255696663,0.00598288,0.002767509747,0.0002758979012,0,0.002031344539,0.0005371228147,1.329231073e-05,0.003795361323,0,0.0007881948432,0,0.1237077901,0,0,0.002400429861,0,0.05716198427,0.004673198448,0.0001156487942,0,0,0.006857632588,0.001312210278,0.01886296563,0,0.0003415894154,0.0002992500597,0.007937136346,0.008716060191,0.002694865779,1.763412982e-05,0,0.005035083488,0.001045651916,0.03744587717,0,0,0.009747763375,0.07104495162,0.2264980222,0,0.1047715288,0,0,0.1436836161,0,0.004898691806,0,0.07041848146,0.001275208172,0.009294142604,0.001117148554,0,0.01370627338,0.001366402436,0.03253845313,0.01006036694,0.002660135938,-0.5251500159,0.004581246354,0.00209615398,0.009657069142,0.0007485125526,0,0.0004713732894,0.04669467832,0,0.05133435748,0,0.01214515807,0,0.02425274173,0,0.1317583792,0,-0.1772219651,0,-0.006324667705,0,-0.005729033921,0.01214515807,0.08996983268,0.0007917848384,0.3183183924,0.04669467832,0.132576205,0.007215822283,0.2018326223,-0.4919002146,0.001650508697,0.02748613355,0,0.002845416337,0.01293678905,0.0009810003847,0,0.132576205,0.001524572574,0,0,0.08996983268,0.002749267853,0,0.05762107895,-0.0469454778,0,0,-0.1756723255,-0.3693612007,0,0.02425274173,0.007215822283,0.002749267853,0.0001197317712,0.05133435748,0.0007917848384,0.001524572574,0.006295258595,-0.3667564645,0.006068411488,0,0.09934443189,0.02272705428,-0.01027997511,0.002726928206,0,0.2018326223,0,0.006295258595,0,0.3183183924,0,0.0001197317712
1,1,1,1,4,1500,500,v1,0,0.09177302327,0.0002984441466,0,0.00022452681,0.03232226537,0.1278595368,0.00109091474,0.02474917129,0.00469074893,0.07947525961,0.001546478747,0,0.002058249437,0.008784729988,0,4.263010293e-05,0.006136913002,0.000113127345,0.0002071280826,0.004699036695,0.00253498614,0.01508968349,0.0002936243923,0,0.01075224695,0.04589122413,0,0.09102578628,0.000296014146,0.000590974606,0.1268184752,0.02454765786,0.01324270834,0.004652555777,0.001533886962,0,0,0.0587655239,0,0,0.0003790577981,0,0,0.04105293027,0.01695781075,0.005957781317,0.1009425625,0,0,0.002453849426,0,0,0.02077366474,0,0,5.082370081e-05,0.0001348706651,0.02894217775,0.0002469385476,-0.08180934189,0,-0.043994131,0.0005877869863,-0.001228057734,0.03526585467,-0.009480048876,0,0,0.01152757567,0.06266893135,0,0,0.0006554986963,0.02001751709,-0.1586423198,0,0.001015407654,0.009484553944,6.908915074e-05,0.02006622229,0.004017297489,0,0,0.02789606449,8.878413028e-05,0,0,0.03005447003,0.001832486318,-0.0538302376,0,-0.01059623833,-0.007807400662,-0.03691845815,0.0005286982872,-0.005943801728,0,0,0.000268488594,0.02172462976,0,0,0.001273613003,0.05073853995,0.05812571546,0,0,-0.05680145222,0,-0.002397332239,-0.1036408567,0.0006554986963,0.03005447003,0.001273613003,0.0161134923,0.01152757567,0.02789606449,0.000268488594,0.0009963373737,-0.09165238848,0,0,0.001458781086,0,0.04227889943,0.0001309008497,0.02001751709,0.001832486318,0.05073853995,0.0009963373737,0.06266893135,8.878413028e-05,0.02172462976,0.0161134923
1,1,1,1,3,1500,500,v1,0,0.003724625185,0.0008809299796,0,0,0,0.003179721617,0,0.01351835227,0.002089012225,0,0.01493082695,0,0,0,0,0,0,0,0,0.04887160822,0,0,0.05397799308,0,0,0,0,0.06926781899,0.01638288293,0,0.05913410625,0.2514042975,0,0.03884990126,0.277672455,0,0,0,0,0,0.02835391901,0,0,0,0,0.06723767474,0,0,0,0,0,0,0.02725565529,0,0,0,0,0.02326821949,0,-0.5440041408,0,0.006651747291,0.002963912591,0,0,0.02807913842,0,0,0,0,0,0,0,0,-0.5001595084,0,0,0,0,0,0.1018781135,0,0,0.05784969741,0.01725057477,0,0,0.04967767362,0.03726397742,0.1056152684,0,0,0,-0.1267276371,0.04304167191,-0.5282386468,0,0,0,0,0,0,0,0,0.04600558451,0,0,0,0,-0.08234861929,0,0,0.04967767362,0,0.2839240508,0,0.05784969741,0,0.3134980414,-0.1200758898,0,0,0,0,0.04839097587,0,0,0.03726397742,0,0.3134980414,0,0.01725057477,0,0.2839240508
1,1,1,1,0,1500,500,v1,0,0.1497644464,0.05048116504,0,0.005417149253,0.03787373134,0.05755607972,0.001446311538,0.01658839206,0.04504018302,0.06862801276,0.1754330356,0,0.04356347734,0.0002677114561,0,0.0007119852038,0.004977809372,0.001361062258,0.0001900912024,0.002180240778,0.003199003277,0.009019897249,0.02305746431,0,0.005770158127,3.545946119e-05,0,0.002607198324,0.0008788094375,0.0001802781809,0.001001974222,0.000288781677,0.0004237208755,0.0007840892316,0.003054054065,0,0,0.001482431106,0,0,0.03673982635,0,0,0.0275642274,0.01771422873,0.03277991903,0.0499469707,0,0,0.07272429616,0,0,0.03285987298,0,0,0.001188578736,0.002272139434,0.01262840089,0.0003173357534,0.2073709963,0,-0.2055229707,-0.08164530448,-0.006503228625,-0.09464380053,-0.1916922947,0,0,0.04722563574,0.001829658851,0,0,0.002669102567,0.02109325272,-0.3023252076,0,0.02625007151,0.003125967496,0.0007291088019,0.01386373727,0.02497547849,0,0,0.1715772476,0.02508798002,0,0,0.06611181006,0.0189242499,-0.4143219406,0,0.00557663118,0.0004508052318,0.003593227946,0.001638506385,0.003262232231,0,0,0.005885106916,0.00870279579,0,0,0.001579780882,0.0159040567,-0.157210089,0,0,-0.01885871372,0,0.05066531155,0.06437549496,0.002669102567,0.06611181006,0.001579780882,0.02119015608,0.04722563574,0.1715772476,0.005885106916,0.2239917197,-0.1758771587,0,0,-0.06508986156,0,0.04347037098,0.0007975279539,0.02109325272,0.0189242499,0.0159040567,0.2239917197,0.001829658851,0.02508798002,0.00870279579,0.02119015608
1,1,1,1,2,1500,500,v1,0,0,0,0,0.1062922581,0,0,0.001894468081,0,0,0,0,0.01049962752,0.004009360196,0,0.001890092645,0.0413257296,0,0.001667544393,0.0007365567076,0,0,0,0,0,0.02419480525,0,0,0,0,0.01006293021,0,0,0,0,0,0,0.06841852739,0,0,0,0,0.01231637553,0,0,0,0,0,0,0.1251477204,0.04778857993,0,0,0,0.02252849308,0,0.4925718409,0.01987588409,0,0.008779206002,-0.4590056696,0,0,0,0.1080405053,0,0,0,0.06940158932,0.02927050698,0,0,0.01249533567,0.01219170137,0,-0.4931809417,0.0123055163,0.005663926218,0,0.04200691347,0,0,0,0,0,0,0,0,0,0,-0.06180432548,0,0.03416285324,0,0,0,0,0.01249533567,0,0.5172231175,0,0.06940158932,0,0.009224629322,0,-0.1345262233,0,0.07992827322,0,0,0,0,0.01219170137,0,0.009224629322,0,0.02927050698,0,0.5172231175,0,0.2821079871,0,-0.1468317393,-0.0674682515,0,0,-0.5010125827,0,0,0,0,0,0,0,0
1,1,1,1,1,1500,500,v1,0,0.000475144392,0,0,0,0,4.553948483e-05,0,0,0,0,0,0,0.1607086564,0,0,0,0,0.3389782939,0,0,0,0,0,0.02943528974,0.04802908381,0,0.1970712849,0.003284037262,0,0.1013064091,0.0003147535098,0,0,0,0,0.01563616526,0,0,0.1046851995,0,0,0,0,0,0,0,0,2.338333475e-06,0,3.815420722e-06,1.565530309e-05,0,2.608832571e-07,0,0,0,8.047760685e-06,2.500395528e-08,0,-0.003498274693,0,0.0003914675603,0,0,0,0,0.02069448805,0,0.1686875044,0,0.1385986651,0,0.3553951447,0,0.1480321334,0,-0.4974205655,0,0,0,0,0.1385986651,0,0.004250759914,0,0.02069448805,0,0.0004094507655,0,-0.379898988,-0.2233134506,0.1480202821,0,-0.003498523017,0,0,0,0,0,0,0,0,0,0,-0.223295468,0.1171000334,0,0,0,0,0,0.3553951447,0.0004094507655,0,0,0.1686875044,0.004250759914,0,0,-0.4587207537,1.798180697e-05,0,1.185133919e-05,0,2.483346862e-07,0,0,0,0,0,0,0,0,0
1,1,1,1,1,1500,500,v1,0,0.03419335252,4.577824749e-05,0,0.01289731028,0.1064511824,0.04982089209,0.02666760213,0.02998720206,2.003636816e-05,0.06671729071,0.07205535872,0,0.002421577613,1.120877375e-06,0,0.001424792397,0.0117598811,0.0005355068116,0.002946024865,0.003312747898,1.954654075e-07,0.007370396348,0.007960103702,0,0.009533490367,4.412773557e-06,0,0.01487125648,1.990971956e-05,0.002108232667,0.02166793278,0.01304193184,7.695262664e-07,8.714149033e-06,0.03133807132,0,0,2.738148903e-05,0,0,0.0001235408436,0,0,0.2872776831,4.774950437e-06,5.407174719e-05,0.1800486219,0,0,0.0004783416,0,0,0.0007461632984,0,0,0.000281443581,0.0001057802912,0.00108718562,0.0005819372627,-0.3481451998,0,-0.08361163047,-7.830557151e-06,-0.03935909524,0.1710128621,-0.09939690081,0,0,0.009735349661,2.577183515e-05,0,0,0.002160644254,4.980899074e-06,-0.3990562064,0,0.002856599564,1.12861319e-06,0.00429289192,0.01911324446,0.01108172951,0,0,0.02785512806,0.0001160294194,0,0,0.04060122171,5.01420936e-05,-0.1668567327,0,-0.01132033843,8.827321421e-07,0.03614834691,1.316045395e-05,0.04209787935,0,0,0.01673110297,0.2516224634,0,0,0.03458970197,0.1583699666,0.190133448,0,0,-2.251316812e-05,0,-0.0001161109054,-0.4634543944,0.002160644254,0.04060122171,0.03458970197,0.02045509572,0.009735349661,0.02785512806,0.01673110297,0.04887084212,-0.09099322465,0,0,0.0005330762625,0,0.001825716998,0.0008523333269,4.980899074e-06,5.01420936e-05,0.1583699666,0.04887084212,2.577183515e-05,0.0001160294194,0.2516224634,0.02045509572
1,1,1,1,4,1500,500,v1,0,0,0,0,0.1261611788,0.07243121003,0,0.2034034867,0.1432483714,0,0.04376878926,0.01513259213,0,0,0,0,0.06242551917,0.03583951841,0,0.1006456057,0.07088039314,0,0.02165713272,0.007487722681,0,0,0,0,0,0,0,0,0.01334798006,0,0,0.001410065162,0,0,0,0,0,0,0,0,0.01519993786,0,0,0.009185030552,0,0,0,0,0,0,0,0,0.022117119,0,0,0.03565834723,0.3935900818,0,0,0,-0.327906687,-0.1156829987,-0.1578244057,0,0,0,0,0,0,0,0,-0.5046685007,0,0,0,0.1622098767,0.05690395308,0.07773065754,0,0,0,0,0,0,0,0,-0.08009374815,0,0,0,0,0,0.0147471825,0,0,0.06231642188,0.03225415862,0,0,0.09967841448,0.01946717222,-0.0587790457,0,0,0,0,0,0.02429815834,0,0,0.09967841448,0.08861501245,0,0,0.06231642188,0.009404836335,-0.1656968104,0,0,0,0,0,0.05770025209,0,0,0.01946717222,0.009404836335,0,0,0.03225415862,0.08861501245
1,1,1,1,0,1500,500,v1,0,0,0,0,0,0,0,0,0,0,0,0,0,0,0,0,0,0,0,0,0,0,0,0,0.3887743048,0,0,0.4176660361,0,0,0,0,0,0,0,0,0.06476935662,0,0,0.06958268617,0,0,0,0,0,0,0,0,0.02854321482,0,0,0.03066440154,0,0,0,0,0,0,0,0,0,0,0,0,0,0,0,0.4435833984,0,0,0,0.4764165581,0,0,0,0,0,0,0,0,0,0,0.4764165581,0,0,0,0.4435833984,0,0,0,0.1929979654,-0.8063312701,0,0,0,0,0,0,0,0,0,0,0,0,0,-0.7472562251,0.1339229206,0,0,0,0,0,0,0,0,0,0,0,0,0,-0.6724083495,0.0590750448,0,0,0,0,0,0,0,0,0,0,0,0,0
1,1,1,1,4,1500,500,v1,0.002437435157,0,0,9.147460118e-05,0.00124134518,0.01978580671,0,0.00114683093,0,0,0.01842528682,0,0.007924007616,0.0005734896138,0.001279965742,0.0007149079541,0.001963550125,0.03129703475,0.001638504339,0.001814048221,0,0.0003553718205,0.029144975,0,1.121126734e-05,0.0002233135772,0.0004984113427,0.002122670459,0,0,0.0006380242228,0,0,0.0001383797554,0,0,0.0002995849378,0.08245172029,0.01331843462,0.05672151754,0.04011782116,0,0.00743883569,0.00150558331,0.3256552089,0.00369775237,0,0.3032623696,5.023578312e-05,0.01382588447,0.001000630177,0.009511325485,0.00672714115,0,0.001247378253,0.0002524631485,0.003426021087,0.002858878082,0,0.00316516873,-0.6058473386,0.00251351074,0,0,0.002202705282,0.03806358925,0,0.0003557539869,0.09095996784,0.0003172409474,0.01731948633,0.06744394066,0.008212701416,0.000884945073,0.004810747035,-0.6880216257,0.008551055584,0.001886858247,0.001612967439,0.003069283554,0.06027739518,0,0.06744394066,0.04642815188,0,0,0.0003557539869,0.001742136582,0,0,-0.06429024728,0.00211325065,0.0007918655577,0.0006303882925,0,0,0,0.008212701416,0.001742136582,0.0003948842495,0.4120276298,0.09095996784,0.04642815188,0.0003121815208,0.3836963188,0.1451498057,-0.05685480821,-0.08966040303,-0.01699684476,-0.04147868995,0,-0.6288236168,0.000884945073,0,0.0003121815208,0,0.0003172409474,0,0.0003948842495,0,-0.1668653714,0.009541761109,0.0149942346,-0.003480181154,0.006851653494,0,-0.00574336602,0.004810747035,0,0.3836963188,0,0.01731948633,0,0.4120276298,0
1,1,1,1,1,1500,500,v1,0,0.1335030086,0,0,0,0,0.02135284519,0,0,0,0,0,0,0,0,0,0,0,0,0,0,0,0,0,0,0,0,0,0.3418927944,0,0,0.0546832913,0,0,0,0,0,0,0,0,0,0,0,0,0,0,0,0,0,0,0,0,0,0.3867156725,0,0,0,0,0.061852388,0,-0.04750929333,0,0.1547535958,0,0,0,0,0,0,0,0,0,0,0,0,0,0,0,0,0,0,0,0,0,-0.152703599,0,0,0,-0.008162854789,0,-0.03952862347,0,0,0,0.146772926,0,0,0,0,0,0,0,0,0,0,0,0,0,0,0,0,0,0,-0.008162854789,0,0,0,-0.152703599,0,0,0.3015265215,0,0,0,0,-0.1942822193,0,0,0,0,0,0,0,0,0
1,1,1,1,0,1500,500,v1,0,0.0003692910299,0.004579581173,0,0.006895259346,0.03978044618,0.002927579914,0.008195336162,0.003055947041,0.001471622642,0.1618188914,0.004985146051,0,0.0008989109807,1.415996781e-05,0,0.0004742807121,0.002736242018,0.001273835192,0.0005637046667,0.0002101990173,8.87511046e-05,0.01113048476,0.0003428962568,0,0.03966340074,0.0006247920982,0,0.001120796791,0.01389901044,0.05620649518,0.008885193267,0.00927478698,0.003916039189,0.004466368802,0.01512989822,0,0,0.0004936883144,0,0,0.01098249971,0,0,0.09539927828,0.00309431376,0.003529164488,0.3880651661,0,0,0.0244337688,0,0,0.0006904423007,0,0,0.01289167172,0.03462477959,0.005473528593,0.01532235093,-0.5252339984,0,0.002413299433,0.005698418404,0.003149159308,0.1988605709,0.005822532204,0,0,0.02368323608,0.0008167561653,0,0,0.03417566118,0.005140826762,-0.3625721949,0,0.002091460533,9.099239848e-05,0.0009758918115,0.0138231626,0.0005085950876,0,0,0.0005417613622,0.005201417498,0,0,0.001383089013,0.003002100859,0.04673653777,0,-0.06898563276,-0.0021611022,-0.006489786954,-0.0120654546,-0.02268474567,0,0,0.01305496905,0.07910658495,0,0,0.01461254311,0.3225021335,0.2042465856,0,0,-0.001901612148,0,0.0008980239599,-0.4804228789,0.03417566118,0.001383089013,0.01461254311,0.00967980743,0.02368323608,0.0005417613622,0.01305496905,0.01485062015,-0.0668456086,0,0,0.02832157399,0,0.002793253937,-0.02257005922,0.005140826762,0.003002100859,0.3225021335,0.01485062015,0.0008167561653,0.005201417498,0.07910658495,0.00967980743
1,1,1,1,4,1500,500,v1,0,0.02753044246,0,0,0,0,0.153107538,0,0,0,0,0,0,0,0,0,0,0,0,0,0,0,0,0,0,0,0,0,0.1018122071,0,0,0.5662174294,0,0,0,0,0,0,0,0,0,0,0,0,0,0,0,0,0,0,0,0,0,0.02306407244,0,0,0,0,0.1282683107,0,-0.5166542263,0,0.1805644113,0,0,0,0,0,0,0,0,0,0,0,0,0,0,0,0,0,0,0,0,0,0.07682838212,0,0,0,0.4273063427,0,0.3318786421,0,0,0,-0.6679684651,0,0,0,0,0,0,0,0,0,0,0,0,0,0,0,0,0,0,0.4273063427,0,0,0,0.07682838212,0,0,-0.4874040518,0,0,0,0,0.1513142311,0,0,0,0,0,0,0,0,0
1,1,1,1,3,1500,500,v1,0.01292915158,0.01590442489,9.460923523e-05,0.2671844544,0,0.113232165,0.0009660375505,0,0.00628462545,0.001094843655,0.13851256,0.02234507946,0,0,0.01562483992,0,0,0.02503309615,0,0,0.001389389959,0.005139237792,0.03062202539,0.00493999671,0.01003627091,0,0.01034539925,0.01125122631,0.002328061265,1.384873061e-05,0,0.0001414068485,0.000919932231,0.003402752737,0.0001602612557,0.003270832759,0.005218989445,0,0.005379740145,0.005850781818,0.0009841482064,7.20151733e-06,0,0.02033769192,0.00861906765,0.001769475016,8.333790602e-05,0.01054337453,0.03689081546,0,0,0.04135668688,0.006956524869,0.008557369492,0,0.1437584895,0,0,0.0005197761201,0,0.2521392434,-0.2686916738,-0.01438305428,-0.001010095781,0,-0.2506021018,-0.02787399432,0.03314941638,0,0,0.01343036608,0.03874117163,0,0,0.005362728786,-0.2519836861,0,0,-0.01620078768,0,0.05471627859,0.005549783366,0.03874117163,0.008176037089,0.008497223513,0.0001151322031,0.03314941638,0.1538677907,0.0006187735565,0.001273034166,-0.1053571049,0.0147967509,0,-0.001388646768,0.002167260816,-1.035491463e-06,0.003811465658,0,0.1538677907,0,0.1193894159,0,0.008176037089,0,0.1459259874,-0.4022886141,0.0106118351,0,0.005060704539,0.02123411362,8.568702597e-05,0.01900888768,0,0.0006187735565,0,0.006402852411,0,0.008497223513,0,0.02136626548,-0.2342647671,-0.07333564465,0,0,0.1394283415,0.00613846208,0,0.005362728786,0.001273034166,0.1459259874,0.02136626548,0.01343036608,0.0001151322031,0.1193894159,0.006402852411
1,1,1,1,4,1500,500,v1,0,0,0,0,0,0,0,0,0,0,0,0,0,0,0,0,0,0,0,0,0,0,0,0,0.2104721016,0,0,0.1369805729,0,0,0,0,0,0,0,0,0.2566466273,0,0,0.1670321234,0,0,0,0,0,0,0,0,0.1386388809,0,0,0.09022969399,0,0,0,0,0,0,0,0,0,0,0,0,0,0,0,-0.133876724,0,0,0,-0.09575588569,0,0,0,0,0,0,0,0,0,0,-0.09575588569,0,0,0,-0.133876724,0,0,0,-0.1050132529,0.2581016589,0,0,0,0,0,0,0,0,0,0,0,0,0,0.4851801227,-0.3320917167,0,0,0,0,0,0,0,0,0,0,0,0,0,-0.07399005757,0.2270784639,0,0,0,0,0,0,0,0,0,0,0,0,0
1,1,1,1,4,1500,500,v1,0,0,0.004477098428,0,0,0.007218237257,0,0,0.004582168573,0.001756536384,0.01197477348,0.001089817976,0.000529757204,0.001347876044,0.0004772778047,0.0005838956685,0,0.002573157905,0.003218762248,0,0.001633451889,0.001113723228,0.004268768391,0.0003884984157,0.1513606672,0.03224784696,0.01141884054,0.1017853021,0,0.03818411217,0.07700867813,0,0.03908023056,0.02664575602,0.01498108282,0.009294799411,0.04005561728,0.003354115675,0.003021846525,0.0269361465,0,0.01010492495,0.003696889064,0,0.01629174497,0.007051450187,0.003964547269,0.02702736813,0.1203170287,0.0100749223,0.02563390608,0.0809094287,0,0,0.0111045276,0,0,0.0612144192,0,0,-0.1191023292,0,0,0.005981411962,0,0.009787493046,0.005237146933,0.002359549609,0.009631059585,0.01659921372,0.01193215247,0.004300385206,0.01078376902,0.03350719512,0.0278342415,-0.1524770884,0.0009670615248,0.00446253344,0.001530522775,0,0.005311163211,0.001859037283,0.004300385206,0,0,0.03588420364,0.002359549609,0,0,0.01402768739,0.257040478,-0.1784824123,-0.07893116978,-0.0378405099,0,-0.05231995445,-0.04792010839,0.01078376902,0,0,0.01373202592,0.009631059585,0,0,0.022264613,-0.1567708397,0.06653040172,0.004640722616,0.009799057784,0,0.01306394856,-0.0390964155,0.03350719512,0,0,0.0494434022,0.01659921372,0,0,0.01179248403,-0.1808128631,0.107512054,-0.01921766989,0.04106436395,0,0,0,0.0278342415,0.01402768739,0.022264613,0.01179248403,0.01193215247,0.03588420364,0.01373202592,0.0494434022
1,1,1,1,0,1500,500,v1,0.0003376148945,0.0005067236175,1.252179868e-05,0.0006914981089,0,0.0007989445445,0.0008396506533,0,0.0007295553073,0.0003377609912,0.00055097504,0.00682546613,0.02284753185,0.03614391342,0.09307437448,0.1297524453,0,0.007221385108,0.07431072287,0,0.006594199644,0.02867605568,0.004980073993,0.06169304216,0.0005609974511,0.03034727179,0.07814741326,0.0002425739416,0.003845559168,9.502876134e-05,0.06239301421,0.006372164541,0.005536643652,0.02407708444,0.002563290582,0.05179891552,0.0003630339992,0.0124139555,0.05057093915,0.0001569750236,0.001658045183,6.14952371e-05,0.07049956607,0.003395984974,0.003923660286,0.01558081991,0.001658762672,0.002705868509,0.0002202499698,0.007531452509,0.01191446714,9.523555448e-05,0.001005923419,0.001509782779,0.04277155124,0.002060318288,0,0.02449576102,0.002501738724,0,-0.07554957075,-0.000258759674,0.0005275569857,7.938153166e-05,0,0.0007712326867,0.005697332997,0.0006220669111,0.005399875283,0.01991621002,-0.05072434698,0.0002965736845,0.03198955127,0.03122444023,-0.01519724606,0.2410645688,-0.1442057126,-0.06680045415,-0.04519193937,0,-0.01034195472,-0.04252519505,0.0002965736845,0.002297231397,0.005162696923,0.0001209555403,0.0006220669111,0.005416953941,0.007678402825,0.003030451971,-0.0559894507,-0.0006477280002,-0.002203489065,0.0318012278,-0.009074295129,-0.002134263991,-0.009419427654,0.03198955127,0.005416953941,0,0.005313546356,0.005399875283,0.002297231397,0,0.004708065923,-0.1248624315,-5.074508043e-05,0.07269125314,0.05733844022,-0.003475893826,-4.605588279e-05,0.002889647179,0.03122444023,0.007678402825,0,0.00754606967,0.01991621002,0.005162696923,0,0.06182486484,-0.1534982674,8.604601813e-05,0.0465881751,0.03491017641,-0.001408136726,-1.39950212e-05,0,-0.01519724606,0.003030451971,0.004708065923,0.06182486484,-0.05072434698,0.0001209555403,0.005313546356,0.00754606967
1,1,1,1,1,1500,500,v1,0.004528011734,0.05016976501,0.002011120733,0.1458422156,0,0,0.001084945886,0,0,0.04798160261,0,0,0.0008075936413,0.000971199937,0.006999516545,0.001106070232,0,0,0.0003844192295,0,0,0.004981033867,0,0,0.002083775417,0.001931576651,0.01392102925,0.02198763967,0.0188579051,0.0007559438223,0.0007645544235,0.0004078114888,0,0.009906558215,0.01803541453,0,0.002536372926,0.001955052349,0.01694468674,0.02676337072,0.002071672596,0.0009201353605,0.002677615444,0.06672626729,0,0.01205826974,0.02195271944,0,0.009597413466,0.007397747214,0.008896419265,0.1012702556,0.007839028033,0.08685538322,0.01013186281,0.2524863634,0,0.003521370327,0.001878290454,0,-0.215326987,0.1317850157,0.03465352414,-0.04123487478,0,0,0,0.008562595959,0.007041071295,0.01014660289,0.02321714763,0.07995310226,0.009625191921,0.003999386138,0.01517020037,-0.04564651923,0.001709867663,0.000513190592,-0.002709605859,0,0,0,0.07995310226,0.00217340406,0.03532403063,0.00164338667,0.008562595959,0.06352877087,0.0008802849251,0.03163510582,-0.1701189372,0.02191538803,0.001815166876,-0.01328192072,0.01645349774,0.002862243288,0,0.009625191921,0.06352877087,0,0,0.007041071295,0.00217340406,0,0,-0.2676966646,0.02715195925,0.004438930205,-0.009600038755,0.06781885953,0.01618696982,0,0.003999386138,0.0008802849251,0,0,0.01014660289,0.03532403063,0,0,0.3082553984,-0.1080778127,-0.01725964002,-0.01175901683,-0.2434053252,-0.07524323232,0,0.01517020037,0.03163510582,0,0,0.02321714763,0.00164338667,0,0
1,1,1,1,0,1500,500,v1,0.0006216409042,0.0005068397232,0,0.0001693758624,0.001826830376,8.498181768e-05,0.0002878156381,0.0005646610417,0.0001117451242,0,0.0002791054034,0.001390386868,0.0007113693015,0.001340437319,0.0002012647749,0.0001554686446,0.0001185980412,5.517029522e-06,0.002463382992,3.665786073e-05,7.254506506e-06,0.0003729568969,1.811955536e-05,9.026407776e-05,9.528420254e-06,0.1400958481,0.02103519421,1.32497813e-05,0.003438972406,0,0.2574605501,0.00195286595,0.0007582049732,0.03897960168,0,0.009433952896,2.904691708e-06,0.02266485866,0.00641247474,4.039130185e-06,0.001285809916,0,0.004953369298,0.0003503391781,0.0001757774676,0.01188273845,0,0.00057730515,8.640344402e-06,0.06741926661,0.1270385168,1.201486402e-05,0.003824791624,0.003118450403,0.01473437493,0.001042124763,0.01124000283,0.233464495,0.001770853292,0.003474209641,-0.02962243827,0.0007591198736,0.000785536514,0,0.0022847143,-5.076314885e-05,0.001471841448,1.668454242e-05,0.06652644894,0.05555802777,0.02229037713,2.18759725e-05,0.01472486692,0.09283570577,0.04137227122,-0.2219454137,0.0008280389146,0.003740961191,0.0004415251152,0.0001485942167,1.169990882e-05,9.456180272e-05,2.18759725e-05,0.002963725078,0.00068372927,0,1.668454242e-05,0.0008194286021,0.0003787465779,0,0.07795978857,-1.072928155e-05,-0.1579449397,-0.05835422904,-0.00218843252,0,-0.01007327419,0.01472486692,0.0008194286021,0.01389889861,0.0001654088911,0.06652644894,0.002963725078,0.004256745583,0.0006309948414,-0.1420361407,-1.857110155e-06,0.02596744265,0.01547093834,0.001403435261,0,-0.0004918725812,0.09283570577,0.0003787465779,0.004256745583,0.0009441095481,0.05555802777,0.00068372927,0.01389889861,0.01181619688,-0.1242281163,-1.312061824e-05,-0.08096302546,0.05527482347,-0.004684657586,0.0006945787765,-0.01453707134,0.04137227122,0,0.0006309948414,0.01181619688,0.02229037713,0,0.0001654088911,0.0009441095481
1,1,1,1,4,1500,500,v1,0,0.003698093637,0.001134745824,0,0.002654055762,0.00313559955,0.04580125904,0.004155347444,0.009727657598,0.0004835703228,0.009311816251,0.004611331785,0.000986825859,0.03060266406,0.005961549053,0.002473559893,0.01513988243,0.01788681655,0.002501621716,0.02370389977,0.05549076792,0.01893048989,0.05311862895,0.02630503175,0.002500236362,0.04223219111,0.008227037962,0.007949386494,0.02911218097,0.008932960878,0.003452280043,0.3605572689,0.07657819304,0.02612439445,0.003806768603,0.03630138624,0.0006228864582,0.0003392756749,0.002049610435,0.001980438839,0,0.002225477738,0.0008504222852,0,0.006149577154,0.006508397277,0.0009483841802,0.01826245079,8.169208208e-05,4.449628967e-05,0.001379883788,0.0002597362169,0,0.0009512039397,0.0001115335969,0,0.0006826620806,0.0001127989133,0.01178075579,0.001068816327,-0.5047239872,0,0.04938329113,0.001547181216,0.006739063739,0.01237502302,0.01427959645,0.002686459234,0.001008402424,0.01592873069,0.0003804648485,0.008778772445,0.002364539448,0.001390284656,0.001329584015,-0.08995836083,-0.003018667207,0.02946910809,0.01897273479,-0.03868860877,-0.06994356356,0.05289768251,0.008778772445,0,0.03664326384,0.008391115224,0.002686459234,0,0.4539805619,0.0035823049,0.1940500513,-0.009855514203,-0.04250184927,-0.02848623652,-0.3891876108,-0.0122359233,-0.08827094877,0.002364539448,0,0.01765328415,0.0128248938,0.001008402424,0,0.02767382953,0.03820999443,-0.0901574567,0.001876783752,0.0006177731191,0.008373469152,0,0.002706462004,0.02354528166,0.001390284656,0.4539805619,0.02767382953,0.02136491107,0.01592873069,0.03664326384,0.01765328415,0.01027559369,-0.3951662318,0.0003352426537,0.0001522661714,0.001486730979,0,0.0127217696,0.001731469354,0.001329584015,0.0035823049,0.03820999443,0.01027559369,0.0003804648485,0.008391115224,0.0128248938,0.02136491107
1,1,1,1,2,1500,500,v1,3.203783502e-05,0,0.006284278104,5.88904525e-06,0,0.04293634134,0,0,0,0.00248431522,0.07167909885,0,0,0,0,0,0,0.1333839859,0,0,0,0,0.2226748626,0,0,0,0,0,0,0.0002989865762,0,0,0,0,0.0001181960584,0,0,0,0,0,0.0001349588717,0.02647242181,0,2.480750969e-05,0.1808686567,0,0.01046513845,0.3019470667,0,0,0,0,0.0001596181281,0,0,2.934025907e-05,0,0,0,0,-0.1694360761,2.997017248e-05,0,0.008730093899,0,0.113426762,0,0,0,0,0,0,0,0,0,-0.3134164463,0,0,0,0,0.2939714546,0,0,0.0001337421066,0,0.02978101893,0,2.747673167e-05,0,0.01176415359,-0.02811126828,0,0,0,0,0.0004144865556,0,0,2.747673167e-05,0,0.00705672081,0,0.0001337421066,0,0.02211076707,0.416527332,0,0,0,-9.201448308e-05,-0.03684136224,-0.4268432081,0,0,0,0,0,0,0,0,-6.204431048e-05,0,0,0,-4.54349149e-05,0,0,0,0.01176415359,0.02211076707,0,0,0.02978101893,0.00705672081,0
1,1,1,1,1,1500,500,v1,0,0,0,0,0,0,0,0,0,0,0,0,0,0.02607920077,0,0,0,0,0.1021095724,0,0,0,0,0,0,0.01106818884,0,0,0,0,0.04333599173,0,0,0,0,0,0,0,0,0,0,0,0,0,0,0,0,0,0,0,0.1662963296,0,0,0,0,0,0,0.6511107167,0,0,0,0,0,0,0,0,0,0,0,0.1937205918,0,0,0,0.7585933445,0,-0.7630447649,0,0.1281688066,0,0,0,0,0,0,0,0,0,0,0,0,-0.6891848736,0,0.05430891549,0,0,0,0,0,0,0,0,0,0,0,0,0,0,0,0,0,0,0,0.7585933445,0,0,0,0.1937205918,0,0,0,0.1824777222,0,0,-0.8173536804,0,0,0,0,0,0,0,0,0,0,0
1,1,1,1,2,1500,500,v1,0.018691394,0.000725673703,0.08205653463,0.06438761318,0.0807846583,0.1203738773,0.004874176206,0.1977584418,0.02874698735,0.004027071726,0.06288313183,0.05079509585,0.001747335837,0,0.004338909029,0.001543739899,0.0008055252404,0.001200279836,0,0.00197190184,0.0002866438304,0.003530984639,0.000627024375,0.0005064913643,0.008185048288,0,0.08088375979,0.00606708158,0.0001348877257,0.01525261187,0,0.0009060085001,0.005343470115,0.06582283968,0.0007485493056,0.009441757266,0.001528423768,0.006082466239,0.01510371797,0.001132928159,0.0006487767469,0.002848175562,0.005373749921,0.002234888753,0.004178167371,0.0122913377,0.0001397793281,0.002182668329,0.001183729608,0.004710732408,0,0.000877427212,0.0005024629036,1.950759349e-05,0.004161847664,0.001730870746,0.002171656859,0,0.0001310278265,0.005316151427,0.05863558952,-0.08293943606,-0.005512101343,-0.08545896763,-0.2783150379,-0.1831267366,-0.07902814882,0.007877648534,0.0005595386974,0,0.09151008734,0.005626284001,0.0007337777697,0,0.07467737319,-0.6343745783,0.00277311692,0,0.007813438545,0.002765525207,0.001817085369,0.0007745401168,0.005626284001,0.0262889408,0.0008485148587,0.09540258664,0.007877648534,0.09052504728,0.005706108187,0.004680520761,-0.127011835,-0.01318281927,0,-0.1457562491,0.001001490129,0.01580972152,0.01458931867,0.0007337777697,0.09052504728,0.1166522804,0.1724464129,0.0005595386974,0.0262889408,0.2854757655,0.09009464365,-0.4751187671,0.002299360778,-0.006670484363,0.02715117029,0.002847360674,0.002927174276,0.006282279478,0,0.005706108187,0.2854757655,0.03452060223,0,0.0008485148587,0.1166522804,0.06097583284,-0.3749330233,0.001880836786,0.003035156469,0,0.002216082903,0.0001408625153,0.007464148875,0.07467737319,0.004680520761,0.09009464365,0.06097583284,0.09151008734,0.09540258664,0.1724464129,0.03452060223
1,1,1,1,3,1500,500,v1,0,0,0,0,0,0,0,0,0,0,0,0,0,0.1199649246,0,0,0,0,0.03097402583,0,0,0,0,0,0,0.1865651527,0,0,0,0,0.04816969527,0,0,0,0,0,0,0,0,0,0,0,0,0,0,0,0,0,0,0,0.4882609574,0,0,0,0,0,0,0.1260652442,0,0,0,0,0,0,0,0,0,0,0,0.2721946166,0,0,0,0.07032245487,0,-0.3792247517,0,0.1508800379,0,0,0,0,0,0,0,0,0,0,0,0,-0.4626017804,0,0.2342570671,0,0,0,0,0,0,0,0,0,0,0,0,0,0,0,0,0,0,0,0.07032245487,0,0,0,0.2721946166,0,0,0,0.3851371048,0,0,-0.6134818181,0,0,0,0,0,0,0,0,0,0,0
1,1,1,1,4,1500,500,v1,0,0.005776636756,0,0,0.01419389012,0,0.02488134141,0.000665013858,0.003079222406,0,0,0.0001611304033,0.01312682467,0.02000486497,0.005053907693,0.002728153862,0.08498303167,0,0.002649329566,0.003981635287,0.01843621819,0.0008436719511,0,0.0009647355343,0.07004602672,0.04190615654,0.0105869171,0.01129023635,0.07245161107,0,0.005549810994,0.3120662328,0.03862015799,0.001767322544,0,0.002020926329,0.1197277566,0.04700166373,0.01809592768,0.01929809202,0,0,0.009768376865,0,0,0.003020836061,0,0,0.001457751553,0.000572271211,0.0008721231971,0.0002349649272,0,0.001507814982,0.0001189353826,0,0.003704882458,0.0001154989936,0.006494515918,0.0001735816014,-0.4814456214,0,0.03056943078,0,0.01381941005,0,0.003222383869,0.07326509553,0.04864409396,0.03273104124,0.004409719906,0.01149657553,0.009978113796,0.004491521126,0.0009401914438,-0.1262803904,0.01407801784,0.01969872595,0.005688534426,-0.08725054304,0,0.01809137017,0.01149657553,0,0.09753278541,0,0.07326509553,0,0.4204520627,0,-0.06632780831,0.07736254267,-0.04548773249,0.009391139602,-0.3838370521,0,-0.03981103028,0.009978113796,0,0.1003105314,0,0.04864409396,0,0.00471030119,0,0.1088726654,-0.1355594557,-0.05382278846,-0.01864628157,0,0,0,0.004491521126,0.4204520627,0.00471030119,0.02635255479,0.03273104124,0.09753278541,0.1003105314,0.001393359595,-0.5504294457,0.001689132402,0.0006632988962,0.0009739649942,0,0.007944388373,0.00341724463,0.0009401914438,0,0,0.001393359595,0.004409719906,0,0,0.02635255479
1,1,1,1,3,1500,500,v1,0.04216507516,0.2112796573,0.0003835173033,0.004674369056,0.0238689244,0.003297454083,0.03262515502,0.04480521709,0.002724945407,0.006210926624,0.01153750088,0.02573585545,0.1920462779,0.004927119148,0,0.03225090006,0.01598385678,0.002208144486,0.005977079941,0.03000387287,0.001824763295,0,0.007726102716,0.01723404963,0.004442536991,0.002055291087,0,0.06091621385,0.05901829908,0.0001071307062,0.002493270157,0.009113424267,0.0007611790223,0,0.001734943769,0.007188985598,0.0004698136197,0.00847189801,0,0.006442099861,0.001245593788,1.132944194e-05,0.001422710916,0.0001380850156,9.740972376e-05,0,0.0001834762916,0.0003408280282,0.001916872565,0.0345659389,0.0008868201002,0.02628421989,0.00508211014,0.02546530476,0.005804760462,0.000563396562,0.002876895209,0.00107579997,0.003932274057,0.005400323544,0.167847869,-0.04663006906,-0.2425743173,-0.006470956151,-0.05934321756,-0.007762535135,-0.02456383057,0.003402106916,0.2231058987,0.004025454714,0,0.04374526569,0.03742556711,0.005187691036,0,-0.02273182444,-0.2236183756,-0.009180186397,0,0.03473521585,0.001726396366,0.01072099319,0.04374526569,0.05371390461,0.1901955592,0.0004073628827,0.003402106916,0.005964011227,0.02969408684,0.006493598808,-0.2126919313,-0.06004617343,0.001293142098,0,0.06715171983,0.001682989677,0.007344050325,0.03742556711,0.005964011227,0.008619745401,0.001825869635,0.2231058987,0.05371390461,0.01599939159,0.006583873824,-0.2736041188,0.006629788365,0.00987947103,0,0.001366252038,0.0001873253465,0.000429643125,0.005187691036,0.02969408684,0.01599939159,0.0009732348123,0.004025454714,0.1901955592,0.008619745401,0.00877494577,-0.5203367469,0.02198480351,0.04005126117,0.001744947135,0.005478539776,0.02882950001,0.008195243726,0,0.006493598808,0.006583873824,0.00877494577,0,0.0004073628827,0.001825869635,0.0009732348123
1,1,1,1,1,1500,500,v1,0.003693887979,0,0,0.002700396043,0.002192187492,0.0003228178238,0,0.0097221873,0,0,0.00218659381,0,0.004631566262,0.0002662538381,0.002395334988,0.03346695045,0.008891056017,0.001309281877,0.01108415528,0.03943116736,0,0.002675789345,0.008868369205,0,0.002035352879,8.100034751e-05,0.0007287142518,0.0003337577631,0,0,0.003372046901,0,0,0.0008140347134,0,0,0.04331415049,0.02998533963,0.01550769849,0.007102667124,0.09699301565,0,0.2166692256,0.07090619885,0.008476454729,0.0173233951,0,0.05741493212,0.01501491794,0.01039446483,0.0005975443292,0.002462150655,0.03362278041,0,0.07510872557,0.02457974461,0.01995389115,0.02487578838,0,0.0884940124,-0.2252275182,0.006299143814,0,0,0.01181150595,0.002497516107,0,0.03938451708,0.02230765495,0.000404758276,0.01856504004,0.006460205825,0.1612018222,0.01533577858,0.02072399689,-0.3715401604,0.03800706124,0.01086096287,0.005012240655,0.04729752633,0.01011328061,0,0.006460205825,0.08964528567,0,0,0.03938451708,0.06544915929,0,0,-0.07444649524,0.002342426614,0.003346681276,0.001507856314,0,0,0,0.1612018222,0.06544915929,0.01339289345,0.01025317728,0.02230765495,0.08964528567,0.05871726899,0.06947124616,0.225592684,-0.05017610729,-0.2453659825,-0.03271278823,-0.1672187982,0,-0.06576041235,0.01533577858,0,0.05871726899,0,0.000404758276,0,0.01339289345,0,-0.3427955797,0.01727053213,0.08501927022,-0.02470133539,0.05752335798,0,-0.1071824739,0.02072399689,0,0.06947124616,0,0.01856504004,0,0.01025317728,0
1,1,1,1,2,1500,500,v1,0.03918107851,0,0,0.01292111436,0,0,0,0,0,0,0,0,0,0,0,0,0,0,0,0,0,0,0,0,0,0,0,0,0,0,0,0,0,0,0,0,0,0,0,0,0.005728615667,0,0,0.001889179701,0,0,0,0,0,0,0,0,0.70709471,0,0,0.2331853018,0,0,0,0,-0.932649313,0.05209554028,0,0,0,0,0,0,0,0,0,0,0,0,0,0,0,0,0,0,0,0,0,0.9932717888,0,0,0,0.327558878,0,0,0,0,0,0,0,0,0,0,0.327558878,0,0,0,0.9932717888,0,0,-0.888166786,0,0,0,0.007613012036,0,0,0,0,0,0,0,0,0,0,0.05970855227,0,0,0,-0.940262325,0,0,0,0,0,0,0,0,0,0
1,1,1,1,2,1500,500,v1,0.005974753486,8.083175931e-05,0.1044444426,0.008611410749,0.08119311434,2.032809285e-05,3.245240843e-05,0.04090414806,0.1036607996,0.03256679097,0.0001980356705,0.0238924967,0.0002000205986,0,7.539123592e-06,0.001633711701,0.004137541791,1.035904761e-06,0,0.002084445503,0.00528247862,4.788350846e-06,1.009175309e-05,0.001217544177,0.02755899277,0,0.0001521182741,0.06188696553,8.31123862e-05,0.1073912893,0,3.33680366e-05,0.1065855363,9.661542988e-05,0.03348564638,0.02456661131,0.001412618308,0.0002068696306,7.797275498e-06,0.003172200859,0.0003148945912,0.00550466059,0.001689652658,0.0004538574978,1.071375832e-06,4.952311801e-06,0.001716406602,1.04373112e-05,0.02140997071,0.003135364101,0,0.04807861195,0.004772615457,6.456817086e-05,0.02560876757,0.0068787695,0.06485682019,0,2.592288811e-05,0.03267411279,-0.05396474657,-0.009804048788,-1.684862842e-05,-0.01967310758,-0.08383654336,-0.0002135979073,-0.02554499864,0.0236910792,0.004091029912,0,0.0001992120029,0.04830278936,0.03343250451,0,0.0001265775541,-0.1698696757,0.001778927928,0,7.887260368e-06,0.006110371644,8.646273447e-06,0.006308139921,0.04830278936,0.006940857208,2.815107552e-08,0.06400528237,0.0236910792,0.008824323489,6.502833558e-06,0.01416961249,-0.01195599294,-0.06794285598,0,-0.0002353092132,1.374542481e-05,-0.03945050215,-0.03582122847,0.03343250451,0.008824323489,0.07340755375,2.738843288e-05,0.004091029912,0.006940857208,0.03934418053,0.000267976618,-0.1500121919,0.004379233814,0.001866242921,1.022891488e-05,0.0006890094093,0.007007013166,8.041600065e-06,0,6.502833558e-06,0.03934418053,0.06650625594,0,2.815107552e-08,0.07340755375,0.01608087483,-0.1467627666,0.01556770981,-0.02866086046,0,-0.001395081091,-1.25078617e-06,0.002558348904,0.0001265775541,0.01416961249,0.000267976618,0.01608087483,0.0001992120029,0.06400528237,2.738843288e-05,0.06650625594
1,1,1,1,3,1500,500,v1,0,0,0,0,0.0151178247,0,0,0.07510312573,0,0,0,0,0,0,0,0,0.1179595456,0,0,0.5860056434,0,0,0,0,0,0,0,0,0,0,0,0,0,0,0,0,0,0,0,0,0,0,0,0,0,0,0,0,0,0,0,0,0,0,0,0,0.03448708808,0,0,0.1713267725,-0.4979940869,0,0,0,0.09019270691,0,0,0,0,0,0,0,0,0,0,0.295639406,0,0,0,-0.7034407865,0,0,0,0,0,0,0,0,0,0,0,0,0,0,0,0,0,0,0,0.1025155645,0,0,0,0.5091865065,0,0,0,0,0,0,0,0,0,0,0.5091865065,0,0,0,0.1025155645,0,-0.6132480796,0,0,0,0,0,0.2054466992,0,0,0,0,0,0,0,0
1,1,1,1,0,1500,500,v1,0.003033360007,0.002935403807,0.0193894713,0.001629476532,0.0008384751638,0.0010636787,0.001182275981,0.001398849991,0.001256838998,0.001477134618,0.0003387575494,0.002079231339,0.1364728092,0,0.01280336736,0.07830553825,0.01663071669,0.02109751114,0,0.02774545855,0.02492874471,0.06272112438,0.006719078961,0.04124046703,0.001310730675,0,0.0003265277575,0.001488669165,0.001484856603,0.009808049044,0,0.0005980472918,0.0006357645518,0.001599593882,0.0007471997845,0.001051766839,0.01999336693,0.05309021738,0.004980725174,0.02270757023,0.0234052396,0.1496080981,0.03046217099,0.01257295163,0.008207286562,0.02439957196,0.01139748977,0.002613834689,0.01440570063,0.03825277557,0,0.01636134924,0.01686403676,0.01631944695,0.02194872517,0.009059113349,0.00466152252,0,0.0065728913,0.007776939638,-0.2985967175,0.004405869736,0.003858938335,0.02068232602,0.002116724119,0.001340163241,0.003190109378,0.008443849682,0.0684109829,0,0.01191197407,0.01146029657,0.03882434617,0,0.05610896773,0.1978340956,-0.2130328931,0,-0.07315864538,-0.0430416585,-0.02674592453,-0.06577992134,0.01146029657,0.007516255386,0.01759706987,0.1803708572,0.008443849682,0.007595236359,0.007092581662,0.01370073035,-0.2838771504,0.002616537022,0,0.001887027963,0.001813528527,0.01051269358,0.001650838621,0.03882434617,0.007595236359,0.01713124712,0.01797967444,0.0684109829,0.007516255386,0.02829490924,0.00581685885,-0.1852321594,-0.03089760351,0.08196765567,0.02592432295,-0.0261542262,-0.1605760777,0.009541405721,0,0.007092581662,0.02829490924,0.03444057959,0,0.01759706987,0.01713124712,0.05696788041,-0.2163471253,0.01501163565,0.05957501778,0,0.01167402865,-0.02213223454,0.01064083015,0.05610896773,0.01370073035,0.00581685885,0.05696788041,0.01191197407,0.1803708572,0.01797967444,0.03444057959
1,1,1,1,1,1500,500,v1,0.0003928467041,0.1563528151,0,0.1261085692,0.007395640684,0,0.003096112501,0.1482904979,0,0,0,0,0,0,0,0,0.001436119273,0,0,0.0287957259,0,0,0,0,0,0,0,0,0.1926226964,0,0,0.00381433195,0,0,0,0,0,0,0,0,0.0003224712862,0,0,0.1035172043,0,0,0,0,0,0,0,0,0.0002026826975,0.08066762431,0,0.06506361062,0.003815657324,0,0.001597387548,0.07650800634,0.1305095212,-0.04898064655,0.08378660547,0,-0.150930496,0,0,0,0,0,0,0,0,0,0,-0.07524708012,0,0,0,0.02940782457,0,0,0,-4.811602777e-05,-0.03812961113,0,0,-0.0522883999,0.0001297677597,0,0.1636493926,0,0,0,-0.1383161641,0,0,0,-0.0522883999,0.003328335924,0,0,-4.811602777e-05,0.06543054709,0,0.0139822735,0,0,0,0.02090873709,0,0,0,0.0001297677597,0.06543054709,0,0,-0.03812961113,0.003328335924,0,-0.2041241391,0,0,0,0.06296292008,0.07986278745,0.07568341606,0,0,0,0,0,0,0,0
1,1,1,1,0,1500,500,v1,0,0,0,0,0,0,0,0,0.09174705009,0,0,0.06551759024,0,0.001161864726,0.0005556199017,0,0,0,0.006060006897,0,0.002653211263,0.001111364221,0,0.001894687711,0,0.02490241911,0.01190868381,0,0,0,0.1298850272,0,0.05686667076,0.02382003429,0,0.0406091229,0,0,0.005303424886,0,0,0,0,0,0,0.01060803735,0,0,0,0,0.08452630624,0,0,0,0,0,0,0.4408688784,0,0,0.09725433494,0,0,0,0,0,-0.1520819077,0,0,0.08767299175,0.009138452496,0,0,0.4572167357,0.01813806786,-0.4496687962,0,0.007220702267,0.001636563972,0,0,0.004539793406,0,0,0,0,0,0,0,0,-0.6483584402,0,0.1544070065,-0.03503484828,0,0,0.09271454155,0,0,0,0,0,0,0,0,-0.03339828428,0,0,0.01521393741,0,0,0,0.4572167357,0,0,0.04807692191,0.08767299175,0,0,0.03416443735,0.1616277088,0,0,-0.5248875269,0,0,0,0.01813806786,0,0,0.03416443735,0.009138452496,0,0,0.04807692191
1,1,1,1,4,1500,500,v1,4.032077621e-05,0.002094138852,0,5.423591134e-06,0.001512005552,0.00621163938,0.0006572025884,0.0002396550343,0.003621671324,0,0.004518046599,0.00348414555,0.02281847106,0.007885017853,0.01979620274,0.02292605091,0.00549135922,0.02255966795,0.1644001732,0.0008703882606,0.01315332354,0.06214380577,0.01640881333,0.01265385221,0.05961507307,0.002482484046,0.006232548665,0.04571188757,0.002394504887,0,0.05175902133,0.000751466317,0.004141134041,0.01956508017,0,0.003983882703,0.05095471264,0.006140427424,0.005327138085,0.03907126126,3.94064592e-05,0,0.006169377053,5.300605365e-06,0.00607078377,0.01672283512,0,0.004415595028,0.09148458943,0.01102458345,0.003809590797,0.07014892461,7.075074226e-05,0.003674579015,0.0110765599,9.516758715e-06,0.002653111501,0.0794287849,0.001153191365,0.0004205219531,-0.05728455613,-3.071961976e-05,-0.0007612048642,0,-0.0004903948484,0.003003649839,0.002990006682,-0.0185051208,0.01272029157,0.002813030214,0.01332105205,-0.02454280016,0.01420511179,0.05542386976,0.0412145332,0.2067632875,-0.04217552806,-0.1630535325,-0.07955687022,-0.005690034267,-0.03626503051,-0.02353909443,-0.02454280016,9.793237585e-05,0.00258765002,0,-0.0185051208,1.167278447e-05,0.0005852582956,0,-0.2193703092,0.07386710771,0.05239455263,0.02323512848,0.0007261174608,0,0.004328400961,0.01420511179,1.167278447e-05,0.007392908214,0.02329623423,0.01272029157,9.793237585e-05,0.0009792212879,0.01957792105,-0.1574234792,0.0668261493,0.01167780918,0.01996468491,1.167362654e-05,0,0.00467861051,0.05542386976,0.0005852582956,0.0009792212879,0.01209063213,0.002813030214,0.00258765002,0.007392908214,0.01224039804,-0.006698004449,-0.1119946431,0.01254744998,0.07183437975,-5.402411369e-05,-0.002080184804,0.0005990094458,0.0412145332,0,0.01957792105,0.01224039804,0.01332105205,0,0.02329623423,0.01209063213
1,1,1,1,0,1500,500,v1,0,0,0.1717946261,0,0,0,0,0,0,0.2762715409,0,0,0,0,0.0006747861113,0,0,0,0,0,0,0.0001349459905,0,0,0.004137408131,0,0.001600568785,0.002456876489,0,0.06807072108,0,0,0,0.0003200871157,0.1094679352,0,0.007631929419,0,0.002952434861,0.004531993789,0,0.1255643442,0,0,0,0.0005904378291,0.2019263096,0,0.01372366501,0,0,0.008149389382,0,0,0,0,0,0,0,0,0.4593258087,0,0,-0.4069694459,0,0,0,0.009078482759,0,0,0.001349171747,0.006497763389,0,0,0.0002917501326,-0.001256456694,0,0,0.0001625087754,0,0,0,0.006497763389,0,0,-0.02509874824,0.009078482759,0,0,-0.05343579618,-0.1409141482,0.003777552833,0,0.001094570526,0,0.1769202768,0,0,0,0,0,0,0,0,0,-0.2390059039,-0.0001703510735,0,-0.002351027221,0,0.2824055318,0,0,0,0,0,0,0,0,0,0.00360720176,-0.01399136585,0,0,0,0,0,0.0002917501326,-0.05343579618,0,0,0.001349171747,-0.02509874824,0,0
1,1,1,1,4,1500,500,v1,0,0,0,0,0,0,0,0,0.242870097,0,0,0.621292378,0,0,0,0,0,0,0,0,0.02173089407,0,0,0.05559037124,0,0,0,0,0,0,0,0,0.01644580745,0,0,0.04207045227,0,0,0,0,0,0,0,0,0,0,0,0,0,0,0,0,0,0,0,0,0,0,0,0,0.1354160321,0,0,0,0,0,-0.8640536985,0,0,0,0,0,0,0,0,-0.8056167186,0,0,0,0,0,0.07697905192,0,0,0,0,0,0,0,0,-0.7870746468,0,0,0,0,0,0.0584369802,0,0,0,0,0,0,0,0,0,0,0,0,0,0,0,0,0,0,0.3072495667,0,0,0,0.7857069342,0,0,0,0,0,0,0,0,0,0,0.7857069342,0,0,0,0.3072495667
1,1,1,1,1,1500,500,v1,0,0,0,0,0.02665285679,0,0,0.327123175,0,0,0,0,0,0,0,0,0.03781574085,0,0,0.4641305548,0,0,0,0,0,0,0,0,0,0,0,0,0,0,0,0,0,0,0,0,0,0,0,0,0,0,0,0,0,0,0,0,0,0,0,0,0.01086962315,0,0,0.1334080494,-0.3202410839,0,0,0,0.3262042583,0,0,0,0,0,0,0,0,0,0,0.470275201,0,0,0,-0.4643120267,0,0,0,0,0,0,0,0,0,0,0,0,0,0,0,0,0,0,0,0.000755969179,0,0,0,-0.009700730868,0,0,0,0,0,0,0,0,0,0,-0.009700730868,0,0,0,0.000755969179,0,-0.1381077684,0,0,0,0,0,0.1440709427,0,0,0,0,0,0,0,0
1,1,1,1,2,1500,500,v1,0,0,0,0,0,0,0,0,0.01085459653,0,0,0.03049597724,0,0.150762272,0.05065097981,0,0,0,0.09004058857,0,0.0140065201,0.06706585402,0,0.03935130313,0,0.04801404574,0.01613108126,0,0,0,0.02867569505,0,0.004460729384,0.02135881172,0,0.0125324144,0,0,0.1755298993,0,0,0,0,0,0,0.2324152987,0,0,0,0,0.004791987626,0,0,0,0,0,0,0.002861945369,0,0,-0.009283331872,0,0,0,0,0,0.009440303558,0,0,0.1483743846,0.1634263013,0,0,0.08889511706,0.217064274,-0.2650972752,0,-0.2355026185,0.1149182016,0,0,-0.02600138773,0,0,0,0,0,0,0,0,-0.5359055619,0,0.07014891407,0.037355512,0,0,0.01671805587,0,0,0,0,0,0,0,0,0.1522737136,0,0,-0.4059340973,0,0,0,0.08889511706,0,0,0.0008132152223,0.1483743846,0,0,-0.001048672769,-0.1653537046,0,0,0.007174036573,0,0,0,0.217064274,0,0,-0.001048672769,0.1634263013,0,0,0.0008132152223
1,1,1,1,3,1500,500,v1,0,0.04516072106,0.0007297703435,0,0.0001224712896,0.0005238758415,0.05242747296,9.813955951e-05,0.03620191571,0.001690603251,0.0004218398834,0.07966698213,0,0.004357134268,0.002123898908,0,0.0001437921082,0.0006150764963,0.01953321819,0.0001152245086,0.04250424569,0.003000934833,0.0004952772718,0.09353607165,0,0.006971248652,0.003398157249,0,0.08483425655,0.001370871038,0.03125240413,0.09848482456,0.06800517203,0.004801381281,0.003175792293,0.1496541473,0,0,0.001186587225,0,0,0.0004786882833,0,0,0.000343633075,0.001676572704,0.001108940607,0.0002767032278,0,0,0.005009964718,0,0,0.06096707396,0,0,0.0001653365135,0.02245988486,0.07077720519,0.0001324886238,-0.1462986695,0,0.09293145801,0.0009219588593,-8.826500046e-05,-0.0001789549805,0.1013021616,0,0,0.003779458308,0.004043232025,0,0,0.0118731007,0.005685636699,-0.1061034745,0,0.006601573428,0.001291358652,-0.0001310491123,-0.0006497595728,0.1017040389,0,0,-0.02066947262,0.001318307291,0,0,-0.02685551429,0.002772605696,0.3839542855,0,-0.02634916459,-0.006772429094,-0.1327137812,-0.003077613593,-0.1816954182,0,0,0.0003315400508,0.001076335016,0,0,0.0002890855858,0.0008187545006,-0.00846543973,0,0,-0.001004842038,0,-0.0005716205901,-0.0004346784567,0.0118731007,-0.02685551429,0.0002890855858,-0.009283148849,0.003779458308,-0.02066947262,0.0003315400508,-0.02268302473,-0.05974922811,0,0,0.009312551831,0,0.07146564775,-0.0001944363116,0.005685636699,0.002772605696,0.0008187545006,-0.02268302473,0.004043232025,0.001318307291,0.001076335016,-0.009283148849
1,1,1,1,2,1500,500,v1,0,0,0,0,0.06297888422,0.007498131912,0,0.1406806749,0.02851199393,0,0.0005542342329,0.02015598637,0,0,0,0,0.05262540482,0.006265468691,0,0.1175533285,0.02382473493,0,0.0004631203177,0.01684242196,0,0,0,0,0,0,0,0,0.0963602215,0,0,0.06811993986,0,0,0,0,0,0,0,0,0.01133136188,0,0,0.0008375724422,0,0,0,0,0,0,0,0,0.1068090666,0,0,0.238587453,-0.2896656986,0,0,0,0.1910733577,0.003153495281,0.0474994351,0,0,0,0,0,0,0,0,-0.2533203669,0,0,0,0.1617388515,0.003635341599,0.04000676165,0,0,0,0,0,0,0,0,0.08750619679,0,0,0,0,0,-0.1630226414,0,0,-0.01388187464,0.002649598981,0,0,-0.03033978511,0.0002065109658,0.006788836873,0,0,0,0,0,-0.008692910176,0,0,-0.03033978511,0.06629672284,0,0,-0.01388187464,0.04697794488,0.3528122093,0,0,0,0,0,-0.3233311018,0,0,0.0002065109658,0.04697794488,0,0,0.002649598981,0.06629672284
1,1,1,1,3,1500,500,v1,0.1169845991,0,0.1799294256,0.2241858875,0,0.03812015684,0,0,0,0.00448308479,0.006282290737,0,0,0,0,0,0,0.0004509839324,0,0,0,0,7.432320367e-05,0,0,0,0,0,0,0.004396545517,0,0,0,0,0.0001095434294,0,0,0,0,0,0.0003526660877,0.0005424218837,0,0.0006758390464,0.000114918431,0,1.351487278e-05,1.89388254e-05,0,0,0,0,0.1451340955,0,0,0.2781307648,0,0,0,0,-0.3517176706,0.2818575095,0,-0.1840985547,0,-0.04429723181,0,0,0,0,0,0,0,0,0,-0.04416366575,0,0,0,0,0.0005101304726,0,0,0.03686222825,0,0.2620755663,0,0.07643778182,0,0.006528041035,-0.1835437938,0,0,0,0,0.00447472184,0,0,0.07643778182,0,0.0562173219,0,0.03686222825,0,0.009262980401,-0.2999726235,0,0,0,0.001028347533,0.0005547603947,0.0001335660513,0,0,0,0,0,0,0,0,0.2828858573,0,0,0,-0.3584191971,0,0,0,0.006528041035,0.009262980401,0,0,0.2620755663,0.0562173219,0
1,1,1,1,1,1500,500,v1,0.01156236635,0.0007468147345,0,0.01806235129,0.003471077359,0.01075682752,0.0001029395674,0.002156920816,0.003911765359,0,0.009632565034,0.01281488802,0.01226656851,0.004826791271,0.0001759962558,0.02118068125,0.007512744706,0.02328190663,0.01201531154,0.004668405157,0.008466562814,0.0003831100726,0.02084857077,0.02773634009,0.003958426606,0.0007811495558,2.848256519e-05,0.00316167602,0.000261591054,0,0.001944512357,3.605722904e-05,0.00137019635,6.20010782e-05,0,0.004488743872,0.02060385819,0.01033295922,0.0001482535342,0.01645672153,0.02108058655,0,0.0178419185,0.03293140421,0.01961192257,0.000322719492,0,0.01756215941,0.0865935527,0.04342718925,0.01708823277,0.06916403568,0.08859713871,0.005722500623,0.07498571847,0.1384035581,0.02659728234,0.04253766712,0.0007887789451,0.01652750026,-0.2552609343,0.02905081933,0.0005532731577,0,0.0054125005,0.01518189036,0.008492619316,0.0932498682,0.03160980889,0.01747353627,0.000235372612,0.07487437583,0.05603512359,0.04424097921,0.0004087090878,-0.155741116,0.03006997923,0.01513864778,-0.0002689654599,0.01128509333,-0.01615956027,-0.03136160949,0.07487437583,0.08430452083,0.007240138045,0,0.0932498682,0.1317514758,0.001005846938,0,-0.1908895695,0.006733757862,0.001810544054,3.775598173e-05,0.00028597119,0,0.003189914079,0.05603512359,0.1317514758,0.02335914708,0.003334834472,0.03160980889,0.08430452083,0.01457978981,-0.0002396190321,-0.4313294067,0.03637836999,0.02641107284,-0.0001981783221,0.05278096931,0,-0.001085807049,0.04424097921,0.001005846938,0.01457978981,0.007332775068,0.01747353627,0.007240138045,0.02335914708,0.02218583907,0.2159109978,-0.1551949571,-0.1149110071,-0.05809220208,-0.2258691198,-0.006336567668,-0.04199021841,0.0004087090878,0,-0.0002396190321,0.02218583907,0.000235372612,0,0.003334834472,0.007332775068
1,1,1,1,1,1500,500,v1,0.0003849522819,0.0001556323902,0.001419213517,0.0004586184027,0.02473964476,0.001740831885,0.004940640469,0.011247553,8.702541436e-05,0.008227658116,0.000435373863,0.002367654115,0,0.002433686265,0.00853140899,0,0.09139975535,0.006431442729,0.005249508435,0.04155369255,0.0003215123603,0.001715030772,0.001608473563,0.008747215611,0.01116318543,0.00118429777,0.0041516151,0.05184294275,0.0002798001106,0.002551500356,0.002554553241,0.008882416753,0.0001564566382,0.0008345805079,0.01479190578,0.004256632457,0.08262020499,0,0.03072664992,0.3836964445,0.005122157431,0.01888399004,0,0.00610235546,0.02316342933,0.006176840213,0.109476842,0.00579306468,0.0001093056445,0,1.159619107e-05,0.0005076262783,6.776559311e-06,2.739695729e-06,0,8.073350783e-06,0.0004355076666,2.501320885e-05,8.697322952e-05,0.0001979978131,-0.2867741271,0.0008209575114,0.001338825332,0.009581327315,0.03545609772,0.002149423835,0.002203160961,0.1070249153,0,0.002266003232,0.02717506792,0.4968595303,0,0.004947332879,0.005493525962,-0.01559891617,0,-0.006464156638,0.009904622241,-0.1323793788,0.007468505198,-0.007080435505,0.4968595303,0.007090754438,0.0003073422122,0.02240413607,0.1070249153,0.008447087209,0.008449250214,0.129795224,-0.6203569017,0.06258013857,0.00162139463,0.004873833155,-0.007258037989,0.01718074182,0.00232326347,0,0.008447087209,0.09932348047,0.02244357924,0,0.007090754438,0.04511977762,0.005624855185,0.1151890624,-0.4657847317,0,-0.03655751795,-0.01119407207,-0.1282283097,-0.02833021867,0.004947332879,0.008449250214,0.04511977762,0.0001662537269,0.002266003232,0.0003073422122,0.09932348047,0.003664762877,-0.5212629614,0.0006149598576,0,3.387127002e-05,1.455345465e-05,8.148438048e-05,0.0006277755878,0.005493525962,0.129795224,0.005624855185,0.003664762877,0.02717506792,0.02240413607,0.02244357924,0.0001662537269
1,1,1,1,0,1500,500,v1,0.09530551193,0.1286614565,0.0206765691,0.03026992264,0,0.001355794827,0.0330820656,0,0.08595623833,0.005272105848,0.1040467229,0.01134587398,0,0,0.02195899837,0,0,0.0003672305378,0,0,0.0232821036,0.07532160443,0.0281820916,0.003073143016,0.001001940809,0,0.006369408678,0.0007240336967,0.01010834063,0.001624463217,0,0.002599106189,0.006753187472,0.0218477215,0.0004142051799,0.0008913932894,0.004417292598,0,0.02808104187,0.003192073485,0.03301136824,0.007161829601,0,0.01048471953,0.0004696123172,0.09632083813,0.001826121323,0.036039098,0.002412345203,0,0,0.001743235927,0.0180279694,0.02433757245,0,0.005725851822,0,0,0.006257796159,0,0.2033140069,-0.1239950299,-0.1604688472,-0.02516650591,0,-0.09957533416,-0.09495777017,0.004931397041,0,0,0.004785183297,0.003329503673,0,0,0.03015331192,-0.1862983095,0,0,0.005502396206,0,0.02693032781,0.02389762895,0.003329503673,0.0687020062,0.1414780987,0.01806276411,0.004931397041,0.02163860034,0.03654273089,0.004836580132,-0.2756069167,0.0004738775059,0,0.02693282456,0.0124458155,0.001947877833,0.007380804625,0,0.02163860034,0,0.0008180155387,0,0.0687020062,0,0.06367641942,-0.1638416072,-0.005561849473,0,-0.05572755087,0.04024070493,0.007952398594,0.02964871637,0,0.03654273089,0,0.08424102797,0,0.1414780987,0,0.0112779769,-0.2368653284,-0.000419295179,0,0,0.02352725395,0.02934247863,0,0.03015331192,0.004836580132,0.06367641942,0.0112779769,0.004785183297,0.01806276411,0.0008180155387,0.08424102797
1,1,1,1,4,1500,500,v1,0,0,0,0,0,0,0,0,0.2681359672,0,0,0.3679535433,0,0,0,0,0,0,0,0,0.02939715699,0,0,0.0403406831,0,0,0,0,0,0,0,0,0.1240049813,0,0,0.1701676681,0,0,0,0,0,0,0,0,0,0,0,0,0,0,0,0,0,0,0,0,0,0,0,0,0.3615521053,0,0,0,0,0,-0.6343090177,0,0,0,0,0,0,0,0,-0.3420457545,0,0,0,0,0,0.06928884212,0,0,0,0,0,0,0,0,-0.5650201748,0,0,0,0,0,0.2922632628,0,0,0,0,0,0,0,0,0,0,0,0,0,0,0,0,0,0,0.1727270487,0,0,0,0.2364083183,0,0,0,0,0,0,0,0,0,0,0.2364083183,0,0,0,0.1727270487
1,1,1,1,4,1500,500,v1,0.006279702709,0.00945964293,0,0.01517197737,0.0007760423408,0,0.05876341396,0.00226285898,0,0,0,0,0,0,0,0,6.187756078e-05,0,0,0.0001804285497,0,0,0,0,0,0,0,0,0.1185103784,0,0,0.7361878749,0,0,0,0,0,0,0,0,0.00733207263,0,0,0.01771453923,0,0,0,0,0,0,0,0,0.001849035406,0.002785357129,0,0.004467333031,0.0002285028179,0,0.01730267149,0.0006662905184,-0.8453182866,0.01401953993,0.06752166587,0,-0.002779700602,0,0,0,0,0,0,0,0,0,0,-0.001916368534,0,0,0,6.153227074e-05,0,0,0,-0.001084878828,0.1595145813,0,0,-0.002337229442,0.9909604448,0,0.08757097121,0,0,0,-0.8545543237,0,0,0,-0.002337229442,0.0007445596932,0,0,-0.001084878828,0.0020376947,0,0.0203160304,0,0,0,-0.0180346249,0,0,0,0.9909604448,0.0020376947,0,0,0.1595145813,0.0007445596932,0,-0.7937659105,0,0,0,0.00629649048,0.02004930541,0.0008633320707,0,0,0,0,0,0,0,0
1,1,1,1,2,1500,500,v1,0.01557099951,0.01040103397,0.0005391828831,0.04418788888,0,0.003681129927,0.007617625862,0,0.01092319945,0.005713093821,0.004485120287,0.01273523822,0,0,0.008416597748,0,0,0.04223699471,0,0,0.1253319298,0.04359049687,0.05146191673,0.1461231198,0.0001048671774,0,0.0001038482876,9.43974754e-06,0.001472485904,7.633271819e-05,0,0.001078435734,0.00154640945,0.0005378418445,0.0008088090225,0.001802941786,5.504579714e-05,0,5.451097205e-05,4.955014916e-06,0.00115711283,4.006778313e-05,0,0.003283692424,0.0002735522959,0.0002823183936,0.00042455169,0.0003332984644,0.004274991447,0,0,0.0003848185963,0.08986421683,0.06002702467,0,0.2550195974,0,0,0.04396326527,0,-0.7998364095,0.05924698524,0.01754475494,-0.005094546007,0,0.008051605052,0.0234630314,0.005857795103,0,0,0.01231694673,0.0005255858948,0,0,0.06384995763,0.03642600226,0,0,-0.05174341918,0,-0.09359087827,-0.2704999326,0.0005255858948,0.1097706684,0.07188937603,0.0006016237623,0.005857795103,0.3115688342,0.05274733157,0.005413591749,-0.3931736448,0.0001107354611,0,0.000638137561,0.002543479764,0.0007095821117,0.003341250617,0,0.3115688342,0,0.0574788615,0,0.1097706684,0,0.06992309973,-0.4306603976,5.156509368e-05,0,0.0003273452329,0.004430726877,0.0003748202148,0.000604632431,0,0.05274733157,0,0.1687653749,0,0.07188937603,0,0.1967781027,0.08392824668,-0.004417887907,0,0,-0.3445707147,-0.103179373,0,0.06384995763,0.005413591749,0.06992309973,0.1967781027,0.01231694673,0.0006016237623,0.0574788615,0.1687653749
1,1,1,1,3,1500,500,v1,0.000640210197,0,0.001262309633,6.923831105e-06,0,0.005194426551,0,0,0,0.000914810059,0.004025032208,0,0,0,0,0,0,0.3403168746,0,0,0,0,0.2637030995,0,0,0,0,0,0,0.008047341054,0,0,0,0,0.00583199902,0,0,0,0,0,0.01947936837,0.03840768931,0,0.0002106680857,0.1580483234,0,0.02783448656,0.122467723,0,0,0,0,0.003570104226,0,0,3.861044201e-05,0,0,0,0,-0.3909483154,0.0006425288993,0,0.002149506099,0,0.009194056845,0,0,0,0,0,0,0,0,0,0.2876654983,0,0,0,0,-0.6011462169,0,0,0.02281911041,0,0.04360959528,0,0.0002438121355,0,0.03154973989,-0.06373647931,0,0,0,0,0.01363025584,0,0,0.0002438121355,0,0.2646429081,0,0.02281911041,0,0.2055781707,-0.5720860808,0,0,0,-0.01946159783,-0.06588598539,0.2784714415,0,0,0,0,0,0,0,0,-0.01881906894,0,0,0,0.003443787264,0,0,0,0.03154973989,0.2055781707,0,0,0.04360959528,0.2646429081,0
1,1,1,1,3,1500,500,v1,0,0.1406670985,0,0,0,0,0.1668424433,0,0,0,0,0,0,0,0,0,0,0,0,0,0,0,0,0,0,0,0,0,0.2303671818,0,0,0.2732339253,0,0,0,0,0,0,0,0,0,0,0,0,0,0,0,0,0,0,0,0,0,0.08640550405,0,0,0,0,0.1024838471,0,-0.2949994479,0,0.2892029889,0,0,0,0,0,0,0,0,0,0,0,0,0,0,0,0,0,0,0,0,0,0.002117008489,0,0,0,0.006577680292,0,0.4764950117,0,0,0,-0.4822914709,0,0,0,0,0,0,0,0,0,0,0,0,0,0,0,0,0,0,0.006577680292,0,0,0,0.002117008489,0,0,-0.1930884821,0,0,0,0,0.1872920229,0,0,0,0,0,0,0,0,0
1,1,1,1,2,1500,500,v1,0,0,0,0,0,0.009995609467,0,0,0,0,0.01115541543,0,0,0,0,0,0,0.004641275861,0,0,0,0,0.00517981025,0,0,0,0,0,0,0,0,0,0,0,0,0,0,0,0,0,0,0,0,0,0.4579458625,0,0,0.5110820265,0,0,0,0,0,0,0,0,0,0,0,0,-0.9592117778,0,0,0,0,0.02112545132,0,0,0,0,0,0,0,0,0,-0.9478936365,0,0,0,0,0.00980731012,0,0,0,0,0,0,0,0,0,0,0,0,0,0,0,0,0,0,0,0.6649853772,0,0,0,0.7421441095,0.03093276145,0,0,0,0,0,-0.9690190879,0,0,0,0,0,0,0,0,0,0,0,0,0,0,0,0,0,0.7421441095,0,0,0,0.6649853772,0
1,1,1,1,4,1500,500,v1,0,0,0,0,0,0.08811198675,0,0,0,0,0.2124670008,0,0,0,0,0,0,0.01197412432,0,0,0,0,0.02887355485,0,0,0,0,0,0,0,0,0,0,0,0,0,0,0,0,0,0,0,0,0,0.1930547617,0,0,0.4655185716,0,0,0,0,0,0,0,0,0,0,0,0,-0.6172804792,0,0,0,0,0.3003044798,0,0,0,0,0,0,0,0,0,-0.3578193398,0,0,0,0,0.04084334005,0,0,0,0,0,0,0,0,0,0,0,0,0,0,0,0,0,0,0,0.139296405,0,0,0,0.3361675954,0.3411478201,0,0,0,0,0,-0.658123819,0,0,0,0,0,0,0,0,0,0,0,0,0,0,0,0,0,0.3361675954,0,0,0,0.139296405,0
1,1,1,1,4,1500,500,v1,0.04237162425,0.1360367293,0,0.031100833,0.0425442571,0.01264485297,0.03731329096,0.04551110973,0.03791719698,0,0.05887481678,0.006816113471,0.04779175828,0.0007689032356,0.01809475267,0.06837043354,0.02711810392,0.008059946518,0.01788531641,0.0290092033,0.0241687729,0.0187559667,0.03752735408,0.004344653922,9.291095434e-06,0.0005457788837,0.01284392295,0.0003973079078,0.06154880114,0,0.01269526199,0.01688211954,0.0171553523,0.01331326244,0,0.003083899583,5.05877767e-06,0.01847041787,0.006993206676,0.0002163245859,0.01043799779,0,0.02642360362,0.007661505358,0.003114984373,0.007248750724,0,0.01450346119,5.036902573e-07,0.001839054834,2.958784659e-05,2.153891581e-05,0.001039286194,0.003336692826,0.002630934304,0.0007628375581,0.001043520513,0.0006882374447,0.0009152159931,0.001116291124,0.1979599619,-0.07259980339,-0.1701121188,0,-0.07914257415,-0.06301444546,-0.03819723805,1.347811512e-05,0.04459273123,0.0009170982802,0.01083469185,0.0006153714985,0.06670962482,0.02278957485,0.01317857617,-0.09553670696,-0.1114526852,-0.01666941333,-0.03040516944,0.03304229492,0.02684169145,0.01193500722,0.0006153714985,0.04745908827,0.1097107576,0,1.347811512e-05,0.03497416956,0.03117013684,0,-0.2277778322,-0.0003472289271,0.0001827198646,0.003395887631,0.07213109832,0,0.01549938962,0.06670962482,0.03497416956,0.02854347704,0.004371904406,0.04459273123,0.04745908827,0.03738045915,0.02790507223,-0.2415686358,-8.476605889e-05,0.03303345796,0.01100043644,0.01586159861,0,0.01465476957,0.02278957485,0.03117013684,0.03738045915,0.0140261581,0.0009170982802,0.1097107576,0.02854347704,0.002118103724,-0.2961574219,1.276190986e-05,0.00421765662,0.0006822447277,0.001782699505,0.004060424106,0.002150988453,0.01317857617,0,0.02790507223,0.002118103724,0.01083469185,0,0.004371904406,0.0140261581
1,1,1,1,2,1500,500,v1,0.02023259232,0.006155582421,0.01214389298,0.00339376805,0,0.06236625613,0.005442457143,0,0.006017376616,0.02499885398,0.268799782,0.002978673671,0,0,2.709208806e-05,0,0,0.0009708255119,0,0,9.366960751e-05,2.046304354e-05,0.004184276918,4.636758034e-05,0.01014654336,0,0.01478757172,0.04957836295,0.05230160818,0.1031819719,0,0.04624245791,0.05112732678,0.01116926549,0.2124056144,0.02530864061,1.454860325e-05,0,2.120313355e-05,7.108784799e-05,0.0002464907394,0.0001479472878,0,4.13457842e-05,0.0007597990579,1.601503155e-05,0.0003045574143,0.003274748779,2.772429545e-05,0,0,0.0001354673344,0.0004697208363,0.0001429082975,0,7.878988225e-05,0,0,0.0001263523468,0,-0.478610566,-0.02342491121,0.01153367454,0.03709888323,0,-0.3299865362,0.00895113324,0.01508377734,0,0,0.02197334724,0.07387555789,0,0,0.01662119407,-0.4188935368,0,0,4.726458535e-05,0,0.00511894487,0.0001397059446,0.07387555789,0.02902270668,0.0685849176,0.1361483311,0.01508377734,0.004875087261,0.06081072059,0.280428819,0.05877584339,-0.05955405647,0,-0.02581404394,-0.09806578934,-0.3152688913,-0.07609404481,0,0.004875087261,0,0.0907373177,0,0.02902270668,0,0.3905447672,-0.7110789324,8.529971555e-05,0,3.708516109e-05,0.0002845021316,0.0004519078073,0.004012866949,0,0.06081072059,0,0.06720210213,0,0.0685849176,0,0.03330270626,-0.1691412813,0.0001625332714,0,0,0.0005418798405,0.0002683558615,0,0.01662119407,0.280428819,0.3905447672,0.03330270626,0.02197334724,0.1361483311,0.0907373177,0.06720210213
1,1,1,1,0,1500,500,v1,0,0.07074677004,0,0,0,0,0.01588530933,0,0,0,0,0,0,3.629509642e-05,0,0,0,0,0.0001136164104,0,0,0,0,0,0.0005799306504,0.0006142382982,0,0.002624999285,0.01436401327,0,0.001922781794,0.00322526094,0,0,0,0,0.005700467491,0,0,0.02580260774,0,0,0,0,0,0,0,0,0.02133634386,0,0.02259856335,0.09657687059,0,0.5284692681,0,0,0,0.07074144726,0.1186612165,0,-0.6291148819,0,0.08650894551,0,0,0,0,0.02262582601,0,0.03287814788,0,0.1021997252,0,0.1029410098,0,-0.0906949197,0,0.0001488154423,0,0,0,0,0.1021997252,0,0.6646596216,0,0.02262582601,0,0.1492492814,0,-0.7396177184,0.003165146214,0.002509485801,0,0.01757401233,0,0,0,0,0,0,0,0,0,0,-0.1144093528,0.03119231876,0,0,0,0,0,0.1029410098,0.1492492814,0,0,0.03287814788,0.6646596216,0,0,0.1410987239,-0.117574499,0,-0.09320440554,0,-0.6466888942,0,0,0,0,0,0,0,0,0
1,1,1,1,2,1500,500,v1,0,0.0005766338298,0.001863065643,0,0.1717572565,0.02317748222,0.001034030293,0.408695391,0.2040587616,0.008303836171,0.02937072581,0.04717776214,0,0.0002377836793,0.001423076791,0,0.008248863105,0.001113128388,0.0003394084466,0.0196281217,0.009800184424,0.0005054177482,0.001410566875,0.002265772693,0,0.0003561126201,0.002131246376,0,4.14748135e-05,0.0001340023704,0.0005083091976,7.437339143e-05,0.01467707693,0.0007569301607,0.000597259541,0.003393295337,0,0,0.006893590737,0,0,0.000433435341,0,0,0.005392155639,0.002448317005,0.001931856817,0.006832990886,0,0,0.000103428298,0,0,1.204582238e-05,0,0,0.003587991716,0.0001476318226,2.160078823e-05,0.008537605384,0.08752721218,0,-0.001589307836,-0.01003618402,-0.5803445039,-0.05235378705,-0.2510112799,0,0,7.228401364e-05,0.004803030938,0,0,9.696334999e-05,0.001694097181,-0.8478298485,0,0.0001714717171,0.001641028802,0.02781499819,0.002449407531,0.01200184115,0,0,0.000775530851,0.00194888325,0,0,0.001395329214,0.008631756702,-0.2551618961,0,-0.0004223929286,0.002790372159,0.0001131736279,0.0007260554487,0.01801642937,0,0,0.2398553664,0.02508299674,0,0,0.5707594608,0.03177294056,-0.05478310737,0,0,-0.008762819698,0,0.002256368587,0.01200042137,9.696334999e-05,0.001395329214,0.5707594608,0.2692318988,7.228401364e-05,0.000775530851,0.2398553664,0.06225761513,-0.554256559,0,0,0.0001380896358,0,2.889417072e-05,0.01211962327,0.001694097181,0.008631756702,0.03177294056,0.06225761513,0.004803030938,0.00194888325,0.02508299674,0.2692318988
1,1,1,1,2,1500,500,v1,0.01530265906,0,0,0.02306889554,0.004514906768,0.0047512301,0,0.004991976324,0,0,0.006017503367,0,0.06048783351,0.2058948042,0.04322361639,0.005487616102,0.009179166955,0.009659631211,0.04722833571,0.01014908756,0,0.005149144071,0.01223406615,0,0.05359061362,0.06059969083,0.01272172846,0.02135989998,0,0,0.01390041169,0,0,0.001515514391,0,0,0.03719388648,0.01235594261,0.008829354473,0.01482456799,0.006355200219,0,0.001120963765,0.009580521228,0.001973187696,0.001051823564,0,0.002499071473,0.07412102641,0.02462327105,0.0838152613,0.02954281736,0.01266482231,0,0.002233888219,0.01909233302,0.003736637648,0.01922562016,0,0.004131471064,-0.03150812373,-0.02113664698,0,0,-0.003274775136,-0.001410551228,0,0.003643536087,0.04041991095,0.09891797746,0.03714840819,0.0002660036868,0.003821298969,0.02339340981,0.004727843951,0.2220885508,-0.06346728259,-0.2474061938,-0.0467683758,-0.01585237184,-0.0186461497,0,0.0002660036868,0.0172157118,0,0,0.003643536087,0.02213054891,0,0,-0.2152138943,0.02086732857,0.07054824843,0.01173353122,0,0,0,0.003821298969,0.02213054891,0.01049109488,0.0111349906,0.04041991095,0.0172157118,0.00939729498,0.01562550445,-0.1697947474,0.03361621027,0.01224915101,0.007117343156,0.0105065003,0,0.002216370905,0.02339340981,0,0.00939729498,0,0.09891797746,0,0.01049109488,0,-0.2033498321,-0.05708989869,0.02172399168,0.09531702046,-0.01560069378,0,0.005868220405,0.004727843951,0,0.01562550445,0,0.03714840819,0,0.0111349906,0
1,1,1,1,0,1500,500,v1,0,0.05359974387,0,0,0.009169782498,0,0.0423621506,0.01572191621,0.06530660456,0,0,0.1945481082,0.001599960941,4.285018164e-05,7.193546195e-05,0.00115604735,0.0002536300132,0,0.001024108805,0.0004348576225,0.001806336735,0.0003250228081,0,0.005381069754,0.001132804415,2.85106708e-05,4.786276734e-05,0.0003058928236,0.000986413693,0,0.0006813980218,0.0007796045728,0.001201858896,0.0002162562194,0,0.003580332741,0.1688833366,0.1587069759,0.007135586461,0.04560381298,0,0,0.1146732862,0,0,0.03224040391,0,0,0.01295742437,0.01217665211,0.0003261153079,0.003498912146,0,0.01128295463,0.008798206284,0,0.001930274894,0.007794075672,0.008917397527,0.003309524534,0.0389988587,0,-0.09529295843,0,-0.02399404234,0,-0.258873064,0.2319909086,0.2171658045,0.0003869037147,0.01050309586,0.06263258259,0.1569539585,0.009200746866,0.0474559012,-0.5718064023,0.002748107531,0.0009400857623,0.0003961372805,0.0006749423469,0,0.007092437478,0.06263258259,0,0.06175266944,0,0.2319909086,0,0.04872351126,0,-0.5709658593,0.001437828163,0.0006229816188,0.0002638114644,0.001763067018,0,0.004774123146,0.1569539585,0,0.01013049564,0,0.2171658045,0,0.01762537788,0,0.04217439734,-0.2142713085,-0.2730719765,-0.03929928005,0,0,0,0.009200746866,0.04872351126,0.01762537788,0.09311615568,0.0003869037147,0.06175266944,0.01013049564,0.2773935948,-0.5984432727,0.01641781965,0.02091069362,-0.007954834446,0,0.01987910441,0.004815184331,0.0474559012,0,0,0.2773935948,0.01050309586,0,0,0.09311615568
1,1,1,1,1,1500,500,v1,0.006720778982,0.00143983804,0.02413920849,0.010650962,0.003928778564,0.0007000189167,0.002836404115,0.01216778026,0.001505366345,0.003096087975,0.0001868169213,0.002034720672,0,0.01901848863,0.0006955373392,0,0.04103088224,0.007310769305,0.009824433948,0.1270763294,0.01572155524,0.0004469005187,0.001951055009,0.02124995923,0.01420141468,0.006259757253,0.0002289295952,0.003504819941,0.004949353089,0.08297701739,0.003233620339,0.009749961509,0.005174602532,0.0001470931165,0.01064260851,0.006994224882,0.04365040732,0,0.0007036531435,0.01077264635,0.07100862444,0.2550436481,0,0.11253311,0.007396074248,0.0004521151304,0.03271182535,0.00197382069,0.0001771737339,0,7.809535819e-05,4.372536467e-05,0.0002882186881,6.174704331e-05,0,0.0004567634648,0.0001684845472,4.034193794e-05,0.0001216383808,0.0005218117828,-0.5879678827,0.01724272468,0.003648080129,0.02718234515,0.01593742107,0.0008738700811,0.003462605528,0.04393267846,0,0.01902747318,0.0006564139304,0.01083242874,0,0.009884712213,0.0004821657401,0.0354785592,0,-0.02776809919,-0.000373854716,-0.1674497034,-0.001698321258,-0.03544430539,0.01083242874,0.09593055258,0.005304109982,0.2217243999,0.04393267846,0.1520034011,0.01024891757,0.02838705199,-0.3699404687,0.016955375,0.008379678983,0.0002980546051,-0.01419386596,0.09286595846,0.010934127,0,0.1520034011,0.05519356956,0.006325617205,0,0.09593055258,0.1710469139,0.001695361458,0.1543019918,-0.05368441646,0,-0.0006832530028,-0.1832688965,-0.2867892716,-0.004522867935,0.009884712213,0.01024891757,0.1710469139,0.01353955638,0.01902747318,0.005304109982,0.05519356956,0.01803180293,-0.3842017004,0.0002189699924,0,0.0001136299393,0.0007368697652,0.0001771007998,0.0006852929923,0.0004821657401,0.02838705199,0.001695361458,0.01803180293,0.0006564139304,0.2217243999,0.006325617205,0.01353955638
1,1,1,1,3,1500,500,v1,0,0,0,0,0.03048930212,0.07028123897,0,0.06867088285,0.1153005092,0,0.1836859358,0.1221040943,0,0,0,0,0.008587843745,0.01979593682,0,0.01934235193,0.03247639953,0,0.05173834771,0.03439274792,0,0,0,0,0,0,0,0,0.0877238306,0,0,0.0929001871,0,0,0,0,0,0,0,0,0.01568419884,0,0,0.0409919743,0,0,0,0,0,0,0,0,0.001793877685,0,0,0.004040340571,0.3490908503,0,0,0,-0.09892822697,-0.2533397667,-0.1894113729,0,0,0,0,0,0,0,0,-0.3572348863,0,0,0,0.02757308749,0.07127000999,0.06580327358,0,0,0,0,0,0,0,0,-0.1236080991,0,0,0,0,0,0.1222482664,0,0,0.03020064488,0.05218867992,0,0,0.06818798786,0.136265713,-0.1820697566,0,0,0,0,0,0.05643349425,0,0,0.06818798786,0.001387973946,0,0,0.03020064488,0.0006517745794,-0.07135513948,0,0,0,0,0,0.005762717581,0,0,0.136265713,0.0006517745794,0,0,0.05218867992,0.001387973946
1,1,1,1,3,1500,500,v1,0,0,0,0,0.0572696206,0,0,0.0183922797,0,0,0,0,0,0,0,0,0.06781321626,0,0,0.02177838141,0,0,0,0,0,0,0,0,0,0,0,0,0,0,0,0,0,0,0,0,0,0,0,0,0,0,0,0,0,0,0,0,0,0,0,0,0.6318320751,0,0,0.202914427,-0.7454102093,0,0,0,0.07554719001,0,0,0,0,0,0,0,0,0,0,-0.759054949,0,0,0,0.08919192991,0,0,0,0,0,0,0,0,0,0,0,0,0,0,0,0,0,0,0,0.7605779545,0,0,0,0.2442165753,0,0,0,0,0,0,0,0,0,0,0.2442165753,0,0,0,0.7605779545,0,0.1647391199,0,0,0,0,0,-0.8346021388,0,0,0,0,0,0,0,0
1,1,1,1,0,1500,500,v1,0.001036532556,0.001107513335,0.009769909044,0.00466622865,0.009228490433,0,0.0002648643463,0.01161567583,0.03123993525,0.009745879032,0,0.00974432557,0,0.006494865779,0,0,0.04623124502,0,0.005170584478,0.05819014054,0.1565002544,0,0,0.04881538386,0.0827240506,0.0037197036,0,0.04360263084,0.003177547428,0.02803067771,0.002961268539,0.0007599177324,0.08962995999,0,0.02796173361,0.0279572766,0.07598548355,0,0,0.04005083122,0.002731648813,0.02574734415,0,0.01229724805,0,0,0.02568401613,0,0.03771380876,0,0.001695809009,0.01987839412,0.001355796872,0.001448640573,0,0.006103482395,0.0120709749,0.001350039252,0.0003464457051,0.0151934417,-0.222579938,-0.00046811111,0.0005591442986,0.01487910835,0.01795414611,0,0.03995936465,0.005206240005,0,0.004443871747,0,-0.0002391701609,0,0.004783243048,0,0.172117842,0,-0.009332993098,0,-0.1026029776,0,-0.1921392267,-0.0002391701609,0.002731706508,0.00345881204,0.008140111421,0.005206240005,0.01444650894,0.0007998176489,0.00625855363,-0.128041486,-0.02475545765,0.0007462756306,0,-0.003347115149,-0.01868306533,0.08998553331,0,0.01444650894,0.04355557686,0,0,0.002731706508,0.05186184822,0,0.02136219471,-0.02787983752,0,0,-0.01204983773,-0.005795153051,0,0.004783243048,0.0007998176489,0.05186184822,0.06939801801,0.004443871747,0.00345881204,0.04355557686,0.02389347487,-0.161176764,0.04932391522,0,0.0024353076,0.001065805205,-5.111560783e-05,0.0210372148,0,0.00625855363,0,0.02389347487,0,0.008140111421,0,0.06939801801
1,1,1,1,4,1500,500,v1,0,0.005967593147,0.3872726363,0,0,0,0.001882308182,0,0.0002588621112,0.2326020895,0,0.0008816482804,0,0,0,0,0,0,0,0,4.053572805e-05,0,0,0.0001380590414,0,0,0,0,0.001179079922,0.07651751362,0,0.0003719073552,5.114610035e-05,0,0.04595763264,0.000174196491,0,0,0,0,0,0.1510232132,0,0,0,0,0.09070693783,0,0,0,0,0,0,0.003781783933,0,0,0,0,0.001192856595,0,0.3702261661,0,-0.007421799154,-0.6194071049,0,0,-0.001137933311,0,0,0,0,0,0,0,0,-0.0009145736185,0,0,0,0,0,0.0001756267263,0,0,0.001524928862,0.2395684491,0,0,0.0004913625856,0.1439178401,-0.3819308172,0,0,0,0.00154403708,0.1224227516,0.0002233596942,0,0,0,0,0,0,0,0,-0.4969843525,0,0,0,0,0.2413268271,0,0,0.0004913625856,0,0.0002511676394,0,0.001524928862,0,0.0008572526928,-0.005877762076,0,0,0,0,0.004533567801,0,0,0.1439178401,0,0.0008572526928,0,0.2395684491,0,0.0002511676394
1,1,1,1,4,1500,500,v1,0.002581669033,1.180861598e-05,0.01241266609,0.004897391309,3.884185152e-05,0.005344496313,0.001796600473,0.001557741219,0.1917016038,0.01025538436,0.008201547603,0.2306472713,0.0152205815,0,0.0008563849137,0.008134253182,5.714910701e-06,0.0007863507525,0,0.0002291948404,0.02820559536,0.0001058035309,0.001206716733,0.0339357808,0.01984565003,0,0.003978338487,0.04246609104,8.07125833e-06,0.008484130123,0,0.001227986968,0.1310291713,0.0004915105958,0.007009615397,0.1576487637,0.001036473859,0.003692810253,0.0002077757009,0.002217866041,9.215859357e-05,0.0004430985671,0.001973528643,0.0001748236081,0.000190784046,2.567000241e-05,0.0003660894509,0.0002927730405,0.006564901243,0.0233898177,0,0.01404769778,0.0005837214901,2.669956074e-06,0.01250009397,0.001107311788,8.782234732e-06,0,0.0004062156272,0.0003522089833,0.3326190245,-0.006634241391,-0.001171116913,-0.01798361776,-0.001478642695,-0.01345581297,-0.3943039198,0.02139695464,0.0118222296,0,0.004675193457,0.03997924574,0.01371435237,0,0.0005956343315,-0.1753305237,0.004864092326,0,0.0005371220048,0.0001705625359,0.001888178286,0.06144927579,0.03997924574,0.003392051682,5.736920142e-06,0.007816631244,0.02139695464,0.006431849608,0.0009570456219,0.006184645501,-0.3368989586,-0.0545840672,0,-0.004233423912,0.0005157742077,0.007938638451,0.2591470021,0.01371435237,0.006431849608,3.964888452e-05,0.006577132322,0.0118222296,0.003392051682,0.001571671623,0.01007461324,-0.09408309292,0.00289160999,0.001231936067,0.0001824167092,0.0001595087257,0.0007107948221,0.0004664709893,0,0.0009570456219,0.001571671623,0.05097892297,0,5.736920142e-06,3.964888452e-05,0.05958253986,-0.05403458437,0.0107749903,-0.02312041637,0,-7.45348568e-05,1.348767686e-05,0.0002338664888,0.0005956343315,0.006184645501,0.01007461324,0.05958253986,0.004675193457,0.007816631244,0.006577132322,0.05097892297
1,1,1,1,3,1500,500,v1,0,0,0,0,0,0.007487838568,0,0,0,0,0.01204291693,0,0.01683220052,0,0.004384085085,0.09706867519,0,0.00673351672,0,0,0,0.0971232252,0.01082971832,0,0,0,0.0005744929901,0,0,0,0,0,0,0.01272708238,0,0,0,0.04391855544,0.01143894903,0,0,0,0.2532714596,0,0.01756908297,0.2534137914,0,0.02825688678,0,0.01866860271,0,0,0,0,0.1076589202,0,0,0,0,0,-0.02777909139,0,0,0,0,0.01904852632,0,0,0.01196998941,0,0.009719530612,0,0.07170509213,0,0.2151341873,-0.4463183634,0.1135266926,0,0.1010925058,0,0.01728273648,0,0,0,0,0,0,0,0,0,-0.1631168333,0,0,0.01321435473,0,0,0,0.07170509213,0,0,0.005020865394,0.01196998941,0,0,0.008074982179,0.3897784539,0,-0.2949237179,-0.2642093393,0,0,-0.04506182788,0,0,0,0,0,0,0,0,-0.1813970263,0,0.1256136385,0,0,0,0,0.2151341873,0,0.008074982179,0,0.009719530612,0,0.005020865394,0
1,1,1,1,3,1500,500,v1,0.003524733218,0.02917398859,0.03012813406,0.0003150710936,0,0.001908707416,0.002584229555,0,0.001494624659,0.006101263728,0.003555674465,0.0001329778686,0.05512173119,0.0231925121,0.003072237631,0.008784755679,0,0.00381071745,0.008228988532,0,0.002984004894,0.0006793772056,0.007098872577,0.000265489137,4.953299461e-06,0.001525259011,0.0002020461652,4.294938443e-06,0.003830531203,0.003955810061,0.0005411806561,0.0003393081448,0.0001962435261,4.467934308e-05,0.0008010931044,1.745993262e-05,0.0001537197951,0.1125003487,0.006270263964,0.0001332883389,0.01436232199,0.1227638904,0.01792919155,0.001283828368,0.007777459681,0.001386570611,0.02486097778,0.01448839909,0.0002136751392,0.1563788688,0.06579653303,0.0001852748006,0.01996405961,0.1652412285,0.02492211558,0.001784560051,0,0.02334541914,0.01463705469,0,-0.3445068588,0.001721432244,0.03143089009,0.03565783733,0,0.002951251446,0.000207298516,0.0002418876879,-0.01761616346,0.06172265791,0.005791632579,0.0001443104823,-0.002019050295,0.02189577908,0.001400972288,-0.157491943,0.06287696726,0.03059770269,0.001305377903,0,0.005240830166,-0.002501776224,0.0001443104823,0.01312112396,0.1983520294,0.1328937794,0.0002418876879,0.001255433074,0.01756065897,0.02684076528,-0.3246536982,8.286643808e-06,0.002046686419,0.0002057937411,0.004146792853,0.004722012936,0.000114357807,-0.002019050295,0.001255433074,0,0.005006380546,-0.01761616346,0.01312112396,0,0.0105068738,-0.05547272194,1.230852674e-05,0.1038001944,-0.006306241556,0.004991628968,-0.1468695467,-0.01853425117,0.02189577908,0.01756065897,0,0.00294128116,0.06172265791,0.1983520294,0,0.0003288986927,0.2416328893,-0.0002780606175,-0.1535870191,-0.08839001375,-0.01629743258,-0.1795194753,0,0.001400972288,0.02684076528,0.0105068738,0.0003288986927,0.005791632579,0.1328937794,0.005006380546,0.00294128116
1,1,1,1,2,1500,500,v1,0,0,0,0,0.0775689684,0,0,0.07555216865,0,0,0,0,0,0,0,0,0.01658355032,0,0,0.01615237661,0,0,0,0,0,0,0,0,0,0,0,0,0,0,0,0,0,0,0,0,0,0,0,0,0,0,0,0,0,0,0,0,0,0,0,0,0.412433116,0,0,0.40170982,-0.7814083808,0,0,0,0.1529033881,0,0,0,0,0,0,0,0,0,0,-0.6610635469,0,0,0,0.03255855441,0,0,0,0,0,0,0,0,0,0,0,0,0,0,0,0,0,0,0,0.4776281719,0,0,0,0.4651293168,0,0,0,0,0,0,0,0,0,0,0.4651293168,0,0,0,0.4776281719,0,0.1854619425,0,0,0,0,0,-0.8139669351,0,0,0,0,0,0,0,0
1,1,1,1,4,1500,500,v1,0.04723531485,0.00321585819,0.001932230899,0.03170002307,0.02776922475,0.08719015194,0.0008932700293,0.0009302483005,0.01344034362,0.02890486773,0.1238601938,0.07862665228,0,0.01914992743,0.005101692535,0,0.008513419951,0.02673054022,0.02481610741,0.0002851932134,0.004120507163,0.0133093266,0.03797275057,0.02410516376,2.892674701e-05,0.0003957630007,0.000105434402,9.498174343e-05,2.037535801e-05,1.224242302e-05,0.0005128634126,5.659670164e-06,8.515668193e-05,0.0002750579109,0.0001831383704,0.0004981706577,0.00210182553,0,0.007660893144,0.00690140005,0.02174564226,0.0008895378817,0,0.01459368618,0.04013958326,0.01998578476,0.01330688523,0.05702130861,0.003384267634,0,0.04630205787,0.01111233282,0.03501388304,0.002383802943,0,0.02349811585,0.02058435285,0.0600021512,0.0006621497587,0.0006895604549,0.2292039947,-0.05456863138,-0.002314445269,-0.02921201488,-0.02439447922,-0.2032626931,-0.08978355823,0.004456021704,0,0.04901839729,0.0104146514,0.01240550039,0,0.06042119747,0.0255803993,-0.339084803,0,0.0273729831,-0.007638772111,0.008487800806,0.06263749321,0.02505738856,0.01240550039,0.01879912416,0.003897269175,0.001927030871,0.004456021704,0.02037930603,0.00108182727,0.02609596673,-0.1962225164,9.148139439e-05,0.0008503345938,0.0001681828644,2.358354421e-05,0.0001639232946,0.00055835444,0,0.02037930603,0.01702843503,0.03195694161,0,0.01879912416,0.0005564615228,0.04352365533,-0.2500281147,0.001263072876,0,-0.01652611122,0.03426119331,0.01036609314,0.09030480183,0.06042119747,0.00108182727,0.0005564615228,0.01401611772,0.04901839729,0.003897269175,0.01702843503,0.08223560515,-0.008927106284,-0.01259556901,0,-0.1011830475,-0.005811515382,-0.001028535905,0.004183414062,0.0255803993,0.02609596673,0.04352365533,0.08223560515,0.0104146514,0.001927030871,0.03195694161,0.01401611772
1,1,1,1,4,1500,500,v1,0.287223174,0.01129813289,0.0114367928,0.04841103965,0.02334309942,0.02403442156,0.03371153149,0.005956978762,0,0.08060693138,0.02689179704,0,0.001282756085,0,0,0.001179561935,0.002491978746,0.002565780431,0,0.0006359337377,0,0,0.002870817857,0,0.145512651,0,0,0.01348620247,0.008893877182,0.009003030103,0,0.02653767872,0,0,0.06345368344,0,0.01349863398,0.0008774690099,0,0.001251061744,0.02097456656,0.0008351755483,0.000806879075,0.003535232062,0.001755121524,0,0.005886347624,0.001963782306,0.03428863413,0.002228908043,0,0.003177891814,0.05327866806,0.00209575524,0.002049598607,0.008980040421,0.004330044921,0,0.006253344643,0.001104994035,0.1733064872,-0.3348157644,-0.03000038286,-0.06752977484,-0.02863497785,-0.05071045955,0,0.1461715552,0.002375675542,0,0,0.01355091355,0.001767522567,0,0,-0.07159004834,-0.001705201574,0,0,0.002788511315,0.005280064734,0,0.01355091355,0.3192007992,0.0016402826,0.004783446845,0.1461715552,0.05387395544,0.005395845627,0.02898616548,-0.03109474409,-0.1581933692,0,0,0.01720681849,0.03839582183,0,0.001767522567,0.05387395544,0.02472137961,0.0295917367,0.002375675542,0.3192007992,0.00633766046,0.03304603598,-0.4712005259,0.0146468776,-0.0003310857537,0,0.02436010773,0.006620878154,0.003671879727,0,0.005395845627,0.00633766046,0,0,0.0016402826,0.02472137961,0,-0.4946784678,0.03706484582,-0.0007258447434,0,0.06173915345,0.008102812208,0.005140439825,0,0.02898616548,0.03304603598,0,0,0.004783446845,0.0295917367,0
1,1,1,1,1,1500,500,v1,0.06428897454,0.006593647614,0.07940870676,0.1292047832,0.000265615694,0.0007153643526,0.01958376126,0.0003806152944,0.002113652072,0.04740138775,0.0002841835826,0.001451691864,0,0.1412895489,0.004340242248,0,0.0004791431934,0.001290443178,0.06885328856,0.0006865905583,0.003812809358,0.0009771984885,0.0005126377407,0.002618701724,0.00659898157,0.04640355435,0.001425460472,0.0111555544,0.003906416387,0.04704580705,0.02261340164,0.01160242864,0.001252236331,0.0003209401086,0.02808302305,0.0008600570156,0.005807515031,0,0.00125449405,0.009817583083,0.03351990085,0.0414032421,0,0.06736662942,0.0003729868511,0.0002824472966,0.02471481042,0.0001481716823,0.001745911074,0,0.01227711861,0.002951456335,0.01007707527,0.001033531547,0,0.02025240464,4.163434494e-05,0.005982891138,0.003069687108,5.966013611e-05,0.2378440273,-0.1818731679,-0.02093010329,-0.1033764703,-0.000335016676,-0.0003270783221,-0.0008673576708,0.005717202923,0,0.1244818201,0.003563077984,0.01011502059,0,0.06082406052,0.0009169537824,0.08612830388,0,-0.2078129309,-0.004244782104,-0.0006525898301,-0.001221762603,-0.004374430452,0.01011502059,0.03440977518,0.003324441651,-0.006887455757,0.005717202923,0.06317215977,0.0110010869,-0.008703633609,-0.2638415839,-0.006524110993,0.06638402162,0.001022365277,0.008370552067,0.05311191773,0.001767581423,0,0.06317215977,0.0004985189156,0.001331215552,0,0.03440977518,0.0008458370085,0.000594494117,-0.2094970998,-0.007912985204,0,0.0002357289794,0.0867648357,0.06065861226,0.0002650344786,0.06082406052,0.0110010869,0.0008458370085,0.003005404348,0.1244818201,0.003324441651,0.0004985189156,0.002205905705,-0.2645214954,0.003882280525,0,0.01789165546,0.03005370872,0.003009198858,9.136922315e-05,0.0009169537824,-0.008703633609,0.000594494117,0.002205905705,0.003563077984,-0.006887455757,0.001331215552,0.003005404348
1,1,1,1,0,1500,500,v1,7.772781523e-05,0.01890116206,0.0001621709814,2.876088682e-05,0.0002608538216,0,0.001360081786,7.927654105e-05,0.003336300724,6.185649503e-05,0,0.005540792132,0.0001798516203,0.1048709537,0.001544488522,0.0003680376704,0.002769756251,0,0.0005266529744,0.0008417614654,0.03542497377,0.002039837412,0,0.0588323512,0.000318349539,0.09701817047,0.00142883654,0.0002069333446,0.1856652883,0.001592998458,0.0004872169674,0.01336002391,0.03277233611,0.001887093487,0.0006076136455,0.05442695879,0.0001695661575,8.862314769e-05,0.000761057555,0.0001102212751,0.0004066807583,0.0008484969955,0.0001813531442,0.0001504802268,0,0.001005144196,0.0003236402082,0,0.0003890151361,0.000203317374,0.1185537661,0.0002528673466,0.0009329984998,0.2268783162,0.0004160565947,0.0003452285926,0.003131134247,0.0005953668897,0.01632561346,0.0009515884841,-0.1184177271,7.536597865e-05,0.01898503512,0.0001674338398,0.0002883580908,0,0.008235518467,0.0003062799242,0.0001715641719,-0.1105676062,0.0009995075107,0.0002290679273,0.0003444534917,-0.0004809631648,0.0009464847717,0.05554811016,-1.688866422e-05,0.003980048657,-0.000573927814,-0.0005326094391,0,-0.02855443897,0.0002290679273,0.001042667293,0.06171801621,0.001925995626,0.0003062799242,0.0004090064215,0.006377178872,0.0007150407652,-0.1652076433,-3.246491163e-05,0.07055693773,-0.0005485982714,0.1018851859,-0.001751672721,-0.0189905645,0.0003444534917,0.0004090064215,0.003816029639,0,0.0001715641719,0.001042667293,0.001030861578,0,-0.004569896152,6.313503157e-05,2.629113098e-06,-0.0001748021047,0.0001286742221,-0.0001764520491,0,-0.0004809631648,0.006377178872,0.001030861578,0.02883585046,-0.1105676062,0.06171801621,0.003816029639,0.03012837706,0.1953834064,-0.0003875686875,-0.0003297522248,-0.0005046067213,-0.001171822677,-0.1662670177,-0.002987009461,0.0009464847717,0.0007150407652,0,0.03012837706,0.0009995075107,0.001925995626,0,0.02883585046
1,1,1,1,3,1500,500,v1,0.006573383476,0.04280162852,0.001801526176,0.003454623627,0.02526541,0,0.09766107456,0.05793506393,0.145052939,0.01049386075,0,0.1136188093,0,0.0003071396541,0,0,0.004649205124,0,0.0003851478026,0.01066089947,0.02669186319,0,0,0.02090752338,0.04687422957,0.0006157190555,0,0.0435080245,0.01578917196,0.0006645683251,0.0007721010234,0.03602637453,0.05350884711,0,0.003871099712,0.04191305283,0.009935061555,0,0,0.009221589464,0.0005139542356,0.0001408562291,0,0.0002701072365,0,0,0.0008204852492,0,0.04406083366,0,0.0005787635368,0.04089666855,0.002279326802,0.01484150429,0,0.001197893939,0.008760804294,0.0007257594434,0.03386406796,0.02008903702,0.2720545285,-0.009417205499,-0.1338652337,-0.01150037109,-0.08013952993,0,-0.2561414106,0.02132586577,0,0.0004131302554,0,0.01118259315,0,0.000685539334,0,-0.2197899386,0,0.0001359095667,0,0.01228569457,0,0.04573920831,0.01118259315,0.006526964199,0.01982399484,0.001771502974,0.02132586577,0.00356457576,0.04600852282,0.009473253733,-0.2907768137,-0.04391417986,-0.0006977067937,0,0.04787550278,0.003321393134,0.09255210184,0,0.00356457576,0.02031244659,0,0,0.006526964199,0.04425742303,0,-0.05488352492,0.01765829977,0,0,0.0006462479447,0.000682473497,0,0.000685539334,0.04600852282,0.04425742303,0.09896465324,0.0004131302554,0.01982399484,0.02031244659,0.0778104975,-0.1894322007,0.004583574199,0,-0.0001706491652,0.002043264243,0.04210138568,0.02480725554,0,0.009473253733,0,0.0778104975,0,0.001771502974,0,0.09896465324
1,1,1,1,0,1500,500,v1,0,0,0,0,0.3632511347,0,0,0.3842591204,0,0,0,0,0,0,0,0,0.01934473469,0,0,0.02046350314,0,0,0,0,0,0,0,0,0,0,0,0,0,0,0,0,0,0,0,0,0,0,0,0,0,0,0,0,0,0,0,0,0,0,0,0,0.1033521591,0,0,0.1093293481,0.2519716585,0,0,0,-0.747046872,0,0,0,0,0,0,0,0,0,0,-0.5348450338,0,0,0,0.03976982075,0,0,0,0,0,0,0,0,0,0,0,0,0,0,0,0,0,0,0,0.3608695228,0,0,0,0.381743298,0,0,0,0,0,0,0,0,0,0,0.381743298,0,0,0,0.3608695228,0,-0.707277051,0,0,0,0,0,0.2122018378,0,0,0,0,0,0,0,0
1,1,1,1,4,1500,500,v1,0.005400829604,0.0002252725292,0.03123598012,0.0001957624208,0.01294445721,0,0.0008412001679,3.359698542e-05,3.373469151e-05,0.002016064583,0,5.653106652e-05,0.0006710004507,0.0003019979308,1.823862381e-06,9.242878417e-05,0.002320297987,0,6.607753901e-05,6.022270101e-06,6.046953961e-06,1.36109377e-06,0,1.013321128e-05,0.0002429389252,0.01145387981,6.917365447e-05,0.0003480012605,0.001531499321,0.2123555966,0.002506123761,0.005718839711,0.0002293429089,5.162222277e-05,0.01370607215,0.0003843224484,0.0003364999012,0.03525001463,9.581390827e-05,0.0004820239889,0.05085771974,0.2941382786,0.004855609249,0.001843426115,0,7.150304483e-05,0.01898457368,0,0.0003952502625,0.04140440305,0.01863492645,0.0005661817654,0.05973709652,0.002491677725,0.00570336224,0.002165274501,0.1431750947,0.00407734608,0.009304284584,0.0003716070507,-0.2727419895,0.005453877911,0.0009997345237,0.03293102578,0.01274660204,0,7.89097869e-05,-2.31451529e-05,0.02266277897,0.01409620516,7.986618641e-05,2.363502844e-05,0.004071756751,0.003106609803,6.545142319e-05,-0.1614246667,0.0007150035094,0.0003035885751,2.347000414e-06,0.002304624186,0,1.515087497e-05,2.363502844e-05,0.03300929631,0.002552069421,0.08400787009,-2.31451529e-05,0.001135736246,0.009774072333,0.007275456865,-0.2655305814,0.0002536490188,0.005928138309,1.064394508e-06,-0.00130177245,0.1801048358,-0.0006059332899,0.004071756751,0.001135736246,0.1917777015,0,0.02266277897,0.03300929631,0.0004977502219,0,0.1524969449,0.0002957977466,0.007589204641,-0.0001002898014,0.0120706222,-0.2738914132,0,0.003106609803,0.009774072333,0.0004977502219,0.0002835102183,0.01409620516,0.002552069421,0.1917777015,0.0004842987239,0.04735907024,-0.0005497733489,-0.02612723197,-0.01770027019,-0.04028785513,-0.007915389913,-0.1432348607,6.545142319e-05,0.007275456865,0,0.0004842987239,7.986618641e-05,0.08400787009,0,0.0002835102183
1,1,1,1,2,1500,500,v1,0,0.01057037177,0.00312436062,0,0.03796962605,0.338355653,0.03699748373,0.004083895967,0.00324003881,0.01658516944,0.1244062229,0.0153911786,0,0.0004298086172,3.0883113e-05,0,0.0067229041,0.05990927074,0.00259134375,0.0007230948471,0.0005736814518,0.0005282758011,0.02202737274,0.00272516294,0,0.0002198382761,1.579607772e-05,0,0.0009572801416,0.0002829501594,0.001325419082,0.00335058759,0.0002934262748,0.0002702022174,0.001501995739,0.001393864848,0,0,4.287631335e-05,0,0,0.0007680298814,0,0,0.08317453831,0.0007334273196,0.004076963984,0.03058151995,0,0,0.004187281923,0,0,0.01823341187,0,0,0.06549588278,0.02524539157,0.06381898138,0.007044535315,0.06728594933,0,0.04581365449,-0.01958655352,0.04000965125,-0.4618086875,-0.0184462387,0,0,0.00529639559,2.693627358e-05,0,0,0.03195879051,0.0001751178814,-0.423674869,0,0.002993099865,9.483573246e-05,0.007430744075,0.08141451059,0.003169550175,0,0,0.01008595269,0.00311667053,0,0,0.03498717028,0.01650757987,-0.09107747789,0,0.001535238066,8.607804686e-05,0.004302752575,0.001773644658,0.001675148708,0,0,0.03119445746,0.2929224894,0,0,0.003408953859,0.1074727526,-0.3980261729,0,0,-0.0003156165497,0,0.004730075283,0.1134640159,0.03195879051,0.03498717028,0.003408953859,0.003549391892,0.00529639559,0.01008595269,0.03119445746,0.01685291785,0.1020851394,0,0,-0.02936512866,0,-0.08016515562,-0.07050933621,0.0001751178814,0.01650757987,0.1074727526,0.01685291785,2.693627358e-05,0.00311667053,0.2929224894,0.003549391892
1,1,1,1,0,1500,500,v1,0.02054521201,0,0.006253580146,0.004977150645,0,0.03278997547,0,0,0,0.02205584609,0.02636342729,0,0,0,0,0,0,0.1401438248,0,0,0,0,0.1126768618,0,0,0,0,0,0,0.002240585078,0,0,0,0,0.007902353289,0,0,0,0,0,0.01784537051,0.005431798642,0,0.004323104443,0.02848105247,0,0.01915749252,0.02289901547,0,0,0,0,0.4233542719,0,0,0.1025590773,0,0,0,0,-0.6865049302,0.0254409443,0,-0.01244037638,0,0.05882369462,0,0,0,0,0,0,0,0,0,0.1099996297,0,0,0,0,-0.2518123909,0,0,0.5762427176,0,-0.0005874234325,0,0.1396949504,0,-0.006048383302,-0.004776072974,0,0,0,0,0.009199944112,0,0,0.1396949504,0,0.1177678724,0,0.5762427176,0,0.09495127006,-0.6956520213,0,0,0,0.02213111456,0.007664303404,0.051175935,0,0,0,0,0,0,0,0,0.04757205879,0,0,0,-0.5248638372,0,0,0,-0.006048383302,0.09495127006,0,0,-0.0005874234325,0.1177678724,0
1,1,1,1,2,1500,500,v1,0.0004682989023,0.0145429797,4.465215507e-05,0.0002720190157,0.001275019729,0,0.001879063341,0.001217417042,2.185532688e-05,9.752744021e-06,0,7.635545872e-05,0,0.3203864018,0,0,0.009360103903,0,0.06307399115,0.008937234262,0.0001604431099,0,0,0.0005605364458,0.004431890002,0.3127050495,0,0.001715972618,0.1042024624,0.0003199388714,0.06156177483,0.01346374892,0.0001565964421,0,6.987976078e-05,0.00054709743,0.005498447802,0,0,0.002128930516,0.004162927598,0.0003969338552,0,0.00241810404,0,0,8.66966953e-05,0,0.0005428642728,0,0.03830338732,0.0002101902861,0.0004110077507,0.01276380821,0,0.0002387405207,0.001119035275,0.007540730503,0.001649180883,0.001068479635,-0.1254834248,0.0005822748765,0.01593937975,4.544143941e-06,0.002075012929,0,2.686480672e-05,0.005805862872,0,0.04230815247,0,0.002320891892,0,0.009866212325,0,0.02692360302,0,-0.05798902714,0,-0.01763021158,0,-0.0002976803204,0.002320891892,0.005200856378,0.1154100072,0.0002739314276,0.005805862872,0.003017578472,0.0149836641,8.13816021e-05,0.0155736877,-0.00361728969,-0.02251514393,0,-0.1170804663,1.659431725e-06,-0.0002654477416,0,0.003017578472,0.01045524331,0,0,0.005200856378,0.01005596724,0,-0.001943438111,-0.002457563199,0,0,-0.006489588203,-0.0002430789289,0,0.009866212325,0.0149836641,0.01005596724,0.0001679235909,0.04230815247,0.1154100072,0.01045524331,0.0006364712923,-0.2091826209,0.0006570163824,0,0.04572126104,0.0004283567541,0.0142119723,0.001881058296,0,8.13816021e-05,0,0.0006364712923,0,0.0002739314276,0,0.0001679235909
1,1,1,1,3,1500,500,v1,0,0.001583905029,0.0008901353666,0,0.0001405304241,8.606497565e-06,0.0003644661853,0.0005514513367,0.000874056744,0.00104902992,0.0001206822031,0.0004494968235,1.795303469e-05,0.0244019791,0.0003898596718,0.004143828077,0.005143574721,0.0003150076833,0.02096818697,0.02018375149,0.03199147945,0.004859474751,0.004417107066,0.01645209935,0.01103374475,0.04705280081,0.0007517418732,0.00761750003,0.1117851884,0.06282191663,0.04043163551,0.02572245207,0.06168715676,0.00937021938,0.0740360092,0.03172354793,0.002382761497,7.475770147e-06,0.0001623403144,0.001645015921,0,0.01356653136,0.00172551921,0,0.000131171419,0.002023519528,0.01598823937,0.001839314507,0.01238024994,3.884228572e-05,0.05279489851,0.008547103128,0,0.1254269157,0.008965378663,0,0.01112838038,0.04536571801,0.02886149652,0.04366855274,-0.2605375963,0,0.001923342874,0.001858153457,0.0006340633749,4.785684625e-05,0.001255239703,0.0119240594,3.828551136e-05,0.002412794867,0.0006310815352,0.008450590971,0.008252145401,-0.001564064174,0.008366131518,-0.1834353957,0.001578069312,0.03709372915,0.001041574205,0.01408891648,-0.003017353458,0.02748075303,0.008450590971,0,0.06240384304,0.07291491635,0.0119240594,0,0.0211175096,0.08617395435,-0.03076462713,-0.006430982671,0.006032028408,-0.00850245726,0.0208951428,-0.1343803231,-0.08354878243,0.008252145401,0,0.0112831618,0.0004083190867,3.828551136e-05,0,0.0402918596,0.005415661442,-0.165698456,0.003254992789,0.0003808604089,0.001462741007,0,0.02646292256,-0.0009131570774,-0.001564064174,0.0211175096,0.0402918596,0.05389204375,0.002412794867,0.06240384304,0.0112831618,0.02832714079,0.0794501629,-0.01040711037,-0.007485883633,-0.04369157799,0,-0.07849938753,-0.04910632747,0.008366131518,0.08617395435,0.005415661442,0.02832714079,0.0006310815352,0.07291491635,0.0004083190867,0.05389204375
1,1,1,1,1,1500,500,v1,0,0,0,0,0,0,0,0,0,0,0,0,0,0.299889476,0,0,0,0,0.467320682,0,0,0,0,0,0,0.01078985591,0,0,0,0,0.01681393723,0,0,0,0,0,0,0,0,0,0,0,0,0,0,0,0,0,0,0,0.08020375651,0,0,0,0,0,0,0.1249822924,0,0,0,0,0,0,0,0,0,0,0,0.3133538984,0,0,0,0.4884411726,0,0.2322357097,0,-0.7667657571,0,0,0,0,0,0,0,0,0,0,0,0,-0.562132634,0,0.02760258693,0,0,0,0,0,0,0,0,0,0,0,0,0,0,0,0,0,0,0,0.4884411726,0,0,0,0.3133538984,0,0,0,-0.73916317,0,0,0.2046331226,0,0,0,0,0,0,0,0,0,0,0
1,1,1,1,0,1500,500,v1,0,0.0008954665699,0.1189089038,0,0,0,0.0001333702414,0,0.1201527817,0.07495087208,0,0.01881034993,0,0,0,0,0,0,0,0,0.01434745781,0,0,0.002246146098,0,0,0,0,0.00164769267,0.2187969219,0,0.0002454063351,0.2210857049,0,0.1379124656,0.03461176189,0,0,0,0,0,0.02147787369,0,0,0,0,0.01353797161,0,0,0,0,0,0,0.0002078901359,0,0,0,0,3.096302925e-05,0,-0.5555671511,0,0.0007762793736,0.1893698287,0,0,0.1361872905,0,0,0,0,0,0,0,0,-0.1168813692,0,0,0,0,0,0.01652724543,0,0,0.0007289429771,0.1180850493,0,0,0.0001062468111,0.07439920842,0.3779699866,0,0,0,-0.001491129962,-0.352643951,-0.2530686597,0,0,0,0,0,0,0,0,-0.1632741225,0,0,0,0,0.03495128392,0,0,0.0001062468111,0,0.1300329693,0,0.0007289429771,0,0.02049821612,-0.0007148505882,0,0,0,0,0.0001580573969,0,0,0.07439920842,0,0.02049821612,0,0.1180850493,0,0.1300329693
1,1,1,1,4,1500,500,v1,0.05717827697,0.004041568802,0.00118525464,0.04290715021,0.001790299387,0,0.008032659016,0.0079947748,0.005574846992,0.007865638412,0,0.01639977504,0.05054343771,0.008373173322,0.0431470039,0.06536123724,0.004856785558,0,0.02045107393,0.02168849919,0.01512363606,0.03710453362,0,0.04448987202,0.006450362501,0.007355856658,0.03790476605,0.007181544134,0.009631998772,0.002824737571,0.0179663268,0.01914369533,0.01328615743,0.03259643867,0.01874564637,0.03908447953,0.004351546181,0.02995486927,0.02557132873,0.004844816232,0.09192994092,0.001905625612,0.03873672638,0.06898514598,0,0.02199022275,0.0126461956,0,0.000340940842,0.002346944724,0.0003888017088,0.000379588233,0.007202651692,0.0005091096463,0.003034997575,0.005404941779,0.0002255210124,0.0009496295111,0.00101186059,0.001007088379,-0.2264375216,0.04155250735,0.0008180011496,0.006279039816,0.001931829505,0,0.01366620717,0.008005352405,0.04209681229,0.01102026527,-0.004101954814,0.008543464166,0.05853438908,0.02760668488,0.00520704439,0.08401969553,-0.09734831031,-0.02277480247,-0.03846169597,-0.02346631594,0,-0.03512678162,0.008543464166,0.06800230172,0.01120496505,0.00160839128,0.008005352405,0.0716410098,0.02294771283,0.008506448899,-0.04050169257,-0.008507918385,-0.004131600963,0.005300680616,-0.02467735334,-0.01597493935,0.00233647703,0.05853438908,0.0716410098,0.005476775011,0,0.04209681229,0.06800230172,0.02521115379,0,-0.0908448375,-0.003108332425,0.0255451956,0.03242428895,-0.1456644935,0.002952672744,0,0.02760668488,0.02294771283,0.02521115379,0.008808952293,0.01102026527,0.01120496505,0.005476775011,0.01987719382,-0.2598315936,0.0005837064185,0.004715647127,0.001155103328,0.01101644521,0.001090900246,0.001075867231,0.00520704439,0.008506448899,0,0.01987719382,-0.004101954814,0.00160839128,0,0.008808952293
1,1,1,1,0,1500,500,v1,0.01589946768,0.0006958272731,0.1175744147,0.02366135992,0.01742981312,0.06950089956,0.0006526212566,0.000982743488,0.03452815323,0.02545691538,0.01256451774,0.01288521497,0.00116958919,0,0.0004103774804,0.0006006083765,0.008715527833,0.03475292708,0,0.0004914067731,0.01726530734,0.000548171236,0.006282706723,0.00644306677,0.001106141598,0,0.002090942639,0.0005643206934,0.001772805166,0.2995521129,0,0.00166272634,0.08796965969,0.002793025118,0.06485826704,0.03282851442,0.0001495507995,0.000805693682,0.0002826963056,7.629639008e-05,0.005476715233,0.04049956898,0.0004137404639,0.008150369112,0.02394021252,0.0003776181458,0.008768864406,0.004327961607,2.064639676e-05,0.0001112309094,0,1.053318034e-05,0.0007560938224,3.308983125e-05,5.711938554e-05,0.001125207989,0.0008288688835,0,3.103518371e-05,4.673403507e-05,-0.3408282531,-0.03784539857,0.001046515646,0.13719268,-0.01619475116,-0.06466230386,0.04075575273,0.001424920028,0.001393768126,0,0.002432265708,0.0007313173747,0.0006985027017,0,0.003071528335,-0.1378404753,-0.00126980584,0,0.0006674446429,0.005074944266,0.02671608906,0.02167234654,0.0007313173747,0.01473734274,0.001591545648,0.2150131242,0.001424920028,0.02162998753,0.001560620637,0.04639789631,0.2507127953,-0.001611901122,0,-0.004705884582,-0.003200085181,-0.3602489725,-0.1148824493,0.0006985027017,0.02162998753,0.01478520923,0.02031707471,0.001393768126,0.01473734274,0.0009671226451,0.005122189244,-0.3040002959,0.000149540674,-0.0001816747856,0.000369243905,0.01191425756,0.04878227884,0.02098670553,0,0.001560620637,0.0009671226451,0.05752236929,0,0.001591545648,0.01478520923,0.02115915578,-0.04211835837,2.486884484e-05,5.663340691e-05,0,0.001686254158,5.212534518e-05,0.0006182523047,0.003071528335,0.04639789631,0.005122189244,0.02115915578,0.002432265708,0.2150131242,0.02031707471,0.05752236929
1,1,1,1,4,1500,500,v1,0,0.0006981297274,0.0004008608156,0,0,0,0.000125334328,0,0.0001397710852,0.000223662594,0,0.0002156933222,0,0,0,0,0,0,0,0,0.04520503944,0,0,0.06975995874,0,0,0,0,0.001571355374,0.0009022603854,0,0.0002821034002,0.0003145977564,0,0.0005034213633,0.0004854840695,0,0,0,0,0,0.07322268942,0,0,0,0,0.04085502004,0,0,0,0,0,0,0.6486443381,0,0,0,0,0.11645028,0,-0.9889165848,0,0.0008233900131,0.000623097927,0,0,0.0003546784901,0,0,0,0,0,0,0,0,0.001150465143,0,0,0,0,0,-0.114514151,0,0,0.9695435948,0.1072106149,0,0,0.1740607107,0.05981267897,-0.9911658388,0,0,0,0.001853362642,0.001401271431,0.0007957866504,0,0,0,0,0,0,0,0,0.002024369357,0,0,0,0,-0.1133732318,0,0,0.1740607107,0,0.06682746354,0,0.9695435948,0,0.1032180664,0.002676752655,0,0,0,0,-0.7650796233,0,0,0.05981267897,0,0.1032180664,0,0.1072106149,0,0.06682746354
1,1,1,1,4,1500,500,v1,0.04940216892,0.03284448262,0.0424739521,0.03646833161,1.926948948e-05,0,0.03100992052,1.981742606e-05,0.05456480375,0.009567085959,0,0.003708175101,0,1.280955566e-05,0,0,5.101287121e-07,0,3.127161972e-06,5.24634451e-07,0.001444515336,0,0,9.816796603e-05,0.0004085663053,5.42298838e-05,0,0.000175571711,0.003681091334,0.004760327597,1.323899399e-05,0.003475480221,0.006115426709,0,0.001072244542,0.0004155989117,0.0143885638,0,0,0.006183145139,0.1949912323,0.1676454383,0,0.1439411483,0,0,0.03776145707,0,0.003591572563,0,0.0004767171453,0.001543393402,0.04867234631,0.03235926817,0,0.03592958172,1.898481961e-05,0.0001163796597,0.03055180822,1.952466147e-05,-0.4440669288,0.085457294,-0.006992835314,0.05116572983,-8.042605371e-06,0,-0.05810954274,0.01550919039,0,0.0003390320592,0,0.00679729459,0,0.0001148528273,0,-0.0519171423,0,-6.509253388e-07,0,-3.618213212e-07,0,0.001532307783,0.00679729459,0.1455964484,0.004276244363,0.180658407,0.01550919039,0.1073909615,0.005143104079,0.04064143691,-0.2384984214,0.0005252039493,2.289345543e-05,0,0.006605654006,0.005781062859,0.00649358865,0,0.1073909615,1.56093805e-06,0,0,0.1455964484,-2.143686175e-06,0,0.2310318701,-0.0201990373,0,0,-0.3374153031,-0.2044800216,0,0.0001148528273,0.005143104079,-2.143686175e-06,0.07034429925,0.0003390320592,0.004276244363,1.56093805e-06,0.00478117036,-0.2720051849,0.004802843364,0,-0.000324832454,0.08329973589,-0.005892384308,8.792925449e-06,0,0.04064143691,0,0.00478117036,0,0.180658407,0,0.07034429925
1,1,1,1,3,1500,500,v1,0,0,0.3326376667,0,0,0,0,0,0,0.0721768162,0,0,0,0,0,0,0,0,0,0,0,0,0,0,0,0,0,0,0,0.07369755877,0,0,0,0,0.01599113897,0,0,0,0,0,0,0.415368742,0,0,0,0,0.09012807733,0,0,0,0,0,0,0,0,0,0,0,0,0,-0.3066209922,0,0,0.2723871231,0,0,0,0,0,0,0,0,0,0,0,0,0,0,0,0,0,0,0,0,0,0.0401266057,0,0,0,0.01122419798,-0.1238878407,0,0,0,0,0.08965397145,0,0,0,0,0,0,0,0,0,0.3620410944,0,0,0,0,-0.3962749637,0,0,0,0,0,0,0,0,0,0,0,0,0,0,0,0,0,0.01122419798,0,0,0,0.0401266057,0,0
1,1,1,1,0,1500,500,v1,0.05897210791,0.00740971249,0.0005574686378,0.03729817267,0,0.01194626267,0.0001029075075,0,0.0007305328938,0.01048148122,0.0001540476602,0.0007591111988,0.008883829854,0.03259043846,0.001101880538,0.0008163650256,0,0.01078167428,0.01578296219,0,0.0006593164676,0.008031731491,0.000139030234,0.0006851087998,0.002301302792,0.04794504769,0.001621018846,0.0006540156916,0.009838050693,0.0007401643081,0.02321892281,0.0001366327339,0.0009699458178,0.01181578916,0.01391651076,0.00100788991,0.0003041956862,0.001727559724,0.000214272951,8.645048915e-05,0.01034984003,9.783796828e-05,0.0001587512775,0.006545977992,0.002096616723,0.001561859701,0.001839541739,2.703597847e-05,0.006643307582,0.03772805182,0.1384058195,0.001887985978,0.2260294076,0.0284000858,0.003466957663,0.1429571398,0,0.06702744484,0.0003944258358,0,-0.3755436211,0.09362195962,0.005847119933,-0.00468634727,0,-0.006796482903,-0.0004240797237,0.0066443162,0.04094165582,0.08912893822,0.001759206311,0.001888505753,0.003858848831,0.04286311544,0.01380967949,-0.1906183419,0.009014713308,0.04763224882,-0.0008203035609,0,-0.001384198194,0.000371287142,0.001888505753,0.2357492132,0.01902552152,0.0007688813264,0.0066443162,0.149409968,0.0003047216376,0.01536842524,-0.186937581,0.002080928592,0.06804200608,-0.01096760448,0.007578426333,-0.007556508749,-0.0006051865944,0.003858848831,0.149409968,0,0.01022486896,0.04094165582,0.2357492132,0,0.0001336099404,-0.3435713198,0.0003583811667,0.001843754991,0.001408650833,0.01682940044,0.001484651647,0.001275028491,0.04286311544,0.0003047216376,0,0.0003963341706,0.08912893822,0.01902552152,0,0.0005906345939,0.2528489374,-0.008127857728,-0.04072547144,-0.2036689572,-0.3672241474,-0.02631237505,0,0.01380967949,0.01536842524,0.0001336099404,0.0005906345939,0.001759206311,0.0007688813264,0.01022486896,0.0003963341706
1,1,1,1,4,1500,500,v1,0.008328912742,0,0,0.02233484335,0,0,0,0,0,0,0,0,0.001442866524,0,0,0.004580703236,0,0,0,0,0,0,0,0,0.008769369949,0,0,0.001050159635,0,0,0,0,0,0,0,0,0.1312201311,0.05459423348,0,0.01571402344,0.01212954846,0,0.1733216329,0.03252664221,0,0,0,0,0.1670293155,0.06949267136,0,0.0200022859,0.01543962926,0,0.2206200638,0.04140296719,0,0,0,0,0.005660180403,0.01503907567,0,0,0,0,0,0.0698518076,0.02427765904,0,0,0.006028835061,0.06889470395,0,0,-0.06810001376,0.005985105311,0,0,0,0,0,0.006028835061,-0.008160279085,0,0,0.0698518076,-0.02288860504,0,0,-0.06035661822,0.009769523168,0,0,0,0,0,0.06889470395,-0.02288860504,0,0,0.02427765904,-0.008160279085,0,0,-0.4000835093,0.08612193051,0.1907813782,0,0.03117745352,0,0,0,0,0,0,0,0,0,0,0.3388744664,-0.1464785487,-0.2588813921,0,-0.02551727312,0,0,0,0,0,0,0,0,0,0
1,1,1,1,3,1500,500,v1,0,0,0,0,0.006453587577,0,0,0.001724225183,0,0,0,0,0,0,0,0,0.6873886448,0,0,0.1836517748,0,0,0,0,0,0,0,0,0,0,0,0,0,0,0,0,0,0,0,0,0,0,0,0,0,0,0,0,0,0,0,0,0,0,0,0,0.09531591614,0,0,0.02546585152,-0.7505637588,0,0,0,0.008167035735,0,0,0,0,0,0,0,0,0,0,0.1285416711,0,0,0,-0.8709383938,0,0,0,0,0,0,0,0,0,0,0,0,0,0,0,0,0,0,0,0.8787773118,0,0,0,0.2348177704,0,0,0,0,0,0,0,0,0,0,0.2348177704,0,0,0,0.8787773118,0,-0.862771358,0,0,0,0,0,0.1203746354,0,0,0,0,0,0,0,0
1,1,1,1,0,1500,500,v1,0.0002966357412,0.0003399170075,0.0002675529757,5.130896829e-05,0.0004106256452,0,0.0005204873565,6.088666996e-05,0.01661908292,0.0003788808485,0,0.01239796453,0.00175308499,0.001433194808,0.0007401492296,0.001006278557,0.0001162184163,0,0.0008479673069,1.723261185e-05,0.004703660185,0.0007065083257,0,0.003508966915,0.005111512766,0.0191215946,0.009875024272,0.08228528427,0.001283573254,0.001010316742,0.01131352625,0.001965431664,0.06275593709,0.009426189457,0.001430706063,0.04681641495,0.0125196799,0.05728825937,0.0241869968,0.2015421788,0.002743563503,0.002474579012,0.03288371487,0.0004745531076,0,0.02308766115,0.003504242826,0,0.01081807026,0.04950193774,0.04046918465,0.1741496163,0.002370672651,0.002716570667,0.02841433174,0.0004100543225,0.003281664519,0.02394409003,0.00415966443,0.0004865980165,-0.1127565703,0.0002240483559,0.0006493349238,0.0005035816279,0.0002790077289,0,0.02688612724,0.001399420939,0.05052249937,0.03569373721,0.02373780845,-0.0636354996,0.02405236693,0.01912592703,0.02164379264,-0.2052575915,0.002621805369,0.002129561374,0.001233844751,0.0001042978726,0,0.006977217471,-0.0636354996,0.001646513234,0.002251951163,0.001960934776,0.001399420939,0.0003443303713,0.003618249227,0.002989560513,-0.1145729539,0.08291168095,0.01781314054,0.01238136083,0.001352882858,0.001453311604,-0.1064306375,0.02405236693,0.0003443303713,0.004063022576,0,0.05052249937,0.001646513234,0.000596204869,0,0.1827294551,-0.1110604946,-0.06358222676,-0.0438696063,-0.002067722437,-0.005257223423,0,0.01912592703,0.003618249227,0.000596204869,0.06256242018,0.03569373721,0.002251951163,0.004063022576,0.04628851901,-0.06862468349,0.069639533,0.01124384382,-0.05648914477,0.0005164450124,-0.00591568471,-0.003489457231,0.02164379264,0.002989560513,0,0.04628851901,0.02373780845,0.001960934776,0,0.06256242018
1,1,1,1,1,1500,500,v1,0.004762817851,0.07492522749,0.006272143311,0.002038225869,0.1779662334,0,0.02414057284,0.2789591491,0.0225290478,0.003997880643,0,0.02208050004,0.001183052117,0.001559199865,0.001547353146,0.002105994751,0.06446364421,0,0.004124703826,0.101045704,0.008160562229,0.003167034989,0,0.007998087456,0.01010509909,0.001807625696,0.001793891451,0.06059627129,0.03146386228,0.002633903959,0.004781888963,0.01013751556,0.009460776845,0.00367163566,0.001678857311,0.009272415121,0.004467494455,0.0006063648817,0.0007930847627,0.02678979233,0.0008842424914,0.001164456799,0.001079412512,0.0003784074841,0,0.00162324108,0.0007422278263,0,3.311894913e-05,4.495174616e-06,5.92440143e-06,0.0001986012021,6.555169207e-06,0.0001031212109,8.00202629e-06,2.805254341e-06,0.0002449387756,1.567239826e-05,3.322519246e-05,0.0003839375096,0.2303727078,-0.006439626055,-0.0947797985,-0.008866110105,-0.4552234995,0,-0.04011369452,0.01144670456,0.001232003026,0.001352360828,0.001339620102,0.06417662119,0.002367315567,0.003639534591,0.002559364318,-0.4881312833,-0.001856528222,0.000551860851,-0.001630463245,0.163765551,0,0.01395694917,0.06417662119,0.005843024133,0.06611373192,0.005330246771,0.01144670456,0.002532957921,0.02225510577,0.002974286551,-0.1125204369,-0.06663029926,-0.003897894012,-0.002348462854,0.0357345813,0.002714047938,0.01197053947,0.002367315567,0.002532957921,0.1700628987,0,0.001232003026,0.005843024133,0.2661834673,0,-0.08481236366,0.01598848116,-0.000553241056,0.00137960315,0.0008470508001,0.0006157066207,0,0.003639534591,0.02225510577,0.2661834673,0.01150590723,0.001352360828,0.06611373192,0.1700628987,0.009773401574,-0.412493361,0.0002262676001,1.022354858e-05,1.810287891e-05,8.587215389e-06,0.0001326587947,0.0006270380309,0.002559364318,0.002974286551,0,0.009773401574,0.001339620102,0.005330246771,0,0.01150590723
1,1,1,1,3,1500,500,v1,0,0.0454799196,0.04499257484,0,0,0,0.03305405708,0,0.2277153738,0.2742061773,0,0.03243980617,0,0,0,0,0,0,0,0,0.1575026419,0,0,0.02243746257,0,0,0,0,0.003003957865,0.002971768645,0,0.002183227139,0.01504064638,0,0.01811137333,0.002142655742,0,0,0,0,0,0.004180317627,0,0,0,0,0.02547684635,0,0,0,0,0,0,0.05157635076,0,0,0,0,0.03748484292,0,0.1634631023,0,-0.01465278009,-0.3189696301,0,0,-0.233924948,0,0,0,0,0,0,0,0,-0.2168276404,0,0,0,0,0,0.1416658869,0,0,0.05017694739,0.05675439742,0,0,0.04073800623,0.3457144015,-0.4473614262,0,0,0,0.005151838416,0.02102802411,0.0170973077,0,0,0,0,0,0,0,0,-0.297941606,0,0,0,0,0.02962907287,0,0,0.04073800623,0,0.09775598472,0,0.05017694739,0,0.01498664531,-0.009500941669,0,0,0,0,-0.05110902741,0,0,0.3457144015,0,0.01498664531,0,0.05675439742,0,0.09775598472
1,1,1,1,0,1500,500,v1,0.007371655722,0,0.01576647806,0.006012870889,0.004607099929,0.01504081418,0,0.004701970385,0.008358618419,0.006604742892,0.006701039002,0.01949966814,0.007443294443,0,0.02989864476,0.04350752013,0.004014395072,0.0131058087,0,0.004097060414,0.007283279526,0.005964857612,0.005838948224,0.01699102969,0,0,0.2794876793,0,0,0.1284216761,0,0,0.06808291509,0.05575852099,0.05379718597,0.1588293882,0,0.0004882832795,0.001961363806,0,0.0004213705474,0.0009012262296,0.002854111815,0.0003437011702,0.0008597466218,0.000391297195,0.0003775331123,0.0003830374856,0,0.001455632837,0,0,0.001256157708,0,0.008508460258,0.00102461569,0.0007850670604,0,0,0.0008012333408,-0.3717655285,-0.01272118349,0,0.02214351066,-0.004474849726,-0.01055717108,0.02774468369,0,0.008237525309,0,0.3714582477,0,0.04804445025,0,0.0740917716,-0.5309405401,-0.05060123444,0,0.03570826305,0.002017532972,0.003755264363,0.02419603264,0,0.008300008862,0,0.1671904568,0,0.006903073355,0,0.07008724395,0.1134133386,0,0,-0.3350876943,0,-0.1816034084,-0.2266009781,0.04804445025,0.006903073355,0.0004523145043,0.005867025266,0.008237525309,0.008300008862,0.001078841654,0.002576450045,-0.5173044661,0,0.003301875018,0.00234608529,0.0007046523022,0.001274763969,0.001172923169,0,0,0.001078841654,0.07858877994,0,0,0.0004523145043,0.1834016128,-0.06177320751,0,0.009778042316,0,0.001881143047,0,0.001436545984,0.0740917716,0.07008724395,0.002576450045,0.1834016128,0.3714582477,0.1671904568,0.005867025266,0.07858877994
1,1,1,1,3,1500,500,v1,0.001197473612,0.01343648995,0.01284280042,0.03948189587,0.0285262717,0.0003370021584,0.04571616026,0.2050372453,0.09233674691,0.0005375641722,0.03530978718,0.02252805019,0.001831926997,0,0.01187694632,0.01808249083,0.007547631178,8.916580564e-05,0,0.05424983402,0.02443094272,0.006899671902,0.009342449425,0.005960590147,0.001190971699,0,0.0212606634,0.00157571062,0.006363902323,0.006082714142,0,0.02165246874,0.04373329944,0.01235095267,0.0002546056223,0.01066992284,0.002400858065,0.006610666157,0.04285898248,0.003176446218,0.001143322288,0.01226203218,0.06525222368,0.03769647289,0.00032176248,0.02489805959,0.0005132548171,0.03371303242,3.893782186e-05,0.000107213727,0,5.151653854e-05,1.854273697e-05,0.0002080624545,0.001058279746,0.0006113724788,0.0004417259368,0,0.0007079093241,0.003174977445,0.1450353185,-0.02779164998,-0.0542808596,-0.007828836784,-0.2327304883,-0.01367392529,-0.1025759848,0.002900761434,0.007057137277,0,0.02491498746,0.003429886871,0.06946268002,0,0.01647828408,-0.4270259016,0.0188431065,0,0.0143566361,0.0605754797,0.008713816768,0.02764715406,0.003429886871,0.0016913298,0.01160809784,0.008088522902,0.002900761434,0.04919212564,0.04241865932,0.0003494305258,-0.1835808908,0.0003353619353,0,0.01315841192,0.01752510407,0.004174094732,0.03953994739,0.06946268002,0.04919212564,0.03092828327,0.000291444107,0.007057137277,0.0016913298,0.2219868256,0.02113159404,0.01210177898,-0.004621836095,-0.07098788913,-0.05511056241,-0.00674780362,-0.00197056023,-0.009321916919,0,0.04241865932,0.2219868256,0.04260174597,0,0.01160809784,0.03092828327,0.01048157929,-0.2998814749,6.604195696e-05,0.001131571104,0,0.0006171499931,0.0007379173935,0.003544936125,0.01647828408,0.0003494305258,0.02113159404,0.01048157929,0.02491498746,0.008088522902,0.000291444107,0.04260174597
1,1,1,1,0,1500,500,v1,0.0003907064934,0.0009984391514,0.0005559789121,0.0032109557,0,0.01169735009,0.003877118344,0,2.021919835e-06,0.0001834562427,3.085022661e-05,0.0007802387834,0,0,0.01199296675,0,0,0.3658002866,0,0,6.32296075e-05,0.1770700984,0.0009647502764,0.02439967756,0.000406479808,0,0.0001188148471,0.0004886308731,0.000309330141,0.0001722498913,0,0.001201184431,6.26418492e-07,0.001754241223,5.683725978e-05,0.0002417286747,0.020592436,0,0.006019209532,0.0247542431,0.006132252293,0.008726251076,0,0.05039688561,0.1835933191,0.08887058941,0.002879399201,0.0004842032985,9.037662878e-05,0,0,0.0001086420781,2.691339136e-05,6.877639375e-05,0,0.000221183187,0,0,0.0002670710754,0,-0.2711535228,0.003568323208,-0.004375093412,0.0007378936245,0,0.01172332152,0.0007734664165,0.03012031507,0,0,0.008906737816,0.03621715251,0,0,0.1292054596,0.2908772349,0,0,-0.1875368339,0,-0.3643159625,-0.02382359703,0.03621715251,0.008526021298,0.0009970338433,0.01193298783,0.03012031507,0.06993469458,0.003690843002,0.003920309467,-0.176997499,0.0008925681736,0,0.00187137851,0.0009632382835,0.0002262930204,0.0002363660607,0,0.06993469458,0,0.2541929112,0,0.008526021298,0,0.0006729803184,-0.5323895476,-0.04531625861,0,0.09359065681,-0.05612022184,-0.0115330515,0.1826820459,0,0.003690843002,0,8.896294377e-05,0,0.0009970338433,0,0.03413168386,-0.1003874444,0.000198712092,0,0,0.0002447546366,0.0002866039016,0,0.1292054596,0.003920309467,0.0006729803184,0.03413168386,0.008906737816,0.01193298783,0.2541929112,8.896294377e-05
1,1,1,1,1,1500,500,v1,0,0.1734287212,0,0,0.00689293375,0,0.05430810642,0.001162870589,0.02426572016,0,0,0.05491937462,0.006164120891,0.003334746894,0.01501913463,0.01649496783,0.002709885929,0,0.02464140863,0.0004571705982,0.009539818024,0.0008380821002,0,0.02159098664,0.002328227034,0.002719067223,0.01224621777,0.02331028601,0.05559362526,0,0.02009197359,0.0174087919,0.007778523326,0.0006833506833,0,0.01760473762,0.0008973429287,0.001937141443,0.004719924974,0.008984227057,0,0,0.005183721469,0,0,0.0002633763351,0,0,0.006575457533,0.01419478651,0.007679281614,0.06583369812,0,0.1570093967,0.03798474284,0,0.006240346824,0.05674443136,0.04916649887,0.001052776082,0.1283471375,0,-0.07119343214,0,-0.005707743007,0,-0.07376012375,0.005625121007,0.0125030975,0.002924542009,0.02278794778,0.05317017022,0.03724017847,0.02154627702,0.00140347356,-0.1405083598,0.008394328734,0.01810166372,-0.01088263115,0.002071416926,0,0.01931574934,0.05317017022,0,-0.01284579397,0,0.005625121007,0,-0.01053919635,0,-0.2203948802,0.02229101581,0.01809957386,-0.002733833761,0.07224538933,0,0.02137774728,0.03724017847,0,0.006325319423,0,0.0125030975,0,0.0009309722144,0,-0.09905193199,0.007405565495,0.005670856795,-0.002511149317,0,0,0,0.02154627702,-0.01053919635,0.0009309722144,0.01543460276,0.002924542009,-0.01284579397,0.006325319423,0.0341653378,0.07737863589,-0.06889344217,-0.04722736953,-0.05251511686,0,0.01453803633,-0.001201201678,0.00140347356,0,0,0.0341653378,0.02278794778,0,0,0.01543460276
1,1,1,1,1,1500,500,v1,0,0,0,0,0,0,0,0,0.01549654477,0,0,0.0740916208,0,0,0,0,0,0,0,0,0.05314558064,0,0,0.2540980758,0,0,0,0,0,0,0,0,0.1043332299,0,0,0.4988349481,0,0,0,0,0,0,0,0,0,0,0,0,0,0,0,0,0,0,0,0,0,0,0,0,-0.2957597185,0,0,0,0,0,0.0895738873,0,0,0,0,0,0,0,0,-0.5130272925,0,0,0,0,0,0.3068414614,0,0,0,0,0,0,0,0,0.3964153487,0,0,0,0,0,-0.6026011797,0,0,0,0,0,0,0,0,0,0,0,0,0,0,0,0,0,0,0.05343106572,0,0,0,0.2558476808,0,0,0,0,0,0,0,0,0,0,0.2558476808,0,0,0,0.05343106572
1,1,1,1,2,1500,500,v1,0.0001272810054,0.001378008041,0.002232901886,0.000166566875,0.02136713356,8.493358008e-05,0.002784287275,0.02122246955,0.0001214327472,0.005732935865,0.001091371215,0.0006398667562,3.114134985e-07,4.560631054e-05,0,0.0001854647024,0.001268472329,5.042131453e-06,2.872650712e-06,0.001259884266,7.208925771e-06,0,6.478988787e-05,3.798606268e-05,0.01146839214,0.002692328446,0,0.02363640656,0.004829360045,0.007825416713,0.0001695844092,0.009757799173,0.0004255725949,0,0.02009161818,0.002242473813,0.07955199628,0.0001275231645,0,0.1639570137,0.003094211375,0.0542820226,0.07594740068,0.00404925399,0.002064742093,0,0.1393681273,0.02653132112,0.01652381911,2.648795506e-05,0.003879144321,0.03405566376,0.0006427015215,0.00695820921,0.01577510521,0.000841074311,0.1078926836,0.0002443395785,0.01405917294,0.1071622071,-0.4208028484,0.0002078141613,0.004118902542,0.007897364315,0.04253047929,0.001160517153,0.0005443685291,0.07726862082,0.0001514961253,0.001976514699,0,0.1590910834,0.08996783428,0.0001192444994,0,-0.2633390908,0.0001847879881,4.462141075e-05,0,0.002522382359,6.913750263e-05,4.213181746e-05,0.1590910834,0.00354265508,0.001184625482,0.06629102111,0.07726862082,0.004625064233,0.002265528803,0.1701072537,-0.3927825058,0.03506733522,-0.0004441711671,0,0.01208094685,0.02779563453,-0.002394912061,0.08996783428,0.004625064233,0.1278672334,0.002955771237,0.0001514961253,0.00354265508,0.1269880474,0.03797528787,0.1399695897,-0.2430404822,-0.07603138355,0,-0.007072906673,-0.1932918487,-0.02851702753,0.0001192444994,0.002265528803,0.1269880474,0.0004398022553,0.001976514699,0.001184625482,0.1278672334,0.002272815317,-0.2298316721,0.0504000114,0.01576704171,-0.0009976230428,0.001419946303,-0.01849995225,-0.2149563823,0,0.1701072537,0.03797528787,0.002272815317,0,0.06629102111,0.002955771237,0.0004398022553
1,1,1,1,3,1500,500,v1,0.03978589115,0,0.05590018278,0.05096061582,0,0.008633156577,0,0,0,0.2016847453,0.008521610223,0,0,0,0,0,0,0.006242534699,0,0,0,0,0.006161876832,0,0,0,0,0,0,0.01115171842,0,0,0,0,0.04023477881,0,0,0,0,0,0.05597388832,0.07864472801,0,0.07169536075,0.01214579662,0,0.2837457974,0.01198886452,0,0,0,0,0.02478370773,0,0,0.03174474598,0,0,0,0,-0.3570183768,0.07648709713,0,0.2296306136,0,0.01304600444,0,0,0,0,0,0,0,0,0,0.002472823993,0,0,0,0,-0.001010027403,0,0,-0.01202333603,0,0.01847061932,0,-0.01700742202,0,0.06953632688,-0.1098734588,0,0,0,0,0.05120216153,0,0,-0.01700742202,0,0.0004413275818,0,-0.01202333603,0,-0.002635522486,0.4227249929,0,0,0,-0.1105024017,-0.3395040723,-0.01057318045,0,0,0,0,0,0,0,0,-0.03401530453,0,0,0,0.05336914325,0,0,0,0.06953632688,-0.002635522486,0,0,0.01847061932,0.0004413275818,0
1,1,1,1,4,1500,500,v1,0,0,0,0,0.1492857091,0,0,0.02378391398,0,0,0,0,0,0,0,0,0.6661074744,0,0,0.1061229703,0,0,0,0,0,0,0,0,0,0,0,0,0,0,0,0,0,0,0,0,0,0,0,0,0,0,0,0,0,0,0,0,0,0,0,0,0.04718285059,0,0,0.007517081619,-0.717528478,0,0,0,0.1730520555,0,0,0,0,0,0,0,0,0,0,0.2277438362,0,0,0,-0.7722202589,0,0,0,0,0,0,0,0,0,0,0,0,0,0,0,0,0,0,0,0.7044797036,0,0,0,0.1122349296,0,0,0,0,0,0,0,0,0,0,0.1122349296,0,0,0,0.7044797036,0,-0.5991682036,0,0,0,0,0,0.05469178077,0,0,0,0,0,0,0,0
1,1,1,1,2,1500,500,v1,0,0,0,0,0,4.265134064e-07,0,0,0,0,3.389503125e-07,0,0.006988405096,0,0.07649358508,0.001551020276,0,4.280292538e-05,0,0,0,0.02071514399,3.401549568e-05,0,0,0,0.003822555878,0,0,0,0,0,0,0.00103518217,0,0,0,0.05871178274,0.6426465963,0,0,0,0.01303060773,0,0.0003596007989,0.1740344208,0,0.0002857748463,0,0.0002027432246,0,0,0,0,4.499722724e-05,0,0,0,0,0,-0.0005669096372,0,0,0,0,7.529208954e-07,0,0,0.07726400665,0,0.8435210522,0,0.01715643059,0,0.2284879994,-0.883859087,0.008525788604,0,0.09707445296,0,7.303736628e-05,0,0,0,0,0,0,0,0,0,-0.7195238249,0,0,0.004851126414,0,0,0,0.01715643059,0,0,0.0004727414627,0.07726400665,0,0,0.0003764936114,0.1107725063,0,-0.07172009566,-0.816598278,0,0,-0.0006399470026,0,0,0,0,0,0,0,0,-0.06319430704,0,0.0002473486778,0,0,0,0,0.2284879994,0,0.0003764936114,0,0.8435210522,0,0.0004727414627,0
1,1,1,1,4,1500,500,v1,0,0,0.4588997937,0,0,0,0,0,0,0.138028718,0,0,0,0,0,0,0,0,0,0,0,0,0,0,0,0,0,0,0,0.1159054112,0,0,0,0,0.03486224126,0,0,0,0,0,0,0.1939632233,0,0,0,0,0.05834061253,0,0,0,0,0,0,0,0,0,0,0,0,0,0.4022356805,0,0,-0.5960586855,0,0,0,0,0,0,0,0,0,0,0,0,0,0,0,0,0,0,0,0,0,0.2234732638,0,0,0,0.06726124426,-0.3444966202,0,0,0,0,0.150673615,0,0,0,0,0,0,0,0,0,-0.4453850704,0,0,0,0,0.2515620648,0,0,0,0,0,0,0,0,0,0,0,0,0,0,0,0,0,0.06726124426,0,0,0,0.2234732638,0,0
1,1,1,1,4,1500,500,v1,0,0.1007536274,0,0,0,0,0.2727426385,0,0,0,0,0,0,0,0,0,0,0,0,0,0,0,0,0,0,0,0,0,0.03039353123,0,0,0.08227606407,0,0,0,0,0,0,0,0,0,0,0,0,0,0,0,0,0,0,0,0,0,0.1386108994,0,0,0,0,0.3752232393,0,-0.3698643304,0,0.3443278373,0,0,0,0,0,0,0,0,0,0,0,0,0,0,0,0,0,0,0,0,0,0.01356099456,0,0,0,0.02474374512,0,-0.1381342336,0,0,0,0.1125977403,0,0,0,0,0,0,0,0,0,0,0,0,0,0,0,0,0,0,0.02474374512,0,0,0,0.01356099456,0,0,0.4569255772,0,0,0,0,-0.482462071,0,0,0,0,0,0,0,0,0
1,1,1,1,3,1500,500,v1,0.04200383656,0.02229588834,0.07104688016,0.0001817752762,0.04135316286,0,0.003230618669,0.1345886937,0.02430616875,0.01321293507,0,0.04043054719,0,0.05852593017,0,0,0.0132866898,0,0.03234209968,0.04324308226,0.007809524157,0,0,0.0129902552,0.001404832054,0.003756894978,0,0.002129958399,0.0004598472298,0.001465324482,0.002076103216,6.663071786e-05,0.0005013087703,0,0.0002725135457,0.0008338701215,0.01814323965,0,0,0.02750816054,0.01118840511,0.01892449219,0,4.84188016e-05,0,0,0.003519480179,0,0.03385439416,0,0.09053566444,0.05132887664,0.02087701447,0.01108164448,0,9.034710593e-05,0.02055361248,0.05003104565,0.001605702674,0.06689413006,0.1902612269,-0.03410328897,-0.02177448787,-0.082452229,-0.1628843898,0,-0.06138627612,0.03784027084,0,0.0568937531,0,0.04817314952,0,0.03150824527,0,-0.2715472368,0,0.06378893895,0,0.05595290817,0,0.01581858018,0.04817314952,0.0230623606,0.0230944702,0.07843167238,0.03784027084,0.000112685055,0.003647932676,0.01458182991,-0.2528422509,0.003303997002,0.005702703858,0,0.0005140994603,0.001639538679,0.001284726062,0,0.000112685055,0.01182271716,0,0,0.0230623606,0.03733104362,0,-0.1839727052,0.02008517454,0,0,0.01028252962,0.01880368877,0,0.03150824527,0.003647932676,0.03733104362,0.02480981405,0.0568937531,0.0230944702,0.01182271716,0.04161464084,-0.05913181481,-0.08073145176,0,-0.1284263083,0.008370728948,0.00343211981,0.0741623077,0,0.01458182991,0,0.04161464084,0,0.07843167238,0,0.02480981405
1,1,1,1,4,1500,500,v1,0,0.1062457273,0.02590215193,0,0,0,0.02086226999,0,0.01755076353,0.01157896665,0,0.0236076615,0,0,0,0,0,0,0,0,0.09435024271,0,0,0.1269112075,0,0,0,0,0.02182755643,0.005321443951,0,0.004286030008,0.003605700587,0,0.00237883023,0.00485005446,0,0,0,0,0,0.00478036268,0,0,0,0,0.00213695218,0,0,0,0,0,0,0.4378319732,0,0,0,0,0.0859721051,0,-0.6935934633,0,0.1264724374,-0.0370717471,0,0,0.04100109915,0,0,0,0,0,0,0,0,0.04943131775,0,0,0,0,0,-0.2206219361,0,0,0.4627971068,0.02362518032,0,0,0.09095168149,0.01062761275,-0.6051154804,0,0,0,0.02610811206,0.007385478032,0.008430218553,0,0,0,0,0,0,0,0,-0.02968626904,0,0,0,0,0.006851073643,0,0,0.09095168149,0,0.1095015886,0,0.4627971068,0,0.14728434,0.1525805495,0,0,0,0,-0.5217464086,0,0,0.01062761275,0,0.14728434,0,0.02362518032,0,0.1095015886
1,1,1,1,1,1500,500,v1,0,0,0,0,0,0,0,0,0,0,0,0,0,0,0,0,0,0,0,0,0,0,0,0,0.4810475473,0,0,0.2574923066,0,0,0,0,0,0,0,0,0.1679551743,0,0,0.08990205955,0,0,0,0,0,0,0,0,0.002346754983,0,0,0.001256157228,0,0,0,0,0,0,0,0,0,0,0,0,0,0,0,0.4665233647,0,0,0,0.2497132808,0,0,0,0,0,0,0,0,0,0,0.2497132808,0,0,0,0.4665233647,0,0,0,0.260650569,-0.7381416663,0,0,0,0,0,0,0,0,0,0,0,0,0,-0.7345449878,0.2570538911,0,0,0,0,0,0,0,0,0,0,0,0,0,-0.4810877751,0.003596677977,0,0,0,0,0,0,0,0,0,0,0,0,0
1,1,1,1,0,1500,500,v1,0.01352516043,0.0003774069107,0.003612496384,0.004457412249,7.485264954e-05,0,3.817272343e-05,0.0006803829779,0.0004545237905,0.05360008275,0,6.858933741e-05,0.001288081747,0.1308891956,0.4275780664,0.000679646331,0.0002293812451,0,0.06707339937,0.00208499092,0.00139285962,0.06337462011,0,0.0002101877183,6.769293453e-05,0.0008295692593,0.002709968674,9.322745922e-06,7.330092044e-06,7.016281433e-05,0.0004251078935,7.414002458e-07,8.8278755e-06,0.0004016652132,0.001041034303,1.332159381e-06,0.001158862634,0.0001397593577,0.04639304616,0.0001595998456,0.004497080105,0.001201145502,7.374293979e-05,0.001482077795,0,0.006876268703,0.01782188589,0,0.005637939025,0.0006799379957,0.06909230532,0.0007764632073,0.02187857531,0.0006105011147,0.0003587640033,0.007210400948,0.0001210831723,0.03540594597,6.174897584e-05,0.001100601379,0.003628495192,0.002910703388,-0.0001556732956,-0.05625736558,6.821451341e-05,0,6.695751729e-05,0.006960785218,0.001096600944,0.09222061607,0.5675137146,0.000909936232,0.0004806781786,0.0475421701,0.08411248798,0.1588410624,-0.001476185775,-0.1948275733,-0.4902886292,-0.001753869242,0,-0.001392192722,0.000909936232,0.009823139756,0.0005864508394,0.003730809684,0.006960785218,0.004919614026,6.643784943e-05,0.05210174137,-0.5773282042,7.379852085e-05,0.001252022273,0.003104060511,7.277690458e-06,0.001069043075,7.13882217e-06,0.0004806781786,0.004919614026,0.0001679413285,0,0.001096600944,0.009823139756,0.001234722785,0,-0.5644457293,0.0006917552245,0.0001630496291,0.05276709694,0.005090856984,0.01796662174,0,0.0475421701,6.643784943e-05,0.001234722785,0.00173383605,0.09222061607,0.0005864508394,0.0001679413285,0.0002433085254,-0.1879556241,-0.006012701382,0.0002616167307,0.1004003601,-0.01783006289,-0.000286863521,0.0007505453142,0.08411248798,0.05210174137,0,0.0002433085254,0.5675137146,0.003730809684,0,0.00173383605
1,1,1,1,4,1500,500,v1,0,0.01252180961,0,0,0,0,0.01856822679,0,0,0,0,0,0,0,0,0,0,0,0,0,0,0,0,0,0,0,0,0,0.3873587821,0,0,0.5744030568,0,0,0,0,0,0,0,0,0,0,0,0,0,0,0,0,0,0,0,0,0,0.002878975605,0,0,0,0,0.004269149079,0,-0.9546112648,0,0.0310825242,0,0,0,0,0,0,0,0,0,0,0,0,0,0,0,0,0,0,0,0,0,0.5579398899,0,0,0,0.8273532183,0,0.03823045312,0,0,0,-0.9617591936,0,0,0,0,0,0,0,0,0,0,0,0,0,0,0,0,0,0,0.8273532183,0,0,0,0.5579398899,0,0,-0.9306766693,0,0,0,0,0.007147928952,0,0,0,0,0,0,0,0,0
1,1,1,1,3,1500,500,v1,3.218260054e-06,1.510922745e-05,0.002821954601,3.810178259e-06,0.003435814938,0.0003882616728,0.000371612932,0.003096768249,7.719067405e-06,0.0002817773009,0.0002644897782,6.228855939e-05,0.03056836292,0,0.007528717804,0.008724253424,0.00429362118,0.0004851974196,0,0.003869926055,9.646256246e-06,0.001654198139,0.0003305238886,7.783989614e-05,0.03055910193,0,0.1196210495,0.00382977421,0.000300001074,0.05603128381,0,0.00737855586,0.000153265845,0.02628295051,0.005594825625,0.001236769701,0.02331631832,0.3705767421,0.09126977862,0.002922083076,4.875521478e-05,0.04275136266,0.1057631192,5.772251349e-05,0.005881992422,0.02005365347,0.004268801338,0.004006903025,0.0003761288894,0.005977985741,0,4.713779624e-05,7.864983027e-07,3.692486482e-06,0.00170612547,9.311549358e-07,0.0008396657113,0,9.081706743e-05,0.0007568073839,-0.03758795325,1.433741897e-06,0.0003552057652,0.003027501271,-0.002386408212,0.0005154678039,6.766551324e-05,0.01411803098,0.5003589735,0,0.04528843316,0.001526149499,0.142873055,0,0.008375447089,-0.5244915274,0.03903772907,0,0.009083829837,-0.003951064256,0.0006142902148,3.63087053e-05,0.001526149499,6.126824047e-05,0.0004214209995,0.01820538272,0.01411803098,7.170228839e-05,0.01038939717,0.002251716112,0.1354281804,-0.02870809321,0,-0.1189660875,-0.007656129221,-0.04704454738,-0.001377858263,0.142873055,7.170228839e-05,0.005232406283,0.00739448063,0.5003589735,6.126824047e-05,0.003026230407,0.005045800837,-0.1343652358,0.01786119185,-0.4755140958,0.0741063375,-9.085677824e-05,0.03037898022,-0.009423278995,0,0.01038939717,0.003026230407,0.0002132993795,0,0.0004214209995,0.005232406283,0.001697526685,-0.4610510838,0.0004174476811,0.007655014805,0,7.76017107e-07,9.371132773e-05,0.0008317146664,0.008375447089,0.002251716112,0.005045800837,0.001697526685,0.04528843316,0.01820538272,0.00739448063,0.0002132993795
1,1,1,1,3,1500,500,v1,0.006075945978,0,0.02704440095,0.002428608422,0.004629518498,0.05206788764,0,0.005407259453,0.01864210048,0.07087132419,0.07403376323,0.008633132351,0.007434139653,0,0.01033657774,0.006760922105,0.003714712162,0.04177912142,0,0.004338769239,0.01495836714,0.00102937404,0.05940447602,0.006927200258,0,0,0.006929364194,0,0,0.01454733106,0,0,0.01002768772,0.0006900647197,0.03812207257,0.004643809069,0,0.01743186569,0.02423761769,0,0.01143184701,0.05088383852,0.01585327847,0.004569408619,0.09796534195,0.002413717102,0.1333438675,0.1392939729,0,0.0002805939455,0,0,0.0001840139841,0,0.0002551840424,7.355198897e-05,0.0001402079851,0,0,0.0001637623768,-0.2720927188,0.005455212851,0,0.08400474538,-0.006116404694,0.1200600577,-0.009310765352,0,0.0170131433,0,0.01914872626,0,0.01474593769,0,0.002096402419,-0.1663611576,0.008535116558,0,0.005857079447,-0.00196742724,0.09127000441,-0.002707187848,0,0.009273324328,0,0.01509189831,0,0.003867225565,0,0.04371121475,-0.1207520889,0,0,0.005574124296,0,0.04979451692,0.004428785618,0.01474593769,0.003867225565,0.0052660648,0.007941763012,0.0170131433,0.009273324328,0.006561774814,0.01390279564,0.3712452546,0,-0.03018906913,-0.02559462285,-0.01442874313,-0.1730013376,-0.2258931011,0,0,0.006561774814,0.007571065065,0,0,0.0052660648,0.003812686312,-0.0387113148,0,0.0004812319189,0,0.0002131636919,0,0.0001986055241,0.002096402419,0.04371121475,0.01390279564,0.003812686312,0.01914872626,0.01509189831,0.007941763012,0.007571065065
1,1,1,1,2,1500,500,v1,0,0,8.388060533e-05,0,0,0,0,0,0,1.953705681e-05,0,0,0,0,0.02963405624,0,0,0,0,0,0,0.00416226748,0,0,0.1809413826,0,0.2482566216,0.1616333518,0,0.0003044051498,0,0,0,0.03486901876,7.090054584e-05,0,0.08901904555,0,0.1221366124,0.07951993347,0,0.0001497604114,0,0,0,0.01715476429,3.488145624e-05,0,0.01690684452,0,0,0.01510273608,0,0,0,0,0,0,0,0,-0.00014677381,0,0,3.801597882e-05,0,0,0,0.1123474356,0,0,0.1441463161,0.1005200182,0,0,0.0203310699,-0.1433522646,0,0,0.03370067405,0,0,0,0.1005200182,0,0,0.0001293519285,0.1123474356,0,0,3.378481794e-05,0.3724310087,-0.3417112758,0,-0.2820962762,0,-0.0002954413096,0,0,0,0,0,0,0,0,0,-0.5583664029,0.1678017426,0,0.1387440117,0,0.0001486674996,0,0,0,0,0,0,0,0,0,-0.1739095331,0.03199789735,0,0,0,0,0,0.0203310699,3.378481794e-05,0,0,0.1441463161,0.0001293519285,0,0
1,1,1,1,3,1500,500,v1,0.04054483594,0.06372294412,0,0.01550579202,0.002263613896,0.002354350718,0.01721459721,0.003921445352,9.122807272e-06,0,0.001598925905,7.361945027e-07,0.1812235185,2.220753436e-05,0.00204762906,0.05186344518,0.004965980433,0.005165041447,4.96140176e-06,0.008602978146,2.00138736e-05,0.06046591463,0.003507769046,1.615084401e-06,8.545547393e-05,1.608316456e-07,1.482936133e-05,0.000447091428,0.001012440823,0,3.593151749e-08,0.0002735084075,1.449446919e-07,0.0004379069009,0,1.169678172e-08,0.0002291725365,0.003519722346,3.976904221e-05,0.001198999571,0.001727555654,0,0.001007291594,0.0006606789262,0.0001003154113,0.001174368716,0,6.812787433e-05,0.00994113885,0.1526799375,1.870974025e-05,0.05201068767,0.0749386069,0.1177784679,0.04369470162,0.02865919731,0.004183814487,4.179956977e-06,0.03181756452,0.007247967463,-0.2466288061,0.03791618847,0.07884693104,0,0.004831879713,-0.0005219326996,-6.668439926e-08,0.01442387358,0.0587382317,2.318499756e-05,0.002965888405,0.07543340221,0.01905422632,6.10366833e-06,0.08766643678,0.1285031903,-0.1715958457,-1.300995316e-05,-0.06206450722,-0.004976854965,-0.007223212073,-1.550244914e-05,0.07543340221,0.05954610707,0.08012286396,0,0.01442387358,0.01924963032,0.02179056614,0,-0.190546105,0.0005262396609,4.047373428e-08,0.0004409412914,0.001275106866,0,8.86432086e-08,0.01905422632,0.01924963032,-0.0005240614778,0.007143274448,0.0587382317,0.05954610707,-0.003246577519,0.004228685397,-0.2419608698,0.001421270181,0.004521186456,0.001202015899,0.002352726256,0,0.0001638382141,6.10366833e-06,0.02179056614,-0.003246577519,2.119453852e-05,2.318499756e-05,0.08012286396,-0.0005240614778,2.026196923e-06,-0.04489414046,-0.06185235756,0.1152130206,-6.55629784e-06,-0.09279940606,-0.1480643249,0.002658734593,0.08766643678,0,0.004228685397,2.026196923e-06,0.002965888405,0,0.007143274448,2.119453852e-05
1,1,1,1,4,1500,500,v1,0,0,0,0,0,0,0,0,0,0,0,0,0,0.01454887441,0,0,0,0,0.006733415856,0,0,0,0,0,0,0.18763976,0,0,0,0,0.08684221884,0,0,0,0,0,0,0,0,0,0,0,0,0,0,0,0,0,0,0,0.4814254986,0,0,0,0,0,0,0.2228102322,0,0,0,0,0,0,0,0,0,0,0,0.4188675935,0,0,0,0.1938552547,0,-0.4297637394,0,0.02128184121,0,0,0,0,0,0,0,0,0,0,0,0,-0.6827216501,0,0.2742397519,0,0,0,0,0,0,0,0,0,0,0,0,0,0,0,0,0,0,0,0.1938552547,0,0,0,0.4188675935,0,0,0,0.2955215928,0,0,-0.7040034912,0,0,0,0,0,0,0,0,0,0,0
1,1,1,1,1,1500,500,v1,0.02277198958,0,0.006423641169,0.02566336486,0,0.01708031409,0,0,0,0.1670297896,0.01402014656,0,0,0,0,0,0,0.00426341312,0,0,0,0,0.003499565434,0,0,0,0,0,0,0.0001200684203,0,0,0,0,0.003122061531,0,0,0,0,0,0.06315885844,0.01781617903,0,0.07117818242,0.04737281019,0,0.4632625885,0.03888533538,0,0,0,0,0.0161411212,0,0,0.01819057053,0,0,0,0,-0.6555615044,0.04833882566,0,0.1732565291,0,0.0310619905,0,0,0,0,0,0,0,0,0,-0.05473415345,0,0,0,0,0.007704890594,0,0,0.03644868487,0,0.01693669931,0,0.04092325372,0,0.4395037248,-0.3075351119,0,0,0,0,0.003241497734,0,0,0.04092325372,0,0.03880899988,0,0.03644868487,0,0.03173489327,0.2978348692,0,0,0,-0.1341512551,-0.480791641,-0.08579614392,0,0,0,0,0,0,0,0,-0.08581242941,0,0,0,0.03423113703,0,0,0,0.4395037248,0.03173489327,0,0,0.01693669931,0.03880899988,0
1,1,1,1,1,1500,500,v1,0,0.2937603684,0,0,0,0,0.1911243261,0,0,0,0,0,0,0,0,0,0,0,0,0,0,0,0,0,0,0,0,0,0.004474124572,0,0,0.002910923786,0,0,0,0,0,0,0,0,0,0,0,0,0,0,0,0,0,0,0,0,0,0.3076010216,0,0,0,0,0.2001292355,0,-0.1416304461,0,0.03501393752,0,0,0,0,0,0,0,0,0,0,0,0,0,0,0,0,0,0,0,0,0,0.09371447085,0,0,0,0.06621029171,0,-0.1139896792,0,0,0,0.007373170636,0,0,0,0,0,0,0,0,0,0,0,0,0,0,0,0,0,0,0.06621029171,0,0,0,0.09371447085,0,0,0.04238710804,0,0,0,0,-0.1490036168,0,0,0,0,0,0,0,0,0
1,1,1,1,3,1500,500,v1,0,0.00111426988,3.140811454e-06,0,0.0007496868355,0.02050078508,0.0001994913508,0.001891513533,0.004758145113,7.101883573e-05,0.01673819188,0.001689906864,0.0002980649191,0.00495532795,0.00757565973,0.001333893949,0.005524556238,0.1510734012,0.0003000857917,0.01393885072,0.03506349454,0.00652899623,0.12334628,0.01245318054,0.001409872477,0.0006077341937,0.000929098438,0.001479784497,0.001007045692,2.838576811e-06,3.680329506e-05,0.0001802946566,0.004300277358,0.0008007329283,6.418482077e-05,0.001527290163,0.01945778841,0.0005045053534,0.01282257872,0.02042265107,0,3.917547713e-05,0.002257751903,0,0.2557071791,0.01105099372,0.0008858210103,0.2087761914,0.008800501954,0.0002281811403,0.00379351044,0.009236896652,0,0.006286034889,0.001021151511,0,0.00422927846,0.0002297282027,0.001125409215,0.0106707722,-0.2494587222,0,0.0008841918567,6.231628241e-05,0.002445322547,0.03713600812,0.006345445968,0.01420037575,0.0002192743003,0.003957425865,0.007579745654,0.01468655801,0.0004296207169,0.0002950312082,0.006984205204,-0.421529349,0.0009109957897,-0.003235871063,0.01032460093,-0.01227035617,0.2634095644,-0.04731540551,0.01468655801,0,0.006453040657,4.948017417e-05,0.01420037575,0,0.001160511978,0.001121698728,-0.08453683293,0.00274840097,0.0005612756185,0.001629720028,0.0009088949878,5.986688661e-05,0.005771635723,0.0004296207169,0,0.003249752936,0.1263903725,0.0002192743003,0,0.007628426682,0.1050273888,0.3328235782,-0.03769778865,-0.002194264909,-0.02166362153,0,-0.0009029691038,-0.4548240796,0.0002950312082,0.001160511978,0.007628426682,0.03897085323,0.003957425865,0.006453040657,0.003249752936,0.0138266325,-0.04693919897,0.01569143185,0.0008506724432,-0.0001603759364,0,-0.006868788596,0.002572913884,0.006984205204,0.001121698728,0.1050273888,0.0138266325,0.007579745654,4.948017417e-05,0.1263903725,0.03897085323
1,1,1,1,3,1500,500,v1,0,0,0,0,0,0,0,0,0,0,0,0,0.211470089,0,0,0.08398159624,0,0,0,0,0,0,0,0,0,0,0,0,0,0,0,0,0,0,0,0,0,0.1706765655,0,0,0,0,0.06778117168,0,0,0,0,0,0,0.3336051911,0,0,0,0,0.1324853864,0,0,0,0,0,0,0,0,0,0,0,0,0,-0.07657249333,0,0,0,-0.03040899429,0,0,-0.2125293076,0.2838502998,0,0,0,0,0,0,0,0,0,0,0,0,0,0,0,0,0,0,0,0,-0.03040899429,0,0,0,-0.07657249333,0,0,0,-0.1645693458,0,0.2358903381,0,0,0,0,0,0,0,0,0,0,0,0,0.5197406383,0,-0.4484196458,0,0,0,0,0,0,0,0,0,0,0,0
1,1,1,1,4,1500,500,v1,0.000601331724,0.03309047094,0,0.01709553131,0.004199153736,0,0.21691155,0.05770490959,0,0,0,0,0,0,0,0,0.01203973645,0,0,0.1654504566,0,0,0,0,0,0,0,0,0.04300020992,0,0,0.2818709411,0,0,0,0,0,0,0,0,0.0001892237352,0,0,0.005379527076,0,0,0,0,0,0,0,0,0.0002964067421,0.01631086187,0,0.008426681213,0.002069835049,0,0.1069194312,0.02844374174,-0.256464757,-0.01327290377,0.1554585841,0,0.06109937579,0,0,0,0,0,0,0,0,0,0,0.09150031721,0,0,0,-0.1762689731,0,0,0,0.0003281192868,-0.006869521664,0,0,0.008983077778,-0.04982510687,0,0.2771602219,0,0,0,-0.2393638023,0,0,0,0.008983077778,0.008614167536,0,0,0.0003281192868,0.1185388167,0,-0.006739926811,0,0,0,0.0005324620779,0,0,0,-0.04982510687,0.1185388167,0,0,-0.006869521664,0.008614167536,0,-0.211815257,0,0,0,0.00653297696,0.1217016375,0.03040094141,0,0,0,0,0,0,0,0
1,1,1,1,4,1500,500,v1,0.0002282961474,0.001753302832,4.235644725e-05,0.0008964802491,0.005712577902,0,0.001592715007,0.001301174821,0.001150951932,2.58285801e-05,0,0.001230598029,0,0.01180213493,0,0,0.1468308786,0,0.0004888958609,0.03344420774,0.02958301598,0,0,0.03163016643,5.75002688e-06,2.999474064e-05,0,7.059749199e-06,0.0001145319703,2.766873622e-06,1.242512871e-06,0.000104041803,7.518426939e-05,0,1.687214618e-06,8.038703543e-05,0.0005787998343,0,0,0.0007106369679,0.001501159723,0.000278514523,0,0.005894799616,0,0,0.000169835648,0,0.005232197565,0,0.02729350875,0.006423970417,0.01357008724,0.1042175817,0,0.05328743094,0.3395597401,0.001130616074,0.09467212583,0.07734276742,-0.5553248823,0.001107020797,0.003291609652,5.444223451e-05,0.007002258505,0,0.002327937431,0.006938658021,0,0.02332533223,0,0.008415779612,0,0.0009783509654,0,-0.434415025,0,0.0119098235,0,0.179412199,0,-0.06085483981,0.008415779612,0.01774994325,0.153363019,0.0003493893962,0.006938658021,0.06972431477,0.1392983599,0.0002093166592,-0.2807104413,1.241526053e-05,3.07075668e-05,0,0.0002177532873,3.859008471e-06,0.0001540912272,0,0.06972431477,0.2802679593,0,0,0.01774994325,0.06379090346,0,-0.07695316849,0.001206068258,0,0,0.007252937659,-0.0004307719462,0,0.0009783509654,0.1392983599,0.06379090346,0.0423351179,0.02332533223,0.153363019,0.2802679593,0.04522409879,0.2114427907,-0.01145477527,0,-0.02814298652,-0.06667613054,-0.1986169491,-0.4157870326,0,0.0002093166592,0,0.04522409879,0,0.0003493893962,0,0.0423351179
1,1,1,1,1,1500,500,v1,0,0,0,0,0,0,0,0,0,0,0,0,0.2472400036,0,0,0.6310879261,0,0,0,0,0,0,0,0,0,0,0,0,0,0,0,0,0,0,0,0,0,0.03366877344,0,0,0,0,0.08594060871,0,0,0,0,0,0,0.0005806248574,0,0,0,0,0.001482063306,0,0,0,0,0,0,0,0,0,0,0,0,0,0.3194830015,0,0,0,0.8154968682,0,0,0.1216714772,-0.8783247264,0,0,0,0,0,0,0,0,0,0,0,0,0,0,0,0,0,0,0,0,0.8154968682,0,0,0,0.3194830015,0,0,0,-0.8762620407,0,0.11960879,0,0,0,0,0,0,0,0,0,0,0,0,-0.7587159372,0,0.002062687218,0,0,0,0,0,0,0,0,0,0,0,0
1,1,1,1,2,1500,500,v1,0,0,0,0,0,0.003268131612,0,0,0,0,0.01862000976,0,0,0,0,0,0,0.0001484654154,0,0,0,0,0.0008458739773,0,0,0,0,0,0,0,0,0,0,0,0,0,0,0,0,0,0,0,0,0,0.1458940071,0,0,0.8312235121,0,0,0,0,0,0,0,0,0,0,0,0,-0.9761200745,0,0,0,0,0.02187139327,0,0,0,0,0,0,0,0,0,-0.9552424762,0,0,0,0,0.0009937949553,0,0,0,0,0,0,0,0,0,0,0,0,0,0,0,0,0,0,0,0.213721511,0,0,0,1.217651512,0.02286518822,0,0,0,0,0,-0.9771138695,0,0,0,0,0,0,0,0,0,0,0,0,0,0,0,0,0,1.217651512,0,0,0,0.213721511,0
1,1,1,1,4,1500,500,v1,0,0,0,0,0,0,0,0,0.02026757126,0,0,0.003357147943,0,0.008912815971,0.2845968061,0,0,0,0.06597352348,0,0.02380565117,0.1216111616,0,0.003943200291,0,0.001761239188,0.05623846035,0,0,0,0.01303686234,0,0.004704174963,0.02403127633,0,0.0007792059098,0,0,0.07305873808,0,0,0,0,0,0,0.03121875514,0,0,0,0,0.03126641207,0,0,0,0,0,0,0.2314369979,0,0,-0.01224173768,0,0,0,0,0,0.006783626635,0,0,0.03077534318,0.2327959834,0,0,0.2273313465,0.09923343846,-0.04979261682,0,0.07350008441,-0.4050434833,0,0,-0.01754617417,0,0,0,0,0,0,0,0,-0.4990418526,0,0.01477632749,0.080078898,0,0,0.005304436496,0,0,0,0,0,0,0,0,-0.3249645855,0,0,0.1036116374,0,0,0,0.2273313465,0,0,0.006501410963,0.03077534318,0,0,0.001685755608,0.08827641186,0,0,-0.2603475419,0,0,0,0.09923343846,0,0,0.001685755608,0.2327959834,0,0,0.006501410963
1,1,1,1,1,1500,500,v1,0.001856850491,0.01201493984,0.03771373668,0.00305060746,0,0,0.01288249248,0,0,0.02691894343,0,0,0.007576474243,0.009464590034,0.003206842489,0.002527787577,0,0,0.0008702030126,0,0,0.001400096043,0,0,0.1706675606,0.1466491514,0.04968844166,0.08367707918,0.02817801388,0.08844806632,0.0134833662,0.03021264,0,0.02169379719,0.06313159882,0,0.01149262236,0.007905203489,0.00334598147,0.005634750197,0.0002932471974,0.005956024804,0.002637463618,0.000481773892,0,0.001460843629,0.004251233341,0,0.03760579387,0.02586715579,0.03231345043,0.01843785064,0.0009595541659,0.00620889276,0.008630224687,0.001576445228,0,0.002970996294,0.006657213053,0,-0.1836643077,-0.004051465588,0.02383168838,0.06408457223,0,0,0,0.1823918546,0.01528781693,0.1571814131,0.06460951983,0.08956369457,0.005141705471,0.01445725661,0.02820805731,-0.2148079707,0.009959684148,0.01033198213,0.004592459431,0,0,0,0.08956369457,0.001155653362,0.01510417863,0.06723635903,0.1823918546,0.001949492389,0.01625641452,0.04799716835,0.2384827151,-0.2541158391,-0.1598872852,-0.07124665474,-0.05748204646,-0.1510881684,0,0.005141705471,0.001949492389,0,0,0.01528781693,0.001155653362,0,0,-0.3788501312,0.01705865212,0.01040458275,0.004775810864,0.0007356330357,0.01018124449,0,0.01445725661,0.01625641452,0,0,0.1571814131,0.01510417863,0,0,-0.4032144167,0.05575348823,-0.03398394851,0.03512952329,0.001245735383,0.01274329593,0,0.02820805731,0.04799716835,0,0,0.06460951983,0.06723635903,0,0
1,1,1,1,4,1500,500,v1,0,0,0,0,0,0,0,0,0,0,0,0,0,0,0.03343357297,0,0,0,0,0,0,0.01498930467,0,0,0,0,0.5036799919,0,0,0,0,0,0,0.2258153163,0,0,0,0,0.1533363753,0,0,0,0,0,0,0.06874543887,0,0,0,0,0,0,0,0,0,0,0,0,0,0,0,0,0,0,0,0,0,0,0,0,0.4767573678,0,0,0,0.2137514124,-0.507967102,0,0,0.04762791464,0,0,0,0,0,0,0,0,0,0,0,0.2684624432,0,0,-0.7288016302,0,0,0,0,0,0,0,0,0,0,0,-0.6811737157,0,0,0.2208345286,0,0,0,0,0,0,0,0,0,0,0,0,0,0,0,0,0,0,0.2137514124,0,0,0,0.4767573678,0,0,0
1,1,1,1,2,1500,500,v1,0.006849621421,0.0003962919568,0.0066279113,0.006281921365,0,0.003384163631,0.003830206959,0,0.006629697656,0.01316093204,0.000782798818,0.009237364399,0.001514623865,0.0354848638,0.0008878280791,0.0003458230306,0,0.0166322168,0.004593949853,0,0.0325831079,0.0002183340984,0.003847237034,0.04539905988,0.03320286154,0.1034324079,0.002587869481,0.0254869641,0.005677112939,0.09494868709,0.01339059093,0.05486994403,0.09497427767,0.0006364071638,0.1885380116,0.1323306215,0.001522765783,0.0002024770866,0.0001186861286,0.001168895542,0.00450024792,0.004354582861,4.62301178e-05,0.004127265117,0.002223418552,2.918721483e-05,0.008646821975,0.0005143041544,0.001838014938,0.0002443947152,0.005725720678,0.001410885043,0.005431907518,0.0003142686474,5.58008645e-05,0.0049817083,0,0.0007412646083,0.00303744232,0,-0.4891235704,-0.003227748936,0.004178382886,0.01967484907,0,0.003822548105,0.01579344915,0.04443671599,0.001663542678,0.09312227353,0.002489577596,0.03422049482,0.000391666277,0.0120705227,0.00060943148,-0.3162208851,-0.00166821976,0.03954710979,0.0007657781112,0,-0.01990614999,0.07724401343,0.03422049482,-0.001132007612,0.007427255778,0.125850424,0.04443671599,-0.0007212412981,0.07191484788,0.2499733359,0.18570156,-0.05815444155,-0.1160628488,-0.00294658722,-0.0603945305,-0.2831822767,-0.2262336749,0.000391666277,-0.0007212412981,0,0.01636438996,0.001663542678,-0.001132007612,0,0.003851811128,-0.3405520976,0.002551941918,0.0001331184993,0.0001148030617,0.003522417986,0.01295825448,0.002606134495,0.0120705227,0.07191484788,0,0.08339578778,0.09312227353,0.007427255778,0,0.1163985305,-0.1895748182,0.003164359185,0.0001649619585,0.006387208226,0.0009408302243,0.003321411881,0,0.00060943148,0.2499733359,0.003851811128,0.1163985305,0.002489577596,0.125850424,0.01636438996,0.08339578778
1,1,1,1,1,1500,500,v1,0,0.0001979180618,0.000213836555,0,0.0003336814727,0.0004777463535,0.0003172707103,0.0002548558685,6.230033036e-05,0.0001440372416,0.0001554138381,6.586443853e-05,0.1441458458,0.01882832229,0.02243547154,0.003413552888,0.1387113137,0.1985990525,0.01135036778,0.1059435276,0.02589823342,0.001962797986,0.06460549779,0.02737983239,0.01515697643,0.002643412641,0.003149840339,0.02878253881,0.01155097275,0.0124800142,0.001593541114,0.01851667957,0.003635996695,0.0002755681005,0.008406358861,0.003844006595,0.01496114782,0.01997596683,0.003109144303,0.0284106675,0,0.01231877202,0.0004730557366,0,0.02752218118,0.0002720077519,0.00829774844,0.008953135443,1.972956963e-05,2.634271336e-05,3.440883742e-06,3.746572453e-05,0,1.503569807e-05,6.238282122e-07,0,2.534955036e-05,2.07428444e-06,2.410283611e-05,1.93612238e-05,-0.5523828271,0,0.0005105664986,0.0003421355515,0.000580698139,0.0006283373351,0.0001227305281,0.009627979608,0.1859245133,0.02394093635,0.02408496302,0.01632913898,0.004404240339,0.01442709633,0.002108248746,0.07577779169,-0.147086621,-0.02966750944,-0.02414787756,-0.2443904906,-0.2625375651,-0.05270383922,0.01632913898,0,0.01688777545,0.004804309934,0.009627979608,0,0.02709330861,0.004267974427,-0.1111503463,-0.01124828918,0.00408334053,0.00336216779,-0.0298702462,-0.003472223724,0.007288331254,0.004404240339,0,0.2073123254,0.2555169473,0.1859245133,0,0.1583356919,0.08314003916,-0.444076871,-0.006112630832,0.02017389481,0.003323568633,0,-0.002918101398,0.03613790378,0.01442709633,0.02709330861,0.1583356919,0.03299077099,0.02394093635,0.01688777545,0.2073123254,0.03494839518,-0.4430272868,5.617430927e-05,2.689048852e-05,5.480495071e-06,0,3.895692959e-05,4.444823696e-05,0.002108248746,0.004267974427,0.08314003916,0.03494839518,0.02408496302,0.004804309934,0.2555169473,0.03299077099
1,1,1,1,1,1500,500,v1,0.1077704716,0.04042299695,0.007044655272,0.03337217103,0,0.01802155285,0.04051084703,0,0.08188532975,0.004220717362,0.14481451,0.142139436,0,0,0.01546176205,0,0,0.003555636903,0,0,0.01615590525,0.001117832678,0.02857177847,0.02804398867,0.008474123262,0,0.01648942815,0.001944023719,0.008505509091,0.001482284442,0,0.008523993857,0.01722970757,0.001192129432,0.0008880922396,0.02990793252,0.003773303977,0,0.007342308212,0.0008656225788,0.01009714525,0.0006600222354,0,0.00312667889,0.001688460988,0.0005308238491,0.0003954440921,0.01356784582,0.02227388832,0,0,0.005109787276,0.05960364899,0.0223563847,0,0.01845684759,0,0,0.02240497115,0,0.2566340637,-0.1302730877,-0.06731078645,-0.010943492,0,-0.1615738695,-0.2220126716,0.01750882186,0,0,0.01954061634,0.004322769673,0,0,0.00191882621,-0.3307222734,0,0,-0.006426872838,0,0.03132634008,0.04248938825,0.004322769673,0.06186186576,0.01949625968,0.007823233664,0.01750882186,0.01901199037,0.01681455592,0.004671175918,-0.2568486557,0.005747277712,0,-0.007636691605,0.01610330258,0.001713978133,0.045742411,0,0.01901199037,0,0.01916359751,0,0.06186186576,0,0.1537057779,-0.2388112608,0.003708123461,0,-0.0002427305831,0.01309223209,0.0008999074898,0.01500127902,0,0.01681455592,0,0.0733844509,0,0.01949625968,0,0.1272868574,-0.1589329388,-0.02400979551,0,0,0.06326495166,0.02700027346,0,0.00191882621,0.004671175918,0.1537057779,0.1272868574,0.01954061634,0.007823233664,0.01916359751,0.0733844509
1,1,1,1,4,1500,500,v1,0.01987273672,0.03775305688,0.181888165,0.008407758399,0.007154711832,0.1110273731,0.1513815017,0.01178229569,0.009044991206,0.09857809479,0.1542876169,0.004666478935,0.000184872249,0.003821223872,0,0.0009272519687,0.001046279227,0.01623624219,0.01055913078,0.001723000383,0.001322706858,0,0.02256246405,0.0006824090315,0.01820745756,0.005420463997,0,0.0006926574261,0.007831438839,0.03773061461,0.0149782871,0.03140235705,0.001876279731,0,0.02044889564,0.0009680075573,0.0003248227624,4.6784593e-06,0,1.23570739e-05,7.354349523e-05,0.000673117728,2.346545043e-05,3.111478546e-05,0.000410881561,0,0.0003648102294,0.000570975743,0.0006163484949,8.877337679e-06,0.0001834904635,2.344744513e-05,0.0001395481716,0.0002651054122,4.452549738e-05,5.904004709e-05,5.02410397e-05,0.0005070364537,0.001063014726,8.273635606e-05,0.1458074625,-0.02803129706,-0.1884793934,-0.2802082196,-0.01871605611,-0.2650705675,-0.01356014735,0.02553136116,0.0002425398564,0.002007418535,0,0.000973598495,0.001120332766,0.006415129055,0,-0.3085582626,-0.0009568930835,0.009358732208,0,0.002329904011,0.03837995269,0.001821798712,0.000973598495,0.02921921793,0.04438018404,0.2152097802,0.02553136116,0.01237559739,0.1778808392,0.1166699771,-0.4670789934,-0.01863679233,-0.01563796944,0,0.03898058418,0.0579226347,0.002637089749,0.001120332766,0.01237559739,0.009212207881,0.1417440501,0.0002425398564,0.02921921793,0.01517063593,0.1968729457,-0.4957353159,0.0003319481362,1.518015777e-05,0,0.0001035613617,0.001032413421,0.0009459510307,0.006415129055,0.1778808392,0.01517063593,0.0090151282,0.002007418535,0.04438018404,0.009212207881,0.004636760107,-0.2193384875,0.0006348710489,3.313117762e-05,0.0006642055133,0.0001978588169,0.001324793361,0.0001309228581,0,0.1166699771,0.1968729457,0.004636760107,0,0.2152097802,0.1417440501,0.0090151282
1,1,1,1,0,1500,500,v1,0,0,0,0,0.01859724677,0,0,0.001226975459,0,0,0,0,0.06848823936,0.008129764776,0,0.01668161846,0.2946934442,0,0.01374696645,0.01944275023,0,0,0,0,0,0.0004802748041,0,0,0,0,0.000812117177,0,0,0,0,0,0,0.002498329676,0,0,0,0,0.0006085158976,0,0,0,0,0,0,0.09018210489,0.01070489337,0,0,0,0.02196557365,0,0.3880385208,0.01810136137,0,0.0256013026,-0.1017662169,0,0,0,0.01982072213,0,0,0,0.02826217842,0.004827052131,0,0,0.00812342064,0.006516957656,0,-0.4634456212,0.06815974902,0.01418970175,0,0.2673309367,0,0,0,0,0,0,0,0,0,0,-0.008829592134,0,0.001266918934,0,0,0,0,0.00812342064,0,0.114703349,0,0.02826217842,0,0.008214893649,0,-0.02733558068,0,0.00307851451,0,0,0,0,0.006516957656,0,0.008214893649,0,0.004827052131,0,0.114703349,0,0.3738465469,0,-0.09549532973,-0.0230192939,0,0,-0.3690971534,0,0,0,0,0,0,0,0
1,1,1,1,4,1500,500,v1,0.01092354026,0,0,0.002579437411,0,0,0,0,0,0,0,0,0.0001031617205,0,0,0.001742788065,0,0,0,0,0,0,0,0,0.5084006996,0,0,0.08116849469,0,0,0,0,0,0,0,0,0.2770096141,0.001324948071,0,0.04422585062,0.03872066331,0,0.02238333826,0.009143329462,0,0,0,0,0.00160372879,7.670698987e-06,0,0.0002560426291,0.0002241707122,0,0.0001295868524,5.293469952e-05,0,0,0,0,-0.04739517972,0.01326539145,0,0,0,0,0,0.344686266,0.001794803768,0,0,0.05474633016,0.03052383698,0,0,-0.02335074471,0.00180498421,0,0,0,0,0,0.05474633016,0.04141797713,0,0,0.344686266,0.009776705347,0,0,0.3200172458,-0.5863056443,0,0,0,0,0,0.03052383698,0.009776705347,0,0,0.001794803768,0.04141797713,0,0,-0.5689625427,0.3181576694,-0.02348780763,0,-0.04767126598,0,0,0,0,0,0,0,0,0,0,-0.3242366801,0.001859576615,0.0001370629097,0,0.0002760862783,0,0,0,0,0,0,0,0,0,0
1,1,1,1,1,1500,500,v1,0,0,0,0,0.005239943713,0.06883177735,0,0.008201169794,0.003970668108,0,0.03618727709,0.002965945287,0,0,0,0,0.01366119782,0.1794531732,0,0.02138148977,0.01035203534,0,0.09434482086,0.007732595522,0,0,0,0,0,0,0,0,0.001528622008,0,0,0.001141825284,0,0,0,0,0,0,0,0,0.2838627941,0,0,0.1492366169,0,0,0,0,0,0,0,0,0.04362673314,0,0,0.06828131476,-0.246646447,0,0,0,0.0133952474,0.104932861,0.004229592767,0,0,0,0,0,0,0,0,-0.4113369293,0,0,0,0.03429361433,0.2659122122,-0.01295764538,0,0,0,0,0,0,0,0,-0.008728052605,0,0,0,0,0,0.001100084141,0,0,0.03705266285,0.05158021357,0,0,0.05774068061,0.02831761238,0.3708450733,0,0,0,0,0,-0.4241102905,0,0,0.05774068061,0.006318023737,0,0,0.03705266285,0.005123928975,0.04768886174,0,0,0,0,0,-0.110884424,0,0,0.02831761238,0.005123928975,0,0,0.05158021357,0.006318023737
1,1,1,1,1,1500,500,v1,0,0,0,0,0,0,0,0,0,0,0,0,0,0.1055833747,0,0,0,0,0.01509452157,0,0,0,0,0,0,0.5363786624,0,0,0,0,0.07668233101,0,0,0,0,0,0,0,0,0,0,0,0,0,0,0,0,0,0,0,0.2329568831,0,0,0,0,0,0,0.03330422717,0,0,0,0,0,0,0,0,0,0,0,0.2964749421,0,0,0,0.04241387326,0,-0.3465906034,0,0.1206647255,0,0,0,0,0,0,0,0,0,0,0,0,0.3865736051,0,-0.6124994829,0,0,0,0,0,0,0,0,0,0,0,0,0,0,0,0,0,0,0,0.04241387326,0,0,0,0.2964749421,0,0,0,-0.4918347562,0,0,0.2659088793,0,0,0,0,0,0,0,0,0,0,0
1,1,1,1,2,1500,500,v1,0.002685620165,0,0,0.005855024595,0.002329813019,0.004659195966,0,0.004106813058,0,0,0.005802255794,0,0.02135336886,0.02608058908,0.117684646,0.09678707379,0.0326397266,0.06527342809,0.03773034799,0.05753476968,0,0.1278691247,0.08128722833,0,7.4081926e-06,0.0003537938294,0.001596440227,0.000151551882,0,0,0.0005118275611,0,0,0.001734596835,0,0,1.173352376e-05,0.0004587915939,0.002528534334,0.000240036633,0.0008083865588,0,0.00207953584,0.001762394863,0.001402443816,0.002747354758,0,0.001746511162,0.0003954497822,0.01546245097,0.01888553664,0.008089848895,0.02724469606,0,0.0700856803,0.05939721766,0.02363515451,0.02732138708,0,0.04166221083,-0.2550529703,0.008382413847,0,0,0.006413807509,0.01026605837,0,0.0005529561652,0.008725923985,0.00998980309,0.1703748779,0.01129851003,0.03941483051,0.01485001346,0.1851129452,0.1920266976,-0.1036196651,-0.05940380979,-0.2452106523,-0.0774697851,-0.1463991515,0,0.01129851003,0.03567458704,0,0,0.0005529561652,0.0776652914,0,0,-0.2657832831,0.0001566806761,0.000860582315,0.003313284469,0,0,0,0.03941483051,0.0776652914,0.01204181942,0.08903692197,0.008725923985,0.03567458704,0.01991822378,0.1106491945,-0.4988036092,0.000235338109,0.002511331412,0.004905488873,0.002471747987,0,0.003009015754,0.01485001346,0,0.01991822378,0,0.00998980309,0,0.01204181942,0,-0.219461359,-0.008292996249,0.0690144971,0.04198334976,-0.08641408074,0,0.04974928232,0.1851129452,0,0.1106491945,0,0.1703748779,0,0.08903692197,0
1,1,1,1,2,1500,500,v1,0,0,0.0326805798,0,0,9.012044094e-05,0,0,0.02791297095,0.005402290704,0.0003541214501,0.002827962163,3.164515197e-05,0.2485768937,0.0005812011982,0.00407123699,0,0.0001963762847,0.5204501643,0,0.06082355427,0.002953433179,0.0007716457441,0.006162250173,0.0004575003907,0.001549516338,3.622946361e-06,0.00148695684,0,0.0004439058695,0.003244251792,0,0.0003791466282,1.841037152e-05,7.338023275e-05,3.841269067e-05,0.0004620597434,1.992274848e-07,3.659051882e-06,0.001501775539,0,0.000448329742,2.563117113e-05,0,1.2363206e-06,1.859384541e-05,7.411152471e-05,4.858028203e-06,0.005132352812,2.212929727e-06,0.01738285846,0.01668105049,0,0,0.0002846995764,0,0,0.03639482095,0,0,-0.06397577447,0,0,-0.03599847919,0,0.0002623267794,0.02852340246,0.006303821469,4.381114459e-05,0.3442318081,0.0008425335112,0.0203675214,0.005635855823,0.7207589097,0.004305864455,0.08804879658,-0.00409834839,-0.7684815515,-0.003474108977,0,-0.0008564972548,-0.06445801197,0.0203675214,0,0,0.04502082741,0.006303821469,0,0,0.007601161378,-0.8094664766,0.001929179226,0.004786129052,2.186089251e-05,0,0.0005064154397,0.0004157845363,0.005635855823,0,0,0.0001843076188,4.381114459e-05,0,0,0.0006982535495,-0.06302121052,0.001889618662,2.576973608e-05,1.99827916e-05,0,0.0004107379054,5.796363962e-06,0.7207589097,0,0,0.04835507306,0.3442318081,0,0,0.004923164528,-0.7639491924,-0.02159969313,0.0002861340245,0.05370161035,0,0,0,0.004305864455,0.007601161378,0.0006982535495,0.004923164528,0.0008425335112,0.04502082741,0.0001843076188,0.04835507306
1,1,1,1,2,1500,500,v1,0,0,0,0,0,0,0,0,0.0008523594647,0,0,0.005101314668,0,0.01048716657,0.00602752597,0,0,0,0.01825888247,0,0.05697290081,0.0498073858,0,0.3409790195,0,0.009623653255,0.00553121947,0,0,0,0.01675544605,0,0.05228175204,0.04570624556,0,0.3129028064,0,0,0.006045658929,0,0,0,0,0,0,0.04995722427,0,0,0,0,0.004636672043,0,0,0,0,0,0,0.008072766778,0,0,-0.1341001655,0,0,0,0,0,0.005925935082,0,0,0.005162436001,-0.004390141981,0,0,0.004403296352,-0.04995391644,0.1129902245,0,-0.01344425969,0.005183828364,0,0,-0.2030518053,0,0,0,0,0,0,0,0,-0.1876436012,0,-0.003340706513,0.02371065578,0,0,0.06895163988,0,0,0,0,0,0,0,0,0.02889448413,0,0,0.007334888141,0,0,0,0.004403296352,0,0,0.02388918585,0.005162436001,0,0,0.1683721594,-0.01678496619,0,0,0.0104078113,0,0,0,-0.04995391644,0,0,0.1683721594,-0.004390141981,0,0,0.02388918585
1,1,1,1,2,1500,500,v1,0,0.0005489115624,0,0,0.01275354129,0,0.003082676224,0.008490829619,0.008975144929,0,0,0.005258555326,0.0006371393104,0.09358146878,0.03309292724,0.005723675418,0.07650914027,0,0.09155888753,0.050936917,0.05384234907,0.003511268152,0,0.03154633978,0.03329815283,0.08875271583,0.03138535017,0.002794734341,0.003123033927,0,0.08683449867,0.01753889532,0.05106411311,0.003330088623,0,0.02991856578,0.05943706792,0.001078607486,0.05602272293,0.004988589478,0,0,0.009689559334,0,0,0.005944194703,0,0,0.003220894505,5.844973593e-05,0.008584954734,0.0002703316466,0,0.0003020877124,0.0005250771869,0,0.007018777483,0.008399407652,0.001696518478,0.00467283889,-0.1708709757,0,0.002171325083,0,0.01916605352,0,0.01342485159,0.0579318379,0.001314656186,0.06251393829,-0.002704965546,0.004807673736,0.01120253819,0.05402269221,0.0006138750014,0.01662662503,-0.001868526363,-0.078850642,0.02511670952,-0.1255204553,0,-0.04053958522,0.004807673736,0,0.003539963816,0,0.0579318379,0,0.02003207878,0,-0.1519059937,0.001699489893,-0.01566974825,0.02453667689,-0.01961322103,0,0.001914889413,0.01120253819,0,0.08572373775,0,0.001314656186,0,0.05706757305,0,0.05323762691,-0.0468729005,-0.006882477578,-0.04825932605,0,0,0,0.05402269221,0.02003207878,0.05706757305,0.02114470304,0.06251393829,0.003539963816,0.08572373775,0.01665506322,-0.2722411026,0.003347069511,0.0004062076918,0.01682930327,0,0.001727200898,0.01116019454,0.0006138750014,0,0,0.01665506322,-0.002704965546,0,0,0.02114470304
1,1,1,1,1,1500,500,v1,0.01417608669,0.0001179806342,0,0.05001386256,0.0001840196465,0.0001854293394,0.0007411420881,0.0001000869964,0.001017270291,0,0.0004222853744,0.008203924664,0.03845940426,0.00294625518,0,0.0207649962,0.001672092338,0.001684901496,0.0006785369531,0.0009094393072,0.009243414451,0,0.003837091052,0.07454486429,0,0.0003909041154,0,0,0.0001422350647,0,9.002712637e-05,0.0008935059011,0.001226400474,0,0,0.009890485532,0,0.003308707221,0,0,0.01108174652,0,0.001786436743,0.03909689317,0.0001449540328,0,0,0.0003301094002,0,0.04110828642,0.003149177793,0,0.1376826595,0.001145865416,0.02219518029,0.4857505289,0.001787257293,0.0007252710215,0.007198207515,0.0009720767193,-0.6581026146,0.06390418893,0.0007093720138,0,0.0002580632849,0.000525413384,0.009080485566,0,0.003462339567,0.0006571698172,0,0,0.005083470803,0.0001080277194,0,0.002888745745,0.01152931071,-0.0003210860164,0,0.0002288134441,-0.005368209008,-0.08332263856,0,0.1686102454,0.001325607632,0,0,0.5948562521,0.00840895043,0,-0.08270517149,0,0.0004613357594,0,0.001001845772,0,0.01102442662,0.005083470803,0.5948562521,0.0005755323274,0.002010299028,0.003462339567,0.1686102454,0.000241933742,0.004582232918,-0.5746519902,0,0.005077580462,0,0.05005674273,0,0.0004477743317,0.0001080277194,0.00840895043,0.000241933742,0.01046631443,0.0006571698172,0.001325607632,0.0005755323274,0.08436027531,0.1329061671,0,-0.02230409807,-0.0006503814334,-0.6229385966,-0.008200923152,-0.001031854108,0,0,0.004582232918,0.08436027531,0,0,0.002010299028,0.01046631443
1,1,1,1,1,1500,500,v1,0.009961470911,0.0004653335346,0.001310251723,0.01647495015,0,0.0001148617329,0.002078706323,0,0.007256539196,0.0001445196499,0.0006552016801,0.005187564252,0,0,0.1638155287,0,0,0.003034720117,0,0,0.1917223859,0.039128109,0.01731084556,0.1370587505,0.005954441087,0,0.01127257323,0.004690030519,0.0008460102571,0.002382133061,0,0.003779239493,0.01319291677,0.002692507101,0.0002627472493,0.009431369632,0.01210654958,0,0.02291935796,0.009535754265,0.03682257287,0.004843344922,0,0.06089964605,0.0004245863455,0.005474396375,0.0005342168229,0.002421952724,0.01822009616,0,0,0.01435110463,0.05541717847,0.00258872126,0,0.09165265463,0,0,0.01156415958,0,-0.3895945491,0.02599778663,0.002010911435,0.0009837808739,0,0.0007354151804,0.01233461743,0.002800704552,0,0,0.1943600802,0.001227530934,0,0,0.04642421486,0.07922891096,0,0,-0.2019406549,0,-0.01955583652,-0.3283032877,0.001227530934,0.01505462815,0.002248537254,0.003042161799,0.002800704552,0.02601800445,0.009485577135,0.0003771409098,-0.5140293691,0.007275515738,0,0.01388158695,0.002955951389,0.0006370141493,0.02239637497,0,0.02601800445,0,0.003725321993,0,0.01505462815,0,0.0209882422,-0.3234432299,0.01309281337,0,0.02753620451,0.07502447689,-0.003900330164,0.002344711873,0,0.009485577135,0,0.2568161807,0,0.002248537254,0,0.1835422623,0.1263574555,-0.02305381944,0,0,-0.1284040186,-0.01278960574,0,0.04642421486,0.0003771409098,0.0209882422,0.1835422623,0.1943600802,0.003042161799,0.003725321993,0.2568161807
1,1,1,1,3,1500,500,v1,0,0.005798389195,0.009875124832,0,0.04335805805,0.02950159434,0.003396370769,0.03096036255,0.1011214571,0.0005002399351,0.01327382259,0.05718967379,0,0.01010021557,0.003029497735,0,0.006082014222,0.004138310717,0.002296375475,0.004342938171,0.01418472524,0.0002891307445,0.001861974023,0.008022232199,0,0.1120733529,0.0336157151,0,0.009025197063,0.01537063909,0.02548089171,0.005286453609,0.1573956227,0.003208233702,0.0007786238283,0.08901576948,0,0,0.04202906451,0,0,0.01921760641,0,0,0.05741193535,0.004011191219,0.0009734979909,0.0258316834,0,0,0.02092485593,0,0,0.001685065569,0,0,0.01260025299,0.004757455488,0.0009870167818,0.008997367921,-0.2564539243,0,0.004040284134,0.007858952798,-0.0700021841,0.01373490377,0.1359715433,0,0,0.1218759763,0.04266287767,0,0,0.02773209996,0.003945105266,-0.3409070081,0,0.01211268795,0.003118877081,0.009738934061,0.005657354937,0.02167269526,0,0,0.004876776344,0.002563929688,0,0,0.002812065636,0.0003292354394,0.190639605,0,-0.1355931213,-0.01828289408,-0.01127908366,-0.005705645052,-0.2312125803,0,0,0.03724977142,0.04285897376,0,0,0.02646749982,0.01976487204,0.006381549453,0,0,-0.01590797163,0,-0.0040820845,-0.06114148925,0.02773209996,0.002812065636,0.02646749982,0.07193135401,0.1218759763,0.004876776344,0.03724977142,0.03842115866,-0.190982483,0,0,0.02374171592,0,0.002112904882,0.01778506918,0.003945105266,0.0003292354394,0.01976487204,0.03842115866,0.04266287767,0.002563929688,0.04285897376,0.07193135401
1,1,1,1,4,1500,500,v1,0,0,0,0,0,0,0,0,0,0,0,0,0.08401625257,0,0,0.1125325769,0,0,0,0,0,0,0,0,0,0,0,0,0,0,0,0,0,0,0,0,0,0.3126627908,0,0,0,0,0.4187850382,0,0,0,0,0,0,0.03077836151,0,0,0,0,0.04122498002,0,0,0,0,0,0,0,0,0,0,0,0,0,0.2967521634,0,0,0,0.3975444453,0,0,-0.659379502,0.196515096,0,0,0,0,0,0,0,0,0,0,0,0,0,0,0,0,0,0,0,0,0.3975444453,0,0,0,0.2967521634,0,0,0,0.2685154262,0,-0.7313798323,0,0,0,0,0,0,0,0,0,0,0,0,-0.5348647353,0,0.07200033016,0,0,0,0,0,0,0,0,0,0,0,0
1,1,1,1,1,1500,500,v1,0.03478212398,0.07146067784,0.0247675877,0.01658706412,0.03881239437,0.1221284805,0.01682405336,0.00724010455,0,0.1322808713,0.100989629,0,0.01580406621,0.006836235334,0.02996581862,0.02951707221,0.01205608774,0.03793612067,0.0005505883433,0.002248955188,0,0.01336920068,0.03136987158,0,0.002441826806,0.007998804185,0.0350617999,0.004306153233,0.02597234458,0.009001766309,0.0006442212898,0.006114693065,0,0.01564276434,0.04807741089,0,0.0001243972498,0.0009420475465,0.00178620018,0.0002193741251,0.0006440150926,0.000458589024,0.001759451339,0.0003071209694,0.002261293323,0.0007969102714,0.002449271863,0.001869892859,0.001537751024,0.01164522995,0.005037281633,0.002711818678,0.007961067224,0.01635619666,0.02174966168,0.003796511466,0.008883531117,0.0004057011518,0.003850754482,0.001657143165,0.2128588551,-0.05124612546,-0.08568648617,-0.155705994,-0.04529813039,-0.220420738,0,0.002514420454,0.009901818052,-0.001056247164,0.0221085652,0.00421024407,0.02396118658,-1.067243486e-05,0.009989971011,-0.2651802129,-0.02744336025,0.001103337696,-0.003174247821,0.01358830301,0.06575194093,0,0.00421024407,0.03931406096,0.04461047137,0.02372055146,0.002514420454,0.0187569617,0.01072801787,0.1229811238,-0.2164583477,-0.005010682439,-0.002692060065,-0.02068990635,0.0299503159,0.05503638297,0,0.02396118658,0.0187569617,0.02719503362,0.1237580016,0.009901818052,0.03931406096,0.005083450349,0.102100255,-0.3487256025,0.0002985539368,0.002514891143,0.002465130052,0.0009371341029,0.002868494036,0.004096625957,-1.067243486e-05,0.01072801787,0.005083450349,0,-0.001056247164,0.04461047137,0.02719503362,0,-0.1689843082,0.0002290188155,0.002353132687,0.002300002115,0.01159497625,0.01884384417,0.01019083805,0.009989971011,0.1229811238,0.102100255,0,0.0221085652,0.02372055146,0.1237580016,0
1,1,1,1,0,1500,500,v1,0,0.0005434961217,0.001534240665,0,0.005203933029,0.001589504324,0.0005671764859,0.001327221862,0.0007332462613,0.00498399807,6.24012036e-05,7.876326072e-05,0,0.01596060445,0.0321454554,0,0.2796320893,0.08541163244,0.04181235762,0.07131794745,0.03940081144,0.01219934846,0.003353113662,0.004232324865,0,0.00491817288,0.009905446088,0,0.008999247872,0.02540406728,0.01288424908,0.009391349046,0.01214114433,0.003759162439,0.0825253985,0.001304167736,0,0,0.0061645707,0,0,0.01581000668,0,0,0.01637948632,0.00233948299,0.05135898465,0.0006430304372,0,0,0.004565367183,0,0,0.008353685793,0,0,0.07998589075,0.011959996,0.008717659544,0.02039976731,-0.4188630042,0,0.0009404735381,0.006391715382,0.006487757983,0.001606755914,0.0008095926316,0,0,0.01032285385,0.02477094676,0,0,0.02924124869,0.00950458201,0.1832990577,0,-0.05338746246,-0.04399479277,-0.348184177,-0.08822331492,-0.04282731061,0,0,0.01142495198,0.01542616869,0,0,0.01255415205,0.04839741798,-0.07775047076,0,0.01190353044,0.0130304191,-0.01222815323,-0.08473459181,0.01300091756,0,0,0.2929662686,0.1009044065,0,0,0.07478068984,0.003960802927,-0.1959238096,0,0,0.008114021238,0,0.03579381866,0.01670641936,0.02924124869,0.01255415205,0.07478068984,0.03930179427,0.01032285385,0.01142495198,0.2929662686,0.004223406502,-0.3944680303,0,0,0.01510786365,0,-0.00469838969,0.09653177992,0.00950458201,0.04839741798,0.003960802927,0.004223406502,0.02477094676,0.01542616869,0.1009044065,0.03930179427
1,1,1,1,3,1500,500,v1,0,0.002954984257,0,0,0,0,0.0002189775222,0,0,0,0,0,0,0.0005344994833,0,0,0,0,0.0001477666119,0,0,0,0,0,0.01278450411,0.02647538595,0,0.01565167976,0.1054717821,0,0.007319329956,0.0078159298,0,0,0,0,0.02320108867,0,0,0.0284043876,0,0,0,0,0,0,0,0,0.05601420394,0,0.1159996239,0.06857648718,0,0.4621155318,0,0,0,0.03206901398,0.03424482343,0,-0.3829799141,0,0.003170617389,0,0,0,0,0.03004669398,0,0.1335281233,0,0.03672694018,0,0.03692123584,0,-0.1143102935,0,0.000677387386,0,0,0,0,0.03672694018,0,0.5304137549,0,0.03004669398,0,0.03930019147,0,-0.7130335724,0.02836100347,0.03352172797,0,0.1131928818,0,0,0,0,0,0,0,0,0,0,-0.09592575088,0.05140999475,0,0,0,0,0,0.03692123584,0.03930019147,0,0,0.1335281233,0.5304137549,0,0,0.2303336134,-0.1242867543,0,-0.1478320216,0,-0.4961727961,0,0,0,0,0,0,0,0,0
1,1,1,1,1,1500,500,v1,0.01199349304,0.02056797429,0.1222151031,0.006205615908,0.005302754918,0,0.01542637862,0.0005701331886,0.02126421375,0.06665978799,0,0.002651135287,0,0.07306742612,0,0,0.004809096608,0,0.0327353305,0.0005170568179,0.01928462842,0,0,0.002404328677,0.00030300844,0.05664512348,0,0.0007994506366,0.01446079554,0.08592618761,0.02537788638,0.01084587641,0.01495030298,0,0.04686672353,0.00186394269,0.0005609389816,0,0,0.001479968762,0.01561015619,0.1590693255,0,0.008076932489,0,0,0.08676118781,0,0.0001564581553,0,0.02924866227,0.0004127956694,0.004354014111,0.007466819714,0,0.002252833194,0.001925066339,0.01310385047,0.005600259237,0.0002069762279,-0.0701268389,-0.001515697211,-0.02595197019,0.1197944045,-0.00421117961,0,-0.009211723087,0.0005608016526,0,0.05335751054,0,0.001501720022,0,0.02596291338,0,0.01668112046,0,-0.075419077,0,-0.002827911752,0,-0.008036388327,0.001501720022,0.01720817745,0.01027883242,-0.05146148765,0.0005608016526,0.00841297869,0.008786558085,-0.03147351329,-0.1598162186,0.0002867929392,-0.002764328712,0,0.01042040554,0.1229496806,0.006754029506,0,0.00841297869,0.008401042363,0,0,0.01720817745,0.0009407958909,0,0.2428865049,-0.001789119494,0,0,-0.01680908625,-0.1874540845,0,0.02596291338,0.008786558085,0.0009407958909,0.01335706105,0.05335751054,0.01027883242,0.008401042363,0.002384061811,-0.1205811722,0.0001273121061,0,0.02530312315,0.001244012703,0.002821304311,0.0008111991961,0,-0.03147351329,0,0.002384061811,0,-0.05146148765,0,0.01335706105
1,1,1,1,1,1500,500,v1,0,0.1590083807,0,0,0.07757326874,0,0.2773701388,0.01963152421,0.00170424697,0,0,0.01631577331,0.0007271212641,0.001049915631,1.389584492e-05,0.0006666207508,0.0008673668792,0,0.002118677227,0.0002195051744,1.905562831e-05,0.0002799972717,0,0.0001824309019,0.01369964691,0.01125647064,0.000148981657,0.00513359448,0.01906156695,0,0.0227149947,0.03325050823,0.0002043012927,0.003001937464,0,0.001955898198,0.001149593446,0.0006541684462,1.250166063e-05,0.000430780925,0,0,0.0005997380111,0,0,0.0002519048598,0,0,0.03419138634,0.01945637926,0.02809374132,0.012812353,0,0.04757359108,0.01783750083,0,0.02320908464,0.05669176475,0.08298615144,0.005873540129,0.2143922052,0,-0.4357085681,0,-0.09631200757,0,-0.01794202886,0.029223059,0.02694578049,0.02368738007,0.0001589177906,0.01091844111,0.02475111403,0.04779393112,0.003242647305,-0.1728522842,0.00138715259,0.003164297654,0.0002755515966,0.001086156384,0,0.0001995272755,0.01091844111,0,0.1384397181,0,0.029223059,0,0.2413862513,0,-0.4489577208,0.01825375498,0.03352451591,-0.002754092767,0.05229081458,0,0.00208316093,0.02475111403,0,0.0797626506,0,0.02694578049,0,0.02027796595,0,-0.06651848232,0.001569738986,0.00124460576,0.0002108311082,0,0,0,0.04779393112,0.2413862513,0.02027796595,0.002223144346,0.02368738007,0.1384397181,0.0797626506,0.02126586671,-0.4194995403,-0.04658449399,-0.03709635468,-0.08434302103,0,0.1302004407,0.0285321067,0.003242647305,0,0,0.02126586671,0.0001589177906,0,0,0.002223144346
1,1,1,1,2,1500,500,v1,0,0,0.0580485595,0,0,0,0,0,0,0.01127734492,0,0,0,0,0,0,0,0,0,0,0,0,0,0,0,0,0,0,0,0.2654642229,0,0,0,0,0.05157288365,0,0,0,0,0,0,0.5138157745,0,0,0,0,0.09982121458,0,0,0,0,0,0,0,0,0,0,0,0,0,-0.2961319716,0,0,0.06917521409,0,0,0,0,0,0,0,0,0,0,0,0,0,0,0,0,0,0,0,0,0,0.2851926435,0,0,0,0.05524249284,-0.5431489038,0,0,0,0,0.316192146,0,0,0,0,0,0,0,0,0,0.3853673601,0,0,0,0,-0.6123241177,0,0,0,0,0,0,0,0,0,0,0,0,0,0,0,0,0,0.05524249284,0,0,0,0.2851926435,0,0
1,1,1,1,4,1500,500,v1,0.002744846874,0.014164129,1.762394887e-05,0.00189038859,0.01560080274,0.01200661198,0.08144152684,0.01742108777,0.00374145475,8.245873957e-05,2.708426768e-05,0.005149161306,9.071595772e-05,0.05302307449,0,2.583118276e-05,0.01148006098,0.008835227264,0.008148507302,0.01281954226,0.002753199909,0,1.993032344e-05,0.003789079753,4.220308809e-05,0.04254921911,0,1.838793289e-06,0.008363995887,1.040703851e-05,0.00653890077,0.04809166844,0.002209349558,0,4.869233814e-05,0.003040608003,1.038677709e-05,1.79162436e-05,0,4.525530447e-07,0.0003989134137,2.561319422e-06,5.101613591e-06,0.0002747334917,0.001744941992,0,1.198387335e-05,3.936204158e-06,0.0002082999749,0.0003592984675,0.2100083589,9.075653304e-06,0.007999945826,0.04128181638,0.0001023095011,0.005509599262,0.04546904891,0.03227377255,0.2373639888,0.05077432904,-0.2979485057,0.003670915774,0.09474317216,-7.469262453e-05,0.03266066743,-0.006659518087,-0.003497395153,0.0002548546409,0.000376401867,0.1715245137,0,1.130470875e-05,0.0001128658057,0.02636846245,0,-0.2626952548,5.739606283e-05,0.06098784824,0,0.02386130878,0.001899295782,0.00168283224,1.130470875e-05,0.007639378195,0.02815917624,2.809855411e-05,0.0002548546409,0.005420742314,0.161368785,0.0001142367778,-0.3654971332,3.094247941e-08,0.04887767746,0,0.05627340174,-2.149359726e-05,0.002451450004,0.0001128658057,0.005420742314,0.02758538844,0.00544717649,0.000376401867,0.007639378195,0.03083111917,1.926429844e-05,-0.01460813278,3.997291697e-06,1.663456923e-05,0,0.0005207273856,1.296000564e-06,0.001115928466,0.02636846245,0.161368785,0.03083111917,-0.0003964233626,0.1715245137,0.02815917624,0.02758538844,-0.000558907271,0.3216737765,-0.0001814678002,-0.0004002090806,-0.2417941764,-0.01289839016,-0.277368548,-0.09546631461,0,0.0001142367778,1.926429844e-05,-0.000558907271,0,2.809855411e-05,0.00544717649,-0.0003964233626
1,1,1,1,2,1500,500,v1,0,0,0,0,0,0.003214839897,0,0,0,0,0.02156209301,0,0.04320563898,0,0.07420219181,0.01069183481,0,0.06171159908,0,0,0,0.07403129882,0.4139028013,0,0,0,0.07764194478,0,0,0,0,0,0,0.07746312979,0,0,0,0.008504385997,0.01460559538,0,0,0,0.002104528307,0,0.01214700839,0.01457195764,0,0.08147059669,0,0.007189430868,0,0,0,0,0.001779124417,0,0,0,0,0,-0.3819870711,0,0,0,0,0.02421738208,0,0,0.04268663177,0,-0.00831998203,0,0.01046526675,0,0.0001911677661,0.1279361319,-0.05162405862,0,0.01043639666,0,-0.4745335486,0,0,0,0,0,0,0,0,0,0.03954774352,0,0,-0.03412853413,0,0,0,0.01046526675,0,0,0.0698267521,0.04268663177,0,0,0.466827782,-0.517953452,0,0.008510550247,0.02911134692,0,0,0.09254647744,0,0,0,0,0,0,0,0,-0.04311350836,0,0.007678909326,0,0,0,0,0.0001911677661,0,0.466827782,0,-0.00831998203,0,0.0698267521,0
1,1,1,1,0,1500,500,v1,0,0,0,0,0.3951355152,0,0,0.3446067545,0,0,0,0,0,0,0,0,0.07847572409,0,0,0.06844048065,0,0,0,0,0,0,0,0,0,0,0,0,0,0,0,0,0,0,0,0,0,0,0,0,0,0,0,0,0,0,0,0,0,0,0,0,0.06054171018,0,0,0.05279981539,0.2601785806,0,0,0,-0.7395561727,0,0,0,0,0,0,0,0,0,0,-0.626241803,0,0,0,0.1468642108,0,0,0,0,0,0,0,0,0,0,0,0,0,0,0,0,0,0,0,0.3841149175,0,0,0,0.3349514769,0,0,0,0,0,0,0,0,0,0,0.3349514769,0,0,0,0.3841149175,0,-0.5926919617,0,0,0,0,0,0.1133143699,0,0,0,0,0,0,0,0
1,1,1,1,1,1500,500,v1,0,0,0.04567188121,0,0,0,0,0,0,0.001727123308,0,0,0,0,0.05058079008,0,0,0,0,0,0,0.007490384723,0,0,0.001253017267,0,0.09558470241,0.007995657424,0,0.1996696751,0,0,0,0.01415490334,0.007550688535,0,0.002175985995,0,0.165992105,0.01388523449,0,0.3467457537,0,0,0,0.02458136232,0.01311250286,0,0.0002476902523,0,0,0.00158054199,0,0,0,0,0,0,0,0,-0.1526848547,0,0,0.04724437176,0,0,0,0.001022487718,0,0,0.02910754067,0.006453933666,0,0,0.004320087035,-0.07996759742,0,0,0.05768251214,0,0,0,0.006453933666,0,0,0.1524630558,0.001022487718,0,0,0.005697668969,-0.4538718524,0.008802663473,0,0.1085105816,0,0.2038487584,0,0,0,0,0,0,0,0,0,0.4278669495,-0.01556500399,0,-0.1884781791,0,-0.3565336129,0,0,0,0,0,0,0,0,0,-0.006762340528,0.001778059612,0,0,0,0,0,0.004320087035,0.005697668969,0,0,0.02910754067,0.1524630558,0,0
1,1,1,1,2,1500,500,v1,0,0,0,0,0.007078417275,0,0,0.02979726584,0,0,0,0,0.00486559205,5.513799581e-05,0,0.00585042714,3.460333511e-05,0,4.27622967e-05,0.0001456660063,0,0,0,0,0,7.33233069e-05,0,0,0,0,5.686592265e-05,0,0,0,0,0,0,0.08642811048,0,0,0,0,0.1039218574,0,0,0,0,0,0,0.3370760774,0.003819822779,0,0,0,0.4053029953,0,0.00239723272,0.002962465222,0,0.01009137747,0.01254376197,0,0,0,-0.03665950149,0,0,0,0.3687158331,0.005489256793,0,0,0.4433745327,0.004267005093,0,-0.5829885,0.01070625401,8.862950145e-05,0,0.0001801244716,0,0,0,0,0,0,0,0,0,0,-0.0066320897,0,0.0001279151129,0,0,0,0,0.4433745327,0,0.006947101784,0,0.3687158331,0,0.0292265075,0,-0.7313970417,0,0.1900034638,0,0,0,0,0.004267005093,0,0.0292265075,0,0.005489256793,0,0.006947101784,0,0.1644468846,0,-0.7421032959,-0.006720719201,0,0,0.01236363749,0,0,0,0,0,0,0,0
1,1,1,1,0,1500,500,v1,0,0,0,0,0,0,0,0,0.09119446112,0,0,0.02221837289,0,0,0,0,0,0,0,0,0.6489519266,0,0,0.1581088996,0,0,0,0,0,0,0,0,0.06394656976,0,0,0.01557977003,0,0,0,0,0,0,0,0,0,0,0,0,0,0,0,0,0,0,0,0,0,0,0,0,-0.7274896514,0,0,0,0,0,0.113394219,0,0,0,0,0,0,0,0,0.1929171119,0,0,0,0,0,-0.8070125445,0,0,0,0,0,0,0,0,-0.6936183263,0,0,0,0,0,0.07952289301,0,0,0,0,0,0,0,0,0,0,0,0,0,0,0,0,0,0,0.7406990881,0,0,0,0.1804440633,0,0,0,0,0,0,0,0,0,0,0.1804440633,0,0,0,0.7406990881
1,1,1,1,3,1500,500,v1,0,0,0,0,0,0,0,0,0.2033017407,0,0,0.1538170352,0,0,0,0,0,0,0,0,0.00291412765,0,0,0.00220481376,0,0,0,0,0,0,0,0,0.3630673909,0,0,0.2746948918,0,0,0,0,0,0,0,0,0,0,0,0,0,0,0,0,0,0,0,0,0,0,0,0,-0.6302254476,0,0,0,0,0,0.3545491862,0,0,0,0,0,0,0,0,-0.2807933259,0,0,0,0,0,0.005117064075,0,0,0,0,0,0,0,0,0.3596662501,0,0,0,0,0,-0.6353425115,0,0,0,0,0,0,0,0,0,0,0,0,0,0,0,0,0,0,0.2353000021,0,0,0,0.178214391,0,0,0,0,0,0,0,0,0,0,0.178214391,0,0,0,0.2353000021
1,1,1,1,3,1500,500,v1,3.698543774e-05,0.0751902968,0.06047434708,0.0001279022403,0.006116678203,0,0.1348877048,0.01213553247,0.00593827619,0.04139397529,0,0.003147653128,0.04453579816,0.01322253535,0.0005469595031,0.03678739148,0.004380123172,0,0.05909006637,0.008690195104,0.004252370369,0.005967280632,0,0.002254018922,0.02149297942,0.005026192239,0.0002079119879,0.004129676548,0.02046712529,0.01646137988,0.02246150418,0.03671701896,0.001616424565,0.002268301715,0.01126761982,0.0008568048497,0.03649664242,0.02874682521,0.0003530496787,0.007012491165,1.709551159e-05,0.02795262041,0.02374540833,5.911932819e-05,0,0.003851741305,0.01913323805,0,0.02799908659,0.02205366837,0.006547663262,0.005379764667,1.311514369e-05,0.02666269772,0.01821673721,4.535450605e-05,0.002168991863,0.02926079202,0.04783157204,0.004303295074,0.1764727739,-0.0001445300815,-0.2042688576,-0.0933818126,-0.01195317262,0,-0.00703458544,0.0308481319,0.02090771156,0.004327966897,0.0006233598488,0.005984204709,0.01651218894,0.02025799478,0.007245775038,0.07854853407,-0.06572403533,-0.0651428332,-0.005317392642,-0.005099262866,0,-0.0002125180317,0.005984204709,3.641638377e-05,0.04296476877,0.04057291045,0.0308481319,0.0001297860893,0.07780771363,0.02440741624,-0.285200117,0.005810787727,0.02098045105,0.000885793776,0.0550661169,0.02518303618,0.002004086879,0.01651218894,0.0001297860893,0.005626623715,0,0.02090771156,3.641638377e-05,0.01105511627,0,-0.1078734995,-0.02512593081,0.01075954927,-0.0008144910573,-2.787647318e-06,0.02487855864,0,0.02025799478,0.07780771363,0.01105511627,0.004739650184,0.004327966897,0.04296476877,0.005626623715,0.003124874698,-0.2848445048,-0.005239748007,0.0300178857,0.02777174102,3.651608008e-05,0.06868775228,0.005931275501,0.007245775038,0.02440741624,0,0.003124874698,0.0006233598488,0.04057291045,0,0.004739650184
1,1,1,1,4,1500,500,v1,0.03248435555,0.004429754304,0.02908184104,0.04406332858,0.0002932318666,0.03311806603,0.006551096477,0.003162149267,0.009849433338,0.01588219118,0.005557055815,0.03764518366,0.008450888885,0,0.01816918406,0.04764960428,0.0004476240126,0.05055535668,0,0.004827080902,0.01503534702,0.1174267494,0.008482951226,0.0574660877,0.004503116249,0,0.01938427707,0.003715300966,0.007214330499,0.04736290061,0,0.01066916399,0.01604085971,0.1252798496,0.02586585359,0.06130922349,0.0005726730903,0.001146595396,0.002465149297,0.0004724845569,0.006727973441,0.006023264148,0.006464978728,0.009126143936,0.006859223921,0.01593216667,0.003289428362,0.001150945534,0.001411765506,0.002826610604,0,0.001164778669,0.0165859388,0.002261754391,0.01593759882,0.02249795814,0.0001497190175,0,0.003344874277,0.001614537624,-0.1120533355,-0.07136577657,0.001424985957,0.01883134106,-0.0007165580077,0.01515935562,0.03838300564,0.005036690176,0.008465238217,0,0.01012856688,0.004032517112,0.04753164407,0,0.06789368492,0.007829973981,-0.05245134978,0,-0.006152018432,-0.004227149982,-0.04971377967,-0.001714806217,0.004032517112,0.03478866073,0.004058549053,0.03328028467,0.005036690176,0.04314575859,0.008001712757,0.01660594556,0.08204054761,-0.007445570484,0,-0.06418200295,-0.01212108702,-0.0609823218,-0.02259207308,0.04753164407,0.04314575859,0.0005330854747,0.03540448251,0.008465238217,0.03478866073,0.005317838207,0.005483344452,-0.2640792217,0.0009401660358,0.00721040164,0.01831918693,0.01355555554,0.008893493921,0.007295872729,0,0.008001712757,0.005317838207,-0.002214747448,0,0.004058549053,0.0005330854747,-0.01889944209,-0.1251963824,0.0004592662491,0.007909693266,0,0.005853941474,0.002655926519,0.001043092204,0.06789368492,0.01660594556,0.005483344452,-0.01889944209,0.01012856688,0.03328028467,0.03540448251,-0.002214747448
1,1,1,1,1,1500,500,v1,0.0003218524637,7.246494515e-07,0.005654404498,0.0009263944773,1.541027413e-06,8.978397849e-06,2.0568441e-05,7.147038749e-06,0.0002785374913,5.177007598e-05,7.274376885e-06,0.0002334280287,0.01035154945,0.221695385,0.06584588023,0.01311648722,5.665072669e-05,0.0003300608142,0.2512228157,0.0002627370126,0.01023950071,0.05533934022,0.0002674181739,0.008581201959,0,0.0003116994557,9.257804362e-05,0,3.745436857e-08,0.00029225462,0.0003532144564,1.063104331e-06,1.439654144e-05,7.780605005e-05,2.675797936e-06,1.206500523e-05,0,0.009069047403,0.05768792506,0,0.01036592994,0.1821118913,0.01149142405,0.0298364665,0.0002891680307,0.04848308961,0.001667363283,0.0002342864811,0,5.30358308e-05,0.001135849177,0,6.062000585e-05,1.36485685e-07,6.720190054e-05,0.0001744837929,2.902481768e-07,0.001287132019,3.874007983e-06,1.346124636e-06,-0.2416723647,0.001240614724,-1.776300943e-05,0.005700284267,6.290222557e-06,7.479883775e-06,0.0004126949003,0,0.004600288804,0.3299676166,0.02183410776,0,0.005680330935,0.3741015055,0.01439103419,0.03911892566,-0.01253140849,-0.4724415359,-0.05404434724,-0.000301765096,-0.0001494851951,-0.01799104718,0,0.01494656437,9.128948154e-07,0.2641991554,0,0.04295371752,2.906746949e-05,0.002418613608,-0.6900000806,0,0.0006622865759,0.0001701680939,-1.220874147e-07,0.0002947245203,2.467323225e-05,0.005680330935,0.04295371752,7.668341703e-05,5.759179145e-05,0.004600288804,0.01494656437,0.0003656419786,0.0001056808292,-0.0589607703,0,0.005560310121,0.02972408465,-0.04007465039,-0.183740188,3.315689832e-05,0.3741015055,2.906746949e-05,0.0003656419786,0.01437895972,0.3299676166,9.128948154e-07,7.668341703e-05,0.01195155883,-0.5178977429,0,0.000117351883,0.002399837791,0.0002338477474,-2.101812689e-06,5.91276698e-07,0.01439103419,0.002418613608,0.0001056808292,0.01195155883,0.02183410776,0.2641991554,5.759179145e-05,0.01437895972
1,1,1,1,4,1500,500,v1,0,0,0,0,0,0,0,0,0,0,0,0,0,0,0,0,0,0,0,0,0,0,0,0,0.01654044362,0,0,0.04162579368,0,0,0,0,0,0,0,0,0.2000433745,0,0,0.5034305263,0,0,0,0,0,0,0,0,0.06778120848,0,0,0.1705786535,0,0,0,0,0,0,0,0,0,0,0,0,0,0,0,0.1736859714,0,0,0,0.4369521523,0,0,0,0,0,0,0,0,0,0,0.4369521523,0,0,0,0.1736859714,0,0,0,-0.4650364888,0.0579444059,0,0,0,0,0,0,0,0,0,0,0,0,0,0.2959419064,-0.7030339892,0,0,0,0,0,0,0,0,0,0,0,0,0,-0.6450895832,0.2379975005,0,0,0,0,0,0,0,0,0,0,0,0,0
1,1,1,1,1,1500,500,v1,0,0.0008341308371,6.995334211e-05,0,0.005756078977,0.01073505943,0.008482155384,4.142497533e-05,7.877696392e-05,0.0002410203788,0.00179517618,1.822961193e-06,0,0.0506698096,0.001857091152,0,0.0722529747,0.1347514481,0.0815832537,0.0005199855155,0.0009888450113,0.001461816641,0.02253388454,2.288265493e-05,0,0.07305805821,0.0026776393,0,0.01509669974,0.001266065892,0.1176304814,0.153516148,0.001425762144,0.002107714359,0.004362160142,3.299326263e-05,0,0,0.0004584672927,0,0,0.0002167766964,0,0,0.03326661243,0.0003608843417,0.0007468921414,0.005563027441,0,0,0.0304577544,0,0,0.006293783114,0,0,0.04343145111,0.0490399061,0.06400056676,0.0003125646465,-0.2750431093,0,0.008722647485,-2.823591779e-05,0.005256636073,0.01120681914,6.262215983e-05,0,0,-0.007073168676,0.00298087318,0,0,-0.008933069121,0.00226412064,-0.0151965096,0,0.08838954442,-0.0004745734228,-0.06280054087,-0.1538623634,-0.0005956089255,0,0,0.01349448148,0.001753158229,0,0,0.1257565404,0.006158434688,0.2368909081,0,-0.1556993716,-0.003430421227,-0.1641869037,-0.005041445708,-0.0008348152645,0,0,0.06429373144,0.1377516628,0,0,0.0004066299207,0.02306759507,-0.15163022,0,0,0.0004083321045,0,-0.0002047136525,0.0354427056,-0.008933069121,0.1257565404,0.0004066299207,0.002002240504,-0.007073168676,0.01349448148,0.06429373144,4.946254191e-05,-0.2803179881,0,0,0.0779806523,0,0.06263024158,0.01441033052,0.00226412064,0.006158434688,0.02306759507,4.946254191e-05,0.00298087318,0.001753158229,0.1377516628,0.002002240504
1,1,1,1,3,1500,500,v1,0.06595590724,0.0003893381477,0.0130410483,0.01882535046,0.01092568165,0.02272437719,0.0002087996411,0.0332764417,0.05262484275,0.01109123792,0.0378537826,0.03665662137,0.004799864418,0.003463585697,0.00152240277,0.02555461361,0.01042198103,0.02167672788,0.01092121401,0.03174231643,0.05019870891,0.00300850909,0.03610863073,0.03496666156,0,0.0003052472769,0.000134170002,0,3.273064438e-05,0.001096326976,0.0009624912242,1.755324219e-05,0.004424033513,0.0002651411824,0.0009324114939,0.003081626718,0,0.00201333649,0.0006385824229,0,0.026390209,0.00521797068,0.01071906029,0.007532379645,0.009092454166,0.001261940047,0.004437814578,0.01514601612,0,0.01050202129,0.007578266295,0,0.1376573356,0.0008125921438,0.05591305773,0.03929060633,0.02280311634,0.02389542956,0.0004357881421,0.06945164572,-0.1607671631,0.06812944494,7.462938984e-05,-0.02250677448,0.03648010977,-0.02451462814,-0.04964217066,0,0.008065271954,0.007313700611,0.001840779053,0,0.04695622307,0.02364333653,0.003430320437,-0.169043349,0.01248439854,0.006506100892,-0.003878383691,0.03365575613,-0.004091824447,-0.001731695229,0,0.07914754977,0.0009175845211,0.01333170644,0,0.0262071629,0.000478495878,0.0111384652,-0.09479510769,0,0.0009902672276,0.0002108456917,4.383684172e-05,0.0007800330316,0.007229297776,0.04695622307,0.0262071629,0.004052970452,0.007767672036,0.008065271954,0.07914754977,0.01311307781,0.006748291243,-0.2003592008,0,0.009995284106,0.0001534716744,0.02944571291,0.005413293687,0.01892914375,0.02364333653,0.000478495878,0.01311307781,0.03632937528,0.007313700611,0.0009175845211,0.004052970452,0.02988747684,0.1978055406,0,-0.05916067934,-0.02813439287,-0.167811633,-0.001049186497,-0.08157989815,0.003430320437,0.0111384652,0.006748291243,0.02988747684,0.001840779053,0.01333170644,0.007767672036,0.03632937528
1,1,1,1,1,1500,500,v1,0.0006288654369,5.014094381e-05,5.753130552e-05,0.0001611538588,0.001222690299,0,8.695309288e-05,0.001707910346,0.0001396234448,0.00209712277,0,0.0001652482743,0,0.05627598115,0,0,0.1775954673,0,0.0331460127,0.2480735608,0.02028027127,0,0,0.02400227149,0.01247139896,0.02626090653,0,0.06132261317,0.003398556967,0.003899476243,0.01546742187,0.005893687218,0.009463687661,0,0.1421431401,0.01120054054,0.003538641931,0,0,0.01739971361,0.01209431352,0.001106439637,0,0.003099304204,0,0,0.04033177653,0,0.002157447441,0,0.004542916618,0.01060829785,0.007373689186,0.0005879218565,0,0.001889590993,0.01433651415,0.00267573428,0.001019558467,0.02002590588,-0.5341895451,0.0006984490083,0.0001300702262,0.002132073351,0.002917228485,0,0.0003011438534,0.01015211521,0,0.03817573669,0,0.04997626856,0,0.02229111062,0,0.1052530159,0,-0.08842914357,0,-0.4244421204,0,-0.04328317899,0.04997626856,0.008429439453,0.004140619795,0.004181635265,0.01015211521,0.002421168917,0.007161275995,0.149796439,-0.04687325978,-0.07325564763,0.04091662087,0,-0.009112690713,-0.145240526,0.01975661572,0,0.002421168917,0.2424843029,0,0,0.008429439453,0.3385628608,0,-0.1986079451,0.02054919583,0,0,-0.01236903211,0.04045640315,0,0.02229111062,0.007161275995,0.3385628608,0.01595123378,0.03817573669,0.004140619795,0.2424843029,0.01888689542,-0.5423970703,0.0126208625,0,0.00720129113,0.004436844199,0.001448023284,0.0341601158,0,0.149796439,0,0.01888689542,0,0.004181635265,0,0.01595123378
1,1,1,1,1,1500,500,v1,0,0.0008955736002,0,0,0.0114581638,0,0.314050952,0.03286754066,0.07110623213,0,0,0.03869467798,0.03205268161,0.05771717374,0.001967369115,0.0310861431,0.004144734229,0,0.05932892413,0.01188909699,0.02572108754,0.01797649772,0,0.01399693346,0.0008707183795,0.04309219712,0.001468856706,0.001646075468,0.0002418669484,0,0.04429554547,0.08481552538,0.01920361138,0.01342142612,0,0.01045024516,0.0001036386247,0.002848405921,0.0001748329798,0.0001959267216,0,0,0.002762513139,0,0,0.001597506355,0,0,0.0001780224736,0.004892773033,0.008810402658,0.000336547882,0,4.945083675e-05,0.004745233005,0,0.0006326847816,0.009056432894,0.01734093363,0.001814845131,0.1881540643,0,-0.314004992,0,-0.04360478781,0,-0.1086908841,0.0009485452985,0.03640589335,0.01201154537,0.0006478456016,0.001825616177,0.03512183983,0.006721532798,0.007606669497,-0.01339525879,-0.06276338084,-0.09533480371,-0.01468522741,0.01548157594,0,0.03896565388,0.001825616177,0,0.0009055939538,0,0.0009485452985,0,0.3172324714,0,-0.4564583091,-0.002401424256,0.06513735484,0.007488252839,0.08457568675,0,0.02937005948,0.03512183983,0,0.009946438741,0,0.03640589335,0,0.02860264069,0,-0.06254511435,0.0002606520456,0.005552891878,0.001693964494,0,0,0,0.006721532798,0.3172324714,0.02860264069,0.03915780703,0.01201154537,0.0009055939538,0.009946438741,0.02137494912,-0.3471012219,0.0002913312236,0.009525333794,0.01770873008,0,0.01733726197,0.00242382558,0.007606669497,0,0,0.02137494912,0.0006478456016,0,0,0.03915780703
1,1,1,1,1,1500,500,v1,0,0.009708420986,0,0,0.1664173073,0,0.1410258002,0.03931369278,0.032673672,0,0,0.02487176197,7.818350074e-06,5.550203481e-06,0.000455640049,0.0001114676715,0.0001595757954,0,4.864216488e-06,3.769748408e-05,3.133043841e-05,5.810774006e-05,0,2.384926942e-05,0.005630169865,0.002495377539,0.204856263,0.03407453961,0.004185472411,0,0.002186957039,0.06079872278,0.01408619929,0.02612530332,0,0.01072265755,0.003758048359,0.00234629889,0.13673828,0.02274421035,0,0,0.03345161976,0,0,0.01743822223,0,0,7.728672157e-05,4.825317072e-05,3.425465905e-05,0.0004677495562,0,5.745500556e-05,0.0006879544315,0,0.0009848673982,3.002089525e-05,0.000834598968,0.0002326607427,0.09028590848,0,-0.1500423714,0,-0.2053205544,0,-0.05561602781,0.003041136842,0.00342163357,0.003563911578,0.1014279176,0.01682695124,0.04863681175,0.003096029777,0.0129960744,-0.3524026928,0.0001174805724,1.032782916e-05,0.0005118036916,0.0001966691037,0,5.495876989e-05,0.01682695124,0,0.008188746171,0,0.003041136842,0,0.1187260152,0,-0.0301072922,-0.03654087386,-0.004513196452,-0.2275219053,0.06454434327,0,0.02338995401,0.04863681175,0,0.2474330778,0,0.00342163357,0,0.05843505478,0,-0.262191249,0.02275535264,-0.03552522778,0.1507274402,0,0,0,0.003096029777,0.1187260152,0.05843505478,0.02728996027,0.003563911578,0.008188746171,0.2474330778,0.02096671227,-0.3443180478,0.0005401291863,0.0007021170413,6.29077299e-05,0,0.0008881871324,0.001211796935,0.0129960744,0,0,0.02096671227,0.1014279176,0,0,0.02728996027
1,1,1,1,3,1500,500,v1,0,0.0004074622654,0.00560544008,0,0.0003727876181,0.002118381998,0.0004348411847,0.0003524156654,0.000425978409,0.0005074848921,0.0006212799525,0.001941788389,0.0989218733,0.01582520395,0.03237260195,0.02595750161,0.004461562621,0.02535302537,0.02078498832,0.004217748882,0.005098155772,0.006901179923,0.007435545814,0.02323953392,0.0006763859266,0.002310905999,0.004727271778,0.0002432412476,0.0007121080141,0.00979643796,0.003035168099,0.0007599572251,0.0007444680518,0.001007758139,0.0008869141744,0.003393597864,0.009386377228,0.2004604668,0.06560153668,0.003375519829,0,0.1359476278,0.05260164126,0,0.05137669892,0.01398491257,0.01230793055,0.01506777961,0.003184132078,0.06800201902,0.01087874486,0.001145074474,0,0.003352296199,0.01784400618,0,0.003067019013,0.01428825723,0.003577549566,0.002899413751,-0.2055571287,0,0.0002934867329,0.006061761764,0.0005238905702,0.002664692746,0.002280636432,0.008840896156,0.04895811399,0.007848427762,0.04330667891,0.003309546484,0.01326162717,0.01306008534,0.009546201065,-0.2718195788,0.1188317247,-0.0267151644,0.03569236333,-0.005575521585,0.0296144883,-0.02806435747,0.003309546484,0,0.00358614119,0.1807588281,0.008840896156,0,0.003844815567,0.01633627138,-0.2416137812,0.0008061475517,0.004673671636,0.005563319171,0.0006660696658,0.01049559048,0.004039386477,0.01326162717,0,0.00336923158,0.03626893,0.04895811399,0,0.002841897479,0.010976373,0.2960060935,-0.01182691565,-0.2436670839,-0.07649093587,0,-0.1479540854,-0.06377604975,0.01306008534,0.003844815567,0.002841897479,0.005870128252,0.007848427762,0.00358614119,0.00336923158,0.02674637354,-0.161989693,0.002920472986,0.08335553179,0.008102484044,0,-0.00591352757,0.0009108783071,0.009546201065,0.01633627138,0.010976373,0.02674637354,0.04330667891,0.1807588281,0.03626893,0.005870128252
1,1,1,1,0,1500,500,v1,6.660659747e-05,0.0005635366327,0.0002563517588,0.000171847664,0.0002386132198,0.0004899663299,0.001069485981,0.0007206922932,0.00368702238,2.505461052e-05,0.0002030147814,0.002299489094,0.00472507052,0,0.2585428091,0.007803327335,0.005737790194,0.01178192895,0,0.01733005898,0.08865963449,0.0568629289,0.004881775716,0.05529444674,0.02038056652,0,0.03260618646,0.007440371647,0.001708991332,0.0007774169564,0,0.003243342429,0.01118133041,0.007171281495,7.598106266e-05,0.006973472003,0.002984407138,8.726049199e-05,0.004774653125,0.001089523112,2.957854278e-05,0.0001138402464,0.000144108364,7.631381385e-05,0.0002175834017,0.001050119174,1.112620817e-05,9.015445357e-05,0.2019302252,0.005904198049,0,0.07371904609,0.002001336122,0.01693265024,0.009750624851,0.005163526593,0.007169638956,0,0.0321349687,0.02165472451,-0.2001035315,0.0002353668697,0.001622644437,0.0001118499673,0.0009564953075,0.0006905794834,0.005959189736,0.2678446918,0.00252292633,0,0.3315349378,0.09782757663,0.004127782436,0,0.07293432349,0.03929616582,0.006129446131,0,-0.3151783217,0.01434548824,-0.01625038576,-0.1435290689,0.09782757663,0.00273396861,0.02191193068,0.0006486570774,0.2678446918,0.007185825623,0.04157840509,7.228116186e-05,-0.7654816879,0.02767625568,0,0.03972124822,0.004914216247,-0.0006351115162,0.01789500479,0.004127782436,0.007185825623,0.002929394499,0.01616039208,0.00252292633,0.00273396861,0.006323893521,0.006734051301,-0.5507463485,0.004065718202,0.0002243936309,0.005810898783,8.758922758e-05,4.26360558e-05,0.0002968440714,0,0.04157840509,0.006323893521,0.1105790447,0,0.02191193068,0.002929394499,0.06893326772,0.06025761388,-0.2755234856,-0.0107876456,0,-0.006936152247,-0.04886375152,-0.02147084221,0.07293432349,7.228116186e-05,0.006734051301,0.06893326772,0.3315349378,0.0006486570774,0.01616039208,0.1105790447
1,1,1,1,2,1500,500,v1,0.0002213158943,0.3474742469,0.0002499523266,0.000242135585,0.0009743057334,0,0.03120298918,0.007091800969,0.0007359585832,7.280807393e-05,0,0.001077232674,0.00853234393,0.01035727962,0.0009667437815,0.01537015551,0.001192252925,0,0.01752214358,0.008678200445,0.0009005887408,0.0003278534525,0,0.001318204094,0.003058847182,0.005746015576,0.0005363304874,0.009986261682,0.2358939803,0.0001696881128,0.00972094156,0.02118314488,0.0004996289684,0.0001818866646,4.942808426e-05,0.0007313137748,6.070963477e-05,9.394837886e-05,1.0644673e-05,0.0001981996038,2.98199342e-06,3.367838516e-06,0.0001692385123,3.262516337e-06,0,3.609945944e-06,9.81010415e-07,0,0.002582375763,0.003996235812,0.004850968511,0.008430718699,0.000126843582,0.1991491766,0.007198815047,0.0001387760468,0.000558407382,0.008206727041,0.01788348247,0.004064549634,0.4326503973,-0.0004093647512,-0.3436106935,-0.0002504336557,-0.003073387204,0,-0.001176772163,0.003765714202,0.01111650974,0.004168282795,0.001570718896,0.01316999471,0.02264234998,0.006981231796,0.000551600856,0.002678761971,-0.01902239448,-0.01367019794,-0.0008331338385,-0.002986498344,0,-0.0003535810119,0.01316999471,0.0002172754929,-0.1215305841,0.0003282843953,0.003765714202,0.0002543499349,-0.009795456525,8.163877151e-05,-0.1527151161,-0.006872751932,-7.414920745e-05,-0.0005811591267,0.2258752309,-2.335532243e-05,0.0007446800499,0.02264234998,0.0002543499349,0.000662427745,0,0.01111650974,0.0002172754929,0.002408934003,0,-0.03583841016,2.782808215e-05,7.227028008e-06,-5.868693457e-07,4.477009783e-06,5.068671725e-07,0,0.006981231796,-0.009795456525,0.002408934003,0.0004348246469,0.004168282795,-0.1215305841,0.000662427745,0.0007436850399,-0.1638046703,-0.004445548758,-0.003490739013,0.006311337423,9.047078946e-05,0.205286156,0.004012311049,0.000551600856,8.163877151e-05,0,0.0007436850399,0.001570718896,0.0003282843953,0,0.0004348246469
1,1,1,1,4,1500,500,v1,0.000296993869,1.866462485e-06,0.001815413253,0.0001094261814,0.001328497031,0,6.268297593e-08,0.02569183616,0.0004395408384,0.002937808808,0,0.0001582410213,0.06330497832,0.00115048308,0.0006644045383,0.01290610384,0.01651922441,0,0.004271277532,0.3194656799,0.005465479848,0.0006674009755,0,0.001967651324,0.01877192895,0.001782480729,0.001029383487,0.1349632162,3.595778551e-05,0.03497431149,0.00661762873,1.207600485e-06,0.008467845088,0.001034025965,0.05659749381,0.003048545977,0.01342748514,0.07015655415,0.0007363138604,0.09653864468,0.004092671947,0.02501698407,0.01430294736,0.00150792831,0,0.0007396346057,0.04048395925,0,0.0001511373084,0.0007896692982,1.435118044e-05,0.001086621268,4.606636434e-05,2.895047671e-07,0.0001609913506,1.697296432e-05,0.0002060615878,5.328011826e-05,9.722681537e-09,0.003985030024,-0.3702304728,0.0003586443561,-2.73842326e-07,0.004705386856,0.02669542487,0,0.0005011190979,0.009636125462,0.03252885026,0.002331823475,0.0002586052707,0.05552072625,0.006569692118,0.008167473183,0.0001473497426,-0.01235563178,0.002315833608,-0.00137606769,-8.37891283e-05,-0.3355770332,0,0.004307915245,0.05552072625,0.00558038935,4.788372729e-05,0.01410010988,0.009636125462,0.002053045405,1.651407243e-06,0.0210228051,0.1509975326,-0.1312135744,-0.005690603503,-0.001343282017,-3.302491015e-05,-0.08206438262,-0.009543749231,0.006569692118,0.002053045405,0.02248515173,0,0.03252885026,0.00558038935,0.43456214,0,-0.205098004,0.08654815859,-0.02932275064,0.001156434471,-0.005506023395,0.05394371926,0,0.008167473183,1.651407243e-06,0.43456214,0.005260986647,0.002331823475,4.788372729e-05,0.02248515173,0.00184108567,-0.3928012918,0.001227514728,0.0009412221234,6.714008475e-05,5.842253695e-05,2.753297319e-07,0.004183413375,0.0001473497426,0.0210228051,0,0.00184108567,0.0002586052707,0.01410010988,0,0.005260986647
1,1,1,1,4,1500,500,v1,0,0.004506879444,0,0,0,0,0.01227642017,0,0,0,0,0,0,0,0,0,0,0,0,0,0,0,0,0,0,0,0,0,0.2084389854,0,0,0.567773023,0,0,0,0,0,0,0,0,0,0,0,0,0,0,0,0,0,0,0,0,0,0.05558770994,0,0,0,0,0.151416982,0,-0.5691859895,0,0.0166821245,0,0,0,0,0,0,0,0,0,0,0,0,0,0,0,0,0,0,0,0,0,0.2225503898,0,0,0,0.6062054081,0,0.2235574157,0,0,0,-0.7760612809,0,0,0,0,0,0,0,0,0,0,0,0,0,0,0,0,0,0,0.6062054081,0,0,0,0.2225503898,0,0,-0.759379157,0,0,0,0,0.2068752914,0,0,0,0,0,0,0,0,0
1,1,1,1,1,1500,500,v1,0.001739590182,0.002453263649,0.0005284466497,0.0008244268281,0.001558062591,0.002635911922,0.0005032314381,0.01932947433,0.0001811392159,0.003068772948,0.01093430064,0.0005142092697,0,0.0001371066713,3.665808641e-05,0,0.0001362200016,0.0002304553925,0.0008608607227,0.001689958438,1.583683763e-05,0.001318760349,0.0009559760038,4.495685085e-05,0.001884579468,0.007114406574,0.001902172436,0.001037044533,0.01112961901,0.002397381905,0.04466969498,0.002282989105,0.0008217667361,0.06842991087,0.01392197441,0.002332791776,0.009145085662,0,0.009230457071,0.005032348731,0.03829625838,0.01163350406,0,0.01814936826,0.05802835925,0.3320620899,0.06755759084,0.2407134776,2.731683449e-05,0,0.0001031227763,1.503188078e-05,0.0001143928652,0.0001613229719,0,5.421308308e-05,0.0001024558806,0.0006474837942,3.309175154e-05,0.001271077507,-0.4292668156,0.002531485382,0.002729751476,0.003531472861,-0.01870105833,0.0134681719,0.0004675739891,0.01102485461,0,0.009945395113,0.01092443758,0.006094426662,0,0.06377757521,0.393329042,-0.6258350196,0,0.0009708432975,0.001354781965,0.00163530735,0.001181366129,5.601909975e-05,0.006094426662,0.05463036004,0.01286450728,0.01305856097,0.01102485461,0.0258962874,0.002655300733,0.07577550793,-0.4235708868,0.002566145381,-0.05084472014,0.06980448802,-0.01326656855,0.01620206235,-0.002757859245,0,0.0258962874,0.001921307295,0.08263783943,0,0.05463036004,0.02205069658,0.3430173601,0.1108481234,-0.014020331,0,-0.34066159,-0.05638273551,-0.0789562478,-0.2984196721,0.06377757521,0.002655300733,0.02205069658,0.0008496004803,0.009945395113,0.01286450728,0.001921307295,0.002501798752,-0.1427818806,4.133143599e-05,0,0.0007252299543,0.0001668184997,0.0001902784063,0.001084415037,0.393329042,0.07577550793,0.3430173601,0.002501798752,0.01092443758,0.01305856097,0.08263783943,0.0008496004803
1,1,1,1,1,1500,500,v1,0.0001672690244,0.000192606761,0,0.002284170523,0.04176158423,0.07907833563,0.001474823377,0.07424929395,0.160795551,0,0.07060885517,0.1794267296,0.00616369318,0.001663350372,0.0268764165,0.004777542643,0.00604912968,0.01145442913,0.0008485934521,0.01075494659,0.02329109774,0.01357096204,0.01022763215,0.02598980799,0.0001381068344,0.0002176752131,0.00351719625,0.0003883847792,3.651007258e-06,0,0.0001110516243,2.795639586e-05,0.003048001643,0.001775971019,0,0.003401169765,0.003146780664,0.01837881698,0.08013973528,0.008849393433,7.224503309e-05,0,0.01424561205,0.0009865542986,0.0341546619,0.04046571109,0,0.03049661525,0.0001430598624,0.00083554315,0.0002254818611,0.0004023137111,3.284424813e-06,3.781946044e-06,0.0006476381794,4.485101992e-05,0.0008200130539,0.0001150343512,2.895901685e-05,0.001457928175,0.1582163608,-0.002130629598,-0.001636964896,0,-0.1152982353,-0.146326959,-0.338912335,0.004313015614,0.01668650341,0.001502411392,0.07418810219,0.01211920241,0.01302450513,0.0004498787322,0.03746625611,-0.6742248318,0.010273825,-0.001298438901,0.03956689513,0.01670018148,0.02164107927,0.04891406151,0.01211920241,0.0001713000466,0.0002780331997,0,0.004313015614,0.002233623125,0.002127003258,0,-0.3840259014,0.0004373830497,4.125648309e-05,0.005234157356,1.889806479e-05,0,0.006415060531,0.01302450513,0.002233623125,0.05204793799,0.04997929853,0.01668650341,0.0001713000466,0.092473086,0.04444804242,-0.0693263745,-0.01189878112,-0.03151325432,-0.1192372915,0.0004881486011,0,0.0617343191,0.0004498787322,0.002127003258,0.092473086,0.200874095,0.001502411392,0.0002780331997,0.05204793799,0.2245007235,-0.1358166114,0.0005065860599,0.001432090272,-4.434433167e-05,3.919888194e-05,1.470919251e-05,0.002250704344,0.03746625611,0,0.04444804242,0.2245007235,0.07418810219,0,0.04997929853,0.200874095
1,1,1,1,0,1500,500,v1,0.05727191078,0,0.0002344201719,0.02954397905,0.02786664834,0.00979256677,0,0.004496838473,0.02449734342,0.0001883206597,0.004466857931,0.007364366824,0.0003704696066,0,0.001315621322,0.00209197355,0.009871031165,0.003468760599,0,0.001592887389,0.008677543042,0.0007812032109,0.001582267567,0.002608634291,0,0,0.003107247213,0,0,0.0001961180968,0,0,0.02049470542,0.00184505333,0.000157550816,0.006161097801,0,0.002247159971,0.007980173052,0,0.1230554534,0.0005036793804,0.01268929796,0.0634787226,0.02104048437,0.004738549543,0.0004046291427,0.009597570965,0,0.004346758201,0,0,0.2380303619,0,0.02454534197,0.1227890589,0.1158178293,0,0,0.01868951244,-0.320739468,0.08501747853,0,0.000186382443,0.03142083702,0.006350277692,-0.005592601907,0,0.003333637927,0,0.006512398336,0,0.01573551222,0,0.003783049992,-0.1604007203,0.002146982301,0,0.001610030882,0.01109935362,0.004276365608,0.006336472875,0,0.08627534833,0,0.0003107695822,0,0.04512763282,0,0.0002892166064,-0.008232888353,0,0,0.001690411037,0,2.272526322e-05,-0.01132358554,0.01573551222,0.04512763282,0.1172576684,0.01375690704,0.003333637927,0.08627534833,0.01886447405,0.007284052482,-0.277755256,0,0.0117548728,-0.01016407415,0.1798218224,-0.0006090984986,-0.02465394965,0,0,0.01886447405,0.01263779436,0,0,0.1172576684,0.003231777497,0.3212613465,0,-0.02661462187,0,-0.3524412883,0,-0.1332682855,0.003783049992,0.0002892166064,0.007284052482,0.003231777497,0.006512398336,0.0003107695822,0.01375690704,0.01263779436
1,1,1,1,2,1500,500,v1,0,0,0.009556034595,0,0,0.01169502167,0,0,0.0006641723308,0.02222703887,0.005103986799,0.002255262539,0.005527527664,0.03310264533,0.009682426014,0.0003935000617,0,0.002558827943,0.01138701881,0,0.0001453184755,0.01101681292,0.001116733634,0.0004934431907,0.001897514243,0.005313697357,0.001554240787,0.006083252568,0,0.000335623129,0.00182786515,0,2.332678828e-05,0.001768439021,0.0007806489457,7.920840622e-05,0.1141173029,0.05336192567,0.09347269317,0.3658493623,0,0.02018451582,0.003798790765,0,0.02470254241,0.1063546649,0.0469485552,0.01078077955,0.001633832188,0.0007639895926,0.004575296237,0.005237912645,0,0,5.438777878e-05,0,0,0.00157386166,0,0,-0.09601392365,0,0,0.03085538287,0,0.01618648063,-0.002628968876,0.1656418661,0.07059118981,0.0344137439,0.1231685969,0.5312194554,0.005025826688,0.01187871298,0.140061655,-0.2603643801,0.005888434694,-0.04393396256,0.02027115972,0,0.003600716208,0.0004884247633,0.5312194554,0,0,0.0155120351,0.1656418661,0,0,0.03595482681,-0.7268428938,0.007969985335,0.007072611859,0.003313048248,0,0.00111277528,0.0001018611306,0.005025826688,0,0,0.01586697723,0.07059118981,0,0,0.007009680164,0.09686333605,-0.479399003,-0.05711032945,-0.199071045,0,-0.06627939942,-0.03503830177,0.01187871298,0,0,0.0006759908843,0.0344137439,0,0,0.002382033596,-0.5595122614,0.006854803578,0.0008105504419,0.005999712824,0,0,0,0.140061655,0.03595482681,0.007009680164,0.002382033596,0.1231685969,0.0155120351,0.01586697723,0.0006759908843
1,1,1,1,0,1500,500,v1,0,0,0,0,0,0.01672152581,0,0,0,0,0.002710521142,0,0,0,0,0,0,0.6240104893,0,0,0,0,0.1011506751,0,0,0,0,0,0,0,0,0,0,0,0,0,0,0,0,0,0,0,0,0,0.2197808198,0,0,0.03562596891,0,0,0,0,0,0,0,0,0,0,0,0,-0.4698244164,0,0,0,0,0.01943014403,0,0,0,0,0,0,0,0,0,0.2743048288,0,0,0,0,-0.7246991014,0,0,0,0,0,0,0,0,0,0,0,0,0,0,0,0,0,0,0,0.581359541,0,0,0,0.09423186747,-0.7052689576,0,0,0,0,0,0.2548746848,0,0,0,0,0,0,0,0,0,0,0,0,0,0,0,0,0,0.09423186747,0,0,0,0.581359541,0
1,1,1,1,1,1500,500,v1,0.001463021046,0.004286505604,0,0.0009190926462,0.003618217799,0.0009642849785,0.0008898942897,0.006472318729,0.002011666625,0,0.0005330452186,0.006399023941,0.01179552412,0.0019801527,0.1352830598,0.002167754734,0.05749223912,0.01532215738,0.004368896273,0.1028429234,0.0319646923,0.2479863195,0.008469905592,0.1016782944,0.0001924855572,0.0002825243294,0.0193019234,0.0002683009949,0.009717959475,0,0.0006233456085,0.00201748404,0.004560660021,0.03538220493,0,0.01450726095,0.0004391118543,0.003839294496,0.04403293161,0.0006120674667,0.007566573834,0,0.0007055768557,0.004753439732,0.004987169192,0.08071642276,0,0.002756847562,6.136749267e-05,0.0005365554916,9.007330193e-05,8.553867405e-05,0.001057456454,0.003098241839,9.860695423e-05,0.0006643106422,0.002615210338,0.0001987326094,0.0006432063727,0.00467812492,-0.3004983121,0.002228791529,0.002452040366,0,0.01002115292,0.001455804358,0.00836859701,0.0003358125646,0.0110510377,0.002412791989,0.1071124739,0.0005813602866,0.002025151449,0.005224542279,0.196909864,0.2377227914,-0.01374719671,-0.006213406096,-0.3808362439,-0.1601488871,-0.02324466487,-0.1332893679,0.0005813602866,0.007602045687,0.004944844358,0,0.0003358125646,0.004770403774,0.001740991994,0,-0.3848320623,1.305983463e-06,0.0008676996061,0.05465030176,-0.008449799054,0,0.01896619791,0.002025151449,0.004770403774,0.07688118487,0.01387409845,0.0110510377,0.007602045687,0.1374742495,0.007738212566,-0.3571585896,-0.0007224989795,0.004431849173,0.1235043867,-0.01210277079,0,0.007380653193,0.005224542279,0.001740991994,0.1374742495,0.03789346083,0.002412791989,0.004944844358,0.07688118487,0.1210383983,-0.1813817172,0.0001097444291,0.0005978880942,0.0002541503044,0.001625679622,0.00154053445,0.00722411142,0.196909864,0,0.007738212566,0.1210383983,0.1071124739,0,0.01387409845,0.03789346083
1,1,1,1,4,1500,500,v1,0.0005392074648,0.001656865873,0.005205343577,0.0009864114236,2.957772951e-05,2.357634239e-05,0.002217877927,2.624934884e-05,0,0.002957579671,0.0004158130806,0,0.001919006579,0,0,0.003501300955,0.0001660240003,0.0001323373613,0,0.0001473413265,0,0,0.002334017931,0,0.003307076685,0,0,0.07665635429,0.01961550044,0.06162563965,0,0.02625727656,0,0,0.03501454541,0,0.009328292151,0.01141669335,0,0.216225064,0.01800635505,0.1738278321,0.020830194,0.03294033463,0.0007873110438,0,0.09876574999,0.01388570903,0.003376201105,0.00413205891,0,0.07825862316,0.006517063879,0.02002550306,0.007539099642,0.01192213884,0.0003574875445,0,0.02680610539,0.0003172594861,-0.245232105,0.001407245749,0.003202076553,0.008096744492,1.283647971e-05,0.0003895365246,0,0.004062424927,0.009054485411,0,0,0.09099658618,0.01639820021,0,0,-0.03468317465,0.003511831434,0,0,-8.795855027e-05,0.001698523406,0,0.09099658618,0.01694022425,0.01373233917,0.161297809,0.004062424927,0.03100841999,0.01514410564,0.0911741191,-0.412254637,0.07717870324,0,0,-0.01073193369,0.09486961107,0,0.01639820021,0.03100841999,0.0004959544367,0.0009725541039,0.009054485411,0.01694022425,0.0003688146388,0.01705115873,0.2909777143,-0.2196046361,-0.03029233599,0,-0.04833322095,-0.2712809742,-0.01410386849,0,0.01514410564,0.0003688146388,0,0,0.01373233917,0.0004959544367,0,-0.2237373918,0.0790532588,0.009812047438,0,0.01496021235,-0.01172110607,-0.0005013906467,0,0.0911741191,0.01705115873,0,0,0.161297809,0.0009725541039,0
1,1,1,1,4,1500,500,v1,0.0001062117704,0.06430956862,0.0002555891119,0.000391029585,0.007200882373,4.612866585e-05,0.04478897354,0.181741144,0.001447856275,0.002168964848,3.111606836e-05,0.001276555166,0.0001339744049,0,0.003332619282,5.651669753e-05,0.003821893241,2.448294905e-05,0,0.0964597412,0.000768454729,0.0002372639301,1.651496097e-05,0.0006775360727,0.005532361933,0,0.01032206554,0.002617731037,0.1057180979,0.0004201613434,0,0.07362831363,0.002380121881,0.0007348735718,0.003565547756,0.002098521059,0.001094072447,8.206127167e-05,0.002041277783,0.0005176789656,3.452883209e-05,8.30905416e-05,3.461729927e-05,0.0001271214558,1.49961624e-05,0.0001453276082,0.0007051179238,1.011565381e-05,0.004195465729,0.0003146823172,0,0.001985155886,0.0001324085366,0.08017130151,0.0001327477838,0.0004874756809,0.008976955128,0,0.0558360191,0.2265669692,-0.1514150897,-3.729077788e-05,0.1006697626,-0.0001882233999,0.1193800638,-5.545335894e-05,-2.927206568e-05,0.005423426767,0.000339293771,0,0.0141426176,0.003214571528,0.0001271932952,0,0.0009972368817,-0.06942021825,1.964163628e-05,0,-0.00179960419,0.09420028546,-1.027462929e-05,0.0003491675953,0.003214571528,0.0001415003386,-0.03969097472,0.0005484530144,0.005423426767,0.0005419855829,-0.0180705048,0.004657631859,0.1536352778,-0.005661353849,0,-0.008694650528,-0.1164354183,-0.003338931594,-0.002681628391,0.0001271932952,0.0005419855829,-0.00015452338,6.688677373e-05,0.000339293771,0.0001415003386,-0.05411783198,4.803277708e-05,-0.01975143483,-0.0008457006355,-4.580773217e-05,0.0004010183993,3.049132309e-05,5.643174509e-05,-1.088504563e-05,0,-0.0180705048,-0.05411783198,0.001885646911,0,-0.03969097472,-0.00015452338,0.001656952381,0.1912746746,0.0007483889567,-0.0002848252816,0,-0.0004488578265,0.05427330866,-0.1773987791,0.0009972368817,0.004657631859,4.803277708e-05,0.001656952381,0.0141426176,0.0005484530144,6.688677373e-05,0.001885646911
1,1,1,1,2,1500,500,v1,0.006109756814,0.04219750373,0.0006341481658,0.002368387973,0.0006300914833,0.0002717832806,0.0492863099,0.005431077972,0,0.001041386387,0.001144174666,0,0.05145371868,0,0,0.002213423878,0.0003339531169,0.0001440471362,0,0.00287851124,0,0,0.0006064209819,0,0.0312670637,0,0,0.02891347024,0.1582012643,0.002377463895,0,0.1847776728,0,0,0.003904227227,0,0.009708977634,0.1130171803,0,0.008978145137,0.007112684031,0.0007382446911,0.004861746283,0.002757162982,0.0003163969793,0,0.001212331775,0.001331992929,0.01022379952,0.1190099552,0,0.009454214374,0.00748983655,0.05172913021,0.005119542053,0.002903362498,0.0007724173589,0,0.06041916505,0.006657856857,-0.2390905074,-0.003957360428,0.08926343425,0.001130184602,-0.003705111096,-0.001032979754,0,0.01828563556,0.005412711057,0,0,0.01790788165,0.0004138575899,0,0,-0.05288141594,0.04185713899,0,0,0.0007047478537,-7.66703169e-05,0,0.01790788165,0.00561663906,0.09726048097,0.002603450837,0.01828563556,0.00227299935,0.1145426533,0.004024556379,0.2324735806,-0.05595679274,0,0,-0.3407037639,-0.005562796503,0,0.0004138575899,0.00227299935,0.0007127863953,0.0005776670425,0.005412711057,0.00561663906,0.005937045779,0.002540231333,-0.02630079388,0.0134544951,-0.0253949623,0,-0.0005741503718,1.394041897e-05,-0.000968948847,0,0.1145426533,0.005937045779,0,0,0.09726048097,0.0007127863953,0,-0.2850123249,0.0183732862,-0.02034655581,0,-0.0007282481407,0.11023824,-0.001432858204,0,0.004024556379,0.002540231333,0,0,0.002603450837,0.0005776670425,0
1,1,1,1,0,1500,500,v1,0,0.004231833866,0.00826586488,0,0.03158665205,0.006738627142,0.005251353186,0.1322863237,0.008330571697,0.04207963832,0.0006080977899,0.001685168279,0.01489756988,0.01858541,0.007853384025,0.007050733713,0.01029845334,0.002197049472,0.0181743583,0.04313038717,0.002716084116,0.006885423217,0.0001982630734,0.0005494291345,8.435222112e-06,5.187274668e-06,2.191916133e-06,5.366444046e-07,3.850916639e-07,7.521835121e-07,5.072548222e-06,4.778666649e-07,7.580717527e-07,1.921753754e-06,3.829195202e-06,1.533482356e-07,0.1796673407,0.08856357659,0.04668706259,0.01143034194,0,0.01602125108,0.04191543991,0,0.0130610939,0.04093269649,0.08156054577,0.001178641015,0.02160478437,0.01064966492,0.01328595136,0.001374485045,0,0.000986319299,0.005040281874,0,0.007361944135,0.01299210727,0.001223940059,0.03083215415,-0.006239381448,0,-0.009069257252,0.0303226608,-0.1567971193,0.0004392773157,-0.008894348635,0.2370172722,0.09473540391,0.01673803297,0.05838733693,0.01524124747,0.04497947073,0.01794498249,0.0512454492,-0.3415050164,0.02086905799,-0.02085215715,0.01359603734,0.0478517961,0.002289915043,0.002000317388,0.01524124747,0,0.005120463835,0.01313264439,0.2370172722,0,0.006514684674,0.07099506194,-0.3351453296,8.849188733e-06,8.36794908e-06,4.070854529e-06,7.275908625e-07,4.499249251e-06,7.786552009e-07,0.04497947073,0,0.02152534799,0.008604391436,0.09473540391,0,0.08824723673,0.0008775425384,0.105051255,-0.1902133975,-0.1294969937,-0.08668863228,0,-0.08641229755,-0.009050481672,0.01794498249,0.006514684674,0.08824723673,0.008541451791,0.01673803297,0.005120463835,0.02152534799,0.001798427089,-0.4376901262,0.02203220182,0.01548468592,-0.002278221121,0,0.001311763985,0.03576360006,0.0512454492,0.07099506194,0.0008775425384,0.001798427089,0.05838733693,0.01313264439,0.008604391436,0.008541451791
1,1,1,1,4,1500,500,v1,0,0.004723737756,0,0,0.1382457901,0,0.004546972128,0.2403486059,0.03380641489,0,0,0.00669263242,0.02891281621,0.00212947641,0.001248263968,0.05617501742,0.06812585686,0,0.0004869049795,0.1184408922,0.01665939324,0.01444145162,0,0.003298048482,0.1315693423,0.003891505624,0.002281136448,0.02480553074,0.00425393325,0,0.0008897931235,0.004094748041,0.03044416092,0.02639098979,0,0.006027009341,0.00632439099,0.002539798323,0.0001096516752,0.001192374092,0,0,0.004934601112,0,0,0.001268585334,0,0,0.002114029006,0.0008489682772,6.252790824e-05,0.0003985701421,0,6.835132044e-05,0.001649469474,0,0.002000382492,1.429701204e-05,6.579356539e-05,0.003477785057,0.1959502533,0,-0.005642132299,0,-0.372280888,0,-0.01548420291,0.1845071619,0.03801454634,0.002704456231,0.002533390676,0.03474509497,0.07402718806,0.0006803099273,0.02241989865,-0.4067415409,-0.08447030213,0.0002344221305,0.007400231807,0.1803012317,0,0.01865620498,0.03474509497,0,0.004414581608,0,0.1845071619,0,0.005221034669,0,0.0165549508,-0.1560517708,-0.002566774304,-0.02534512653,-0.0009032303034,0,-0.007669619727,0.07402718806,0,0.1024987231,0,0.03801454634,0,0.1773046866,0,-0.2535124755,0.007381759393,0.007323160194,0.001309368524,0,0,0,0.0006803099273,0.005221034669,0.1773046866,0.006404289243,0.002704456231,0.004414581608,0.1024987231,0.0003421372233,-0.4266745219,0.002501839493,0.002452652144,7.584140222e-05,0,0.0001216184177,0.005444049179,0.02241989865,0,0,0.0003421372233,0.002533390676,0,0,0.006404289243
1,1,1,1,1,1500,500,v1,0,0,0.2294145337,0,0,0,0,0,0,0.07373645708,0,0,0,0,0,0,0,0,0,0,0,0,0,0,0,0,0,0,0,0.3860783203,0,0,0,0,0.1240899913,0,0,0,0,0,0,0.1412737102,0,0,0,0,0.0454069875,0,0,0,0,0,0,0,0,0,0,0,0,0,-0.3104568323,0,0,0.2880444461,0,0,0,0,0,0,0,0,0,0,0,0,0,0,0,0,0,0,0,0,0,0.02551100427,0,0,0,0.008107574753,0.4733465713,0,0,0,0,-0.4957589571,0,0,0,0,0,0,0,0,0,-0.2077145107,0,0,0,0,0.1853021252,0,0,0,0,0,0,0,0,0,0,0,0,0,0,0,0,0,0.008107574753,0,0,0,0.02551100427,0,0
1,1,1,1,0,1500,500,v1,2.620569402e-05,0.00235741027,1.569390567e-05,1.982292635e-05,0,0,0.0009297751147,0,0,0.0001330216751,0,0,0.06592554035,0.01249603112,0.0353998528,0.004535711837,0,0,0.09679241568,0,0,0.3381773824,0,0,2.070981156e-05,3.996853637e-05,0.0001132263749,6.252551004e-05,0.002485114421,1.654406608e-05,0.0003095903932,0.000980142309,0,0.001081659839,0.0001402276418,0,1.888076476e-05,0.0001922397881,0.0001032264607,5.70033891e-05,2.518548498e-05,1.508292912e-05,1.322619849e-05,1.905120366e-05,0,0.0009861299276,0.0001278430328,0,0.002166237825,0.02205615641,0.004180692571,0.006540142797,0.0028895943,0.2599419528,0.001517475157,0.002185792711,0,0.0323830286,0.102522485,0,-0.3632498919,4.5811857e-05,0.003275226493,-4.503360341e-05,0,0,0,0.003182532534,0.06544391625,0.01237999875,0.0527671326,0.009596311668,0.004500305374,0.09586828849,0.5040820627,0.06262433192,-0.07032502788,-0.1088115529,-0.3735155555,0,0,0,0.009596311668,0.004233595036,0.3819315036,1.076324551e-05,0.003182532534,0.003207275043,0.1505321067,4.558912552e-05,-0.8120221898,8.317183946e-05,0.000349490318,0.001194635749,0.003460643465,3.391006078e-06,0,0.004500305374,0.003207275043,0,0,0.06544391625,0.004233595036,0,0,-0.4327961011,7.535104679e-05,0.0002051532318,0.001088122331,4.374602035e-05,4.074350093e-06,0,0.09586828849,0.1505321067,0,0,0.01237999875,0.3819315036,0,0,-0.1715979879,-0.008677752253,0.02349039343,0.0362965375,-0.005050137941,-0.3617116085,0,0.5040820627,4.558912552e-05,0,0,0.0527671326,1.076324551e-05,0,0
1,1,1,1,2,1500,500,v1,0,0,0,0,0,0,0,0,0.05080339175,0,0,0.01298814577,0,0.007180272584,0.1086731194,0,0,0,0.006801546825,0,0.5417993746,0.06997892741,0,0.1385137687,0,0.000258127106,0.003906742744,0,0,0,0.0002445121098,0,0.01947740883,0.002515706445,0,0.004979498737,0,0,0.01924957807,0,0,0,0,0,0,0.01239556602,0,0,0,0,0.0001203298321,0,0,0,0,0,0,0.0001139829968,0,0,-0.6553950776,0,0,0,0,0,0.06371211331,0,0,0.009929736726,0.1280214512,0,0,0.009461504607,0.0825569393,0.1268085569,0,-0.01363507644,-0.178330211,0,0,-0.6798393225,0,0,0,0,0,0,0,0,-0.7763615694,0,0.0005007918626,0.006420481067,0,0,0.0244442446,0,0,0,0,0,0,0,0,-0.1719097299,0,0,0.03152413629,0,0,0,0.009461504607,0,0,0.7067757195,0.009929736726,0,0,0.1807487234,-0.01313428458,0,0,0.0002067903808,0,0,0,0.0825569393,0,0,0.1807487234,0.1280214512,0,0,0.7067757195
1,1,1,1,1,1500,500,v1,0.06067930063,0.01093705053,0.02690962376,0.02252917514,0.01076296146,0.07451509909,0.02091533126,0.002666460358,0.003179137526,0.0924008809,0.004312259733,0.0234164824,0,0.002597144834,0.0224286863,0,0.003213555405,0.02224837469,0.002616593461,0.0007961394387,0.0009492122232,0.05286168454,0.001287534627,0.006991585341,0.001237524987,0.006715735532,0.05799642884,0.03144192363,0.008444066429,0.02077586182,0.006766026081,0.01614790441,0.002454487009,0.1366905259,0.07133908489,0.01807894481,0.0002219750906,0,0.0104028304,0.005639743781,0.008403152682,0.00372657026,0,0.003119945296,0.01031919861,0.02451820545,0.01279610513,0.000597181849,0.0006210658001,0,0.00337036723,0.01577948217,0.02351124502,0.004237749484,0,0.008729318754,0.004170295661,0.003395606106,0.008104007015,0.001033166206,0.1047369501,-0.07988374269,-0.02040939342,-0.07765628451,-0.01185012069,-0.07487929906,-0.01710317291,0.001164318764,0,0.004745322988,0.03815260073,0.02937243261,0,0.004145160339,0.09013879468,-0.2657351509,0,0.004272069684,0.07133251524,0.001714452262,0.0175749484,0.006732247017,0.02937243261,0.04736328197,0.005767755577,0.01524483784,0.001164318764,0.01786557926,0.01493646316,0.05540817855,0.03454351753,-0.02879691677,-0.01129920827,-0.1911525615,-0.0006559873561,0.01427298678,-0.00747941856,0,0.01786557926,0.00926161837,0.06697005914,0,0.04736328197,0.002046778626,0.003927525491,-0.3210309127,0.005644223746,0,0.03429244917,0.01103525235,0.0162812868,0.01003929419,0.004145160339,0.01493646316,0.002046778626,0.003162035556,0.004745322988,0.005767755577,0.00926161837,0.02361348113,-0.1302293711,0.002794858785,0,0.001100149694,0.02536258284,0.007262568276,0.002596737093,0.09013879468,0.05540817855,0.003927525491,0.02361348113,0.03815260073,0.01524483784,0.06697005914,0.003162035556
1,1,1,1,0,1500,500,v1,0,8.247038403e-05,0.003432706004,0,0.0001271337875,0.005562151371,3.378272113e-05,0.0002100318605,0.003800312067,3.951854621e-05,0.002754013353,0.001187674874,0,0.0002470391116,0.0002330744645,0,0.0005883587529,0.02574091835,0.0003166719301,0.0009720003305,0.01758735354,0.0001134700151,0.01274521819,0.00549640596,0,0.001362490268,0.001285471307,0,0.002104975,0.08761642623,0.001746534871,0.0008622705502,0.09699920749,0.0006258190872,0.001008671813,0.0303142267,0,0,0.002917012326,0,0,0.1988206146,0,0,0.322157025,0.001420118817,0.002288894428,0.1595110758,0,0,0.0007135221721,0,0,0.001102353807,0,0,0.001699354457,0.0009146423899,0.0004515622388,0.002807425038,-0.6623205719,0,0.0001134283521,0.003464537284,0.0002454365738,0.008305288808,0.004967689271,0,0,0.0007304565274,0.002144397563,0,0,0.0008482477193,0.001057243704,-0.6010111006,0,0.0005152157888,0.0003349688782,0.0002255152169,0.03842864246,0.0227753703,0,0,0.001305197097,0.1607148177,0,0,0.0005611095015,0.00193842468,-0.1695464626,0,-0.002770647111,0.001631959146,-0.001568879985,0.08713049179,-0.1265258332,0,0,0.001229914942,0.43618141,0,0,0.001787203954,0.2159440394,0.1392958876,0,0,-0.004101355528,0,-0.199030524,-0.4814842358,0.0008482477193,0.0005611095015,0.001787203954,0.112918228,0.0007304565274,0.001305197097,0.001229914942,0.03525593224,-0.003239931161,0,0,0.001202961827,0,0.0002112472373,-0.002482364389,0.001057243704,0.00193842468,0.2159440394,0.03525593224,0.002144397563,0.1607148177,0.43618141,0.112918228
1,1,1,1,0,1500,500,v1,0.0368617998,0,0.0436170279,0.005224103339,0.09711704168,0.03454055208,0,0.1172783553,0.2472923448,0.01533576179,0.08877439116,0.2823330407,7.980528586e-05,8.799892608e-05,0.0002015050626,0.0006463719174,0.001837610282,0.0006535626761,7.863223349e-05,0.002219094691,0.004679168018,0.0004351421436,0.001679753946,0.005342194218,0.001233041291,8.318521317e-05,0.0001904823426,0.0005334158425,0,0.000780158417,7.433089694e-05,0,0.004423208401,0.0004113390196,0.0002743039638,0.005049965774,8.58505831e-05,5.252499849e-06,1.326234597e-05,3.713911404e-05,4.590594105e-05,5.431858245e-05,4.254189885e-05,6.505851076e-06,4.301516899e-05,2.863950701e-05,1.9098432e-05,0.0001105554257,2.384982737e-05,1.459177214e-06,1.608991514e-06,1.031747749e-05,1.27529567e-05,0,1.18184048e-05,1.807366001e-06,3.35992663e-05,1.437728869e-06,0,4.057441024e-05,0.02726229131,-0.04144932863,0,-0.05863962111,-0.2139023496,-0.1232564344,-0.5291566955,0.00167635487,0.0001071899904,4.343333914e-05,0.0001068276204,0.0007241706451,0.0008705751197,6.293970928e-05,0.0001888811506,-0.8565879852,-0.0007096749225,-3.852692276e-05,-0.0002208589713,0.004050640442,0.002331827352,0.01001913256,0.0007241706451,0.05435606372,0,0.06379705507,0.00167635487,0.007724963614,0,0.02248181876,-0.5777730079,-0.00175010489,-3.446680357e-05,-1.499978845e-05,0,0.001047362047,0.009451137781,0.0008705751197,0.007724963614,0.1424231484,0.05075060921,0.0001071899904,0.05435606372,0.1722435153,0.1304063984,-0.2226008901,0.0001160874918,4.488828915e-05,3.871957906e-05,4.764316337e-05,7.301005121e-05,0.0001532700193,6.293970928e-05,0,0.1722435153,0.3568646427,4.343333914e-05,0,0.1424231484,0.4076649925,-0.2536251931,3.366705591e-05,1.29432269e-05,2.078360785e-06,1.433370681e-05,0,7.393430257e-05,0.0001888811506,0.02248181876,0.1304063984,0.4076649925,0.0001068276204,0.06379705507,0.05075060921,0.3568646427
1,1,1,1,3,1500,500,v1,0,0,0,0,0,0,0,0,0,0,0,0,0.2255120918,0,0,0.1382403756,0,0,0,0,0,0,0,0,0,0,0,0,0,0,0,0,0,0,0,0,0,0.1967652085,0,0,0,0,0.1206183496,0,0,0,0,0,0,0.1976830079,0,0,0,0,0.1211809666,0,0,0,0,0,0,0,0,0,0,0,0,0,-0.2500272102,0,0,0,-0.1828469727,0,0,0.3277871001,-0.03920431146,0,0,0,0,0,0,0,0,0,0,0,0,0,0,0,0,0,0,0,0,-0.1828469727,0,0,0,-0.2500272102,0,0,0,0.1616448724,0,0.1269379158,0,0,0,0,0,0,0,0,0,0,0,0,0.08773360451,0,0.2008491839,0,0,0,0,0,0,0,0,0,0,0,0
1,1,1,1,3,1500,500,v1,0,0.01079612133,6.145024912e-05,0,0,0,0.05760805527,0,0.01752322576,0.001107517367,0,0.04773131214,0,0,0,0,0,0,0,0,0.01960681767,0,0,0.05340678407,0,0,0,0,0.01939075109,0.000110369868,0,0.1034689614,0.03147320217,0,0.001989195281,0.08572949166,0,0,0,0,0,0.0005082940191,0,0,0,0,0.009160979192,0,0,0,0,0,0,0.08527901699,0,0,0,0,0.4550484545,0,-0.4589721416,0,0.06759575574,0.001153048189,0,0,0.04265228059,0,0,0,0,0,0,0,0,-0.04702006059,0,0,0,0,0,0.05547976153,0,0,0.08277338372,0.0005039448983,0,0,0.4416806844,0.009088125238,-0.3823419226,0,0,0,0.1223633541,0.002079853166,-0.08967234119,0,0,0,0,0,0,0,0,0.003232901356,0,0,0,0,-0.00962761479,0,0,0.4416806844,0,-0.002998420028,0,0.08277338372,0,-0.009691131312,0.1899591097,0,0,0,0,-0.5395951554,0,0,0.009088125238,0,-0.009691131312,0,0.0005039448983,0,-0.002998420028
1,1,1,1,1,1500,500,v1,0.01253436416,0.008722965847,0.003924689185,0.0181254887,0,0.02580989386,0.002707796663,0,0.0008047295684,0.04153472785,0.01722995054,0.006400453221,0.002947833204,0.003178786591,0.02079533505,0.08121376935,0,0.1113517582,0.01180297798,0,0.003471848926,0.041556505,0.07433526445,0.02761350833,7.427112629e-06,3.689581326e-05,0.0002413690812,2.382605652e-05,0.0004368081645,0.0001965313529,0.0001369958187,0.0001355946717,4.029735435e-05,0.0004823416119,0.002079878399,0.0003205068405,0.0002390673666,0.001101333651,0.007769300601,0.000766924224,0.02020361905,0.006326042884,0.03034210247,0.02921571961,0.04160189194,0.01552583685,0.06694809631,0.02777223898,0.0005237511638,0.002412812714,0.002601848942,0.001680185215,0.0442622895,0.0308031931,0.06647377978,0.064006089,0,0.00966078247,0.009561975244,0,-0.3052780081,0.02681508574,0.007771720333,0.03791727656,0,0.04074520717,0.005794909086,0.0006094630487,-0.0001486381389,0.003850250091,0.02080634193,0.00156634241,0.008481028498,0.01370199775,0.03987497736,0.1674792597,-0.04408671093,-0.00875987659,-0.05982739646,0,-0.1815977357,-0.03041797419,0.00156634241,0.01795051481,0.0343584424,0.003894839403,0.0006094630487,0.02378631919,0.01034516509,0.03976574013,-0.1406314962,2.597783818e-05,0.0001231851726,0.0006960459339,0.0004912403392,0.00215627574,0.0002641642887,0.008481028498,0.02378631919,0,0.06755027359,-0.0001486381389,0.01795051481,0,0.04516106881,-0.2706745403,0.0003279631821,0.03115187028,0.01867713767,0.04445436145,-0.06918060524,0.06571163352,0.01370199775,0.01034516509,0,0.003997541241,0.003850250091,0.0343584424,0,0.03254080998,0.05831481672,-0.001804477994,0.007379913778,-0.003064807142,-0.09909400323,-0.0380653657,0,0.03987497736,0.03976574013,0.04516106881,0.03254080998,0.02080634193,0.003894839403,0.06755027359,0.003997541241
1,1,1,1,0,1500,500,v1,0,0.0006757042216,5.143335616e-05,0,0,0,0.0004700690946,0,7.107017631e-06,0.000107009892,0,3.181928378e-06,0,0,0,0,0,0,0,0,7.378729482e-05,0,0,3.30357823e-05,0,0,0,0,0.1835546835,0.01397184317,0,0.1276940133,0.001930617466,0,0.02906917885,0.0008643691096,0,0,0,0,0,0.0004555693919,0,0,0,0,0.0009478368725,0,0,0,0,0,0,0.3774846973,0,0,0,0,0.2626058624,0,-0.3728478726,0,0.00114568276,0.0001573247843,0,0,1.020801929e-05,0,0,0,0,0,0,0,0,-0.002762206091,0,0,0,0,0,0.0001042108551,0,0,0.2898586887,0.02014858628,0,0,0.2013547608,0.0419529596,-0.6333262065,0,0,0,0.307512131,-0.04294816837,-0.002772414112,0,0,0,0,0,0,0,0,-0.04279084358,0,0,0,0,0.001389813035,0,0,0.2013547608,0,0.002757226328,0,0.2898586887,0,0.001229766526,0.3086578139,0,0,0,0,-0.6361334463,0,0,0.0419529596,0,0.001229766526,0,0.02014858628,0,0.002757226328
1,1,1,1,4,1500,500,v1,0,0,0,0,0,0,0,0,0,0,0,0,0,0,0.001020470312,0,0,0,0,0,0,0.002366386349,0,0,0,0,0.1742308427,0,0,0,0,0,0,0.4040269307,0,0,0,0,0.1260517576,0,0,0,0,0,0,0.2923036124,0,0,0,0,0,0,0,0,0,0,0,0,0,0,0,0,0,0,0,0,0,0,0,0,0.08215045549,0,0,0,0.1726538979,-0.1732356546,0,0,0.003366085846,0,0,0,0,0,0,0,0,0,0,0,0.3875345095,0,0,-0.557404078,0,0,0,0,0,0,0,0,0,0,0,-0.554037992,0,0,0.3841684236,0,0,0,0,0,0,0,0,0,0,0,0,0,0,0,0,0,0,0.1726538979,0,0,0,0.08215045549,0,0,0
1,1,1,1,2,1500,500,v1,0.09003803715,0.04109005807,0,0.1548543121,0.003032014297,0,0.017767425,0.008430057293,0,0,0,0,0,0,0,0,0.001824582714,0,0,0.005072976348,0,0,0,0,0,0,0,0,0.1263377241,0,0,0.0546286898,0,0,0,0,0,0,0,0,0.09910504873,0,0,0.170448453,0,0,0,0,0,0,0,0,0.06494679995,0.02963933762,0,0.1117004807,0.002187071511,0,0.01281611009,0.006080821639,-0.06648707394,0.07131585994,0.05687557594,0,-0.006114759866,0,0,0,0,0,0,0,0,0,0,-0.002025448448,0,0,0,0.0009725102704,0,0,0,-0.06888702903,0.08331129449,0,0,-0.135629095,0.03624101905,0,0.09905715561,0,0,0,-0.1787586979,0,0,0,-0.135629095,0.000422668264,0,0,-0.06888702903,0.001156739005,0,0.2369038561,0,0,0,-0.1005597734,0,0,0,0.03624101905,0.001156739005,0,0,0.08331129449,0.000422668264,0,-0.1562692843,0,0,0,0.165587996,0.04218157969,0.004089311417,0,0,0,0,0,0,0,0
1,1,1,1,4,1500,500,v1,0.002232152144,0.1139272843,0,0.01659036198,0.000166779212,0.002654836239,0.08691965307,0.002648137504,0.001387836431,0,0.005998860304,0.0008823829359,0.1329272339,0.008092798757,0.001645087345,0.0009525921139,0.0001785745127,0.002842597,0.03151643801,0.002835424503,0.001485989839,0.02860282314,0.006423123977,0.0009447886276,4.545264869e-05,0.001318774018,0.000268077647,0.0001479235969,0.01987819482,0,0.005135807875,0.01516586486,0.000242151677,0.004661015446,0,0.0001539594314,0.0002493229078,0.1188197396,0.001470495128,0.0008114101683,0.002136367573,0,0.0008514940358,0.01587844783,0.002540913741,0.02556722123,0,0.005741441356,0.0002209405762,0.1052935807,0.006410422712,0.0007190411491,0.001893168529,0.09662582806,0.0007545619637,0.01407088279,0.0001414514492,0.02496462547,0.07371968449,0.002245980677,0.02079608005,-0.01321795233,-0.1248175885,0,-0.00144995383,-0.006152620038,-0.001938194415,0.0004338115964,-0.08988534835,0.005662073935,0.002649996772,0.001400199159,-0.0004881381987,0.0234455845,0.04313981184,0.07936669521,-0.03286717898,-0.02514302442,-0.02138272612,-0.001872260203,-0.003989353258,-0.001555114569,0.001400199159,0.003420302186,0.07551395666,0,0.0004338115964,0.03214134152,0.05245427996,0,-0.1786901715,3.765644768e-06,0.00481605236,0.001057932427,0.03285263709,0,-0.0002850289936,-0.0004881381987,0.03214134152,0.0002463916525,0.005131835254,-0.08988534835,0.003420302186,0.003453750359,0.01214097879,-0.02366811002,-0.0006677538752,0.03879495874,-0.01020174537,-0.009607306992,0,-0.001373236061,0.0234455845,0.05245427996,0.003453750359,0.003406453096,0.005662073935,0.07551395666,0.0002463916525,0.00226105387,-0.1331756056,-0.0005586856063,0.05432121132,0.0009218664603,-0.0008825031509,0.006652793606,0.0008554526924,0.04313981184,0,0.01214097879,0.00226105387,0.002649996772,0,0.005131835254,0.003406453096
1,1,1,1,4,1500,500,v1,0.001208364188,0,0.04692320774,0.003116538625,0.001766902962,0.0324788471,0,0.009893249212,0.02073566516,0.002715074267,0.2382818555,0.03369311441,0.01866400814,0,0.005269221903,0.002249159561,0.001763752225,0.0324209309,0,0.009875607596,0.02069868937,0.004126384103,0.2378569519,0.03363303293,0,0,0.007811201024,0,0,0.06943587227,0,0,0.03068415539,0.006117035176,0.004017703799,0.04985828764,0,0.002860997135,0.000807716577,0,0.000184899284,0.007180010462,0.000344772624,0.0004768808658,0.004969789433,0.0006325315017,0.0004154503194,0.03646098162,0,0.01031218739,0,0,0.0006664515813,0,0.001242699569,0.001718870946,0.0009745036178,0,0,0.005456444048,-0.04115076464,-0.003500901778,0,-0.006237707354,-0.002359103324,-0.03749709184,0.03532341475,0,0.01743563061,0,0.008820802313,0,0.002220057431,0,0.006998339302,-0.009647030381,-0.01643480851,0,-0.002661429043,-0.001195433442,-0.04230364976,0.03502719257,0,0.001341591849,0,0.05467906991,0,0.003618839969,0,0.003145821677,0.0699894855,0,0,-0.009214072244,0,-0.03952082797,-0.04682686197,0.002220057431,0.003618839969,-0.0003584786755,0.008611232146,0.01743563061,0.001341591849,-0.002053614416,0.04943438691,-0.1575825764,0,0.00314035147,0.00132940688,0.0005967003927,0.007208607646,0.04110366215,0,0,-0.002053614416,-0.01216918983,0,0,-0.0003584786755,-0.02311642812,-0.01975319522,0,0.0001906649861,0,-0.0004027531559,0,0.005162598822,0.006998339302,0.003145821677,0.04943438691,-0.02311642812,0.008820802313,0.05467906991,0.008611232146,-0.01216918983
1,1,1,1,1,1500,500,v1,0,0,0.0001854663525,0,0,0.004958066193,0,0,0.0001466937225,0.0001896179979,0.01051632585,0.001205086182,0.003310620434,0.005967029447,0.01527924671,0.02066184487,0,0.09267425268,0.001178280713,0,0.002741942236,0.001329211545,0.1965670891,0.0225250041,0.004004277551,0.001526482354,0.003908728907,0.002122148917,0,0.0008868404835,0.000301427156,0,0.0007014422296,0.0003400382026,0.0009066923177,0.005762334773,0.02346491498,0.00496292613,0.02290500354,0.01243571238,0,0.005196851687,0.03097401585,0,0.1389272734,0.001992611005,0.005313182685,0.2946722411,0.01684464189,0.003562711114,0.006421395189,0.008927163038,0,0,0.0222351628,0,0,0.001268002139,0,0,-0.1770673524,0,0,0.0003664758067,0,0.01538956917,0.001309270057,0.005643212332,-0.0002546625055,0.004859259301,0.007787902692,0.003087784894,-0.007180747167,0.000955349304,0.001007520384,-0.4283374935,0.01910797986,-0.001793714318,0.01092119479,0,0.2681559454,-0.02449499052,0.003087784894,0,0,0.00619116867,0.005643212332,0,0,0.006324892559,-0.06041272751,0.006016544493,0.001592035918,0.004002134804,0,0.001711565653,0.005617959806,-0.007180747167,0,0,0.06256784971,-0.0002546625055,0,0,0.1385675044,0.3416730052,-0.03012675014,-0.01186309639,-0.02078694497,0,-0.01042208228,-0.4176357511,0.000955349304,0,0,0.003014191125,0.004859259301,0,0,0.02333744983,-0.01706700057,0.01828954084,-0.002287943697,-0.003674727339,0,0,0,0.001007520384,0.006324892559,0.1385675044,0.02333744983,0.007787902692,0.00619116867,0.06256784971,0.003014191125
1,1,1,1,1,1500,500,v1,4.80799831e-05,0.0005211183045,0.00705714616,0.0003107947415,0.01677256932,0,0.001184822792,0.02087567575,0.0004055767208,0.06726664371,0,0.0002003575559,0.0005004021443,0.02162358418,0.009193644754,0.005287490316,0.08807147435,0,0.07495498521,0.1096165713,0.002129652236,0.004971856513,0,0.00105206215,0.0002765294819,0.001493024114,0.0006347852972,0.002648560011,0.000188934444,0.002558609004,0.005175349259,0.0004295643302,0.0001470441771,0.0003432872923,0.02438790928,7.264078638e-05,0.0005805958265,7.254220836e-05,0.001332782645,0.005560864173,3.65991996e-05,0.005372004819,0.0007665159484,0.0002365815885,0,0.0007207592037,0.05120437157,0,0.005257246643,0.0006568636286,0.02838466248,0.05035315993,0.0003314026909,0.003591931553,0.006940737794,0.002142226494,0.1156089135,0.09839127215,0.008166672201,0.1438905481,-0.06383283436,0.0002978892182,0.001583514134,-0.0500494268,0.03712362324,0,0.0004511211543,0.006605091706,0.000275399668,0.01251667708,0.01103120105,0.06317459233,0.002435073668,0.03405375154,0.006017335731,-0.2477040981,0.002789342807,0.06124595187,-0.0137901349,0.1082644445,0,-0.002891850556,0.06317459233,0.0003826429481,0.004335580088,0.005130001033,0.006605091706,0.002453185479,0.009874203836,0.01766347907,-0.1483626736,0.002846576484,0.006338436483,0.000798269926,0.0005781767519,0.02175920983,0.0001709082241,0.002435073668,0.002453185479,0.0332467712,0,0.000275399668,0.0003826429481,0.0351485755,0,-0.09858741965,0.006059283179,0.000801838482,0.001626173793,0.0002268923691,0.01309456351,0,0.03405375154,0.009874203836,0.0351485755,0.002262947909,0.01251667708,0.004335580088,0.0332467712,0.001141783858,0.228155968,-0.05542564904,-0.005398163515,-0.0986313407,-0.00241533387,-0.01163488017,-0.1909849652,0.006017335731,0.01766347907,0,0.001141783858,0.01103120105,0.005130001033,0,0.002262947909
1,1,1,1,1,1500,500,v1,0.1206002263,0,0,0.1782037981,0,0,0,0,0,0,0,0,0,0,0,0,0,0,0,0,0,0,0,0,0,0,0,0,0,0,0,0,0,0,0,0,0,0,0,0,0.06622021538,0,0,0.09784968279,0,0,0,0,0,0,0,0,0.2167893375,0,0,0.3203367399,0,0,0,0,-0.3653086236,0.2927595412,0,0,0,0,0,0,0,0,0,0,0,0,0,0,0,0,0,0,0,0,0,0.04354123838,0,0,0,0.06528238442,0,0,0,0,0,0,0,0,0,0,0.06528238442,0,0,0,0.04354123838,0,0,-0.2360186872,0,0,0,0.1634696048,0,0,0,0,0,0,0,0,0,0,0.4562291459,0,0,0,-0.5287782284,0,0,0,0,0,0,0,0,0,0
1,1,1,1,2,1500,500,v1,0.002318892095,0.02631659182,0.001004538742,0.0139858159,0.08269448467,0.07038007357,0.0002255430371,0.1489398644,0,0.000342407259,0.1501902218,0,0.0001472570911,0.07446249913,0.007197740576,0.000113278727,0.06356117643,0.05409599311,0.02477253282,0.1144791341,0,0.001622281172,0.115440192,0,0.0002196290021,0.00133204467,0.0001287589335,0.0001466875845,0.0003618480256,1.381221257e-05,0.0004431508572,3.101172949e-06,0,2.90206616e-05,4.7080333e-06,0,0.002416525777,2.898405479e-05,0.001416703982,0.001613968673,0.0003508155592,0.0001519724963,2.229622225e-05,0.002115856032,0.01064750918,0.0003193074509,5.180137285e-05,0.02272165521,0.0001175756456,1.410214196e-06,0.0007130934923,7.852736794e-05,1.706887063e-05,0.0001937108252,1.084818855e-06,0.000102946611,0.0006086964823,0.0002372352815,1.66017424e-06,0.001096314608,0.2620261059,-0.01619264434,-0.02645189804,-0.001294678472,-0.1655087877,-0.1822168728,0,0.002975902834,0.000202819436,0.1075851644,0.008491728731,0.001956302765,0.0001452780048,0.03558602026,0.001919386191,-0.3093205642,-0.0002462472569,-0.09814336802,-0.008705041679,0.1039126516,0.1209860121,0,0.001956302765,0.002942575878,0.03852327407,0.001223185219,0.002975902834,0.01768226131,0.0003302904319,0.0004121403476,-0.1353061403,0.0003480042259,0.001755772674,0.0001557170813,0.0003603201293,1.739412226e-05,0,0.0001452780048,0.01768226131,0.0323219835,0.01174806118,0.000202819436,0.002942575878,0.057560226,0.03171415497,-0.08684127813,-0.003824288184,1.251011485e-05,0.001608581311,0.002325493752,0.0001870673061,0.03225604946,0.03558602026,0.0003302904319,0.057560226,0,0.1075851644,0.03852327407,0.0323219835,0,-0.2016524846,0.0001881469133,1.672181453e-06,0.0009401389262,0.0001172591329,0.0001892015492,0.001674663043,0.001919386191,0.0004121403476,0.03171415497,0,0.008491728731,0.001223185219,0.01174806118,0
1,1,1,1,2,1500,500,v1,0,0,0.0003427217057,0,0,0.01746712834,0,0,0.0006746119961,0.002246897104,0.02798086544,0.0006981430674,0.000349307334,0.01146104874,0.0001188619529,0.0001746282875,0,0.0002548972648,0.0003529800566,0,9.844592043e-06,2.339760134e-07,0.0004083239059,1.018798024e-05,0.001804745126,0.003772985153,3.912943691e-05,0.001260701068,0,1.64644039e-06,0.0001162012782,0,3.240846493e-06,7.702506505e-08,1.079412854e-05,3.353890125e-06,0.005922862542,0.0003773846374,0.0001284160698,0.004137403682,0,5.403333674e-06,0.0001886648992,0,0.0002753858923,2.527829919e-07,3.542447002e-05,0.000441144958,0.2326922397,0.01482635734,0.4864644613,0.1625466947,0,0,0.007412101436,0,0,0.01498224613,0,0,0.001446578352,0,0,-0.002282979539,0,-0.04522053033,-0.001283274942,0.3372079279,0.02113535028,0.7065471728,1.143677741e-05,0.2356022681,0.010568519,0.02176290745,5.76438512e-08,-0.5647942668,0.0005229536691,0.01179944911,4.239099652e-06,0,0.0006600699701,1.744934752e-05,0.2356022681,0,0,0.0004531456125,0.3372079279,0,0,0.002897448638,-0.8778949474,0.003064545196,0.00388741117,1.022192104e-05,0,1.203467553e-05,6.51087117e-06,0.010568519,0,0,0.02526700325,0.02113535028,0,0,0.04050374019,-0.4604414902,0.01004964982,0.0005655210248,-2.212396815e-05,0,3.721536085e-05,0.000713298136,0.02176290745,0,0,0.0009424072703,0.7065471728,0,0,0.000946564806,0.02988952986,-0.3949876586,-0.02222438742,-0.5012269134,0,0,0,5.76438512e-08,0.002897448638,0.04050374019,0.000946564806,1.143677741e-05,0.0004531456125,0.02526700325,0.0009424072703
1,1,1,1,1,1500,500,v1,0,0,0.09819199149,0,0,0,0,0,0,0.01946875443,0,0,0,0,0,0,0,0,0,0,0,0,0,0,0,0,0,0,0,0.6168986721,0,0,0,0,0.1223139339,0,0,0,0,0,0,0.119444174,0,0,0,0,0.02368247407,0,0,0,0,0,0,0,0,0,0,0,0,0,-0.5958867532,0,0,0.1176161005,0,0,0,0,0,0,0,0,0,0,0,0,0,0,0,0,0,0,0,0,0,0.5986576755,0,0,0,0.1187483027,0.260717975,0,0,0,0,-0.738988628,0,0,0,0,0,0,0,0,0,-0.6213725274,0,0,0,0,0.1431018747,0,0,0,0,0,0,0,0,0,0,0,0,0,0,0,0,0,0.1187483027,0,0,0,0.5986576755,0,0
1,1,1,1,0,1500,500,v1,0.01432939802,0.4381749143,0.0006307899185,0.03224014765,0,0.0009552355413,0.08192106194,0,0.004171827852,0.0008299641732,0.004299174859,0.001338948446,0.002994770227,0.006377313564,1.687890013e-05,0.00195559589,0,1.976889738e-06,0.007765417311,0,8.633727822e-06,1.936680006e-05,8.897276424e-06,2.770995559e-06,0.02108689247,0.1020493586,0.0002700950668,0.003251748565,0.01451082127,2.088955681e-05,0.1242617049,0.002712939169,0.0001381563534,0.0003099062802,2.74855118e-05,4.434129148e-05,0.02396396082,0.05446055123,0.0003069464886,0.003695412936,0.000539285131,2.373970094e-05,0.03556293874,0.001213353989,3.595017202e-05,0.0003521894925,3.12355995e-05,0.0001617989167,0.000781779273,0.001776673333,0.003783396416,0.0001205559156,1.759316587e-05,0.0005379768175,0.001160174171,3.9583398e-05,0,0.004606900967,0.0001005799984,0,0.02005982556,-0.04616079428,-0.5194710327,-0.001439367684,0,-0.005089714608,-0.00548703871,0.01371833901,0.07420243201,0.1373972172,0.0002298741749,0.00174306596,0.04847603552,0.1673080103,0.0002749008999,-0.314339854,0.004884138646,0.01394293454,3.181235827e-05,0,1.061178817e-05,1.0970653e-05,0.00174306596,0.02043231594,0.6340121736,0.0008709142335,0.01371833901,0.04613656848,0.1184885134,0.001141086761,-0.5181496526,0.004051210637,-0.2253360061,-4.452562873e-05,0.01716624812,4.726269652e-05,0.0001773575579,0.04847603552,0.04613656848,0,0.001350664495,0.07420243201,0.02043231594,0,0.006001877874,-0.03994709144,-0.01515653395,-0.08957744179,-0.0003238034456,0.001724641266,5.07709913e-05,0.0001774078913,0.1673080103,0.1184885134,0,0.006014747057,0.1373972172,0.6340121736,0,0.001933318699,-0.853932632,0.0007977200079,0.002907658106,0.008256253202,5.689675258e-05,0.0006376584233,0,0.0002749008999,0.001141086761,0.006001877874,0.001933318699,0.0002298741749,0.0008709142335,0.001350664495,0.006014747057
1,1,1,1,4,1500,500,v1,0.07663969289,0,0,0.01627163819,0,0,0,0,0,0,0,0,0.01722597182,0,0,0.0204279683,0,0,0,0,0,0,0,0,0.01323498882,0,0,0.007168494577,0,0,0,0,0,0,0,0,0.301412487,0.06229436577,0,0.1632546736,0.1718206072,0,0.07387376123,0.03647982721,0,0,0,0,0.01486154745,0.003071507361,0,0.008049490918,0.00847184578,0,0.003642445004,0.00179868687,0,0,0,0,-0.1973876813,0.09215171633,0,0,0,0,0,0.4090445786,0.06273791798,0,0,0.2217543715,0.07455863818,0,0,-0.1287264196,0.03719538219,0,0,0,0,0,0.2217543715,0.1300949412,0,0,0.4090445786,0.02775900587,0,0,-0.4408417661,0.02030913411,0,0,0,0,0,0.07455863818,0.02775900587,0,0,0.06273791798,0.1300949412,0,0,0.1895152113,-0.4637289803,-0.1354318918,0,-0.2076539749,0,0,0,0,0,0,0,0,0,0,-0.6571586151,0.0228872141,0.006705472149,0,0.01026629355,0,0,0,0,0,0,0,0,0,0
1,1,1,1,1,1500,500,v1,0.03892523959,0.01862815644,0.0009686546275,0.00328205282,0,0,0.004158386909,0,0,0.006423863712,0,0,0.2985173589,0.0002522440625,0.01695170084,0.1363953252,0,0,0.03319583128,0,0,0.1065944558,0,0,1.385588024e-05,1.632356289e-05,0.001097001658,6.112527058e-05,0.003950927193,0.0002054461976,0.002148214053,0.0008819704718,0,0.006898086265,0.001362465358,0,9.110578761e-05,0.1270209748,0.00721305311,0.0004019135431,0.0542840561,0.001350858792,0.05803705093,0.004577059546,0,0.04535659745,0.0089585416,0,3.695434528e-06,0.005152226969,4.353578185e-06,1.630242406e-05,0.002201870819,0.001053732604,0.002354099861,0.0001856547682,0,0.0005729397373,0.0002352260613,0,-0.03802023061,0.01332149642,-0.02261288024,0.002921128039,0,0,0,0.0001205222286,0.2491308876,0.0003419360726,0.01308822113,0.0005654688042,0.1137464084,0.04458503937,0.08155867099,0.2539140595,-0.4335241513,-0.0325373557,-0.1228199949,0,0,0,0.0005654688042,0.03424650437,0.02042921543,0.0006008557513,0.0001205222286,0.003541932374,0.004557183723,0.00321003771,-0.1288743362,-1.12168261e-05,0.002033185345,0.007974498259,0.004716905094,0.001456195987,0,0.1137464084,0.003541932374,0,0,0.2491308876,0.03424650437,0,0,-0.5208783885,-0.0004459162803,0.1841026729,0.05174756859,-0.04081435392,-0.006917919672,0,0.04458503937,0.004557183723,0,0,0.0003419360726,0.02042921543,0,0,-0.3257716147,-1.942493874e-07,0.007503281384,0.0005528534275,0.002300566281,0.001238375726,0,0.08155867099,0.00321003771,0,0,0.01308822113,0.0006008557513,0,0
1,1,1,1,1,1500,500,v1,0.0003581315624,0.002106617528,0.0005494021782,0.0003041610698,0.002344242947,0.0004717849627,0.0004520265012,0.0001334142022,0.0001591867488,0.0002418980525,0.0004129723851,0.0002665119932,0.05420002491,0.004323718465,0.005261387134,0.02304185974,0.2159081872,0.04345208169,0.001041911622,0.01228764219,0.01466133124,0.07726419823,0.03803535769,0.02454614245,0,1.20176864e-05,1.462391715e-05,0,0.0005392816535,0.0001406437149,2.89597189e-06,0.0001157161163,4.075086813e-05,0.0002147542472,6.19244737e-05,6.822549724e-05,0,0.0203427698,0.001974744246,0,0.01237997275,0.01899185861,0.008648247842,0.01051430857,0.01630876917,0.02899939255,0.008361986525,0.0142757227,0,0.02999437275,0.002392752098,0,0.0182536361,0.1073723565,0.01275139875,0.01550280977,0.1194839053,0.0005765954098,0.02303937471,0.006799999089,-0.3667174842,0.0006131709664,0.002550533456,0.0007895403824,0.002465925673,0.0008748964697,0.0003888233575,0,0.005212485359,0.003604119252,0.005081597241,0,0.002543216973,0.0008811105955,0.07397023037,0.2447789862,-0.07059489876,-0.004822832336,-0.0808463113,-0.218790254,-0.07978348172,-0.03897264247,0,0.01395809534,0.1569092757,0.02740985601,0,0.01230898363,0.03364955516,0.01206173436,-0.2487211597,0,1.339861824e-05,0.000225657033,0.0006516855111,0.0002016138097,0.0001048973866,0.002543216973,0.01230898363,0.140814475,0.04022760035,0.005212485359,0.01395809534,0.008253179213,0.03524075328,-0.2165497536,0,0.02814042321,0.02791943575,0.007189390412,-0.02730554754,0.02859634953,0.0008811105955,0.03364955516,0.008253179213,0.02156381506,0.003604119252,0.1569092757,0.140814475,0.03615456721,-0.2525834569,0,0.03728400732,0.001819280487,-0.02531394736,-0.1302414407,0.1169458916,0.07397023037,0.01206173436,0.03524075328,0.03615456721,0.005081597241,0.02740985601,0.04022760035,0.02156381506
1,1,1,1,1,1500,500,v1,0.0001838121024,0.0339656233,0.006403652723,6.255387693e-05,0,0,0.003464850955,0,0,0.03020752786,0,0,0.01197432382,0.008642985113,0.003409719396,0.006545724579,0,0,0.006466553037,0,0,0.00621191029,0,0,0.06552755575,0.04424542014,0.01745513446,0.08091749563,0.2257015433,0.04255226792,0.03310376592,0.0230239322,0,0.03180019138,0.2007290017,0,0.005670696024,0.005304787068,0.001510551713,0.007002527647,0.0001057015709,0.003682435179,0.002899844334,3.597175033e-05,0,0.002751960099,0.01737090815,0,0.008185004361,0.007656856424,0.005526666647,0.01010735174,0.0001525681883,0.02819223295,0.004185595282,5.192112786e-05,0,0.004134969865,0.002875904393,0,-0.4396198487,-9.30786014e-05,0.03720552337,0.036395417,0,0,0,0.07765522571,-0.002167505501,0.04519170402,0.01876150078,0.09582036802,-0.001191241416,0.03381293326,0.03414247562,-0.09534827829,-0.0148743097,0.01501497543,0.009507701845,0,0,0,0.09582036802,0.0001475498021,0.2454387051,0.04870341082,0.07765522571,6.020258253e-05,0.02506268643,0.229755424,0.1943818333,-0.146227757,-0.07714777121,-0.04899535001,-0.2485314605,-0.2430424499,0,-0.001191241416,6.020258253e-05,0,0,-0.002167505501,0.0001475498021,0,0,-0.3795737069,0.01245671407,0.007401442855,0.004218330572,3.11368141e-05,0.02100780955,0,0.03381293326,0.02506268643,0,0,0.04519170402,0.2454387051,0,0,-0.414764585,0.01812064797,0.009712031438,0.009463037676,-7.655980252e-05,0.0309916764,0,0.03414247562,0.229755424,0,0,0.01876150078,0.04870341082,0,0
1,1,1,1,4,1500,500,v1,0.01982749565,0,0.1059934731,0.09664806755,0,0.01376538078,0,0,0,0.1151341072,0.1065838798,0,0,0,0,0,0,0.001931791021,0,0,0,0,0.01495765248,0,0,0,0,0,0,0.05589749848,0,0,0,0,0.06071797063,0,0,0,0,0,0.01606719093,0.08589170307,0,0.07831866322,0.01115476231,0,0.09329880668,0.08637013857,0,0,0,0,0.006373607842,0,0,0.03106781069,0,0,0,0,0.345566933,-0.09311413403,0,-0.1213961933,0,-0.08586029883,0,0,0,0,0,0,0,0,0,-0.03964604409,0,0,0,0,0.01635996256,0,0,0.0004693520245,0,-0.03392294603,0,-0.01280184179,0,-0.05646814605,-0.02975006118,0,0,0,0,0.09001078913,0,0,-0.01280184179,0,0.004170637332,0,0.0004693520245,0,0.03075848517,-0.1573561878,0,0,0,0.06469210834,0.09164613219,0.04621425474,0,0,0,0,0,0,0,0,-0.02842202573,0,0,0,0.03664368555,0,0,0,-0.05646814605,0.03075848517,0,0,-0.03392294603,0.004170637332,0
1,1,1,1,0,1500,500,v1,0,0,0,0,0.02310477026,0,0,0.004476637132,0,0,0,0,0,0,0,0,0.7208598816,0,0,0.1396693443,0,0,0,0,0,0,0,0,0,0,0,0,0,0,0,0,0,0,0,0,0,0,0,0,0,0,0,0,0,0,0,0,0,0,0,0,0.09372901376,0,0,0.01816035297,-0.7491134973,0,0,0,0.02758036099,0,0,0,0,0,0,0,0,0,0,0.1389209629,0,0,0,-0.8604540995,0,0,0,0,0,0,0,0,0,0,0,0,0,0,0,0,0,0,0,0.906646466,0,0,0,0.1756532392,0,0,0,0,0,0,0,0,0,0,0.1756532392,0,0,0,0.906646466,0,-0.8328737388,0,0,0,0,0,0.1113406019,0,0,0,0,0,0,0,0
1,1,1,1,3,1500,500,v1,0.003702241158,0.2253223384,0.03638329631,0.0002186061271,0,0,0.1605288703,0,0,0.02061017958,0,0,0.001862771643,0.0009440805947,0.003455718758,0.005963052956,0,0,0.0008971129034,0,0,0.04206027485,0,0,0.002316423371,0.001319968765,0.004831622264,0.005857947683,0.03577249488,0.005776263864,0.001254300764,0.02548579174,0,0.05880668383,0.00327210142,0,0.003922733819,0.004410472344,0.008182082902,0.009920107774,0.0009953609231,0.00978178078,0.01411868183,5.877304778e-05,0,0.09958584012,0.005541121309,0,0.005456035016,0.006134418662,0.003109015343,0.01379763651,0.001384423288,0.08425747518,0.019637331,8.174600201e-05,0,0.002954342878,0.06002847919,0,0.2213753055,-0.003576723344,-0.3827772577,-0.05484667716,0,0,0,0.005050278392,0.006387116421,0.002744277655,0.0003849382983,0.01102033268,0.01825867546,0.002357312817,0.002752976716,-0.06192114675,0.006550141575,0.000219517379,0.03322795623,0,0,0,0.01102033268,0.003236918978,0.1597663562,0.03396213624,0.005050278392,0.0002015881933,0.1143400033,0.01823102631,-0.3634063135,0.005466463082,0.0009204056687,0.05467246215,0.0600489586,0.008558267784,0,0.01825867546,0.0002015881933,0,0,0.006387116421,0.003236918978,0,0,0.02151130704,-0.002696922843,-0.006829641028,-0.08999236173,0.0001906590662,0.01149296765,0,0.002357312817,0.1143400033,0,0,0.002744277655,0.1597663562,0,0,-0.3224843953,-0.01348328095,-0.01615102847,-0.004540983365,0.001093726168,0.1399907266,0,0.002752976716,0.01823102631,0,0,0.0003849382983,0.03396213624,0,0
1,1,1,1,4,1500,500,v1,0.03068109693,0.003590110637,0.1317352709,0.03655984932,0,0.009595854704,0.006968310747,0,0.06244783272,0.2638520669,0.01546642119,0.02487059658,6.609972227e-05,0.004871744534,0.003202855775,1.386652754e-05,0,0.0003251721901,0.0006135020674,0,0.002116153189,0.0005341320592,0.0005241065238,0.0008427833278,0.002452324507,0.02063800915,0.01356815127,0.04145210965,0.0005153720469,0.01891102616,0.00259895838,0.001000323649,0.008964589292,0.002262725857,0.03787682151,0.003570254949,0.004226449124,0.0004825925756,0.02338397749,0.07144047701,0.007590696318,0.03259213442,0.0001012392036,0.009045136628,0.002374074797,0.00389968607,0.06527866057,0.003826489863,0.0007193380081,8.213684156e-05,0.006053727537,0.01215910778,0.001291929989,0.0001511735909,1.723082543e-05,0.001539474479,0,0.0007623499824,0.0002934239817,0,0.1969472024,-0.06667564335,-0.01048817028,-0.3949124959,0,-0.02484400622,-0.0871763072,0.001592321803,0.0004871450493,0.01478629285,0.0110307348,0.0250477625,0.0001011764778,0.001842629561,0.002019978474,-0.1221437961,6.210787225e-05,0.004685921749,0.003460132347,0,0.000832409943,0.002922902018,0.0250477625,0.03254998369,0.004386546151,0.1203956988,0.001592321803,0.03884816126,0.008498308362,0.2410429042,-0.4595655406,0.04048657426,-0.02216886334,0.01181578901,0.001454959286,0.05662823274,0.01236081551,0.0001011764778,0.03884816126,0,0.01036545211,0.0004871450493,0.03254998369,0,0.0167981909,-0.3574386883,-0.07104342248,-0.0005414591967,-0.02397639685,0.01625260212,0.09732519413,0.0059025009,0.001842629561,0.008498308362,0,0.07712049103,0.01478629285,0.004386546151,0,0.0307183936,-0.1079753931,0.01279679197,8.713697316e-05,0.006396993307,0.002824277954,0.0004433079905,0,0.002019978474,0.2410429042,0.0167981909,0.0307183936,0.0110307348,0.1203956988,0.01036545211,0.07712049103
1,1,1,1,2,1500,500,v1,0,0,0,0,0.04401995118,0.03517054534,0,0.06162021525,0.006582642739,0,0.1801577399,0.04249023752,0,0,0,0,0.02756313915,0.02202207429,0,0.03858356318,0.004121728737,0,0.11280596,0.02660530732,0,0,0,0,0,0,0,0,0.0008521548425,0,0,0.005500566124,0,0,0,0,0,0,0,0,0.04883484168,0,0,0.2501517853,0,0,0,0,0,0,0,0,0.03871847271,0,0,0.05419907471,-0.04932288112,0,0,0,-0.02962199759,0.175143859,-0.04240323999,0,0,0,0,0,0,0,0,-0.1561156759,0,0,0,0.06146762268,0.1320707027,0.01637309088,0,0,0,0,0,0,0,0,-0.02603014911,0,0,0,0,0,0.004809037415,0,0,-0.01499785657,-0.008370663083,0,0,-0.03461019977,-0.05454655876,0.3072145615,0,0,0,0,0,-0.2652697472,0,0,-0.03461019977,0.003594072841,0,0,-0.01499785657,0.0282375947,0.03184562513,0,0,0,0,0,0.001226412434,0,0,-0.05454655876,0.0282375947,0,0,-0.008370663083,0.003594072841
1,1,1,1,4,1500,500,v1,0,0,0.06353214433,0,0,0.007806939257,0,0,0.02871708354,9.914253621e-06,0.02928219202,0.02851971377,0.002242270495,0.009358932316,0.0285706456,0.03828091024,0,0.01141771395,0.002181427623,0,0.04199897482,0.006333740766,0.0428254507,0.04171031988,0.002058828885,0.003952441767,0.01206588627,0.005200422137,0,0.03924018491,0.0009212552627,0,0.01773690595,0.002674850154,6.123469458e-06,0.01761500189,0.009140563172,0.004204166213,0.05356880142,0.02308826509,0,0.1742142787,0.0717751537,0,0.02140775045,0.01187550698,2.718630957e-05,0.08029598269,0.004656103802,0.002141556699,0.008938566616,0.01176091197,0,0,0.0365614853,0,0,0.002083446644,0,0,-0.2163301497,0,0,0.06155850701,0,0.03487728733,0.01304133822,0.007546250619,0.00215995274,0.01411021191,0.02882396114,0.02107049314,0.02772005319,0.00364279689,0.005899818251,-0.1158918102,0.02545037114,-0.007226180422,0.02302354633,0,0.03840181652,-0.05377531387,0.02107049314,0,0,0.1075924012,0.007546250619,0,0,1.756314883e-05,-0.224765923,0.005776852905,0.0005486923605,0.01391341077,0,0.03799066075,0.02542558425,0.02772005319,0,0,0.005192008017,0.00215995274,0,0,0.02451496643,0.2659381964,-0.0297012555,-0.06546954559,-0.06008614336,0,-0.1712891437,-0.0930837535,0.00364279689,0,0,0.01367236463,0.01411021191,0,0,0.009290222479,-0.07062106508,0.004846573423,0.02009917051,-0.005157851148,0,0,0,0.005899818251,1.756314883e-05,0.02451496643,0.009290222479,0.02882396114,0.1075924012,0.005192008017,0.01367236463
1,1,1,1,0,1500,500,v1,0.005008025118,0.005495601581,0.0004052467877,0.01482483271,0,0,0.02639790898,0,0,0.008046287648,0,0,0.2914795925,0.08121800918,0.02105065641,0.002043176333,0,0,0.04949951876,0,0,0.1955485629,0,0,0.005254524118,0.008138289774,0.002109339339,0.001419082153,0.001725025136,0.0001272037073,0.004960001253,0.008286091315,0,0.0195945565,0.002525664977,0,0.009700317312,0.05391896093,0.003894027402,0.00261975145,0.002902012224,0.0002348293197,0.0003779542298,0.008590581065,0,0.03617328826,0.004662601437,0,0.009780386829,0.05436402525,0.01514801727,0.002641375715,0.002925966359,0.003210835603,0.0003810739847,0.008661490464,0,0.009232183512,0.01542312425,0,0.03113395056,-0.01399502738,-0.02511037352,-0.006134365638,0,0,0,0.004044890985,0.2748424837,0.08733388194,0.02275613615,0.001437681231,0.001957953774,0.05323248616,0.2103254424,0.2049008704,-0.292552573,-0.130412127,-0.2155684275,0,0,0,0.001437681231,0.0007046490668,0.0022991367,0.0002917994276,0.004044890985,0.003591777288,0.009926715678,0.004344645849,-0.3111038258,0.003475698262,0.01286212244,0.02140934082,0.008010188616,0.001351264705,0,0.001957953774,0.003591777288,0,0,0.2748424837,0.0007046490668,0,0,-0.4450505542,-0.003596847845,0.05394171496,0.03877136753,0.00471054409,0.001692137422,0,0.05323248616,0.009926715678,0,0,0.08733388194,0.0022991367,0,0,-0.382666679,-0.003533898564,0.05407723309,0.02383909246,0.006420199051,0.008949616638,0,0.2103254424,0.004344645849,0,0,0.02275613615,0.0002917994276,0,0
1,1,1,1,0,1500,500,v1,0,0,0,0,0.003498740605,0.001063587443,0,0.001662204425,0.01307800459,0,0.00429398976,0.02425917448,0,0,0,0,0.02291645211,0.006966406904,0,0.010887297,0.085659813,0,0.02812526615,0.1588955207,0,0,0,0,0,0,0,0,0.2198606919,0,0,0.4078327737,0,0,0,0,0,0,0,0,0.001607264144,0,0,0.006488959435,0,0,0,0,0,0,0,0,0.001968598892,0,0,0.0009352547559,-0.4404922561,0,0,0,0.005133324056,0.00533060528,0.03733338824,0,0,0,0,0,0,0,0,-0.5683262454,0,0,0,-0.03358222383,-0.03473215391,0.2439456775,0,0,0,0,0,0,0,0,0.2812790658,0,0,0,0,0,-0.6269350633,0,0,0.02602874505,0.006329621491,0,0,0.012366832,0.02583321858,-0.02940154863,0,0,0,0,0,0.007959655244,0,0,0.012366832,0.1815914498,0,0,0.02602874505,0.3368925459,-0.02844889976,0,0,0,0,0,0.002851848365,0,0,0.02583321858,0.3368925459,0,0,0.006329621491,0.1815914498
1,1,1,1,1,1500,500,v1,0,0,0,0,0,0.01329901782,0,0,0,0,0.1311763207,0,0,0,0,0,0,0.01115634465,0,0,0,0,0.1100418289,0,0,0,0,0,0,0,0,0,0,0,0,0,0,0,0,0,0,0,0,0,0.06759507294,0,0,0.666731415,0,0,0,0,0,0,0,0,0,0,0,0,-0.6130894207,0,0,0,0,0.144287368,0,0,0,0,0,0,0,0,0,-0.5899444426,0,0,0,0,0.1211423905,0,0,0,0,0,0,0,0,0,0,0,0,0,0,0,0,0,0,0,0.06474431991,0,0,0,0.6384587586,0.2654297585,0,0,0,0,0,-0.7342318111,0,0,0,0,0,0,0,0,0,0,0,0,0,0,0,0,0,0.6384587586,0,0,0,0.06474431991,0
1,1,1,1,1,1500,500,v1,0.1344049052,0,0.004078548293,0.1156570403,0,0.0008255676437,0,0,0,0.0003975588976,0.002285603644,0,0,0,0,0,0,0.002751441596,0,0,0,0,0.007617431454,0,0,0,0,0,0,0.01044106567,0,0,0,0,0.001017749027,0,0,0,0,0,0.3139861238,0.009527982389,0,0.2701888426,0.001928625924,0,0.0009287456962,0.005339446709,0,0,0,0,0.0637584268,0,0,0.05486489446,0,0,0,0,-0.4717618977,0.2495842557,0,0.004420503861,0,0.003087857522,0,0,0,0,0,0,0,0,0,0.004881542775,0,0,0,0,-0.006745870805,0,0,0.1738322236,0,-0.003610320783,0,0.1493290053,0,-0.0003434790454,0.005839283459,0,0,0,0,-0.003203416903,0,0,0.1493290053,0,0.001669763435,0,0.1738322236,0,0.001126728605,0.3655523797,0,0,0,-0.5834341207,0.001418779596,0.001793685247,0,0,0,0,0,0,0,0,-0.3338498658,0,0,0,0.1184090473,0,0,0,-0.0003434790454,0.001126728605,0,0,-0.003610320783,0.001669763435,0
1,1,1,1,1,1500,500,v1,0.08696968083,0,0.0007082819,0.04014962181,0.002507462626,0.004920333908,0,0.002366869454,0.004238576021,0.001513003114,0.0175174871,0.00434739998,0.03082500454,0,0.0007456774989,0.07685083003,0.007531725792,0.01477932529,0,0.007109422701,0.01273151273,0.02220077155,0.05261769729,0.01305838987,0,0,0.0003891975876,0,0,0.00111041489,0,0,0.00664506311,0.01158743122,0.002372023323,0.006815672786,0,0.0219755991,0.0005316044562,0,0.1862367921,0.00151671419,0.05478808703,0.08597636211,0.01053639837,0.01582725656,0.003239943435,0.03751193028,0,0.009125579605,0,0,0.07733662524,0,0.02275128188,0.0357025141,0.002229727597,0,0,0.002104707,-0.234179177,0.1211889649,0,0.00142296557,0.002207064076,0.02058686168,0.0009404335234,0,0.005196566474,0,0.0007480595622,0,0.01749977544,0,0.01986946337,0.1068079498,-0.08069705714,0,-0.01937751636,-0.01331728331,-0.05097294678,-0.02183506945,0,0.03340799358,0,0.001822154816,0,0.01808163024,0,0.002663532212,-0.03528262054,0,0,-0.0003590242899,0,-0.001988464414,-0.001380092196,0.01749977544,0.01808163024,0.005704328184,0.008350592013,0.005196566474,0.03340799358,0.00584795397,0.02245905393,0.129820378,0,0.03433453194,0.005991525377,-0.2643003451,-0.002424959176,0.009846321212,0,0,0.00584795397,0.0176268692,0,0,0.005704328184,0.01578522295,-0.2005841245,0,0.0312316306,0,0.1087849643,0,0.003408697793,0.01986946337,0.002663532212,0.02245905393,0.01578522295,0.0007480595622,0.001822154816,0.008350592013,0.0176268692
1,1,1,1,3,1500,500,v1,0.09700376137,0,0.001571926066,0.03134278068,0,0.004927079941,0,0,0,0.009357787311,0.001793312821,0,0,0,0,0,0,0.1193035802,0,0,0,0,0.04342300968,0,0,0,0,0,0,0.01598378511,0,0,0,0,0.0951526059,0,0,0,0,0,0.2844751813,0.004609861991,0,0.0919164689,0.01444925372,0,0.02744283525,0.005259105241,0,0,0,0,0.1148716195,0,0,0.03711604504,0,0,0,0,-0.4428683183,0.1276930065,0,0.0108730643,0,0.006691223371,0,0,0,0,0,0,0,0,0,0.02619890402,0,0,0,0,-0.1619032741,0,0,0.1076159556,0,0.01452655899,0,0.03401158286,0,0.08670588624,0.04229467299,0,0,0,0,-0.1097829698,0,0,0.03401158286,0,0.149241947,0,0.1076159556,0,0.05431460826,0.0238199599,0,0,0,-0.3723602752,0.03142160872,0.01950768066,0,0,0,0,0,0,0,0,-0.2446672685,0,0,0,0.1502489099,0,0,0,0.08670588624,0.05431460826,0,0,0.01452655899,0.149241947,0
1,1,1,1,2,1500,500,v1,0.0189133167,0.008984700175,0.05407491039,0.01971941464,0,0.01456814125,0.02272480043,0,0.0001545736189,0.008848781904,0.00548421499,0.003351569339,0,0,0.09103246992,0,0,0.1041130035,0,0,0.001104679276,0.1294600345,0.0391936133,0.02395240027,0.007508573126,0,0.01060045385,0.003028912962,0.007477089068,0.04500127032,0,0.0189116335,0.0001286365369,0.0150752267,0.007363977556,0.002789184054,0.009467715481,0,0.01336633196,0.003819219133,0.01984652353,0.05674303446,0,0.02069239535,0.01528695166,0.0190086658,0.009285391931,0.005754813054,0.01773576888,0,0,0.00715450184,0.0371782776,0.01766140135,0,0.03876284011,0,0,0.04467058591,0,-0.1958661007,0.02544418203,0.01809004146,0.01718160232,0,0.01930375131,0.002821942897,0.01165135271,0,0,0.1013922733,0.004264352269,0,0,0.1438044406,0.09999814966,0,0,-0.2188136207,0,-0.1421645048,-0.02447404165,0.004264352269,-0.002849364505,0.005496828885,-0.02342715098,0.01165135271,0.0006376091165,0.01180698709,-0.005112350089,-0.2506170748,0.005712267553,0,0.02473046241,0.0164302118,0.01550754509,0.002254861435,0,0.0006376091165,0,0.11159661,0,-0.002849364505,0,0.04229184616,-0.3255708619,0.002017837028,0,0.0306186824,0.03016229391,-0.01366281336,0.02026844936,0,0.01180698709,0,0.001271467532,0,0.005496828885,0,0.02782438844,0.09785683374,-0.01834057457,0,0,-0.05413197235,-0.04605613055,0,0.1438044406,-0.005112350089,0.04229184616,0.02782438844,0.1013922733,-0.02342715098,0.11159661,0.001271467532
1,1,1,1,3,1500,500,v1,0,0,0.04036190298,0,0,0,0,0,0,0.01451660652,0,0,0,0,0,0,0,0,0,0,0,0,0,0,0,0,0,0,0,0.02120410509,0,0,0,0,0.007626291813,0,0,0,0,0,0,0.6739113828,0,0,0,0,0.2423797108,0,0,0,0,0,0,0,0,0,0,0,0,0,-0.8874551105,0,0,0.05487544479,0,0,0,0,0,0,0,0,0,0,0,0,0,0,0,0,0,0,0,0,0,0.9185165208,0,0,0,0.3303529737,-0.861409943,0,0,0,0,0.0288302771,0,0,0,0,0,0,0,0,0,0.0837057219,0,0,0,0,-0.9162853878,0,0,0,0,0,0,0,0,0,0,0,0,0,0,0,0,0,0.3303529737,0,0,0,0.9185165208,0,0
1,1,1,1,2,1500,500,v1,0.04699111245,0.003874325603,0.001253963193,0.2465949258,0.0002115821769,0.01201445157,0.005085053154,0.006027291727,0,0.001458562441,0.1049764773,0,0.01859656719,0.0002481790005,0.0002882393239,0.03734876054,3.454605456e-05,0.00196165814,0.007812572993,0.0009841053341,0,0.0001801832662,0.01714002175,0,0.0002481693253,0.002495625234,0.00289846171,0.0001007562414,0.006361064908,0.002058820574,0.07856125725,0.008348899005,0,0.001811877334,0.00239474203,0,1.025758435e-05,0.007729370357,0.0001198021368,4.164558385e-06,0.003188940629,8.509724423e-05,0.01552342428,0.016734581,0.0008153323205,7.48903377e-05,9.898188796e-05,0.007123980177,7.1182477e-05,0.05363794332,0.000715820884,2.889994091e-05,0.0221296443,0.001824546027,0.107724758,0.1161295767,9.964093359e-05,0.02253374739,0.002394717037,0.002838447849,0.1739424696,-0.2921695504,0.005965053167,0.000637790256,-0.005186338136,-0.116844345,0,0.0001957486077,0.04126510952,0.002300603812,0.003694519165,8.916000943e-05,0.08254742,0.0722283433,0.002300978492,-0.3112883668,0.05322010872,0.008043340911,0.0004400766454,0.0008484065314,0.01894994493,0,8.916000943e-05,0.03240463351,0.001818593921,0.002232096408,0.0001957486077,0.1701321908,0.001803493661,0.001748609349,0.0424265445,-0.0002224932795,-0.08058539834,-0.004624776578,-0.01253766322,-0.003397644238,0,0.08254742,0.1701321908,0.0001704557984,0.01388725884,0.04126510952,0.03240463351,0.005168994456,0.1211160515,-0.3653552082,1.205078285e-05,0.02283536541,0.0001877015003,0.01991266889,0.0001060501439,0.007892193202,0.0722283433,0.001803493661,0.005168994456,0,0.002300603812,0.001818593921,0.0001704557984,0,-0.279864449,2.050341854e-05,-0.1585971607,0.0228560927,0.1372323322,0.004157884996,0.0007782981057,0.002300978492,0.001748609349,0.1211160515,0,0.003694519165,0.002232096408,0.01388725884,0
1,1,1,1,3,1500,500,v1,0.001018903797,0.0008057587904,0.00486539783,0.0005471206537,0,0.01055173915,0.01432423242,0,0.001060251694,0.008011860072,0.01379599869,0.0008172282099,0,0,0.01280568687,0,0,0.02592848437,0,0,0.002605325918,0.01218609465,0.0339005098,0.002008151317,0.03233536112,0,0.006748963687,0.1958073447,0.001043499752,0.006300944515,0,0.01855062974,0.001373081366,0.006422420847,0.01037577759,0.00105835325,0.06107522018,0,0.01274748229,0.3698420638,0.002492342967,0.01190126105,0,0.001338313114,0.02581063388,0.01213070626,0.01959782971,0.03374642476,0.0031159977,0,0,0.01886897856,0.0001271568883,0.0001005568738,0,6.82794196e-05,0,0,0.001787631794,0,-0.08322453282,0.0007942917128,-0.004007890574,0.003565082293,0,0.02028879669,0.001364077793,0.03890899011,0,0,0.01475974172,0.2335076817,0,0,0.01255459958,-0.007706345981,0,0,-0.02008936895,0,-0.02077231404,-0.002481660307,0.2335076817,0.002493487564,0.00145570519,0.003223753499,0.03890899011,0.001345176738,0.02553430983,0.008517636168,-0.4567212168,0.222163834,0,0.009691922624,-0.01561082887,0.01371709455,-5.099038907e-06,0,0.001345176738,0,0.02010732819,0,0.002493487564,0,0.02746884214,0.251479505,-0.4257265961,0,-0.007812114539,-0.003521920729,-0.02510976994,-0.03123392954,0,0.02553430983,0,0.0009865170299,0,0.00145570519,0,0.0006975053007,-0.2259091105,0.02195164756,0,0,0.0001685194823,0.00162537612,0,0.01255459958,0.008517636168,0.02746884214,0.0006975053007,0.01475974172,0.003223753499,0.02010732819,0.0009865170299
1,1,1,1,0,1500,500,v1,0,0,0,0,0,0.02062967523,0,0,0,0,0.01378681112,0,0,0,0,0,0,0.02544577942,0,0,0,0,0.01700541335,0,0,0,0,0,0,0,0,0,0,0,0,0,0,0,0,0,0,0,0,0,0.5533371356,0,0,0.3697951853,0,0,0,0,0,0,0,0,0,0,0,0,-0.8807120308,0,0,0,0,0.03441459286,0,0,0,0,0,0,0,0,0,-0.8887034804,0,0,0,0,0.04240604254,0,0,0,0,0,0,0,0,0,0,0,0,0,0,0,0,0,0,0,0.7609302367,0,0,0,0.5085159173,0.07682063533,0,0,0,0,0,-0.9231180732,0,0,0,0,0,0,0,0,0,0,0,0,0,0,0,0,0,0.5085159173,0,0,0,0.7609302367,0
1,1,1,1,3,1500,500,v1,0,0,0,0,0,0,0,0,0.02760467986,0,0,0.1805571188,0,0,0,0,0,0,0,0,0.02436872575,0,0,0.1593913399,0,0,0,0,0,0,0,0,0.08063824571,0,0,0.52743989,0,0,0,0,0,0,0,0,0,0,0,0,0,0,0,0,0,0,0,0,0,0,0,0,-0.4240419007,0,0,0,0,0,0.2078840054,0,0,0,0,0,0,0,0,-0.3998042028,0,0,0,0,0,0.1836463071,0,0,0,0,0,0,0,0,0.3915303123,0,0,0,0,0,-0.6076882089,0,0,0,0,0,0,0,0,0,0,0,0,0,0,0,0,0,0,0.04295897122,0,0,0,0.2812778829,0,0,0,0,0,0,0,0,0,0,0.2812778829,0,0,0,0.04295897122
1,1,1,1,2,1500,500,v1,0.03320307852,0.0003099489479,0.007274615578,0.002843649257,0.08044928361,0.004395560477,0.02281168222,0.00321415726,0.001692765173,0.003370294621,0.01500494614,0.0109312653,6.889347934e-05,0.000413159863,0,3.950657182e-05,0.02243872544,0.001225999416,0.000139753182,0.0008964852022,0.0004721420908,0,0.004185144374,0.003048922872,0.02092999323,0.00473976359,0,0.0007509736214,0.0009917557469,0.02327687142,0.001603246353,0.07299143002,0.0054164068,0,0.01078406325,0.03497719627,0.05206893694,0.001966193688,0,0.001868247051,0.2643032692,0.05790742199,0.001127502528,0.02263602739,0.03498955686,0,0.02682823178,0.1194424281,0.0009456098162,3.570750934e-05,0.0002141408709,3.392872709e-05,0.004799939858,4.480717979e-05,2.047626706e-05,0.0004110867431,0.01162999758,7.243411276e-05,0.003297727428,0.0004646485275,-0.5524692854,0.03575690813,0.02261985694,0.01060210635,-0.08286847234,0.01931366064,0.01229320575,0.04510368777,0.002784936873,0.006120909931,0,0.001585756265,0.001595393025,0.002070325994,0,-0.2424958127,0.0001059241121,0.0005236189249,0,0.02278368197,0.005385091336,0.003488301591,0.001585756265,0.3397140246,0.0009531060953,0.04078288516,0.04510368777,0.02905006072,0.07018101772,0.01870469929,-0.08306049198,0.02131179252,-0.006247750717,0,-0.07336854627,0.03347824393,-0.0398443257,0.001595393025,0.02905006072,0.0695305531,0.04403853497,0.002784936873,0.3397140246,0.002775713424,0.1503032022,0.1321316159,-0.05341129019,-0.003067809538,0,-0.286762657,-0.08373873986,-0.1542599092,0.002070325994,0.07018101772,0.002775713424,0.004850736606,0.006120909931,0.0009531060953,0.0695305531,0.0312434909,-0.4026247397,0.0009732016684,4.166549069e-05,0.0002633078483,0.005163023295,0.003325940133,0.01188061266,0,0.01870469929,0.1503032022,0.0312434909,0,0.04078288516,0.04403853497,0.004850736606
1,1,1,1,4,1500,500,v1,0.1622636943,0.01520472239,0.1156285811,0.07021488402,0,0.003276223939,0.003655559426,0,0.004492396436,0.002928621048,0.002803482632,0.01657945467,0,0,0.002067530692,0,0,7.983875333e-05,0,0,0.0001094758287,0.003347782567,6.831845518e-05,0.0004040270191,0.01508441005,0,0.05970455358,0.00595501533,0.01069976287,0.08136935142,0,0.002572465187,0.003161358383,0.0966746779,0.002060909101,0.01166718004,0.00809592759,0,0.03204392754,0.003196105962,0.06128515696,0.04367160365,0,0.02651936532,0.001237392623,0.05188609892,0.001106106954,0.001058843593,0.005931725682,0,0,0.002341723491,0.04490241982,0.00420752671,0,0.01943021335,0,0,0.00101158466,0,0.2293718989,-0.2296109453,-0.01375512,-0.08197577015,0,-0.005551693247,-0.01072564441,0.007086656058,0,0,0.04720363049,0.002276743091,0,0,0.07613938435,-0.1061016552,0,0,0.005227653683,0,0.000109570376,0.0003133400445,0.002276743091,0.08558721339,0.009678662648,0.004651780654,0.007086656058,0.03723578391,0.003062731424,0.0008211168866,0.0182842052,-0.01576698304,0,-0.1493219288,0.001118949927,0.03465964858,-0.00353068565,0,0.03723578391,0,0.003368553321,0,0.08558721339,0,0.003050583487,-0.3747801933,0.005166345526,0,0.06186559851,0.08463706309,0.04366752323,0.001162698335,0,0.003062731424,0,0.004284885883,0,0.009678662648,0,0.01662959914,-0.1682106899,0.004358371409,0,0,0.0630918839,0.004141907366,0,0.07613938435,0.0008211168866,0.003050583487,0.01662959914,0.04720363049,0.004651780654,0.003368553321,0.004284885883
1,1,1,1,2,1500,500,v1,0.002079636138,0.0001127153186,0.001618178668,9.25051022e-06,0,0.0004046763918,0.001331297801,0,0.00112783816,0.0008901623167,0.001954932732,6.852013888e-05,0,0,0.0218791589,0,0,0.007387279449,0,0,0.02058844011,0.03020998866,0.0356868715,0.001250820221,0.09737191173,0,0.01413209775,0.395815735,0.001329032533,0.01908003386,0,0.01569740574,0.0132984019,0.01951311358,0.01049595293,0.0008079247338,0.03797730599,0,0.005511846189,0.1543773252,0.009563799923,0.007441656135,0,4.254110963e-05,0.001861019807,0.007610567281,0.004093665301,0.008990315743,0.008809458987,0,0,0.03581035251,0.002218480247,0.0001202406052,0,9.86810809e-06,0,0,0.001420180107,0,-0.08243509309,0.001169739907,0.001358835476,0.002394372605,0,0.002323336412,0.001135472474,0.07574590376,0,0,0.005751565273,0.3086590403,0,0,0.01189229007,0.04755061568,0,0,-0.03877246223,0,-0.04270840546,-0.01642316965,0.3086590403,0.008855142362,0.001643306493,0.01495263434,0.07574590376,5.842602587e-05,0.0194309802,0.008253238194,0.2101211704,-0.4916736443,0,0.01403558396,-0.01691178215,-0.02841166472,0.006508443973,0,5.842602587e-05,0,0.007684001493,0,0.008855142362,0,0.03703339582,-0.5354885141,0.1909025703,0,0.01297430801,-0.008765636586,0.01054671041,0.01057347083,0,0.0194309802,0,0.01240058253,0,0.001643306493,0,0.0007682972789,-0.3239199169,0.04450111151,0,0,0.001653517763,0.001503422223,0,0.01189229007,0.008253238194,0.03703339582,0.0007682972789,0.005751565273,0.01495263434,0.007684001493,0.01240058253
1,1,1,1,2,1500,500,v1,3.478582541e-05,0.007195313804,0.0005354650052,0.0002809433581,0.0009343644083,0,0.004365873406,0.004524764211,0.0004927663459,0.001139106241,0,5.764115273e-05,0.001768343014,0.009003111134,0.02487752007,0.00140657084,0.008859694166,0,0.02994567252,0.04290406048,0.004672437307,0.02825732943,0,0.0005465565469,0.03398884917,0.01187674807,0.03281799305,0.007683250296,0.09000302701,0.006697897081,0.03950381187,0.05461079708,0.006163798265,0.03727657893,0.01424858075,0.0007210079182,0.02209917248,0.001516739496,0.02133789482,0.004995564065,0.0002829106139,0.004354898341,0.001206441018,0.002284892107,0,0.02423681788,0.009264269055,0,0.04339649792,0.00297844557,0.01516406956,0.009809868932,0.0005555560906,0.1149146343,0.002369107494,0.004486879119,0.0149225103,0.05043792689,0.06972631906,0.07226392608,-0.1644738963,0.0001898582028,0.01148982674,0.0009496987259,0.005092531596,0,0.0003677006189,0.01899757156,0.001959213455,0.00682469561,0.01912172159,0.004802837375,0.001813693903,0.006271486007,0.02083117988,-0.1420667922,0.001177995994,0.02161302158,0.003603285573,0.02344971596,0,-4.674093892e-05,0.004802837375,0.0006858916212,0.05373173078,0.008399325372,0.01899757156,0.004859286091,0.05273225266,0.01758565344,-0.1633228734,0.001026569185,0.01544697773,-0.04976434695,0.07459410162,-0.01719177137,-0.005487221575,0.001813693903,0.004859286091,0.01242456661,0,0.001959213455,0.0006858916212,0.06140832129,0,-0.0966275272,0.01070914714,0.0006343912218,0.01952579373,0.0008018589791,-0.001081246553,0,0.006271486007,0.05273225266,0.06140832129,0.006923178263,0.00682469561,0.05373173078,0.01242456661,0.0008262145799,0.1662259957,-0.02760265564,-0.004327658789,-0.04579078704,-0.004688502323,-0.1570599174,-0.07776417277,0.02083117988,0.01758565344,0,0.0008262145799,0.01912172159,0.008399325372,0,0.006923178263
1,1,1,1,0,1500,500,v1,0,0,0,0,0,0.3616469975,0,0,0,0,0.211044121,0,0,0,0,0,0,0.02407462352,0,0,0,0,0.01404908044,0,0,0,0,0,0,0,0,0,0,0,0,0,0,0,0,0,0,0,0,0,0.245765381,0,0,0.1434197965,0,0,0,0,0,0,0,0,0,0,0,0,0.4089753522,0,0,0,0,-0.5545071289,0,0,0,0,0,0,0,0,0,-0.1836330299,0,0,0,0,0.03810125333,0,0,0,0,0,0,0,0,0,0,0,0,0,0,0,0,0,0,0,0.1385678411,0,0,0,0.07972982452,-0.5164058749,0,0,0,0,0,0.3708740987,0,0,0,0,0,0,0,0,0,0,0,0,0,0,0,0,0,0.07972982452,0,0,0,0.1385678411,0
1,1,1,1,2,1500,500,v1,0,0.03330139937,0.0290236759,0,0,0,0.1285808005,0,0.03246024874,0.03789400527,0,0.09392227493,0,0,0,0,0,0,0,0,0.01788079369,0,0,0.05173727516,0,0,0,0,0.04339003842,0.03781638117,0,0.1675342771,0.0422940617,0,0.04937397152,0.122375972,0,0,0,0,0,0.02511304354,0,0,0,0,0.03278819015,0,0,0,0,0,0,0.01121419687,0,0,0,0,0.04329939395,0,-0.1912187157,0,0.08788265485,0.03348428873,0,0,0.0783162431,0,0,0,0,0,0,0,0,-0.05050479629,0,0,0,0,0,0.06353526749,0,0,0.006152318504,-0.006136307363,0,0,0.02031480395,-0.01348181486,0.3158927306,0,0,0,-0.1568722916,-0.02173492865,-0.1288210394,0,0,0,0,0,0,0,0,0.0117493601,0,0,0,0,0.001329388055,0,0,0.02031480395,0,-0.004440963624,0,0.006152318504,0,-0.01510474304,-0.06898963673,0,0,0,0,0.0513448884,0,0,-0.01348181486,0,-0.01510474304,0,-0.006136307363,0,-0.004440963624
1,1,1,1,0,1500,500,v1,0.001310004119,0,0,0.004646171762,0,0,0,0,0,0,0,0,0.0002613997146,0,0,0.0009888587849,0,0,0,0,0,0,0,0,0.01492747735,0,0,0.003017716002,0,0,0,0,0,0,0,0,0.5479807838,0.001572215828,0,0.1107789576,0.002028840533,0,0.005947594226,0.007195657985,0,0,0,0,0.242833387,0.0006967151145,0,0.04909082629,0.0008990647718,0,0.002635629739,0.003188699406,0,0,0,0,-0.003554822303,0.00448222085,0,0,0,0,0,0.4358358103,0.0009639742284,0,0,0.08814715015,0.003531083653,0,0,-0.004099710066,0.001103004802,0,0,0,0,0,0.08814715015,-0.0002681560459,0,0,0.4358358103,-0.001122941776,0,0,-0.3672021244,0.01788015049,0,0,0,0,0,0.003531083653,-0.001122941776,0,0,0.0009639742284,-0.0002681560459,0,0,0.3207768526,-0.657247548,-0.007292418998,0,-0.007628166307,0,0,0,0,0,0,0,0,0,0,-0.6487027559,0.2900454237,0.003192708937,0,0.004073344002,0,0,0,0,0,0,0,0,0,0
1,1,1,1,4,1500,500,v1,0,0.08648254492,0,0,0,0,0.00640749834,0,0,0,0,0,0,0.1421989801,0,0,0,0,5.173113071e-05,0,0,0,0,0,0.1250519635,0.1035088437,0,0.04015052885,0.100669098,0,3.765589263e-05,0.007458581141,0,0,0,0,0.01041355509,0,0,0.003343488037,0,0,0,0,0,0,0,0,0.1241722851,0,0.1027807105,0.03986808984,0,0.099960941,0,0,0,3.739100215e-05,0.007406113731,0,0.06141709729,0,0.02938510862,0,0,0,0,0.02980567308,0,-0.0892137886,0,0.006092838505,0,-2.721771526e-05,0,0.1666021618,0,-0.1071081576,0,0,0,0,0.006092838505,0,-0.1289956267,0,0.02980567308,0,-0.00720768215,0,0.0623290375,-0.03418433397,0.08539645393,0,0.01282271148,0,0,0,0,0,0,0,0,0,0,-0.03757671595,0.01364437485,0,0,0,0,0,-2.721771526e-05,-0.00720768215,0,0,-0.0892137886,-0.1289956267,0,0,-4.384264856e-05,-0.003392381972,0,0.08120570783,0,0.04859438579,0,0,0,0,0,0,0,0,0
1,1,1,1,2,1500,500,v1,0.005630229547,0.01315381492,0.0008538672269,0.0001193680837,0.01682208064,8.827922681e-05,0.009549552694,0.05033418742,0.00107783558,0.0006738511624,0.0006299934772,4.23865178e-05,0,0.008808526865,0.0673833282,0,0.03730719187,0.0001957813735,0.002574609808,0.1116287116,0.0023903713,0.01914747879,0.001397168878,9.400275661e-05,0.0005965617158,0.006520278564,0.04987872287,0.003218507912,0.02159371892,0.001401735467,0.001905786677,0.01567684797,0.001769409005,0.01417341372,0.001106215398,6.958304927e-05,0.001512484539,0,0.1264593338,0.008159999757,0.02343351211,0.003553870732,0,0.0004968204957,0.0003674259306,0.03593436949,0.00280462799,0.002622088434,0.001152398068,0,0.01259543853,0.006217298566,0.01785455216,0.04171330361,0,0.000378539393,0.05334608717,0.003681471383,0.03028348759,0.159619491,-0.1477720447,0.004229693407,0.01851402164,0.0001219227058,0.06484087219,0.0001393262262,6.796435829e-06,0.002179506275,0,0.0107830821,0.01878535387,0.01089190466,0,0.003126256542,0.008081358618,-0.2029443242,0,0.002597427508,0.0660573066,0.09332838433,0.0002985027274,-0.001270606841,0.01089190466,0.02755760469,0.01686329038,0.003311513915,0.002179506275,0.0006586872621,0.01664328496,0.002720824242,-0.150737886,0.001506982265,0.001534343793,0.05740659102,0.02532406135,0.001444513694,-0.000281516672,0,0.0006586872621,-0.002254787583,0.0003099005576,0,0.02755760469,0.01933294607,0.002417864306,0.1214304786,-0.006908802136,0,-0.1413750394,-0.01657864869,-0.005587995171,-0.00225633886,0.003126256542,0.01664328496,0.01933294607,0.002231020973,0.0107830821,0.01686329038,-0.002254787583,8.696964479e-05,0.1883883359,-0.003312454089,0,-0.01340466372,-0.006461906016,-0.06617579991,-0.1695546956,0.008081358618,0.002720824242,0.002417864306,8.696964479e-05,0.01878535387,0.003311513915,0.0003099005576,0.002231020973
1,1,1,1,4,1500,500,v1,0.489443666,0,0,0.368281455,0,0,0,0,0,0,0,0,0,0,0,0,0,0,0,0,0,0,0,0,0,0,0,0,0,0,0,0,0,0,0,0,0,0,0,0,0.0556122554,0,0,0.04184539255,0,0,0,0,0,0,0,0,0.02557405551,0,0,0.01924317552,0,0,0,0,0.1422564464,-0.8577134889,0,0,0,0,0,0,0,0,0,0,0,0,0,0,0,0,0,0,0,0,0,0.6123957996,0,0,0,0.4607897657,0,0,0,0,0,0,0,0,0,0,0.4607897657,0,0,0,0.6123957996,0,0,-0.8128974735,0,0,0,0.09744043076,0,0,0,0,0,0,0,0,0,0,-0.7602730589,0,0,0,0.04481601566,0,0,0,0,0,0,0,0,0,0
1,1,1,1,2,1500,500,v1,0,0,0,0,0,0,0,0,0,0,0,0,0.3546145706,0,0,0.2495690377,0,0,0,0,0,0,0,0,0,0,0,0,0,0,0,0,0,0,0,0,0,0.1712004416,0,0,0,0,0.120486672,0,0,0,0,0,0,0.06111678428,0,0,0,0,0.04301249385,0,0,0,0,0,0,0,0,0,0,0,0,0,0.1829557139,0,0,0,0.1287373926,0,0,0.3948036789,-0.6025990837,0,0,0,0,0,0,0,0,0,0,0,0,0,0,0,0,0,0,0,0,0.1287373926,0,0,0,0.1829557139,0,0,0,-0.498495136,0,0.2906997311,0,0,0,0,0,0,0,0,0,0,0,0,-0.3118993528,0,0.1041039478,0,0,0,0,0,0,0,0,0,0,0,0
1,1,1,1,1,1500,500,v1,0,0.007409346429,0.004530982979,0,0.0001090551664,0.0002503398531,0.0004504378501,0.02432172807,0.002335961276,0.001984744981,3.56682228e-05,0.001678673089,0,0.007344558424,0.002651187503,0,9.254380961e-05,0.0002124374705,0.00843652353,0.0206393282,0.001982288071,0.002418738906,3.026792153e-05,0.001424515755,0,0.006668097047,0.00240700319,0,0.005708437514,0.003490838694,0.00765948807,0.000347034161,0.001799711905,0.002195963981,0.00152912174,0.001293312511,0,0,0.01158721424,0,0,0.01680475373,0,0,0.0009284739315,0.01057128018,0.007361129091,0.0001322882259,0,0,0.1413672422,0,0,0.1210219442,0,0,0.001781272935,0.1623852649,0.007357310779,0.3972634894,-0.5180126121,0,0.00785280876,0.006123116449,0.02434277002,0.0001506114072,-0.001017368505,0,0,0.1909502531,0.009719078748,0,0,0.2193141471,0.008755492675,-0.681486319,0,0.01576690379,0.004810421905,0.02068682824,0.0001827776138,0.0007220087693,0,0,0.1618364576,0.01318115489,0,0,0.009838472335,0.005747829462,-0.4428431323,0,0.01429586745,0.004381588365,0.006052227918,0.004922831865,0.001231310624,0,0,0.002369902461,0.0007742290786,0,0,0.5283777089,0.0001191818268,0.02057134766,0,0,-0.02150839121,0,-0.02366527124,-0.0009289962907,0.2193141471,0.009838472335,0.5283777089,-0.0009421558139,0.1909502531,0.1618364576,0.002369902461,-0.0004617705194,0.08899740571,0,0,-0.3035723718,0,-0.1283549902,-0.3988613393,0.008755492675,0.005747829462,0.0001191818268,-0.0004617705194,0.009719078748,0.01318115489,0.0007742290786,-0.0009421558139
1,1,1,1,2,1500,500,v1,0.1624913169,0.001768910269,0.008046576371,0.02126529724,0.005632662532,0.1007885857,0.02460849287,0.009770789269,0,0.06195015507,0.0002799522168,0,0.0005461495824,0,0,0.0003203312028,0.002362046564,0.04226550609,0,0.004097362321,0,0,0.0001173974418,0,0.09482177557,0,0,0.1453804808,0.0009546348973,0.004342528133,0,0.01328056402,0,0,0.03343288857,0,0.0152536355,0.0001130664268,0,0.02338683125,0.01410674911,0.000698566768,6.631645551e-05,0.001846155343,0.008750001655,0,0.00537822766,2.430416444e-05,0.05011023552,0.0003714383547,0,0.0768288728,0.04634256013,0.0005044936066,0.000217858438,0.006064867555,0.001606436621,0,0.007018347702,0.002786631297,0.1356716487,-0.180591951,-0.02017320184,-0.04676439414,-0.01315002329,-0.0956252387,0,0.04600429618,0.0004226524402,0,0,0.07042167714,0.0003225188279,0,0,-0.09733667518,-0.0004190426561,0,0,0.003745652059,0.03213678664,0,0.07042167714,0.1530268273,0.001099643392,0.006826812369,0.04600429618,0.02027208073,0.01529684919,0.0423627805,0.0975736492,-0.2292743365,0,0,0.002404225791,0.007955088968,0,0.0003225188279,0.02027208073,0.003999977595,0.08222415494,0.0004226524402,0.1530268273,0.005607119647,0.0002334942808,-0.3503158028,0.03839555044,0.0001066964106,0,0.01586909772,0.006016243257,0.008516685894,0,0.01529684919,0.005607119647,0,0,0.001099643392,0.003999977595,0,-0.3830873341,0.1132614705,-0.0001844346002,0,0.04919024779,0.006837980997,0.002999639725,0,0.0423627805,0.0002334942808,0,0,0.006826812369,0.08222415494,0
1,1,1,1,3,1500,500,v1,0.005406683121,0.0560230673,0.04088998022,0.0007590878873,0.0221401883,0,0.1079787812,0.009407174262,0.00236239481,0.08187710551,0,0.1904028274,0,0.01633121153,0,0,0.0005595395009,0,0.001391410002,0.000237743488,5.970379272e-05,0,0,0.004811969148,0.0003308031848,0.0158893099,0,0.0006009444795,0.001377535994,0.001005432624,0.001353760233,0.002655060939,5.808828471e-05,0,0.002013253922,0.004681763438,0.03293669943,0,0,0.05983354636,0.01323662862,0.1001067513,0,0.00185839714,0,0,0.2004513328,0,0.0002998757851,0,0.01440378902,0.0005447610721,0.0001205143341,0.001248747614,0,1.691998018e-05,0.0004935022063,0.001227194692,0.002406834396,0.0002096848135,-0.2916427607,0.006064546023,-0.1637779504,0.1215430997,-0.03145404642,0,-0.1927154022,0.04826524407,0,-0.01523839907,0,0.087657259,0,-0.0005395126072,0,-0.2089824223,0,0.0007653452189,0,0.0007854362557,0,0.004866661564,0.087657259,0.01154019916,0.07998830411,0.08701741892,0.04826524407,0.00161500347,0.1541725258,0.1740149362,-0.6180624808,0.0009280401083,0.01201956771,0,0.004023860397,0.003017081442,0.004738718717,0,0.00161500347,0.03155689869,0,0,0.01154019916,0.01340344789,0,0.1325233817,-0.09237798207,0,0,-0.01497035646,-0.2985817514,0,-0.0005395126072,0.1541725258,0.01340344789,0.003365564317,-0.01523839907,0.07998830411,0.03155689869,0.2712994712,-0.2779935399,0.0008349390405,0,-0.002266305174,0.0001356753279,0.003646870067,0.0006950461049,0,0.1740149362,0,0.2712994712,0,0.08701741892,0,0.003365564317
1,1,1,1,3,1500,500,v1,0.09866647331,0,0.0473433297,0.03443842659,0.004929212574,0.1778638321,0,0.02388231851,0.1139166163,0.01564659859,0.06213370977,0.08785487262,0.003391453703,0,0.0003065047411,0.001174194362,0.001241019025,0.04478045858,0,0.006012808576,0.02868058255,0.0006666246758,0.01564329287,0.022119064,0,0,0.0003564110642,0,0,0.01386033323,0,0,0.03335046928,0.0007751671617,0.00458073126,0.02572057813,0,0.001718193417,0.0001552828004,0,0.01258509954,0.00603873329,0.0005948755904,0.004392687934,0.02268687586,0.0003377283696,0.001995753918,0.007925274879,0,0.005404234356,0,0,0.03958391799,0,0.001871062403,0.01381632289,0.001977546574,0,0,0.009581326925,0.3054673222,-0.1298845838,0,-0.06188263682,-0.02745507204,-0.2392374389,-0.2003561229,0,0.003456977659,0,0.0003931623097,0,0.00123744337,0,0.001056067775,-0.3711084528,-0.0009077854858,0,-0.0004604545165,0.006511316588,0.05919820501,0.04965173977,0,0.07029313966,0,0.04201574139,0,0.02410659321,0,0.0140778288,-0.205241133,0,0,-0.0004799890041,0,0.01665487265,0.0579904933,0.00123744337,0.02410659321,0.003097678832,0.1667023482,0.003456977659,0.07029313966,0.01279506663,0.05786356689,-0.3099678993,0,0.000873325049,-2.570986906e-05,0.01682436921,0.007832050708,0.03032862348,0,0,0.01279506663,0.07896093717,0,0,0.003097678832,0.06010989738,-0.1340384298,0,-0.003095153583,0,0.05012705939,0,0.0103485919,0.001056067775,0.0140778288,0.05786356689,0.06010989738,0.0003931623097,0.04201574139,0.1667023482,0.07896093717
1,1,1,1,3,1500,500,v1,0.02104026587,0,0.1965773529,0.01471150299,0.002527645087,2.389989891e-05,0,0.003603466194,0.01701886072,0.1695291565,0.001036539443,0.01639378012,0.1234341813,0,0.0006255771754,0.01706914135,0.006051637651,5.722066315e-05,0,0.008627347172,0.04074621821,0.00171034683,0.002481662143,0.03924966267,0,0,0.0001383592275,0,0,0.1040920446,0,0,0.009011862163,0.0003782782932,0.08976942796,0.008680868199,0,0.0115852432,5.871520875e-05,0,0.004728003185,0.04417331779,0.001602069636,0.00330585333,5.370597447e-06,0.0001605291483,0.03809525968,0.0002329229973,0,0.0007517495026,0,0,0.0003067932179,0,0.0001039559576,0.0002145119919,3.685620585e-05,0,0,5.254301424e-05,0.2054917019,-0.03540924344,0,-0.3620807859,0.004130593992,0.0002229199294,0.03113077357,0,0.1663801685,0,0.0006396467126,0,0.02298928089,0,0.001760925212,0.06777296777,-0.1402174117,0,-0.002248606719,-0.01307471969,-0.001830348268,-0.07790401208,0,0.02392349548,0,0.07249559078,0,0.01649383328,0,0.06237496208,-0.3287808096,0,0,0.0004477407253,0,0.1900457518,0.01736446462,0.02298928089,0.01649383328,0.005706373051,5.112257571e-05,0.1663801685,0.02392349548,0.007583560284,0.002028957721,-0.3497146898,0,0.01311963997,0.0002004847103,0.00796054444,0.08212133234,0.0002207081396,0,0,0.007583560284,0.02234896585,0,0,0.005706373051,0.02176419481,-0.1634905963,0,0.0008514716709,0,0.0005038131824,0,8.417013665e-05,0.001760925212,0.06237496208,0.002028957721,0.02176419481,0.0006396467126,0.07249559078,5.112257571e-05,0.02234896585
1,1,1,1,0,1500,500,v1,0,0,0,0,0,0,0,0,0.0003867034303,0,0,0.001323713509,0,0.4343148618,0.01761264863,0,0,0,0.03416274007,0,0.00588450492,0.05332255531,0,0.02014308136,0,0.2880063954,0.01167944248,0,0,0,0.02265427341,0,0.003902180652,0.03535968556,0,0.01335744356,0,0,0.005204884254,0,0,0,0,0,0,0.01575786438,0,0,0,0,0.0342341962,0,0,0,0,0,0,0.002692825066,0,0,-0.008531432538,0,0,0,0,0,0.001707836559,0,0,0.1735033169,0.001428928864,0,0,0.01316074761,0.004285558521,0.4050043295,0,-0.4487771994,-0.06668587912,0,0,-0.02461721431,0,0,0,0,0,0,0,0,-0.4813534517,0,0.287568024,0.0426236896,0,0,0.01608578178,0,0,0,0,0,0,0,0,-0.02406218952,0,0,0.02025253124,0,0,0,0.01316074761,0,0,0.002378905015,0.1735033169,0,0,0.007856488994,-0.1612091752,0,0,0.03676646697,0,0,0,0.004285558521,0,0,0.007856488994,0.001428928864,0,0,0.002378905015
1,1,1,1,4,1500,500,v1,0,0,0,0,0,0,0,0,0.007372330979,0,0,0.01188194912,0,0.08891203055,0.009142487269,0,0,0,0.000416292265,0,0.02486236337,0.02870902676,0,0.04007054722,0,0.3226173936,0.03317352438,0,0,0,0.001510516908,0,0.09021311087,0.1041707329,0,0.1453960215,0,0,0.0009570592765,0,0,0,0,0,0,0.003005335373,0,0,0,0,0.08718108985,0,0,0,0,0,0,0.0004081878812,0,0,-0.1707134581,0,0,0,0,0,0.01921836668,0,0,0.2195730624,0.03467243133,0,0,0.001023065345,0.1088902994,-0.5858786218,0,0.08926722045,0.03759664426,0,0,0.0647470917,0,0,0,0,0,0,0,0,0.3022322943,0,-0.3237876478,-0.13725176,0,0,-0.23546055,0,0,0,0,0,0,0,0,-0.09965511567,0,0,0.003946628708,0,0,0,0.001023065345,0,0,0.08701631475,0.2195730624,0,0,0.1402263226,-0.2345204278,0,0,0.08745634249,0,0,0,0.1088902994,0,0,0.1402263226,0.03467243133,0,0,0.08701631475
1,1,1,1,3,1500,500,v1,0,0,0,0,0.0151268826,0,0,0.03081815617,0,0,0,0,0,0,0,0,0.1271202974,0,0,0.2589835117,0,0,0,0,0,0,0,0,0,0,0,0,0,0,0,0,0,0,0,0,0,0,0,0,0,0,0,0,0,0,0,0,0,0,0,0,0.1869914714,0,0,0.3809596807,-0.1824871614,0,0,0,0.04590965654,0,0,0,0,0,0,0,0,0,0,-0.4709100503,0,0,0,0.3343325456,0,0,0,0,0,0,0,0,0,0,0,0,0,0,0,0,0,0,0,0.07058813954,0,0,0,0.1342781174,0,0,0,0,0,0,0,0,0,0,0.1342781174,0,0,0,0.07058813954,0,0.3802422025,0,0,0,0,0,-0.5168197066,0,0,0,0,0,0,0,0
1,1,1,1,1,1500,500,v1,0.0001057350754,1.547545679e-06,0.0002737794221,7.153436547e-05,0,0,4.456002848e-05,0,0,0.0002507868751,0,0,0.5745137091,0.01000944352,0.02846238271,0.1218343306,0,0,0.005325792812,0,0,0.02180039579,0,0,0.009801311241,6.621737412e-05,0.0001882926099,0.004088325705,3.720314916e-06,0.0006581684025,3.523272942e-05,0.0001071227433,0,0.0001442203017,0.0006028940952,0,0.1044136361,0.04048885145,0.002005886312,0.04355304532,0.002707873333,0.007011485954,0.008586273983,0.001831993782,0,0.00153638281,0.00642264725,0,0.001563526512,0.0006062943025,1.056313971e-05,0.0006521786192,4.05486477e-05,5.934727366e-07,0.0001285738866,2.743291924e-05,0,5.620401719e-06,1.708845329e-05,0,-0.01658411766,0.0001758941572,-3.177178081e-06,0.0005105243094,0,0,0,0.1392559916,0.7977349867,0.0148670987,0.03929818555,0.05799777599,0.1685255486,0.007906911229,0.03006180238,0.0534871713,-0.6937279487,-0.01529926588,-0.05005629974,0,0,0,0.05799777599,0.003811281042,4.637250758e-06,0.009043219138,0.1392559916,0.002577863897,0.0001337679821,0.008280545241,-0.2199622217,0.01381152804,0.0001005052388,0.000331342062,-9.482271036e-05,0.001247051113,0,0.1685255486,0.002577863897,0,0,0.7977349867,0.003811281042,0,0,-0.724694235,-0.1475255379,0.04881957578,0.003484965533,-0.004502795378,-0.01330675168,0,0.007906911229,0.0001337679821,0,0,0.0148670987,4.637250758e-06,0,0,-0.7982460326,0.002211500868,0.0007346956198,1.608740037e-05,6.747127697e-05,5.729733361e-06,0,0.03006180238,0.008280545241,0,0,0.03929818555,0.009043219138,0,0
1,1,1,1,2,1500,500,v1,0,0,0,0,0,0,0,0,0,0,0,0,0,0,0,0,0,0,0,0,0,0,0,0,0.06360704581,0,0,0.5897031086,0,0,0,0,0,0,0,0,0.0275698017,0,0,0.2556005794,0,0,0,0,0,0,0,0,0.006184329843,0,0,0.0573351346,0,0,0,0,0,0,0,0,0,0,0,0,0,0,0,0.04480041085,0,0,0,0.4150636795,0,0,0,0,0,0,0,0,0,0,0.4150636795,0,0,0,0.04480041085,0,0,0,0.3460615379,-0.6526375988,0,0,0,0,0,0,0,0,0,0,0,0,0,-0.5891364402,0.2825603792,0,0,0,0,0,0,0,0,0,0,0,0,0,-0.3700772195,0.06350115862,0,0,0,0,0,0,0,0,0,0,0,0,0
1,1,1,1,4,1500,500,v1,0.03796529904,0.01509008473,0.04280722969,0.002267033714,0.05613452411,0,0.03256819476,0.001427790429,0.009270310081,0.003885549847,0,1.925376529e-05,0,0.008231428174,0,0,0.051055088,0,0.01284420854,0.001298594174,0.008431468949,0,0,1.751155277e-05,0.06807214707,0.01777934217,0,0.0532296243,0.02964429711,0.08409430819,0.02774264365,0.06397984236,0.01821141706,0,0.007633117785,3.782379947e-05,0.06002734882,0,0,0.04693892235,0.06576820939,0.07415600343,0,0.00392723755,0,0,0.006731032348,0,0.0133437202,0,0.003485163573,0.01043424137,0.01461987913,0.005810970026,0,0.0008730013912,0.02161658088,0.005438201827,0.01254153353,0.0005498211267,-0.1769924493,0.007803791525,0.03409759676,0.03806054801,-0.03807441429,0,0.004500464403,0.03801117563,0,0.01540332968,0,0.03088548312,0,0.02624800738,0,-0.06498740418,0,0.00476194181,0,-0.02613430456,0,0.001353102151,0.03088548312,0.05075545721,0.01938034228,-0.001857814432,0.03801117563,0.003640881636,0.03839388778,-0.0002647192688,0.1155251055,-0.06252190885,-0.03987803429,0,-0.08823780269,-0.0298335882,-0.01468624341,0,0.003640881636,0.07050659535,0,0,0.05075545721,0.00210304953,0,-0.01073603143,-0.005473738938,0,0,-0.05775860169,-0.006811937336,0,0.02624800738,0.03839388778,0.00210304953,0.01321808272,0.01540332968,0.01938034228,0.07050659535,3.093258102e-05,-0.2714154752,0.0220645419,0,0.00734853445,0.01369058425,0.01562405258,0.01580228893,0,-0.0002647192688,0,3.093258102e-05,0,-0.001857814432,0,0.01321808272
1,1,1,1,0,1500,500,v1,0.002107862163,9.90874372e-05,0.02341743321,0.007277180441,0.001449977212,0.002519394685,2.130802596e-05,0.0002469610132,0.01218351976,0.115258574,0.003494100735,0.02345340001,0.0004330727428,0,1.040215003e-05,0.0005300919042,0.0001642909019,0.0002854621587,0,2.798212777e-05,0.001380464075,0.0003974389149,0.0003959020573,0.002657407447,0.01360012924,0,0.0003749908309,0.002619284734,0.0004047328621,0.09565092239,0,8.70348308e-05,0.04976484369,0.01432741774,0.4707855389,0.0957978325,0.00105975532,0.001216524768,2.922020231e-05,0.00020410107,0.0006708951466,0.007453353718,0.001489056842,0.002316197484,0.0008018786505,0.001116427418,0.03668476016,0.001112110301,0.0006500168068,0.0007461736976,0,0.00012518845,0.0004115035922,1.934416637e-05,0.0009133353294,0.001420674438,0.0002830691882,0,4.159820969e-06,4.821251877e-05,-0.6577105071,-0.008104218555,8.460387185e-05,0.1383762276,-0.000446943125,-0.004998272296,0.03538079662,0.01780306832,0.0007863797146,0,0.0005141740388,0.003429907732,0.0007884704754,0,0.01920259639,-0.1289498561,0.000355659041,0,0.0003836701404,7.053536794e-05,0.000567736706,0.004016399888,0.003429907732,0.00145101013,0.0004170422341,0.09717316676,0.01780306832,0.004893516926,9.357075068e-05,0.4780570012,0.2254495136,-0.01615457008,0,-0.01465789547,-0.0004392300346,-0.5659276435,-0.1451182486,0.0007884704754,0.004893516926,0.0005856471209,0.002037461661,0.0007863797146,0.00145101013,7.320515744e-05,0.002764270929,-0.4676954228,0.001232859881,-0.00162414766,0.00112971172,0.00239563387,0.04406463685,0.001229380527,0,9.357075068e-05,7.320515744e-05,0.05415835367,0,0.0004170422341,0.0005856471209,0.104423224,-0.02262981733,0.0007663928234,0.0002185884945,0,0.00147889998,1.421750625e-05,-6.282709548e-05,0.01920259639,0.4780570012,0.002764270929,0.104423224,0.0005141740388,0.09717316676,0.002037461661,0.05415835367
1,1,1,1,4,1500,500,v1,0,0.2055811988,0,0,0,0,0.1297470283,0,0,0,0,0,0,0,0,0,0,0,0,0,0,0,0,0,0,0,0,0,0.004025426149,0,0,0.002540539133,0,0,0,0,0,0,0,0,0,0,0,0,0,0,0,0,0,0,0,0,0,0.4034679156,0,0,0,0,0.254637892,0,-0.6508621395,0,0.3348752899,0,0,0,0,0,0,0,0,0,0,0,0,0,0,0,0,0,0,0,0,0,0.290650041,0,0,0,0.1833302348,0,-0.3225525007,0,0,0,0.00656565032,0,0,0,0,0,0,0,0,0,0,0,0,0,0,0,0,0,0,0.1833302348,0,0,0,0.290650041,0,0,0.3414409397,0,0,0,0,-0.6574277905,0,0,0,0,0,0,0,0,0
1,1,1,1,1,1500,500,v1,0.0007504173436,0.1165928365,0.03767904342,0.06780287807,0.007561163116,0.0006693758589,0.07977976055,0.0004570243144,0.0008897159389,0.07361855122,0.001816950461,0.004050668277,0.07733113462,0.03227030856,0,0.005700116494,0.01969291804,0.001743377801,2.748067084e-05,0.001190311891,0.002317249713,0,0.004732215925,0.01054989519,0.006854118618,0.00046849682,0,0.005513865639,0.004408561092,0.001424704723,3.98961382e-07,0.003016599981,3.364157859e-05,0,0.002783634831,0.0001531622277,0.1256806075,0.02058612317,0,0.1011050467,0.0005202888438,0.02612411094,0.001517413404,0.04700994898,0.0004641001366,0,0.05104214504,0.001259751074,0.01485731,0.00243358478,0.00101553575,0.01195211458,6.150585037e-05,0.009556204445,0.0001793807476,0.005557272509,0.0006197295029,8.648074626e-07,0.00653892405,3.745871459e-05,0.09568625287,-0.05993052846,-0.1961807231,-0.09719048487,0.006593570827,0.001968062462,0.002929334553,0.1558069248,0.08093996226,0.04598570555,0,0.1252056917,0.00596425414,3.895159088e-05,0,0.03933808415,-0.08211005044,-0.03209551956,0,-0.01921567386,-0.00567529226,-0.01031858638,0.1252056917,0.0005598538035,0.153898572,0.01703922263,0.1558069248,0.02798784458,0.1052470714,0.03226752415,-0.4553528465,0.01229799993,0.0004611526278,0,0.007394133758,0.004150532921,0.0001753234635,0.00596425414,0.02798784458,0.01692802013,0.000958934987,0.08093996226,0.0005598538035,0.001041294448,0.002437541779,-0.191662791,-0.2263671975,0.02157289949,0,0.03540021983,0.06016878738,0.001442911952,3.895159088e-05,0.1052470714,0.001041294448,0.002096456053,0.04598570555,0.153898572,0.01692802013,0.008724436487,-0.5321797135,0.02672745327,0.002601006649,0.000951262312,0.005498509736,0.01602282703,0.0006425599653,0,0.03226752415,0.002437541779,0.008724436487,0,0.01703922263,0.000958934987,0.002096456053
1,1,1,1,2,1500,500,v1,0,0.001153112257,0.0008050355171,0,0.0005549583466,0.0002553998289,2.396961301e-05,0.0003149299236,0.004219339512,0.002980392888,0.001481360021,0.0008998540885,0.0002209422139,0.001728330915,0.00398946428,0.0009829829335,0.0006365647608,0.0002929562767,0.001153339142,0.0003612402493,0.004839791785,0.007490867998,0.001699193449,0.001032177291,0.0001905200794,0.02520242228,0.05817413932,0.000828974079,0.01928719981,0.01346519455,0.01681792523,0.0004009208234,0.07057356623,0.1092314075,0.04985068262,0.01505115005,0.0003790076931,0.006409163615,0.1157276777,0.001649104673,0,0.02678674257,0.02851468871,0,0.008498170977,0.2172975358,0.09916955879,0.04929075634,6.044524857e-05,0.001022152043,0.007995832689,0.0002630040068,0,0.006119142877,0.00454760544,0,0.002944959948,0.005335729828,0.0001271979253,0.00167121734,-0.214243224,0,0.001119370469,0.00376439793,0.00075363624,0.001720236331,0.005042094636,0.0001829107518,0.007741236404,0.02299929828,0.08005447239,0.0007879705899,0.03442675015,0.01539099137,0.1495845192,-0.3620382937,0.001182776324,0.002836902419,0.01144363926,0.0008345434372,0.001943881744,0.005789509557,0.0007879705899,0,0.01798247134,0.01877002326,0.0001829107518,0,0.0003823271288,0.06881711627,-0.4058833396,0.000880188497,-0.04085433146,0.1641381068,-0.01932687589,0.06190979044,-0.08520788047,0.03442675015,0,0.002721313756,0.01192151141,0.007741236404,0,0.001486665402,0.06911939116,0.252732152,-0.001772876555,-0.03479846658,-0.3286744073,0,-0.1240656147,-0.05769138639,0.01539099137,0.0003823271288,0.001486665402,0.09193653314,0.02299929828,0.01798247134,0.002721313756,0.01962788144,-0.08914513303,0.0002454338302,0.00550369922,0.01242390259,0,0.005964306462,-0.004393499112,0.1495845192,0.06881711627,0.06911939116,0.01962788144,0.08005447239,0.01877002326,0.01192151141,0.09193653314
1,1,1,1,4,1500,500,v1,0,0,0.01990851909,0,0,0,0,0,0,0.001375745613,0,0,0,0,0.0004230352864,0,0,0,0,0,0,0.001002977666,0,0,0.01663472363,0,0.004178418557,0.01816328315,0,0.04914875411,0,0,0,0.009906645208,0.003396344175,0,0.1254456618,0,0.03151026089,0.1369728243,0,0.3706402418,0,0,0,0.07470792378,0.02561248701,0,0.05304875999,0,0,0.05792339388,0,0,0,0,0,0,0,0,-0.3437551919,0,0,0.02125800251,0,0,0,0.08362870715,0,0,0.04032653301,0.09113240738,0,0,0.09561546683,-0.09204401626,0,0,0.001416016672,0,0,0,0.09113240738,0,0,0.4525008806,0.08362870715,0,0,0.03124490306,-0.6307546316,0.03468317072,0,0.01402758463,0,0.05241128013,0,0,0,0,0,0,0,0,0,0.2344437333,-0.2618382592,0,-0.1060716009,0,-0.396166472,0,0,0,0,0,0,0,0,0,-0.2271550884,0.1106476787,0,0,0,0,0,0.09561546683,0.03124490306,0,0,0.04032653301,0.4525008806,0,0
1,1,1,1,4,1500,500,v1,2.977842287e-06,0,0.0001703806804,8.02318202e-08,1.064590694e-05,0.001319721269,0,2.820031031e-06,5.909816341e-05,9.854243509e-05,0.003909755222,0.001586027104,4.209993164e-05,3.535773932e-05,0.0002772265636,4.515847691e-05,4.010280731e-07,4.971349838e-05,1.655993097e-05,1.062297103e-07,2.226209822e-06,0.0008107161538,0.0001472792888,5.974515811e-05,0.01346806368,0.01629826696,0.127788502,0.003369403214,0,0.002958485163,0.007633354986,0,0.001026178785,0.3737022943,0.001711087968,0.02753972836,0.003866555485,0.005571311146,0.03668688721,0.0009673242409,1.484464533e-05,0.0008493535004,0.005976064946,3.999583591e-07,0.006578855519,0.1072864437,0.0004912373986,0.01949026308,0.03779340969,0.05445643945,0.04573538519,0.009455051526,0.0001450980762,0,0.05841268067,3.909368476e-06,0.0005187315069,0.02142034067,0,0.0001374085791,-0.05802993702,1.768291731e-06,0,0.0002506380296,1.65854818e-06,0.005106434557,0.001623872114,0.03056965609,0.07287034477,0.04382464293,0.1361846841,0.007638424839,0.07819861921,0.0205825038,0.398326704,-0.5492543714,8.676235265e-05,5.175930632e-05,0.001086888459,2.852735742e-07,0.0001952221385,6.12253786e-05,0.007638424839,0.0001775536875,0,0.003032502068,0.03056965609,4.585965126e-06,0,0.001682846365,0.03930033465,0.01670206483,0.0234306961,-0.5012291061,0,-0.004413533279,-0.02849773005,0.07819861921,4.585965126e-06,0.000484251702,0.007785321145,0.07287034477,0.0001775536875,0.0001211529733,0.02306118543,-0.6415808598,0.004824946372,0.01143517446,0.1438012912,1.115787365e-05,0.00101932963,-0.02586599446,0.0205825038,0,0.0001211529733,0.001442969633,0.04382464293,0,0.000484251702,0.03877597923,0.05654627333,-0.04699906509,-0.1122345793,-0.06642055327,-0.0001343526007,0,-0.0004055469409,0.398326704,0.001682846365,0.02306118543,0.03877597923,0.1361846841,0.003032502068,0.007785321145,0.001442969633
1,1,1,1,3,1500,500,v1,0.0001077922541,5.240418047e-05,0.001357907845,1.350351266e-05,0,0.03492056413,0.0003820590289,0,8.766821567e-05,0.03857022141,0.01899312267,0.0001282872338,3.530275293e-05,0.0002735971783,0.05803861878,5.050544238e-06,0,0.01989120732,4.170768157e-05,0,4.993695538e-05,0.01581336808,0.01081872959,7.307407618e-05,0.02268120283,0.001676605773,0.3556611363,0.002450907335,0.0001829216751,0.004739903865,0.0002555850179,0.001333612642,0.0003060140759,0.09690445051,0.1346329519,0.0004477985438,0.004883393042,4.657828718e-05,0.07657588229,0.0005276944046,8.101070047e-05,0.001020528484,6.663664456e-06,1.014849377e-05,0.02624436594,0.02086408392,0.02898724664,0.01427418125,0.004304172313,4.105362242e-05,0.0003181665542,0.0004651044114,7.140199673e-05,3.471272732e-05,5.873285196e-06,8.944777851e-06,0,4.850192319e-05,0.0002530773456,0,-0.07108943793,-6.440272711e-05,-0.0001785353048,0.03752556804,0,-0.02647664006,-1.737766799e-05,0.02086252857,4.787057192e-05,0.001844967592,0.3318625705,0.002328804774,6.996318385e-06,0.0002916921825,0.09056182998,-0.3653805368,-1.008041887e-06,0.0001680940843,0.07301984355,0,0.02091437462,2.670296324e-05,0.002328804774,0.0001088433881,0.0003267085474,0.003769511994,0.02086252857,1.941333724e-05,0.002114223982,0.1018496685,0.2451274452,-0.02408652321,-0.001848949765,-0.4511749792,-0.001286563333,-0.1372627769,-0.0006991901463,6.996318385e-06,1.941333724e-05,0,-0.01128742779,4.787057192e-05,0.0001088433881,0,-0.007484500095,-0.5040760883,0.005051102871,-1.43227341e-05,0.09653886824,1.73118391e-06,0.02932442168,0.01807688402,0.0002916921825,0.002114223982,0,0.0004392240894,0.001844967592,0.0003267085474,0,0.000595573187,-0.02225937686,0.00357453143,-2.124715087e-05,0.0002564158303,-2.283294035e-05,-0.0001621897145,0,0.09056182998,0.1018496685,-0.007484500095,0.000595573187,0.3318625705,0.003769511994,-0.01128742779,0.0004392240894
1,1,1,1,4,1500,500,v1,0,0,0,0,0,0.1937461796,0,0,0,0,0.4923534151,0,0,0,0,0,0,0.03688338148,0,0,0,0,0.09372911955,0,0,0,0,0,0,0,0,0,0,0,0,0,0,0,0,0,0,0,0,0,0.05175827458,0,0,0.1315296296,0,0,0,0,0,0,0,0,0,0,0,0,0.3137947912,0,0,0,0,-0.6857478118,0,0,0,0,0,0,0,0,0,-0.5025150636,0,0,0,0,0.1305620425,0,0,0,0,0,0,0,0,0,0,0,0,0,0,0,0,0,0,0,0.1576594246,0,0,0,0.4002701051,-0.5551857697,0,0,0,0,0,0.1832327486,0,0,0,0,0,0,0,0,0,0,0,0,0,0,0,0,0,0.4002701051,0,0,0,0.1576594246,0
1,1,1,1,2,1500,500,v1,0,0.117018874,0,0,0,0,0.1611577202,0,0,0,0,0,0,0,0,0,0,0,0,0,0,0,0,0,0,0,0,0,0.2231805156,0,0,0.3073629224,0,0,0,0,0,0,0,0,0,0,0,0,0,0,0,0,0,0,0,0,0,0.08046459305,0,0,0,0,0.1108153747,0,-0.3338650573,0,0.2735181153,0,0,0,0,0,0,0,0,0,0,0,0,0,0,0,0,0,0,0,0,0,0.03680960306,0,0,0,0.05371080905,0,0.4643211926,0,0,0,-0.5246681344,0,0,0,0,0,0,0,0,0,0,0,0,0,0,0,0,0,0,0.05371080905,0,0,0,0.03680960306,0,0,-0.2511500187,0,0,0,0,0.1908030768,0,0,0,0,0,0,0,0,0
1,1,1,1,0,1500,500,v1,0.0001688033466,0,0.001269639887,0.0002384051375,0.001280381183,6.185947544e-05,0,0.0006266337552,0.02267217723,0.0003051165909,0.000224989858,0.008794819927,0.0006492341371,0.003949625803,0.0005227922618,0.001192446911,0.001811519975,8.752055788e-05,0.003324417749,0.0008865793875,0.03207724581,0.001684435343,0.0003183220962,0.01244316317,0.0448159485,0.01085129098,0.001436331247,0.04345999683,0,0.004935257987,0.009133580276,0,0.08812974835,0.00462785564,0.001186028501,0.03418662704,0.2508054632,0.009982313502,0.008038203716,0.2432170913,0.003672102157,0.02761940128,0.01833449325,0.005186200613,0.001345674229,0.02589907201,0.006637423454,0.004894368267,0.02089008065,0.0008314465381,0.005058117732,0.02025803022,0.0003058566158,0,0.001527116028,0.0004319688563,0.002319936563,0.004257440376,0,0.001135404503,-0.1203724099,0.0004046696613,0,0.001553092032,0.0004433223222,0.0002827222223,0.03095300692,0.2776619787,0.01277813885,0.003225737022,0.009110230288,0.2691294684,0.02341159131,0.002751268458,0.02937704281,-0.1616889478,0.0018245388,0.006834004977,0.002189171188,0.0002814850919,0.0003871543485,0.04382662876,0.2691294684,0.00477919121,0,0.03205109908,0.2776619787,0.006753182775,0,0.007654983287,-0.4274751921,0.08782975841,-0.01807584444,0.005941574822,0,0.005918133767,-0.1211425309,0.02341159131,0.006753182775,0.0007867536355,0.001774606132,0.01277813885,0.00477919121,0.0002937371679,0.006465499497,0.1503244031,-0.493405671,-0.02817992821,-0.03378892812,-0.008809324871,-0.03394194743,-0.006163280312,0.002751268458,0,0.0002937371679,0.05006140933,0.003225737022,0,0.0007867536355,0.01948293329,-0.450852989,0.04104828101,0.00222890263,0.007257169132,0.0007164058828,0,-0.001445134615,0.02937704281,0.007654983287,0.006465499497,0.01948293329,0.009110230288,0.03205109908,0.001774606132,0.05006140933
1,1,1,1,4,1500,500,v1,0,0,0,0,0,0,0,0,0.04576780289,0,0,0.1935460013,0,0,0,0,0,0,0,0,0.03136590544,0,0,0.1326422767,0,0,0,0,0,0,0,0,0.1141122711,0,0,0.4825657425,0,0,0,0,0,0,0,0,0,0,0,0,0,0,0,0,0,0,0,0,0,0,0,0,-0.4319182691,0,0,0,0,0,0.2386605949,0,0,0,0,0,0,0,0,-0.3570763861,0,0,0,0,0,0.1638187115,0,0,0,0,0,0,0,0,0.4024793067,0,0,0,0,0,-0.5957369806,0,0,0,0,0,0,0,0,0,0,0,0,0,0,0,0,0,0,0.0553533599,0,0,0,0.2345331515,0,0,0,0,0,0,0,0,0,0,0.2345331515,0,0,0,0.0553533599
1,1,1,1,3,1500,500,v1,0.002952529685,0.04020686636,0.0006469823554,0.0330549257,0,0.0002631311701,0.005142256978,0,0.0004101993566,0.004689753416,3.675705642e-06,0.0009552343851,0,0,0.0009034820243,0,0,0.00407310346,0,0,0.006349625619,0.01141937148,5.689758975e-05,0.01478642184,0.005148598414,0,8.195928687e-05,0.002507186482,0.05645884973,0.0009084985448,0,0.007220804313,0.0005760056909,0.00103590721,0.00658539467,0.001341348866,0.05331153493,0,0.000848653368,0.02596084389,0.04292973823,0.009407113939,0,0.4806181338,0.003825923346,0.01072637618,0.06818894575,5.344470601e-05,0.004069559765,0,0,0.001981732582,0.003277060689,0.04462625451,0,0.03668819932,0,0,0.005707474605,0,-0.5754548731,0.03576002841,0.03183716325,0.005207502049,0,0.0001275565941,0.001342591506,0.06606440159,0,0,0.001165067161,0.03216071269,0,0,0.01252959045,-0.00539872149,0,0,-0.00309765297,0,-0.001934327596,-0.02101398063,0.03216071269,0.05505422677,-0.04577759358,0.01177844909,0.06606440159,0.6161678587,-0.004044962392,0.08511970315,-0.1113920787,0.007454154884,0,0.0007235117527,-0.02971183858,0.007257949455,0.001885371135,0,0.6161678587,0,0.006707996654,0,0.05505422677,0,8.534277718e-05,0.09714006589,-0.07890956488,0,-0.006755630522,-0.5229107628,-0.07706421971,-0.002722121955,0,-0.004044962392,0,0.008007324856,0,-0.04577759358,0,0.01867170212,-0.5564808197,0.005972000537,0,0,0.0396693433,0.0310897126,0,0.01252959045,0.08511970315,8.534277718e-05,0.01867170212,0.001165067161,0.01177844909,0.006707996654,0.008007324856
1,1,1,1,3,1500,500,v1,0.001361185043,0,0.009171285819,0.01094603187,0.02472333152,0.001385967391,0,0.01636471747,0.01617432086,0.005181910553,8.856438292e-05,0.01726693631,0.001233869097,0,4.931278454e-05,0.0023721168,0.04195008921,0.002351683699,0,0.02776734833,0.02744428689,0.002112216713,0.0001502743982,0.02929821648,0,0,0.0001952160487,0,0,0.0616044545,0,0,0.1086445492,0.008361697775,0.03480741732,0.1159837577,0,0.00758158203,0.0003030053367,0,0.0141916802,0.09561958969,0.01457561272,0.1141230463,0.01445006031,0.01297864118,0.05402646594,0.0009233699748,0,0.001365238962,0,0,0.002555539816,0,0.002624675735,0.02055049048,0.04641650919,0,0,0.03072373391,-0.3843300579,0.0119412023,0,0.01405102726,0.03247136877,0.001431277067,0.03238603958,0,0.007975073358,0,0.0002854035761,0,0.01491246764,0,0.01238381935,-0.2115193256,0.001211175126,0,0.001457241913,-0.0156305254,0.002360126921,0.05240735346,0,0.01550247881,0,0.04977496809,0,0.1246432376,0,0.02913886014,-0.02956405475,0,0,-0.001919292692,0,0.05522137309,-0.2208020147,0.01491246764,0.1246432376,-0.0005820854462,0.01615938066,0.007975073358,0.01550247881,-0.001608300194,0.001032239417,0.1095801892,0,-0.01986024893,-0.00798409784,-0.1258070247,-0.1218816193,-0.01525248404,0,0,-0.001608300194,0.0980262164,0,0,-0.0005820854462,0.105986716,-0.1156740529,0,0.003390713137,0,0.02043534489,0,-0.0153805863,0.01238381935,0.02913886014,0.001032239417,0.105986716,0.0002854035761,0.04977496809,0.01615938066,0.0980262164
1,1,1,1,2,1500,500,v1,0,0,0,0,0,0,0,0,0.002608743392,0,0,0.002668413826,0,0.005799522858,0.001182893906,0,0,0,0.02538364189,0,0.0008575326276,0.006609755751,0,0.0008771471841,0,0.04171795534,0.008508961226,0,0,0,0.1825932348,0,0.006168526055,0.04754623819,0,0.006309620281,0,0,0.001507094952,0,0,0,0,0,0,0.008421321198,0,0,0,0,0.1211191294,0,0,0,0,0,0,0.5301202672,0,0,-0.008696665194,0,0,0,0,0,0.002985766715,0,0,0.1104970649,0.008679089671,0,0,0.4836392428,0.0486976823,-0.4804601298,0,0.03116442352,0.007629417569,0,0,0.001613334961,0,0,0,0,0,0,0,0,-0.5961005186,0,0.2220051819,-0.05564761443,0,0,-0.01031000015,0,0,0,0,0,0,0,0,-0.04801819686,0,0,0.009767015511,0,0,0,0.4836392428,0,0,0.003957386578,0.1104970649,0,0,0.004608961131,0.2531696051,0,0,-0.6492604766,0,0,0,0.0486976823,0,0,0.004608961131,0.008679089671,0,0,0.003957386578
1,1,1,1,0,1500,500,v1,0.2086244131,0,0,0.2580626324,0,0,0,0,0,0,0,0,0,0,0,0,0,0,0,0,0,0,0,0,0,0,0,0,0,0,0,0,0,0,0,0,0,0,0,0,0.1012099917,0,0,0.1251939622,0,0,0,0,0,0,0,0,0.1371983875,0,0,0.169710613,0,0,0,0,0.5275109065,-0.4608035375,0,0,0,0,0,0,0,0,0,0,0,0,0,0,0,0,0,0,0,0,0,-0.04503170158,0,0,0,-0.05502935168,0,0,0,0,0,0,0,0,0,0,-0.05502935168,0,0,0,-0.04503170158,0,0,-0.1590751302,0,0,0,0.2257824988,0,0,0,0,0,0,0,0,0,0,-0.2350210385,0,0,0,0.3017284074,0,0,0,0,0,0,0,0,0,0
1,1,1,1,1,1500,500,v1,0.0001750656061,0.0001302123521,0.001131281273,0.0007868485133,0.007028970312,6.496279558e-05,0.0006746286074,0.005931376146,8.669160836e-05,5.495338891e-05,0.0003039702517,2.603207288e-05,0.003651475063,0.005772832205,0,0.05596100441,0.01781683549,0.0001646658601,0.0001698018195,0.01503468479,0.0002197434413,0,0.0007704952118,6.598536336e-05,0.007042164107,0.02519939434,0,0.007726453211,0.001440761894,0.01251729903,0.0007412138198,0.00746456979,0.000959217492,0,0.0006080433029,0.0002880373329,0.001114761996,0.002523164238,0,0.001223083739,0.0003066315753,0.001981466072,0.03866897695,0.001378183897,0.0001137838825,0,9.625216848e-05,0.0005324111299,0.01172054532,0.02652840778,0.04194032388,0.01285943407,0.003223907245,0.002397915586,0.4065634625,0.01449014847,0.1294414639,0.001233630747,0.01242357139,0.1092288026,-0.2398742684,0.0009422678835,0.0007794145276,0.001162284527,0.01286957876,0.0001430955482,7.100566969e-05,0.00563107138,0.03052767921,0.01670354691,0,0.00622259185,0.4673650888,0.0005003225412,0,-0.6348771878,0.05933287205,0.005932391083,0,0.03272160734,-0.0004319620227,0.0001787708942,0.00622259185,0.00414412743,0.001310582497,0.01410646151,0.00563107138,0.01850163264,0.006492033375,0.0006864681761,-0.06762142104,0.01349168506,0.02488019124,0,0.00809700204,-0.01303306616,-0.0009843039601,0.4673650888,0.01850163264,0.1567841252,0.0001148752351,0.03052767921,0.00414412743,0.1322500882,0.0003677453341,-0.4120801517,0.002291146907,0.0411082972,0,0.001592932839,0.002008828489,-3.288057146e-05,0.0005003225412,0.006492033375,0.1322500882,0.0008324276151,0.01670354691,0.001310582497,0.1567841252,0.0002693634787,0.2040393862,-0.0236852741,-0.4323696814,-0.04228182859,-0.01763237413,-0.01407816048,-0.2382806624,0,0.0006864681761,0.0003677453341,0.0002693634787,0,0.01410646151,0.0001148752351,0.0008324276151
1,1,1,1,1,1500,500,v1,0.0002765804648,0.01821487937,0.1516974611,0.03004179003,0.005814634498,0.147923947,0.005882474332,0.0002435940457,0,0.1358641605,0.315324239,0,9.964838204e-06,0,0,2.13779024e-05,2.517986554e-05,0.000640574244,0,1.054866874e-06,0,0,0.001365489429,0,0.00524932027,0,0,0.001143345711,0.006851373654,0.05705972394,0,0.002212643238,0,0,0.05110416112,0,0.0001785799217,2.944558433e-05,0,3.889619553e-05,3.539178066e-06,0.00194115057,6.317060197e-05,0.0003844206581,0.001892863942,0,0.00173854454,0.004034951026,0.008686813804,0.001432346403,0,0.001892060457,0.0001721592247,0.01133796457,0.00307286089,0.01869969842,0.003619355286,0,0.003661582611,0.0001516266237,0.1603469795,-0.02708452879,-0.02229631622,-0.2869053337,-0.005675677683,-0.4630901214,0,0.005504491588,0.002067397848,0,0,0.001294872969,0.004443163357,0,0,-0.4640344563,3.112119003e-05,0,0,2.609565186e-05,0.002005466737,0,0.001294872969,0.0002113965851,0.0002219079028,0.1392065144,0.005504491588,0.0163286132,-2.698721569e-05,0.1246689462,-0.3007198598,0.003942512242,0,0,0.008881486549,0.1073160306,0,0.004443163357,0.0163286132,0.003530942439,0.2180131499,0.002067397848,0.0002113965851,0.0001682391183,0.4647347762,-0.6612568392,0.0002121473283,8.771940551e-05,0,0.000383062621,0.003672329365,0.005919372412,0,-2.698721569e-05,0.0001682391183,0,0,0.0002219079028,0.003530942439,0,-0.04149237777,-0.008687569279,-0.004459214742,0,0.015674793,0.01328488258,0.003183460984,0,0.1246689462,0.4647347762,0,0,0.1392065144,0.2180131499,0
1,1,1,1,4,1500,500,v1,0,0,0,0,0.07355584084,0,0,0.05124395342,0,0,0,0,0.07348075584,0.03390983808,0,0.165122532,0.01753532144,0,0.04805464811,0.01221628609,0,0,0,0,0,0.02683641532,0,0,0,0,0.03803068867,0,0,0,0,0,0,0.016541834,0,0,0,0,0.03717203889,0,0,0,0,0,0,0.08522286076,0.03932857489,0,0,0,0.1915088433,0,0.02033743721,0.0557337025,0,0.01416842868,0.05638185808,0,0,0,-0.1188977638,0,0,0,0.003469940522,-0.01703913753,0,0,0.03864342252,-0.01576490437,0,-0.2236888229,0.07965284467,0.04832692838,0,0.02698693005,0,0,0,0,0,0,0,0,0,0,0.01422528883,0,0.007644072485,0,0,0,0,0.03864342252,0,0.05455804842,0,0.003469940522,0,0.03921581038,0,-0.08137276839,0,0.05329719293,0,0,0,0,-0.01576490437,0,0.03921581038,0,-0.01703913753,0,0.05455804842,0,0.09701020454,0,-0.161025613,-0.03410163957,0,0,0.02939492804,0,0,0,0,0,0,0,0
1,1,1,1,2,1500,500,v1,0,0,0.03032009977,0,0,0,0,0,0,0.01740925348,0,0,0,0,0.0001755230813,0,0,0,0,0,0,0.0006804524483,0,0,0.004425957491,0,0.009204913514,0.01388539094,0,0.2048705239,0,0,0,0.03568479934,0.1176329533,0,0.006354707248,0,0.01321624321,0.01993638542,0,0.2941492786,0,0,0,0.05123556958,0.1688952012,0,0.002881796137,0,0,0.00904095126,0,0,0,0,0,0,0,0,-0.1430607067,0,0,0.04763911664,0,0,0,-0.0004336774958,0,0,0.005258774179,-0.002428502765,0,0,0.02523551624,-0.02114640483,0,0,0.0008168778971,0,0,0,-0.002428502765,0,0,0.09049686904,-0.0004336774958,0,0,0.05263551562,-0.456604371,0.01434927836,0,0.03092880521,0,0.297483291,0,0,0,0,0,0,0,0,0,0.3933480738,-0.01457186368,0,-0.05207521007,0,-0.4405439977,0,0,0,0,0,0,0,0,0,-0.0002225853177,0.002130705478,0,0,0,0,0,0.02523551624,0.05263551562,0,0,0.005258774179,0.09049686904,0,0
1,1,1,1,0,1500,500,v1,0,0,0,0,0,0,0,0,0,0,0,0,0,0,0.02223402689,0,0,0,0,0,0,0.0009198184029,0,0,0,0,0.6876905986,0,0,0,0,0,0,0.02844965832,0,0,0,0,0.2503489968,0,0,0,0,0,0,0.01035690096,0,0,0,0,0,0,0,0,0,0,0,0,0,0,0,0,0,0,0,0,0,0,0,0,0.6229469154,0,0,0,0.02579393359,-0.455545014,0,0,0.02305111444,0,0,0,0,0,0,0,0,0,0,0,0.2830360515,0,0,-0.7155299511,0,0,0,0,0,0,0,0,0,0,0,-0.6924788365,0,0,0.2599849372,0,0,0,0,0,0,0,0,0,0,0,0,0,0,0,0,0,0,0.02579393359,0,0,0,0.6229469154,0,0,0
1,1,1,1,2,1500,500,v1,0.0006789585205,0.01595518518,0,4.473486676e-05,0.0004264399967,0,0.005578072568,0.001047170186,0,0,0,0,0,0,0,0,0.0005401072973,0,0,0.00132629271,0,0,0,0,0,0,0,0,0.3701601114,0,0,0.129411219,0,0,0,0,0,0,0,0,0.0001206558892,0,0,7.949712634e-06,0,0,0,0,0,0,0,0,0.0135817991,0.3191654764,0,0.0008948705328,0.008530450959,0,0.1115830477,0.02094745799,-0.1385630197,0.0007063062525,0.02149538721,0,0.001441628254,0,0,0,0,0,0,0,0,0,0,-0.02798851495,0,0,0,0.001860176483,0,0,0,0.01916919573,0.08291065138,0,0,0.001262519061,0.02984467207,0,0.1910322122,0,0,0,-0.2662024272,0,0,0,0.001262519061,0.01134178422,0,0,0.01916919573,0.02785072352,0,-0.01374859295,0,0,0,0.0001274497568,0,0,0,0.02984467207,0.02785072352,0,0,0.08291065138,0.01134178422,0,-0.2405714797,0,0,0,-0.01445489921,0.169536825,-0.02943014321,0,0,0,0,0,0,0,0
1,1,1,1,1,1500,500,v1,0,0.1662214696,0,0,0,0,0.08855804066,0,0,0,0,0,0,0,0,0,0,0,0,0,0,0,0,0,0,0,0,0,0.2962157757,0,0,0.1578152857,0,0,0,0,0,0,0,0,0,0,0,0,0,0,0,0,0,0,0,0,0,0.1899757742,0,0,0,0,0.1012136542,0,-0.1517758405,0,0.2486761855,0,0,0,0,0,0,0,0,0,0,0,0,0,0,0,0,0,0,0,0,0,-0.09782206808,0,0,0,-0.04752845074,0,0.5203585867,0,0,0,-0.4234582423,0,0,0,0,0,0,0,0,0,0,0,0,0,0,0,0,0,0,-0.04752845074,0,0,0,-0.09782206808,0,0,-0.1747820561,0,0,0,0,0.2716824019,0,0,0,0,0,0,0,0,0
1,1,1,1,1,1500,500,v1,0,0.036932095,0.001071468111,0,0.01488232957,0.01772870348,0.03899760672,0.01517499175,0.0002751439753,0.0008762956542,0.04116922279,0.001652576113,0,0.01696554526,0.09497108111,0,0.02268291458,0.02702121766,0.02362255131,0.02312897588,0.0004193609112,0.009296828685,0.06274810402,0.002518775212,0,0.01308756946,0.07326263918,0,0.0434233236,0.00125979061,0.01822292041,0.0458518721,0.0003235036051,0.007171764262,0.001030314412,0.001943034841,0,0,0.03725315551,0,0,0.0006405881093,0,0,0.01059928572,0.003646754367,0.0005239022709,0.02461343864,0,0,0.02224352111,0,0,0.07380190938,0,0,0.02973956225,0.03097151967,0.07792944963,0.03032439308,-0.1609261286,0,0.05726551845,-0.0006791425867,0.01775392286,0.01630695132,-0.000444493186,0,0,0.01500580529,0.05530053352,0,0,0.02045641241,0.006942145767,0.03568123669,0,-0.0009636966632,-0.08420868642,-0.003301398928,-0.07362746362,-0.001998803137,0,0,0.002858519028,0.001792127662,0,0,0.005070313129,0.001440776717,-0.1669417655,0,0.01382703542,0.01477479982,0.0648003208,-0.001481442613,2.021220245e-07,0,0,0.01660132401,0.01861939558,0,0,0.01669041445,0.03934754567,-0.1289149841,0,0,0.02793876704,0,5.315613709e-06,0.01867588475,0.02045641241,0.005070313129,0.01669041445,0.0005448669983,0.01500580529,0.002858519028,0.01660132401,0.003119774304,0.1493817019,0,0,-0.03650481726,0,-0.1273517274,-0.03664701624,0.006942145767,0.001440776717,0.03934754567,0.003119774304,0.05530053352,0.001792127662,0.01861939558,0.0005448669983
1,1,1,1,3,1500,500,v1,0.0309884974,0.03376177143,0.03904460981,0.07281962257,0.008814576242,0.04145621314,0.04334472446,0.02932822085,0.005387159147,0.02448806397,0.004638273207,0.03939681031,0.003124001486,0,0.0007745306039,0.001490196579,0.0016841778,0.007920929141,0,0.00560366569,0.001029310269,0.001715911811,0.0008862226101,0.007527444482,0.0002947573466,0,8.481060325e-05,0.0002738837204,0.0007063554407,0.0008168816803,0,0.0009068476167,0.0001127088128,0.0001878912403,0.0005123332246,0.0008242503321,0.02061249185,0.02392151384,0.005930837307,0.01915279134,0.04533821797,0.05712484241,0.01141092866,0.1065399164,0.06065317732,0.01313930493,0.03582765463,0.006786099984,0.009567391943,0.01110329117,0,0.008889864596,0.0210439623,0.02292726349,0.00529644003,0.04945103896,0.005985885916,0,0.029434946,0.01991648598,-0.1508440478,0.07772111418,-0.065557598,0.008373696721,-0.02902717664,0.01866670732,-0.0428222133,0.0216533086,0.02295705101,0,0.007873661619,0.0201264054,0.009027906994,0,0.01693519517,-0.1464795352,0.003173682829,0,0.0009818795153,0.004573189953,0.007558035224,0.005640536508,0.0201264054,-0.007413485546,0.02746851103,0.06573494658,0.0216533086,-0.01108030215,0.03610633564,0.03438376849,-0.1937624357,0.0003756823138,0,0.0001501140834,0.00128343505,0.001250105889,0.0007989060026,0.009027906994,-0.01108030215,0.006781443404,0.04137223964,0.02295705101,-0.007413485546,0.02317880075,0.004127862162,0.2013150566,-0.03753401179,-0.03139295902,-0.01767123146,-0.1322548033,-0.07636961262,-0.05655814376,0,0.03610633564,0.02317880075,0.006407648757,0,0.02746851103,0.006781443404,0.04816650744,-0.2086394445,0.009305186825,0.006895970832,0,0.06686288101,0.02189093182,0.004480490576,0.01693519517,0.03438376849,0.004127862162,0.04816650744,0.007873661619,0.06573494658,0.04137223964,0.006407648757
1,1,1,1,1,1500,500,v1,0,0.02371054289,0,0,0,0,0.0348006225,0,0,0,0,0,0,0.002111841622,0,0,0,0,0.0009939159209,0,0,0,0,0,0.2019778876,0.03079609735,0,0.05317141395,0.03007434509,0,0.01449385747,0.04414095177,0,0,0,0,0.4211911042,0,0,0.110880091,0,0,0,0,0,0,0,0,0.01706660259,0,0.002602189582,0.004492845241,0,0.002541203406,0,0,0,0.001224693002,0.003729794835,0,-0.04916544025,0,0.0373832423,0,0,0,0,0.3028107892,0,0.03906201918,0,0.07918402376,0,0.01838429616,0,-0.04138792009,0,0.003090376538,0,0,0,0,0.07918402376,0,0.007781242075,0,0.3028107892,0,0.009892054819,0,-0.4560851199,0.2519501675,-0.04519697703,0,-0.05541102217,0,0,0,0,0,0,0,0,0,0,0.2734997645,-0.5281629734,0,0,0,0,0,0.01838429616,0.009892054819,0,0,0.03906201918,0.007781242075,0,0,-0.3363471877,0.02154959711,0,0.003809056919,0,0.006245581908,0,0,0,0,0,0,0,0,0
1,1,1,1,3,1500,500,v1,0,0,1.181972465e-06,0,0,1.908829182e-06,0,0,2.362707044e-06,3.066936889e-06,1.460551549e-06,7.687067671e-06,0.08977838145,0.01894895263,0.06831001738,0.004409992623,0,0.004489928476,0.03718810468,0,0.00555753534,0.08343154625,0.003435494413,0.01808144194,0.02032291535,0.02584531311,0.09317104867,0.01379997804,0,0.003792069639,0.05072249787,0,0.007580167822,0.1137959695,0.009839517082,0.02466207699,0.0003924766566,0.002364809614,0.001799321655,0.0002665055259,0,7.323254503e-05,0.0001161615167,0,0.0001182670689,0.002197630649,0.0001900210034,9.049272317e-05,0.02508604175,0.1511522067,0.03190273603,0.01703430927,0,0,0.007424728601,0,0,0.06261044134,0,0,-0.03096926124,0,0,2.403609956e-06,0,3.306641184e-06,9.96418048e-06,0.03291840559,0.1076128518,-0.005556584447,0.05057434755,0.02168459583,0.005468670748,-0.01699483655,0.05262081776,-0.3644225377,0.05985006828,0.05407610898,0.09537914212,0,-0.007880039461,0.0150813812,0.02168459583,0,0,0.005128742628,0.03291840559,0,0,0.01315309142,0.0872103621,-0.009607250507,0.01572117862,-0.1681417271,0,-0.01244360509,-0.02618371334,0.005468670748,0,0,0.006519543568,0.1076128518,0,0,0.004990450972,-0.2079461504,0.0006431171675,0.002432831472,0.003965808147,0,0.0002533121195,0.0002034031495,-0.01699483655,0,0,0.003860132435,-0.005556584447,0,0,0.01277841952,0.123116054,-0.02743786763,-0.1376705813,-0.05476300694,0,0,0,0.05262081776,0.01315309142,0.004990450972,0.01277841952,0.05057434755,0.005128742628,0.006519543568,0.003860132435
1,1,1,1,2,1500,500,v1,0,0,0,0,0,0,0,0,0,0,0,0,0,0,0.322755556,0,0,0,0,0,0,0.07962818585,0,0,0,0,0.2046542611,0,0,0,0,0,0,0.05049098997,0,0,0,0,0.2746990219,0,0,0,0,0,0,0.06777198521,0,0,0,0,0,0,0,0,0,0,0,0,0,0,0,0,0,0,0,0,0,0,0,0,-0.2458598105,0,0,0,-0.05559520363,0.4930421394,0,0,-0.2920721301,0,0,0,0,0,0,0,0,0,0,0,-0.05234873263,0,0,0.2533187419,0,0,0,0,0,0,0,0,0,0,0,-0.03875338807,0,0,0.2397233975,0,0,0,0,0,0,0,0,0,0,0,0,0,0,0,0,0,0,-0.05559520363,0,0,0,-0.2458598105,0,0,0
1,1,1,1,4,1500,500,v1,0,0,0,0,0,0.2433545964,0,0,0,0,0.07560145686,0,0.0155085585,0,0.005908248915,0.06217651435,0,0.01974732717,0,0,0,0.003665362465,0.006134779145,0,0,0,0.04239695538,0,0,0,0,0,0,0.02630224473,0,0,0,0.06329908809,0.02411486332,0,0,0,0.2537770779,0,0.08059987018,0.01496039116,0,0.02503945969,0,0.007468936672,0,0,0,0,0.02994426904,0,0,0,0,0,0.1303798131,0,0,0,0,-0.3183303887,0,0,0.06057091715,0,0.01907534305,0,0.2427700579,0,0.01173006819,-0.522736787,0.07692229827,0,0.009449994633,0,0.02564966263,0,0,0,0,0,0,0,0,0,0.04551306735,0,0,-0.06605000824,0,0,0,0.2427700579,0,0,0.2150456663,0.06057091715,0,0,0.0668801977,-0.2349846143,0,-0.3165234423,0.03606307269,0,0,0.1047301503,0,0,0,0,0,0,0,0,-0.239601144,0,0.03737382678,0,0,0,0,0.01173006819,0,0.0668801977,0,0.01907534305,0,0.2150456663,0
1,1,1,1,2,1500,500,v1,0.001037644041,0.01968429832,0.002964395947,0.004090235991,0.002094314747,0,0.0228356595,0.01801312707,0.007647974558,0.006745094989,0,0.01837807489,0.01182227312,0.004685948553,0.01496794793,6.233830666e-05,0.01662549407,0,0.0159608299,0.1429952865,0.0607126297,0.006796472409,0,0.1458923859,0.01219669581,0.001676365164,0.005354678185,0.01730182252,0.05590152545,0.008418601099,0.00570987473,0.06485108994,0.02171951661,0.002431390242,0.01915542495,0.05219197579,0.01266779248,0.004392692953,0.005561502321,0.01797010442,0.003060630241,0.008743769081,2.316246948e-05,0.01206454186,0,0.00252530255,0.01989530214,0,0.006380156244,0.002212387629,0.0008769155055,0.009050675095,0.001541491872,0.02924238435,1.166581901e-05,0.006076327996,0.003111249169,0.002986865745,0.03392394899,0.02675974406,-0.3520617348,-0.0001577886512,0.03911418304,0.007200526056,0.01941622987,0,0.0252931758,0.007725267063,0.01170716685,0.003671562378,0.01279054254,0.01049373699,6.795766496e-05,0.01365336172,0.006338783444,0.156553923,-0.01003960046,-0.01852924812,-0.01781315805,-0.1583945122,0,-0.2021642685,0.01049373699,0.003345189061,0.0125247888,0.007899108204,0.007725267063,0.01278503424,0.01485482011,0.01303325117,-0.1233761423,-0.01017116093,0.00351217485,0.004649422128,-0.1065867309,-0.01355547055,0.06861973763,6.795766496e-05,0.01278503424,0.01730945665,0,0.01170716685,0.003345189061,0.147664432,0,-0.02922891422,-0.01112193462,0.001387799024,0.0004108519354,-0.01130519849,-0.007599961768,0,0.01365336172,0.01485482011,0.147664432,0.0477046284,0.003671562378,0.0125247888,0.01730945665,0.1146724043,-0.2628757874,0.009147092844,0.0008017184194,0.003467123883,0.000709504942,0.0492194752,0.02899568982,0.006338783444,0.01303325117,0,0.1146724043,0.01279054254,0.007899108204,0,0.0477046284
1,1,1,1,3,1500,500,v1,0,0,0,0,0,0,0,0,0,0,0,0,0.01364151051,0,0,0.01359852887,0,0,0,0,0,0,0,0,0,0,0,0,0,0,0,0,0,0,0,0,0,0.3939657732,0,0,0,0,0.3927244669,0,0,0,0,0,0,0.09318165851,0,0,0,0,0.09288806199,0,0,0,0,0,0,0,0,0,0,0,0,0,0.4307267264,0,0,0,0.4293913244,0,0,-0.6006251342,0.0272131007,0,0,0,0,0,0,0,0,0,0,0,0,0,0,0,0,0,0,0,0,0.4293913244,0,0,0,0.4307267264,0,0,0,0.2131810475,0,-0.7865930815,0,0,0,0,0,0,0,0,0,0,0,0,-0.7593799807,0,0.1859679469,0,0,0,0,0,0,0,0,0,0,0,0
1,1,1,1,2,1500,500,v1,0,0,0,0,0,0.003029437698,0,0,0,0,0.006655634141,0,0.01114748889,0,0.08060650568,0.07309335354,0,0.002101491386,0,0,0,0.2439892912,0.004616948493,0,0,0,0.0312604673,0,0,0,0,0,0,0.09462287433,0,0,0,0.009798819774,0.07085439866,0,0,0,0.06425021861,0,0.001847244303,0.2144704619,0,0.00405837105,0,0.01106228909,0,0,0,0,0.07253470402,0,0,0,0,0,0.002980488531,0,0,0,0,-0.007598384697,0,0,-0.006092002793,0,-0.01801758126,0,-0.04249600661,0,-0.03990151616,0.2320976051,0.01809323812,0,-0.1846567361,0,0.000852734879,0,0,0,0,0,0,0,0,0,-0.08530090133,0,0,0.1239136331,0,0,0,-0.04249600661,0,0,0.001346708693,-0.006092002793,0,0,0.005580135577,-0.08693217874,0,0.05183543231,0.09935583469,0,0,0.002127753651,0,0,0,0,0,0,0,0,0.06992867041,0,-0.03753666414,0,0,0,0,-0.03990151616,0,0.005580135577,0,-0.01801758126,0,0.001346708693,0
1,1,1,1,3,1500,500,v1,0,0.01395884821,0.005428057195,0,0.01513464404,0.06687231914,0.008816397907,0.006370419495,0.07029412478,0.02914817872,0.05866737494,0.1570601278,0.002067485744,9.356162992e-05,2.49487699e-05,0.003404414114,0.000330305148,0.001459450993,8.309370285e-05,0.0001390308453,0.001534129989,6.967829924e-06,0.001280382671,0.003427749514,0.006260197259,0.000103704464,2.765341746e-05,0.0003658534641,0.0003376699307,0.0001313068005,9.210172938e-05,0.0002132720712,0.001700442034,7.723198799e-06,0.0007051057035,0.003799345165,0.163054099,0.05968784495,0.0007202653337,0.009529077834,0,0.003420037924,0.09828466405,0,0.04213401947,0.000201159671,0.01836529591,0.03696435759,0.04856919034,0.0177793157,0.0008045819715,0.002838441953,0,0.002619782485,0.02927621314,0,0.002840454655,0.0007145631742,0.001654652624,0.001195593874,0.1062252459,0,-0.02252141958,-0.02866863713,-0.02122406311,-0.1170743112,-0.2272656368,0.1621004514,0.05967809595,0.0009189195683,0.0009516426968,0.009473318,0.09828481814,0.0008188827965,0.0002418545623,-0.3995549617,0.005388737794,0.0001567428441,2.243543211e-05,0.0004525293183,0.002695209872,0.004950295603,0.009473318,0,0.01648041989,0.003875221991,0.1621004514,0,0.01040657705,0.0170917072,-0.3786388069,0.006582118817,0.0001477511035,1.448210053e-05,0.0005200139099,0.0008197725243,0.00549388043,0.09828481814,0,0.0180917852,0.03554265494,0.05967809595,0,0.007580950825,0.03149172424,-0.0332506992,-0.1716817218,-0.156949749,-0.0008325823727,0,0.01387091185,0.06968951524,0.0008188827965,0.01040657705,0.007580950825,0.1005530622,0.0009189195683,0.01648041989,0.0180917852,0.2246791291,-0.35912906,0.05071709002,0.04625240188,-0.001463028858,0,0.004076741051,0.003656376428,0.0002418545623,0.0170917072,0.03149172424,0.2246791291,0.0009516426968,0.003875221991,0.03554265494,0.1005530622
1,1,1,1,2,1500,500,v1,0.004970348793,0.02142378649,0,0.004536000565,3.753435447e-05,0.004084828203,0.071616776,7.520823446e-06,6.564950662e-06,0,0.001336712512,4.769828725e-06,0.008451625575,0.01429619346,0.006947245519,0.007381428399,0.000129092493,0.01404901359,0.02064902727,2.586648583e-05,2.257893759e-05,0.02473259534,0.004597376271,1.640494661e-05,0.002516059315,0.02557344606,0.01242743455,0.005095726617,0.1318065842,0,0.03693757969,0.4406113095,4.038985932e-05,0.04424238484,0,2.934564494e-05,0.0006517257241,0.003916093695,0.003219033324,0.001319927594,0.007920848894,0,0.003420213656,0.007228662726,0.006509665277,0.01145994457,0,0.002130212237,0.0001504204589,0.0009038474145,0.001528886648,0.000304643667,0.001828158198,0.007879944153,0.0007893966568,0.001668399335,1.380561822e-05,0.002208281679,0.02634157111,2.766255571e-06,-0.5557484698,-0.001322709849,0.09222753009,0,-1.719681906e-07,0.003324484619,9.180686928e-06,0.002628789982,0.007314740869,0.01665613018,0.004748628169,0.005351782755,0.006139457584,0.02458509324,0.01674091141,-0.0809787994,-0.01340385485,0.02887328086,0.02117201832,-0.000133898565,-0.01451490859,9.793131072e-06,0.005351782755,0.00675832124,0.1538751684,0,0.002628789982,0.00510975063,0.5142424018,0,0.1939883034,-0.007224093524,-0.05997525112,-0.04751804796,-0.5718045427,0,-5.713709156e-05,0.006139457584,0.00510975063,0.0001637523703,0.009037018494,0.007314740869,0.00675832124,3.292819252e-05,0.002988647932,-0.05565859622,0.001466332367,0.003412793718,0.01201966993,-0.008958878746,0,0.00317331303,0.02458509324,0.5142424018,3.292819252e-05,3.232844631e-05,0.01665613018,0.1538751684,0.0001637523703,2.491646401e-05,-0.536843464,0.0004373793315,0.001021595491,0.003607821292,0.002369540683,0.03416529892,2.950157978e-06,0.01674091141,0,0.002988647932,2.491646401e-05,0.004748628169,0,0.009037018494,3.232844631e-05
1,1,1,1,0,1500,500,v1,0.2540826819,0.09879085777,0.01231719622,0.01410059142,0.00799536671,0.02350508529,0.0324236881,0.000852364916,0.04008052965,0.04903357105,0.001063236197,0.2356515339,0.0004064400168,0.0008548410085,0,0.0006157108789,0.001233218722,0.003625463635,0.0006900010594,0.000131470189,0.006182087872,0,0.0001639953279,0.03634728639,0.0009052435895,0.001652969082,0,0.0003341949295,0.02946441756,0.003673609287,0.001334225203,0.009670379492,0.01195403591,0,0.01462428452,0.07028317549,0.0001776712796,0.0001542508675,0,6.559211404e-05,0.01487332066,0.0007210157248,0.0002336727027,0.0008254109102,0.00137592483,0,0.002870294111,6.223900341e-05,0.0001032623214,8.965040771e-05,0.0001885563472,3.812205312e-05,0.008644355023,0.003361044685,0.0001358102771,0.0004797277695,0.0002720169193,0.0001521968156,0.001103112849,2.899900492e-05,0.2209151891,-0.2679618753,-0.1308347856,-0.06104611567,-0.008700817824,-0.02438049345,-0.2751183437,0.001007653289,0.0002860736135,0.001096355418,0,0.0003693634166,0.000430342929,0.001154159612,0,-0.2260087884,-0.0009180630559,0.0004731334881,0,0.001293255625,0.003724040564,0.04247096538,0.0003693634166,0.345778854,0.0987749198,0.01186335767,0.001007653289,0.01919441488,0.03236751114,0.04723054659,-0.4156016747,-0.001147223707,-0.002216468093,0,0.03895105995,0.01812434825,0.0820178857,0.000430342929,0.01919441488,0.009629913999,0.02762345838,0.0002860736135,0.345778854,0.001035800989,0.001247842531,-0.3242265666,0.0001269678017,0.0002283349927,0,0.01558190946,0.003525831253,0.001408918938,0.001154159612,0.03236751114,0.001035800989,0.03286105225,0.001096355418,0.0987749198,0.009629913999,0.1930831864,-0.3551245702,0.0001022447686,0.0002121170348,0.000242991252,0.009064453688,0.004455438313,0.0002970855413,0,0.04723054659,0.001247842531,0.1930831864,0,0.01186335767,0.02762345838,0.03286105225
1,1,1,1,2,1500,500,v1,0.07182061585,0.05342412552,0.3477845784,0.005421345429,0.00802375762,0.0600431735,0.003247223858,0.03338849685,0.01475210134,0.09552924149,0.1315268306,0.05721404799,0,5.195964576e-05,2.191861158e-06,0,1.473141701e-05,0.0001102377551,7.457224443e-05,6.130043972e-05,2.70844867e-05,0.0001474416575,0.0002414799501,0.0001050435518,0.002044005328,0.002938448359,0.0001239552489,0.001713470708,0.005546972662,0.03611011935,0.004217247559,0.0003371559533,0.00153169569,0.008338195733,0.009918704065,0.005940476461,5.18134162e-05,0,3.142137064e-06,4.343470621e-05,0.0001890287803,0.0009153540928,0,1.426874863e-05,0.0001580310572,0.0002113646182,0.0002514288661,0.0003461729766,0.00253026993,0,0.003637499091,0.002121101813,0.009231080939,0.006866585881,0,0.0006968038057,0.001031291018,0.005220521952,0.0004173646509,0.004291412893,0.08296406657,-0.07671512425,-0.05650925327,-0.4430469944,-0.04121049068,-0.1915468761,-0.07171354489,0.00109552761,0,0.001089480385,0.0001649126854,0.0008507411629,0,0.001629034334,0.01131696234,-0.301154689,0,0.0001222015515,0.0001166226075,7.495759165e-05,0.0003516261964,0.0001304163795,0.0008507411629,0.09408772969,0.06138125162,0.4659805524,0.00109552761,0.007174574036,0.003725460247,0.1279798475,-0.570913957,0.001026176282,0.004339671683,-0.007972898842,0.005875549325,0.04591981481,0.007410798494,0,0.007174574036,0.01048509441,0.08965128921,0,0.09408772969,0.04355651657,0.1963865119,-0.6652499844,9.009597809e-05,0,0.0002016928713,0.0001754726513,0.001153578231,0.000503382939,0.001629034334,0.003725460247,0.04355651657,0.0197420133,0.001089480385,0.06138125162,0.01048509441,0.07651648157,-0.1627307426,-0.002413784774,0,-0.006274216373,0.009031449155,0.007229229355,0.005107792531,0.01131696234,0.1279798475,0.1963865119,0.07651648157,0.0001649126854,0.4659805524,0.08965128921,0.0197420133
1,1,1,1,2,1500,500,v1,0,0.0008493158814,0.0001792817116,0,0.001284329562,0.0004900434984,7.289368144e-05,0.007351129132,0.0003719280278,0.001914186476,0.002591070472,0.000910616547,0.1906505085,0.04104657908,0.004702835412,0.06901799862,0.007778640062,0.002967985868,0.003217171702,0.04452267492,0.002252610501,0.004107664448,0.01569301617,0.005515218651,0.0003469042832,0.00216931153,0.0002485448316,3.889115734e-05,0.0002718575501,5.738628932e-05,0.0001700275108,2.333254103e-05,0.0001190504554,0.0002170900486,0.0006127120158,0.0002914792823,0.01244087902,0.3613468969,0.008913456333,0.001394736839,0,0.002058019798,0.1308123425,0,0.005625332403,0.007785406989,0.02197342734,0.02974354875,0.0001040586266,0.003022395908,0.0006507143023,1.166592809e-05,0,8.154734513e-05,0.001094147182,0,0.0001233153275,5.100204903e-05,6.998910921e-06,0.0007058210938,-0.09861245299,0,-0.0006982447449,0.002063861067,0.008526877835,0.002898922727,0.001225390775,0.01792359059,0.251473329,0.05663255463,0.006044781297,0.002013999337,0.09107523654,0.00442354424,0.005142868829,-0.5162197136,0.2557438053,-0.04371381538,0.007387597661,-0.05219133618,0.0172802126,-0.007659914416,0.002013999337,0,0.0007659929768,0.0027236451,0.01792359059,0,8.112511329e-05,0.02905527252,-0.09357496172,0.0003795455479,0.002314491603,0.0004632722415,0.0001126632597,0.0006655490282,0.000403364083,0.09107523654,0,0.009574416452,0.003293671658,0.251473329,0,0.05468394586,0.01766865949,0.2911046291,-0.01378135089,-0.4882213024,-0.01530930334,0,-0.0239153552,-0.03415402272,0.00442354424,8.112511329e-05,0.05468394586,0.002619329036,0.05663255463,0.0007659929768,0.009574416452,0.006427410346,-0.3315286621,0.0001100787454,0.004111786717,0.000695257809,0,2.083609269e-05,0.0008255501528,0.005142868829,0.02905527252,0.01766865949,0.006427410346,0.006044781297,0.0027236451,0.003293671658,0.002619329036
1,1,1,1,1,1500,500,v1,0.01705010467,0,0,0.01938824463,0,0,0,0,0,0,0,0,0.6544004025,0,0,0.1681113421,0,0,0,0,0,0,0,0,0.001883388819,0,0,0.02210559486,0,0,0,0,0,0,0,0,0.0003954268868,0.07556075494,0,0.00464118002,0.002742632034,0,0.01941108207,0.003118738673,0,0,0,0,4.179911862e-05,0.00798724888,0,0.0004906020321,0.0002899135227,0,0.002051873935,0.0003296703692,0,0,0,0,0.006470734158,-0.03636416868,0,0,0,0,0,0.002171408355,0.8561238017,0,0,0.02545975041,0.2199291794,0,0,0.1049918388,-0.8223604938,0,0,0,0,0,0.02545975041,0.02097971031,0,0,0.002171408355,0.02386044225,0,0,0.005541566819,-0.02396233934,0,0,0,0,0,0.2199291794,0.02386044225,0,0,0.8561238017,0.02097971031,0,0,-0.8714992202,0.005010429377,0.09495420616,0,0.005851716566,0,0,0,0,0,0,0,0,0,0,-0.7768706534,0.0005311374423,0.01003763252,0,0.0006190175953,0,0,0,0,0,0,0,0,0,0
1,1,1,1,2,1500,500,v1,0.007923472079,0.001059446778,0.0009852797896,0.01707629669,0.0001893099403,0,0.008072364512,0.0006817948325,0.0005597470873,0.008900541323,0,0.001557104749,0.00206632789,0.002331110514,0.004776848049,0.0189398655,0.001014078537,0,0.0137938903,0.003652177509,0.002998403076,0.006120764861,0,0.008340959292,0.00575586996,0.00601939257,0.01233477498,0.004939445031,0.01465436895,0.01362848409,0.03561857763,0.1116577164,0.007742475139,0.0158050364,0.1231131371,0.02153802151,0.003205825064,0.002971788438,0.006870052846,0.002751103967,0.06104250612,0.007590605102,0.02723927484,0.1315559561,0,0.008802871186,0.0685698571,0,0.001905382741,0.001766283028,0.001992617414,0.00163511917,0.03628062521,0.00485107931,0.01618966822,0.07819030772,0.0008668274366,0.01179092362,0.03696238574,0.003121856497,-0.2719160139,0.02449355211,0.008792472389,0.009671498954,0.0002230815616,0,0.001904363451,0.005214976758,0.001213247122,0.005694684191,0.01102226591,0.005229984579,0.009618338893,0.03025846312,0.0146809697,-0.08247877655,0.0007290852769,0.006794363818,0.0006304595946,-0.003192702757,0,0.00620517944,0.005229984579,0.02807398067,0.01363726518,0.01206708359,0.005214976758,0.06609223714,0.1021720007,0.08372338458,0.141483371,-0.008846138633,-0.03834634637,-0.0244382296,-0.1246847556,-0.1261924102,-0.02780829899,0.009618338893,0.06609223714,0.00109291946,0,0.001213247122,0.02807398067,0.003839564124,0,-0.01646986802,-0.001151853324,-0.0209362219,0.006672279598,-0.1787325816,0.05266059922,0,0.03025846312,0.1021720007,0.003839564124,0.007399824208,0.005694684191,0.01363726518,0.00109291946,0.02214830993,-0.334858045,0.003034684399,0.01298607927,0.007583217695,0.09146155097,0.0386861059,-0.0003187011943,0.0146809697,0.08372338458,0,0.02214830993,0.01102226591,0.01206708359,0,0.007399824208
1,1,1,1,4,1500,500,v1,0,0,0.4147672969,0,0,0,0,0,0,0.1287786203,0,0,0,0,0,0,0,0,0,0,0,0,0,0,0,0,0,0,0,0.2359613616,0,0,0,0,0.07326223356,0,0,0,0,0,0,0.1123481742,0,0,0,0,0.03488231347,0,0,0,0,0,0,0,0,0,0,0,0,0,0.4535127328,0,0,-0.5406548566,0,0,0,0,0,0,0,0,0,0,0,0,0,0,0,0,0,0,0,0,0,0.09925675401,0,0,0,0.03145643192,-0.3937601133,0,0,0,0,0.3066179894,0,0,0,0,0,0,0,0,0,-0.2340368672,0,0,0,0,0.146894743,0,0,0,0,0,0,0,0,0,0,0,0,0,0,0,0,0,0.03145643192,0,0,0,0.09925675401,0,0
1,1,1,1,3,1500,500,v1,0.03340238473,0,0.05244478497,0.01973059608,7.359688936e-05,0.0002266204821,0,1.042060968e-05,0.007890020757,0.03700778887,0.0008367465681,0.004476295205,2.873959815e-05,0.0001506880376,0.001018284497,5.795128547e-05,9.828089798e-07,3.026277969e-06,0.0007232717493,1.391562722e-07,0.0001053629212,0.0008505296956,1.117386955e-05,5.977621013e-05,4.0607774e-05,4.816154803e-05,0.0003254548833,4.176567622e-05,0,0.0002238379021,0.0002311655766,0,3.367514415e-05,0.0002718386107,0.0001579517549,1.910513178e-05,0.009832695027,0.002224158524,0.07880507346,0.01011306743,0.03452011052,0.05419971622,0.004484852046,0.02039083026,0.0002342037598,0.06582252343,0.03824616033,0.0008647461623,0.03423330659,0.00774358408,0.0406013154,0.03520944534,0.1201844992,0,0.01561436765,0.07099229074,0.0002648075986,0.1948780068,0,3.749420184e-05,-0.1611016341,0.05145065519,0,0.001485707634,-6.905248753e-05,-0.0002257744059,-0.01233411884,0.0366117898,0.00830403105,0.06057801535,0.1159071604,0.03711310085,0.01676884265,0.2907851547,0.09665156478,-0.4089325867,3.191121035e-05,0.0008698944475,0.001846332318,-5.655506822e-07,1.281714974e-06,0.0001637486441,0.03711310085,0.07838740004,0,0.02052796569,0.0366117898,0.04661902301,0,0.0156217285,-0.4626882892,7.368725233e-05,0.0002762189862,0.0005938483445,0,0.0003765122507,5.262583108e-05,0.01676884265,0.04661902301,0.000436742386,0.0002917965402,0.00830403105,0.07838740004,6.103785147e-05,0.001069016048,-0.2214759673,0.01872532802,0.005055921659,-0.1441459978,0.05256983368,-0.02596201604,-0.0006827157018,0.2907851547,0,6.103785147e-05,0.01159550157,0.06057801535,0,0.000436742386,0.006581114988,0.1289838326,-0.06794894235,-0.02180308201,-0.2353882266,-0.1873581042,0,-0.0002622354546,0.09665156478,0.0156217285,0.001069016048,0.006581114988,0.1159071604,0.02052796569,0.0002917965402,0.01159550157
1,1,1,1,3,1500,500,v1,0,0,0,0,0.001159888917,0,0,0.001691638879,0,0,0,0,0.005727146921,0.4746719026,0,0.0499714965,0.0009737399371,0,0.003336659649,0.001420150078,0,0,0,0,0,0.02073424996,0,0,0,0,0.0001457493793,0,0,0,0,0,0,0.001055784764,0,0,0,0,0.009212116497,0,0,0,0,0,0,0.004592599195,0.3806394052,0,0,0,0.04007214373,0,0.0007808420689,0.002675667418,0,0.001138818367,0.0001586144198,0,0,0,-0.00123355828,0,0,0,0.0003713422174,0.2353935771,0,0,0.002577875689,0.002572552393,0,0.2805586563,-0.04686947469,-0.3949502184,0,-0.0004241400549,0,0,0,0,0,0,0,0,0,0,-0.1795021921,0,0.02085810657,0,0,0,0,0.002577875689,0,0.0008659446123,0,0.0003713422174,0,0.0007464711765,0,-0.01220889396,0,0.01024274861,0,0,0,0,0.002572552393,0,0.0007464711765,0,0.2353935771,0,0.0008659446123,0,-0.4123765348,0,0.03466058075,0.2154480263,0,0,0.0005827544744,0,0,0,0,0,0,0,0
1,1,1,1,3,1500,500,v1,0,0.002802005663,0,0,0,0,0.01157909522,0,0,0,0,0,0,0.09088255896,0,0,0,0,0.06956137888,0,0,0,0,0,0.4555137785,0.06566235852,0,0.00161646932,0.01203940482,0,0.05025787402,0.04975201037,0,0,0,0,0.1089282285,0,0,0.0003865506332,0,0,0,0,0,0,0,0,0.05813249896,0,0.008379805768,0.0002062932133,0,0.001536464364,0,0,0,0.006413891186,0.006349333055,0,-0.05366246499,0,0.01411380458,0,0,0,0,0.4324453753,0,0.028941028,0,0.001591654428,0,0.01931646314,0,0.1023940934,0,-0.1345657544,0,0,0,0,0.001591654428,0,0.01155788614,0,0.4324453753,0,0.04776510444,0,0.06897814534,-0.4564310566,0.08768546957,0,-0.06131089797,0,0,0,0,0,0,0,0,0,0,-0.3982748713,0.1089168525,0,0,0,0,0,0.01931646314,0.04776510444,0,0,0.028941028,0.01155788614,0,0,-0.4415915795,0.05815618725,0,0.01470862395,0,0.007648433034,0,0,0,0,0,0,0,0,0
1,1,1,1,1,1500,500,v1,0.0009066559813,0.02505811054,0.0006686300316,0.0197450596,0.002175128969,0.0506305636,0.04820203877,0.03091595181,0.0391667581,0.0001201791674,0.01808893523,0.06413313268,0.03430167944,0,0.02672500195,0.01814947589,0.001195541534,0.02782866789,0,0.0169926956,0.02152768261,0.02291867924,0.009942432695,0.0352502426,0.00172320732,0,0.006998226471,0.004820314058,0.003606602039,9.623560527e-05,0,0.006937696719,0.005637253032,0.006001500318,1.729733091e-05,0.009230651556,0.01028161622,0.0535931753,0.0417553233,0.02876068283,0.0007786033931,0.000574195309,0.02835686354,0.01695634366,0.04347969839,0.03580829901,0.0001032055261,0.0155341239,0.007343054535,0.03827585087,0,0.02054066774,0.0005560728058,0.01536871109,0.02025226298,0.01211009569,0.001334056239,0,0.02956341048,0.01896145883,0.07705659092,-0.01546082305,-0.06028474308,-0.0005859639119,-0.02650284848,-0.04108581121,-0.09828909428,0.01306946964,0.01062008452,0,0.0310672757,0.03384690112,0.001961164259,0,0.03035467388,-0.2628344163,0.02879479609,0,0.01519031198,0.008171976279,0.03131306247,0.03400635624,0.03384690112,0.0009716217972,0.02815127619,0.001066352539,0.01306946964,0.02356254843,0.04975083797,0.0001927300138,-0.2097511852,0.003230185358,0,0.009373807934,0.007778483281,8.629280077e-05,0.01265728344,0.001961164259,0.02356254843,0.001516848471,0.03264621384,0.01062008452,0.0009716217972,0.02079778557,0.01163464195,0.04610650177,-0.03357047945,-0.04833355227,-0.06551208632,-0.005931963007,-0.0003397172564,-0.01974782179,0,0.04975083797,0.02079778557,0.02914126724,0,0.02815127619,0.001516848471,0.04829691475,-0.1421089684,-0.0009372863407,0.011151257,0,0.005036672568,0.0005715169592,0.003454449537,0.03035467388,0.0001927300138,0.01163464195,0.04829691475,0.0310672757,0.001066352539,0.03264621384,0.02914126724
1,1,1,1,2,1500,500,v1,0.0004461605639,0.0002177797257,0.004215778074,0.0008354823714,0.0003922049878,0.007362707789,2.100023996e-05,0.0003189299291,0.0001802354975,0.0007742344691,0.0003077470454,1.267213121e-06,0.005886671839,0.06900664148,0,0.01535465723,0.004905627023,0.09209137929,0.002871215113,0.00398911622,0.002254352072,0,0.003849242792,1.585006597e-05,0.006923543343,0.05384599232,0,0.2519635277,0.002125501195,0.04114543402,0.002240413728,0.0002049595525,0.001759074514,0,0.007556425575,1.236783174e-05,0.006539717162,0.004338732455,0,0.2379952178,0.004113065615,0.03886442066,0.01131704832,0.007702146025,0.06787534061,0,0.007137513779,0.002837058882,0.0005526683988,0.0003666642241,0.004298229517,0.0201128631,0.0003475932263,0.0001696670742,0.0009563983916,0.0006509047113,0.0003055577031,0.0001788399099,1.636079419e-05,0.0002484708242,-0.102400733,0.001228418801,0.0001523259754,0.004566267287,0.0005441437118,0.007528388712,0.0001602007119,0.002948336527,0.00680104672,0.05584830137,0,0.07662535059,0.01894223094,0.002853326843,0,-0.01143739787,-0.01242418184,-0.02153037901,0,-0.008717479295,-0.06707451965,-0.001179103603,0.07662535059,0.00500109857,0.002693184866,0.01402816969,0.002948336527,0.009343382487,0.0002616257616,0.001904334152,0.01866802233,-0.08600598279,-0.02188730448,0,-0.002237966396,-0.01433075887,-0.000730752256,0.01894223094,0.009343382487,0.006437362448,0.08147104526,0.00680104672,0.00500109857,0.005224805308,0.003341990134,-0.1437138845,0.01239691721,-0.006006546525,0,-0.0117614062,-0.000857177627,0.003004107229,0.002853326843,0.0002616257616,0.005224805308,0.002603462598,0.05584830137,0.002693184866,0.006437362448,2.102012064e-05,-0.1562494399,0.02055994067,0.001268543252,0.004283264745,0.0009700000281,0.0001157666692,0.0003985570806,0,0.001904334152,0.003341990134,2.102012064e-05,0,0.01402816969,0.08147104526,0.002603462598
1,1,1,1,2,1500,500,v1,0.01856850397,0,0,0.03200600431,0,0,0,0,0,0,0,0,0.00153928846,0,0,0.005144859109,0,0,0,0,0,0,0,0,0.1523018167,0,0,0.0591089043,0,0,0,0,0,0,0,0,0.1444895417,0.001369901875,0,0.05607693116,0.005592090813,0,0.00457870784,0.00963892853,0,0,0,0,0.3320447723,0.003148108513,0,0.1288678171,0.01285092678,0,0.01052211796,0.02215077847,0,0,0,0,0.02212393715,-0.02776139163,0,0,0,0,0,0.05413545025,0.001098514342,0,0,0.02030467352,0.004079910637,0,0,-0.003804674046,0.0003523907093,0,0,0,0,0,0.02030467352,0.001465210741,0,0,0.05413545025,0.006990970971,0,0,-0.2591738142,0.2095470653,0,0,0,0,0,0.004079910637,0.006990970971,0,0,0.001098514342,0.001465210741,0,0,-0.2779501383,0.198170632,0.00588241164,0,0.01518060763,0,0,0,0,0,0,0,0,0,0,0.4013717152,-0.4573444466,-0.009687085689,0,0.006943329528,0,0,0,0,0,0,0,0,0,0
1,1,1,1,3,1500,500,v1,0,0,0,0,0,0,0,0,0.007449669185,0,0,0.003332156057,0,0.07757327051,0.2877291986,0,0,0,0.0034350744,0,0.0629229534,0.08536501022,0,0.02814475316,0,0.01498774808,0.05559147779,0,0,0,0.0006636825986,0,0.01215719497,0.01649317168,0,0.005437781177,0,0,0.232708228,0,0,0,0,0,0,0.06904109962,0,0,0,0,0.03539996097,0,0,0,0,0,0,0.001567569588,0,0,-0.07341309239,0,0,0,0,0,0.009977013658,0,0,0.0605425066,0.02099271812,0,0,0.002871554379,0.001606190137,0.3255638728,0,-0.07168235997,-0.2845457641,0,0,-0.09011380757,0,0,0,0,0,0,0,0,-0.2228253571,0,0.01329742654,0.07204915814,0,0,0.01670071515,0,0,0,0,0,0,0,0,-0.2124966061,0,0,0.1974306671,0,0,0,0.002871554379,0,0,0.06588402616,0.0605425066,0,0,0.0292700919,-0.05838493342,0,0,0.01610889276,0,0,0,0.001606190137,0,0,0.0292700919,0.02099271812,0,0,0.06588402616
1,1,1,1,3,1500,500,v1,0,0.01204805364,0.005951948675,0,0,0,0.003325085895,0,0.007061434277,0.002837081278,0,0.001755527664,0,0,0,0,0,0,0,0,0.349874719,0,0,0.08698158537,0,0,0,0,0.1915176325,0.0946130515,0,0.05285605441,0.1122495978,0,0.04509866124,0.02790612594,0,0,0,0,0,0.002029507632,0,0,0,0,0.0009673937763,0,0,0,0,0,0,0.002293552536,0,0,0,0,0.0006329868222,0,-0.6741612341,0,0.01533537082,0.008772841771,0,0,0.008808483417,0,0,0,0,0,0,0,0,0.1484164021,0,0,0,0,0,-0.4356969059,0,0,0.2657790449,0.1298892096,0,0,0.07335533302,0.06192247339,-0.3968623649,0,0,0,-0.2443485611,-0.1396415352,0.1396079185,0,0,0,0,0,0,0,0,-0.1308686936,0,0,0,0,0.002994238444,0,0,0.07335533302,0,0.3452146907,0,0.2657790449,0,0.08570606556,-0.2290131902,0,0,0,0,0.002923605163,0,0,0.06192247339,0,0.08570606556,0,0.1298892096,0,0.3452146907
1,1,1,1,2,1500,500,v1,0.1379595295,0.02523625398,0.001221207189,0.1065205512,0.02440228603,0.04756329181,0.05796428087,0.01658131382,0.08742438954,0.002217005614,0.03019025114,0.01783967563,0,0.002793122436,0.02060121425,0,0.004286837465,0.008355614758,0.002601287475,0.002912899112,0.01535815735,0.02576087731,0.00530363014,0.003133960063,0.003900506064,0.0007179420876,0.005295320598,0.004635147131,0.001139543305,5.514362303e-05,0.0006686329736,0.002617377692,0.003947649199,0.006621556504,0.0001001089111,0.0008055507347,0.03451649993,0,0.04685954336,0.04101751233,0.05512688362,0.0004879789517,0,0.0425642654,0.01900569002,0.05859571831,0.0008858874117,0.01206364263,0.00178284083,0,0.0003281565126,0.002118630102,0.00284740513,0.000520861729,0,0.002198522748,0.0005036491114,0.0003056183342,0.001196349331,0.0003422287552,0.183495286,-0.2440599297,-0.08257045977,-0.003151397943,-0.04094297734,-0.07712185549,-0.104633227,0.04295638853,0,0.0025510053,0.03147726113,0.05095264662,0,0.002306197543,0.03939381198,-0.2773006951,0,-0.004899776505,0.04479110656,0.007085168106,0.01349433445,0.01827182861,0.05095264662,0.1199959259,0.03508548585,0.001085574243,0.04295638853,0.09263577088,0.0806484148,0.001916890611,-0.3040348797,0.008466502112,0.001185696445,0.01189545634,0.003721709449,0.000154998414,0.004738318904,0,0.09263577088,0.02949555852,0.03085306455,0,0.1199959259,0.02004428692,0.01928124852,-0.2366621525,-0.07490049344,0,-0.1039339448,0.09726480256,0.000994756298,0.03020464571,0.002306197543,0.0806484148,0.02004428692,0.1016434188,0.0025510053,0.03508548585,0.02949555852,0.02079120127,-0.3296497592,0.003827967438,0,0.0004759448326,0.005040662388,0.001692817282,0.0008312459369,0.03939381198,0.001916890611,0.01928124852,0.02079120127,0.03147726113,0.001085574243,0.03085306455,0.1016434188
1,1,1,1,1,1500,500,v1,0.03076566339,0.002158507546,0.003677591288,0.01557580486,0.07208706852,0,0.06117526507,0.04937239695,0.01753058698,0.01879365667,0,0.02277222427,0.05809627217,0.0008055419385,0.117471506,0.08496715956,0.05626122443,0,0.009618789258,0.0385332843,0.01368195862,0.06230888836,0,0.01777285783,0.004823820602,0.0002242966884,0.03270899816,0.009462472609,0.0004690726286,0.0007991898919,0.002678274679,0.01329420527,0.00380963158,0.01734940994,0.004084113558,0.004948709639,0.0008113549745,0.002720838267,0.005501574491,0.001591565039,0.00112453392,0.0001344218096,0.00397928973,0.0005693204361,0,0.002918128849,0.0006869380364,0,0.005931641498,0.01989146266,0.0002758078408,0.01163558926,0.008221225325,0.0005767981231,0.0290917303,0.004162179108,0.01926316445,0.003293357391,0.01634730355,0.01319333164,0.09636067345,-0.04615762538,-0.05867359728,-0.02089849386,-0.07021695576,0,-0.02912116294,0.006411242176,0.05345052717,0.0005328066505,0.1199016375,0.0144072903,0.07817243549,0.006254582575,0.06443246898,0.0541033696,-0.1409089061,-0.009763588116,-0.1782911482,0.01895481986,0,-0.002777877161,0.0144072903,0.03211253306,0.001785936864,0.00469846674,0.006411242176,0.0162776322,0.04997787841,0.02292775834,-0.2813707443,-0.007554712508,0.002151225301,0.04711492334,0.01140780462,0.002132417036,0.007511242643,0.07817243549,0.0162776322,0.01631903291,0,0.05345052717,0.03211253306,0.01237980787,0,-0.2930096919,0.0009100369682,0.006593613428,0.008286820747,0.00167596655,0.0003485934358,0,0.006254582575,0.04997787841,0.01237980787,0.01506978205,0.0005328066505,0.001785936864,0.01631903291,0.02151191415,-0.2915819212,-0.007234346102,0.04656665095,0.003087436663,0.01222154872,0.01275658244,0.0321295754,0.06443246898,0.02292775834,0,0.02151191415,0.1199016375,0.00469846674,0,0.01506978205
1,1,1,1,0,1500,500,v1,0.1348639522,0,0.06563684577,0.08532970221,0,0.2020038316,0,0,0,0.004514970193,0.07817573883,0,0,0,0,0,0,0.05599639143,0,0,0,0,0.02167067445,0,0,0,0,0,0,0.007955224245,0,0,0,0,0.0005472170383,0,0,0,0,0,0.03151538357,0.01533820074,0,0.01994008222,0.04720481739,0,0.001055070796,0.01826832415,0,0,0,0,0.1286104936,0,0,0.08137307961,0,0,0,0,0.2323723513,-0.07041263564,0,-0.06672367281,0,-0.278865959,0,0,0,0,0,0,0,0,0,-0.214022641,0,0,0,0,0.07594306617,0,0,-0.004134665504,0,0.06473761133,0,0.003176753864,0,0.004545813015,-0.05238295755,0,0,0,0,0.006194008001,0,0,0.003176753864,0,0.1496113578,0,-0.004134665504,0,0.05750800453,-0.3141393031,0,0,0,0.05132535394,0.0143407153,0.064843318,0,0,0,0,0,0,0,0,-0.01908728174,0,0,0,0.01972588953,0,0,0,0.004545813015,0.05750800453,0,0,0.06473761133,0.1496113578,0
1,1,1,1,4,1500,500,v1,0,0,0,0,0,0,0,0,0,0,0,0,0.006363137533,0,0,0.0430585773,0,0,0,0,0,0,0,0,0,0,0,0,0,0,0,0,0,0,0,0,0,0.1139379728,0,0,0,0,0.7710043961,0,0,0,0,0,0,0.008450746062,0,0,0,0,0.05718517016,0,0,0,0,0,0,0,0,0,0,0,0,0,0.1486847763,0,0,0,1.006142907,0,0,-0.8193042912,0.04941917137,0,0,0,0,0,0,0,0,0,0,0,0,0,0,0,0,0,0,0,0,1.006142907,0,0,0,0.1486847763,0,0,0,0.1150545378,0,-0.8849396573,0,0,0,0,0,0,0,0,0,0,0,0,-0.8355204862,0,0.06563536632,0,0,0,0,0,0,0,0,0,0,0,0
1,1,1,1,4,1500,500,v1,0.007291026933,0.0178568572,0.01985159548,0.00473412862,0.01616990686,0.01053173047,0.2617571026,0.002227102954,0,0.04545896156,0.002677075008,0,0.02824313812,0,0,0.08645877022,0.02634517645,0.01715905354,0,0.00362855648,0,0,0.004361683347,0,0.004035787279,0,0,0.006154214514,0.001848229088,0.002054689456,0,0.02709251048,0,0,0.004705115469,0,0.0420254483,0.0186833272,0,0.06408504859,0.007858208826,0.02139588624,0.05719398059,0.005102404866,0.01135101243,0,0.04899529465,0.002885329412,0.009752888862,0.004335858892,0,0.01487228291,0.001823662577,0.004466432852,0.0132730657,0.001184120327,0.004044485677,0,0.06547179656,0.0005570524357,0.03740591335,-0.008491003422,-0.2747934892,-0.01737228271,-0.0004548640504,0.002355962859,0,0.04338178667,0.01808877478,0,0,0.06480155739,0.0685793576,0,0,0.04040509844,-0.08859860898,0,0,-0.01947439561,-0.0158854985,0,0.06480155739,0.01026650937,0.01747129862,0.02190318945,0.04338178667,0.006675137026,0.2552266245,0.04181991097,-0.3395258185,0.00860666006,0,0,0.02813256268,0.006383683633,0,0.0685793576,0.006675137026,0.01992454461,0.01223102489,0.01808877478,0.01026650937,0.003548178551,0.002958226516,-0.07216882107,-0.1019638567,0.01408556584,0,-0.005666438111,-0.03149346785,0.00340336802,0,0.2552266245,0.003548178551,0,0,0.01747129862,0.01992454461,0,-0.4486178681,0.02123496733,0.01673428822,0,0.002863010604,0.06486231089,0.004280777557,0,0.04181991097,0.002958226516,0,0,0.02190318945,0.01223102489,0
1,1,1,1,2,1500,500,v1,0,0,0,0,0,0.02032828163,0,0,0,0,0.009612101551,0,0,0,0,0,0,0.1967125042,0,0,0,0,0.0930142843,0,0,0,0,0,0,0,0,0,0,0,0,0,0,0,0,0,0,0,0,0,0.461917847,0,0,0.2184149814,0,0,0,0,0,0,0,0,0,0,0,0,-0.3905987596,0,0,0,0,0.02993427159,0,0,0,0,0,0,0,0,0,-0.6500309871,0,0,0,0,0.2893664988,0,0,0,0,0,0,0,0,0,0,0,0,0,0,0,0,0,0,0,0.3672889482,0,0,0,0.1737077851,0.31930077,0,0,0,0,0,-0.6799652583,0,0,0,0,0,0,0,0,0,0,0,0,0,0,0,0,0,0.1737077851,0,0,0,0.3672889482,0
1,1,1,1,4,1500,500,v1,0.268306953,0,0.03076035918,0.03686035092,0.02410807873,0.006940530293,0,0.004244695423,0.09107773283,0.05986823648,0.04457100665,0.01746876685,0.004358258015,0.05935917254,0.01557080337,0.02460883572,0.01184625775,0.003410446419,0.1481444714,0.002085763723,0.04475388978,0.01762521623,0.02190135675,0.00858382441,3.151321308e-05,0.0001641883128,4.30690629e-05,0.001033258659,0,4.180848023e-05,0.0004097697082,0,0.0001237898937,4.8751598e-05,8.137096079e-05,2.374298002e-05,0.0001474673418,5.641187113e-05,0.0002015434034,0.004835175244,0.00170650699,0.0001956444564,0.0003185287481,0.0002344421037,4.414370678e-05,0.0002281350539,0.0003807786675,0.0002834840229,0.0006225491873,0.0002381487596,0.003243569625,0.02041221048,0.007204202146,0,0.001344703247,0.0009897224659,0.0006473163314,0.00809507422,0,0.0001139726106,0.09846063275,-0.3045412377,0,-0.09056241754,-0.02698918349,-0.05051270055,-0.1051911009,0.0007228709622,0.006072037736,0.08361227905,0.02296725607,0.02055394681,0.03426415926,0.2086041964,0.02598853552,-0.1671600833,-0.02883034835,-0.2066557962,-0.03315674769,0.01266809425,0.02420944247,0.04956748395,0.02055394681,0.3883502235,0,0.04575730275,0.0007228709622,0.05332806576,0,0.08903994673,-0.388865088,0.0009598823033,0.0005693759882,9.166479492e-05,0,0.0001229941799,0.0001467437495,0.03426415926,0.05332806576,0.01727987899,0.005303666789,0.006072037736,0.3883502235,0.003061931892,0.03366768324,-0.491926507,0.00429176511,0.0003725446178,0.0004278884551,0.001926898855,0.0005745903174,0.000322358061,0.2086041964,0,0.003061931892,0.0696853771,0.08361227905,0,0.01727987899,0.01352993253,-0.5462280048,-0.01943619263,0.001567005697,0.01127543719,0.008162145668,0,0.0007598819852,0.02598853552,0.08903994673,0.03366768324,0.01352993253,0.02296725607,0.04575730275,0.005303666789,0.0696853771
1,1,1,1,1,1500,500,v1,0.002004212957,6.546159255e-05,0.002760969917,0.006457790712,0.01920852926,0.007682066264,0.04703580799,0.00693649467,0.09298661427,0.001157044296,0.009496095211,0.03914421989,0.001639251979,0.003031687845,0.0005839634736,0.002580045967,0.003934365111,0.001573470466,0.0003264773885,0.001420759614,0.01904587728,0.0003429182181,0.001945026878,0.008017670223,0,0.01637557887,0.003154262711,0,7.242346381e-05,0.003054600371,0.001763458674,0.05203808836,0.1028757846,0.001852263365,0.001280096503,0.04330722615,0,0.01521555215,0.005420354406,0,0.003810363537,0.005249092449,0.02394801072,0.01227740304,0.01460496754,0.003182970098,0.00219974598,0.01805375761,0,0.02635443636,0.04874078262,0,0.006599825123,0.0002155634517,0.04147968592,0.02126534968,0.0632532254,0.005248813281,0.1548877858,0.02284171032,-0.2432508515,0.006548323724,0.04254202851,0.0007982593477,0.02285914082,-0.001145630911,-0.0354213295,0,0.02606243248,0.04661784226,0.006192773983,0,0.04005673369,0.005183919916,0.003473974794,-0.2560777897,0.003671320532,0.00303219621,0.0006157455088,0.004975240903,0.00260242135,0.02514523596,0,0.005141026205,0.0001271696373,0.003946322728,0,0.01393513228,0.08927518422,0.001714488065,-0.1740136613,0,0.01171628532,-0.002378075323,0.04972068498,0.0003242223961,-0.04166493072,0.04005673369,0.01393513228,0.06202624921,0.01470181178,0.02606243248,0.005141026205,0.02233568911,0.01949048001,-0.07597726882,0,0.01450832481,-0.004682169369,0.005489003342,-0.004896355601,-0.02425165166,0.005183919916,0.08927518422,0.02233568911,0.05495987424,0.04661784226,0.0001271696373,0.06202624921,0.02295166216,0.1650625492,0,-0.06225908945,-0.04928298963,-0.02475476607,-0.1518642827,-0.08407567392,0.003473974794,0.001714488065,0.01949048001,0.02295166216,0.006192773983,0.003946322728,0.01470181178,0.05495987424
1,1,1,1,4,1500,500,v1,0,0.033226109,0.1099536629,0,0,0,0.006518908619,0,0.1238518002,0.1950300001,0,0.1073618069,0,0,0,0,0,0,0,0,0.01383671497,0,0,0.011994454,0,0,0,0,0.005820025284,0.019259947,0,0.001141879508,0.0216944033,0,0.03416227677,0.01880594657,0,0,0,0,0,0.08807356025,0,0,0,0,0.1562202296,0,0,0,0,0,0,0.04434738928,0,0,0,0,0.008700885746,0,0.2242444882,0,0.01643636732,-0.210209961,0,0,-0.2305146906,0,0,0,0,0,0,0,0,-0.1903547848,0,0,0,0,0,0.02538368452,0,0,0.01033916587,0.01946267696,0,0,0.003883888138,0.01892331248,-0.2998074216,0,0,0,0.006938923536,0.05266479616,0.0401599058,0,0,0,0,0,0,0,0,-0.1575451649,0,0,0,0,0.1319545052,0,0,0.003883888138,0,0.1325772163,0,0.01033916587,0,0.1148794342,0.02337529087,0,0,0,0,-0.03285732684,0,0,0.01892331248,0,0.1148794342,0,0.01946267696,0,0.1325772163
1,1,1,1,3,1500,500,v1,0.002079347792,0.02559291433,0.0001969534992,9.019123434e-05,0,0.008828409367,0.02741355493,0,0.01249301324,3.536700146e-05,0.03954799505,0.04678264432,0.03962563185,0.03420181659,0.0346529858,0.0351728582,0,0.03440220975,0.05407408674,0,0.04868229872,0.0123635562,0.1541091225,0.1823008286,0.0003258012279,0.004463949278,0.004522834936,2.962447476e-05,0.01301648425,0.0001001699957,0.007057636247,0.01394245693,0.006353911398,0.001613665393,1.798755747e-05,0.02379352132,0.0001822290148,0.002892751239,0.002529738024,1.656973144e-05,0.0005915151878,5.602765757e-05,0.00256768976,2.565683582e-05,0.002511430865,0.0009025645992,1.0060904e-05,0.01125027752,0.0007117509668,0.01129852177,0.00975202038,6.471813715e-05,0.002310342879,0.02843603539,0.01002889508,0.0001002105934,0,0.01541823355,0.03045893124,0,-0.3696194232,-0.0005085162608,0.005551011818,-0.0001361331601,0,0.04747180682,0.0573918771,0.0007239509776,0.03855808005,0.03008794047,0.04140087286,6.945086423e-05,0.03462949365,0.04762674673,0.01477709645,0.2180630929,-0.07346085212,-0.08780008088,-0.04673968718,0,-0.1878535828,-0.2298680179,6.945086423e-05,0.001466221841,-0.006694638756,0.0001713923896,0.0007239509776,8.276033511e-05,-0.009687094763,2.696499389e-05,-0.2906927812,1.605527554e-05,0.01134713347,0.005930470897,0.02193512325,-1.392912172e-05,0.0295613683,0.03462949365,8.276033511e-05,0,0.0347749802,0.03855808005,0.001466221841,0,0.1552613261,-0.2375741299,3.405184052e-06,0.005412778281,0.003357236732,0.0004635879313,1.782402617e-05,0.01369090516,0.04762674673,-0.009687094763,0,0.04526789017,0.03008794047,-0.006694638756,0,0.1691042687,-0.1170403536,-0.00054839502,0.01925635799,0.02464315594,-0.0009877264546,-0.01656497939,0,0.01477709645,2.696499389e-05,0.1552613261,0.1691042687,0.04140087286,0.0001713923896,0.0347749802,0.04526789017
1,1,1,1,0,1500,500,v1,0,0,0,0,0.003301964347,0,0,0.01474437403,0,0,0,0,0.2796297479,0.02533636485,0,0.1687053847,0.02391247495,0,0.04601541984,0.1067771901,0,0,0,0,0,0.0005754370658,0,0,0,0,0.001045097761,0,0,0,0,0,0,0.1781869321,0,0,0,0,0.1075032079,0,0,0,0,0,0,0.01903236344,0.001724462106,0,0,0,0.01148254869,0,0.001627548275,0.003131934998,0,0.00726754683,-0.1217250768,0,0,0,0.01802690275,0,0,0,0.124711869,0.03453867923,0,0,0.07489398812,0.06273694325,0,0.3306199896,-0.4304166968,-0.0712615677,0,-0.1305608854,0,0,0,0,0,0,0,0,0,0,-0.0664570416,0,0.001606626611,0,0,0,0,0.07489398812,0,0.02845355785,0,0.124711869,0,0.1270937031,0,-0.3999400051,0,0.2668694347,0,0,0,0,0.06273694325,0,0.1270937031,0,0.03453867923,0,0.02845355785,0,-0.3457361803,0,0.03047669116,0.00480452607,0,0,0.008835808661,0,0,0,0,0,0,0,0
1,1,1,1,4,1500,500,v1,0,0,0,0,0,0,0,0,0,0,0,0,0,0,0.3427871366,0,0,0,0,0,0,0.108255358,0,0,0,0,0.3233694226,0,0,0,0,0,0,0.1021230638,0,0,0,0,0.09383200216,0,0,0,0,0,0,0.02963301683,0,0,0,0,0,0,0,0,0,0,0,0,0,0,0,0,0,0,0,0,0,0,0,0,-0.06009651707,0,0,0,-0.01610988357,0.2226992967,0,0,-0.1718950295,0,0,0,0,0,0,0,0,0,0,0,-0.04897879478,0,0,0.09978306192,0,0,0,0,0,0,0,0,0,0,0,-0.07211196771,0,0,0.1229162349,0,0,0,0,0,0,0,0,0,0,0,0,0,0,0,0,0,0,-0.01610988357,0,0,0,-0.06009651707,0,0,0
1,1,1,1,1,1500,500,v1,0,0,0,0,0,0,0,0,0,0,0,0,0,0,0,0,0,0,0,0,0,0,0,0,0.0184813006,0,0,0.04917969354,0,0,0,0,0,0,0,0,0.05918042276,0,0,0.1574821555,0,0,0,0,0,0,0,0,0.1954838435,0,0,0.5201925841,0,0,0,0,0,0,0,0,0,0,0,0,0,0,0,0.1771035371,0,0,0,0.4704403455,0,0,0,0,0,0,0,0,0,0,0.4704403455,0,0,0,0.1771035371,0,0,0,-0.498888175,0.06719225367,0,0,0,0,0,0,0,0,0,0,0,0,0,-0.6478228071,0.2161268858,0,0,0,0,0,0,0,0,0,0,0,0,0,0.2833191393,-0.7150150607,0,0,0,0,0,0,0,0,0,0,0,0,0
1,1,1,1,4,1500,500,v1,0.05079349597,0.03491093244,0,0.04830612827,0.0120291072,0.03030226803,0.02642768312,0.02586252574,0.005525697498,0,0.1654897631,0.01869270959,0.005030803577,0.03796234401,0,0.01568377785,0.01266028452,0.03189225339,0.0008706439473,0.02721955411,0.005815635469,0,0.1741731494,0.0196735317,0,0.04860303072,0,0,0.04704157459,0,0.001114681815,0.03561061649,0.007445733837,0,0,0.0251879406,0,0.0001140691849,0,0,0.001212129868,0,0.0003556163003,0.001152771625,0.0007231296736,0,0,0.003949227768,0,0.001465774354,0.0110607042,0,0.0155757129,0.01070536001,0.004569623718,0.01481296711,0.003688699046,0.0002536707207,0.008103990422,0.007930686166,-0.09398949069,-0.09756338955,-0.006723389426,0,-0.005251255675,-0.009700469883,0.01364282135,0,0.005940455336,0.04644072798,0,0,0.01839458523,0.001266473378,0,-0.01954376204,-0.01959372688,-0.01096292302,0,-0.01265127916,-0.08797352615,0.01041881754,0,0.05245356281,0.03208663865,0,0,0.0502842972,0.02613590479,0,0.03377148015,0,-0.03087852619,0,-0.04945114494,0,-0.01640559114,0.01839458523,0.0502842972,0.002642171063,0.02519621821,0.005940455336,0.05245356281,0.007686201858,0.1143768375,-0.1850741542,0,0.0003969744072,0,0.002287916889,0,0.004625292092,0.001266473378,0.02613590479,0.007686201858,-0.001960350644,0.04644072798,0.03208663865,0.002642171063,-0.009523720987,-0.2303907449,0,0.002973392105,0.01003664827,0.02678356592,0.0173595054,0.01101695289,0,0,0.1143768375,-0.009523720987,0,0,0.02519621821,-0.001960350644
1,1,1,1,0,1500,500,v1,0.01106756245,0.01894189808,0.008416424268,0.006875412961,0.008586338965,0.06774201097,0.0572846698,0.1586024326,0.2015613681,0.00411948395,0.01889284372,0.05368010211,1.071188051e-05,3.888007836e-05,0,2.565730463e-06,2.7384791e-05,0.0002160525947,6.611442498e-05,0.0005058377599,0.0006428485948,0,6.025578292e-05,0.0001712043262,0.008220321552,0.0007214001507,0,0.02638018091,0.00112091839,0.0004980559338,0.001226719651,0.003389915812,0.0119277299,0,0.0002437773287,0.003176609511,0.008310038385,0.0002009227161,0,0.02666809499,0.0006620895049,0.000503491731,4.812539994e-05,0.0004113045472,0.004052497982,0,0.0002464379217,0.001130217571,0.04456869625,0.001077595926,0.003911266,0.1430272846,0.003550942206,0.006077362171,0.000258107873,0.002205923316,0.002754860753,0.006650992319,0.01837934529,0.05088636945,0.1118955358,-0.01776565545,-0.07556854817,-0.01243197003,-0.16667422,-0.08639765084,-0.2548084544,0.04199165653,0.001277189775,0.004710785559,0,0.1347393635,0.0003080015149,0.007999005292,0,-0.4440812577,1.30475851e-05,0.0001023527636,0,0.0005321445664,0.0002725072628,0.000806632358,0.1347393635,0.01022114083,0.01748893148,0.01107964383,0.04199165653,0.006361842805,0.05286272265,0.005375281965,-0.479439456,0.03418744717,0.001870016332,0,0.004489812895,0.0007254312178,0.01502907909,0.0003080015149,0.006361842805,0.008695872842,0.0950162568,0.001277189775,0.01022114083,0.1605732317,0.02649240515,-0.2639202848,0.03485181534,0.0002396399621,0,0.001064350487,0.0007365882723,0.005119368431,0.007999005292,0.05286272265,0.1605732317,0.2830567275,0.004710785559,0.01748893148,0.008695872842,0.07540238656,-0.1826577909,-0.1868599425,-0.001309481742,-0.01044556303,0.00564598255,0.02417763246,0.05329600578,0,0.005375281965,0.02649240515,0.07540238656,0,0.01107964383,0.0950162568,0.2830567275
1,1,1,1,3,1500,500,v1,0,0,0,0,0,0.01323543119,0,0,0,0,0.00555897947,0,0.03440339801,0,0.0006390002931,0.1927711824,0,0.001607736597,0,0,0,0.0004592380396,0.0006752613199,0,0,0,0.01251468047,0,0,0,0,0,0,0.008994076194,0,0,0,0.106288036,0.001974167963,0,0,0,0.595559496,0,0.004967043234,0.001418799076,0,0.002086195075,0,0.002551357784,0,0,0,0,0.0142959209,0,0,0,0,0,0.007888461202,0,0,0,0,-0.0174953729,0,0,0.1040513573,0,0.01418435886,0,0.5830352495,0,0.01030502587,-0.7137098657,0.2263850197,0,0.001087888911,0,0.002246053856,0,0,0,0,0,0,0,0,0,0.004313211627,0,0,-0.02063946808,0,0,0,0.5830352495,0,0,0.01007311052,0.1040513573,0,0,0.004337257015,0.2084239309,0,-0.7012825659,0.003225322715,0,0,0.005642407347,0,0,0,0,0,0,0,0,-0.4748975461,0,0.01683980821,0,0,0,0,0.01030502587,0,0.004337257015,0,0.01418435886,0,0.01007311052,0
1,1,1,1,1,1500,500,v1,0,0,0,0,0.03664550918,0.04545009575,0,0.1166518841,0.08046918636,0,0.008336094493,0.006299857236,0,0,0,0,0.0002423450516,0.0003005717767,0,0.0007714453289,0.000532160954,0,5.512848083e-05,4.166238269e-05,0,0,0,0,0,0,0,0,0.3420299933,0,0,0.02677720784,0,0,0,0,0,0,0,0,0.1313659684,0,0,0.02409409943,0,0,0,0,0,0,0,0,0.0430136165,0,0,0.1369231734,-0.6232983993,0,0,0,0.05620435444,0.05277266183,0.08588290291,0,0,0,0,0,0,0,0,-0.4303802965,0,0,0,0.001013246991,0.0003552923656,0.000573278106,0,0,0,0,0,0,0,0,0.08645618107,0,0,0,0,0,-0.3670492097,0,0,0.01832391906,0.1272199609,0,0,0.05271510941,0.02350918599,0.05312795417,0,0,0,0,0,-0.1536140523,0,0,0.05271510941,0.3903548104,0,0,0.01832391906,0.03053473104,0.05721760125,0,0,0,0,0,-0.1045769536,0,0,0.02350918599,0.03053473104,0,0,0.1272199609,0.3903548104
1,1,1,1,2,1500,500,v1,0.003508914343,0.08001493701,0.07339720918,0.09002273442,0,0.02614857301,0.02470440125,0,0.2564992048,0.02904456257,0.01174488189,0.114110246,0,0,0.008974679636,0,0,0.003485140745,0,0,0.03418679211,0.004653903615,0.001565384329,0.01520887077,0.0009946835104,0,0.002933975088,0.002848209996,0.003486429302,0.003198080137,0,0.001076425872,0.01117624255,0.001521440076,0.001265536383,0.004972037972,0.005827795714,0,0.01718999789,0.01668750495,0.0008957812406,0.01873737477,0,0.02298166009,0.006675398395,0.008914033318,0.007414707727,0.002998319093,0.006450027984,0,0,0.01846922562,0.0009914235764,0.02260776049,0,0.02543540611,0,0,0.006980086558,0,0.1904128447,-0.09237884752,-0.1039352391,-0.1020484686,0,-0.03764741973,-0.3700413684,0.002888805554,0,0,0.009503184441,0.005653395308,0,0,0.006752748423,-0.3967858893,0,0,0.003680106927,0,0.004889807521,0.048710379,0.005653395308,0.002565183162,0.0816656974,0.07711901674,0.002888805554,0.0630096853,0.02555983453,0.03053586818,-0.4976398984,0.00341611006,0,0.004172960765,0.004498910127,0.004435225675,0.01600324565,0,0.0630096853,0,0.02417555401,0,0.002565183162,0,0.01083529261,-0.1938290672,-0.001456412776,0,-0.01869035628,0.02335631424,0.02584331958,0.009417047741,0,0.02555983453,0,0.3169784579,0,0.0816656974,0,0.1410131574,-0.1664991649,-0.007654497871,0,0,0.02530595481,0.02795264091,0,0.006752748423,0.03053586818,0.01083529261,0.1410131574,0.009503184441,0.07711901674,0.02417555401,0.3169784579
1,1,1,1,4,1500,500,v1,0,0,0,0,0,0,0,0,0,0,0,0,0,0,0.5436807088,0,0,0,0,0,0,0.3360588825,0,0,0,0,0.0455553097,0,0,0,0,0,0,0.02815856111,0,0,0,0,0.02876584727,0,0,0,0,0,0,0.01778069063,0,0,0,0,0,0,0,0,0,0,0,0,0,0,0,0,0,0,0,0,0,0,0,0,0.7045163503,0,0,0,0.4353910825,0.1197682594,0,0,-0.8797065581,0,0,0,0,0,0,0,0,0,0,0,-0.8335728658,0,0,0.07363456695,0,0,0,0,0,0,0,0,0,0,0,-0.8060719914,0,0,0.04613369244,0,0,0,0,0,0,0,0,0,0,0,0,0,0,0,0,0,0,0.4353910825,0,0,0,0.7045163503,0,0,0
1,1,1,1,2,1500,500,v1,0.03008206167,2.34329361e-05,0.04917765413,0.02753747846,0,0.03798213594,1.598165128e-05,0,0.01128872869,0.0576746301,0.0692235873,0.004176856206,0,0,0.05043697453,0,0,0.08680035124,0,0,0.0257980651,0.002702461741,0.1581962558,0.009545344853,0.01277591435,0,0.03957941942,0.001608049187,4.202320761e-05,0.08819222485,0,2.866052495e-05,0.02024452196,0.002120703466,0.1034301867,0.007490520812,0.001915556291,0,0.00593433893,0.0002411028011,0.008088593597,0.01322309829,0,0.007404395164,0.01021279941,0.0003179676034,0.01550780159,0.01861313467,0.002426083017,0,0,0.0003053605962,0.01024433458,7.979999517e-06,0,0.009377786203,0,0,5.442492096e-06,0,-0.3605590006,-0.04805432958,1.910626063e-06,0.08655345575,0,0.1011539665,0.01401167709,0.01345472449,0,0,0.04295537232,0.001795495434,0,0,0.003070600261,0.1414443107,0,0,-0.02408715383,0,-0.240583418,-0.02345585401,0.001795495434,0.02574947836,2.882875811e-05,0.04316363873,0.01345472449,0.02201926078,2.45146798e-05,0.04535555407,0.09039613811,-0.01288763633,0,-0.01272548411,-4.226472841e-05,-0.1740840825,0.004442376843,0,0.02201926078,0,0.05960738864,0,0.02574947836,0,0.1068871115,-0.3207040533,0.001998492922,0,0.006128656195,0.01292020505,0.02851783155,0.02843311802,0,2.45146798e-05,0,0.004572634621,0,2.882875811e-05,0,0.002930065493,-0.04606362161,0.0007223301412,0,0,0.003288298439,4.791810425e-06,0,0.003070600261,0.04535555407,0.1068871115,0.002930065493,0.04295537232,0.04316363873,0.05960738864,0.004572634621
1,1,1,1,0,1500,500,v1,0.003865585717,0.04974599282,0.003450790493,0.003619100202,3.876054431e-05,0.008785924231,0.01740011396,3.41375093e-05,0.002198466243,0.01642293034,0.03238129925,0.001143778288,0.01133166332,0.001166962861,0.001101496569,0.00485415505,0.0002263168193,0.05129965181,0.002788931227,0.0001993236334,0.01283650414,0.0009459991846,0.1890693947,0.006678344406,0,0.0009407848821,0.0008880071121,0,0.2341630477,0.01624347154,0.002248387179,0.0819053653,0.0103485633,0.0007626478624,0.07730559191,0.005383963505,0,0.001380944705,0.0001342350026,0,0.002750583911,0.002455433537,0.0005915565549,0.00257519546,0.006251684377,0.0001152851553,0.01168584822,0.02304113458,0,0.002414772168,0.0002486792414,0,0.004809775113,0.06189671004,0.001034418177,0.004503084231,4.822800864e-05,0.0005943199436,0.0216501822,4.247577331e-05,-0.5325608717,-0.001005626608,0.06594443006,0.01934242053,5.358503617e-05,0.04050985323,0.003284241368,0,0.01166396932,0.001416797999,0.001047379495,0,0.005184016559,0.003002944226,0.0009721290056,0.07461010789,-0.01484549483,-0.001884730004,-0.001276674638,-0.0003415308843,-0.2391119556,-0.008400844836,0,0.002499321828,0.1838836349,0.01551670772,0,0.003166945219,0.06436921999,0.07362267486,0.1738534628,0,-0.00174413729,-0.0002806297986,-0.3135955051,-0.09257078568,-0.0006892791332,0.005184016559,0.003166945219,0.0002264697651,0.05414465377,0.01166396932,0.002499321828,0.0001871098411,0.2003223897,-0.2917286589,0,0.001784449606,0.0002109654352,0.001546935145,0.01380211022,0.0289574065,0.003002944226,0.06436921999,0.0001871098411,0.006025117051,0.001416797999,0.1838836349,0.0002264697651,0.002683706849,-0.2640876252,0,0.001829054647,0.000682372479,-0.004318819901,0.0821491721,1.222611039e-05,0.0009721290056,0.07362267486,0.2003223897,0.002683706849,0.001047379495,0.01551670772,0.05414465377,0.006025117051
1,1,1,1,1,1500,500,v1,0.001696688705,0.008157217943,0.002264273468,0.0007964627277,0.0006298763892,0.001586554648,0.004521985291,0.00710809974,0.004799459102,0.00463736238,0.004076571462,0.00304189107,0.01682860807,0,0.002813098439,0.006900896685,0.0004673067682,0.001177068609,0,0.005273515843,0.003560729947,0.002738534522,0.003024417914,0.002256786108,0.1086819582,0,0.0636598857,0.05160486089,0.1369524268,0.03801513563,0,0.07592010708,0.08057864533,0.06197251835,0.07785718569,0.05107064285,0.01646340212,0.05768876633,0.009643351243,0.007817227347,0.004315110945,0.005758623369,0.02365639599,0.002025607305,0.004035012026,0.009387744815,0.01179399209,0.01036775814,0.0002386985673,0.0008364143556,0,0.0001133399376,6.256366655e-05,0.000300789097,0.0003429879067,2.936875125e-05,2.322604982e-05,0,0.0001667435983,0.0002621039326,-0.4496781391,0.001857735069,0.01260578217,0.006847182341,-0.004147156928,0.005222261375,0.007810919883,0.1380091864,0.06001786472,0,0.07661622907,0.06551638302,0.02463378276,0,0.07470206391,-0.3221309398,0.02324816974,0,0.005538859139,0.001817380214,0.004029862341,0.005801348192,0.06551638302,0.003872020637,0.1927537355,0.04505060886,0.1380091864,0.001926042447,0.1068641045,0.09218256938,0.09974406611,-0.1602253472,0,-0.1251043202,-0.2128181222,-0.1157805973,-0.131473858,0.02463378276,0.001926042447,0.0002945700241,0.001895002992,0.06001786472,0.003872020637,0.002796102757,0.004794976787,-0.3527540819,0.02419091214,-0.08085649122,0.01868659835,-0.005810610836,0.01744462923,-0.01371211023,0,0.1068641045,0.002796102757,0.108220478,0,0.1927537355,0.0002945700241,0.06857190618,-0.4001377483,0.000350721783,0.001173889795,0,8.750037358e-05,0.0004671138963,0.0002693281848,0.07470206391,0.09218256938,0.004794976787,0.06857190618,0.07661622907,0.04505060886,0.001895002992,0.108220478
1,1,1,1,1,1500,500,v1,0.0005616166965,0.001905023502,0.001387669706,0.0005026052218,0,0.02276265194,0.0156868816,0,0.0001489878228,0.000443820887,0.03226506781,0.0002400360614,9.135567165e-05,0.0008804396746,0.01762059523,0.000207891243,0,0.1152226172,0.0001267650115,0,0.0007541637464,0.00100257386,0.1633230419,0.001215042223,0.07482466178,0.001059346593,0.02120113174,0.1406670985,0.01160255632,0.008451610129,0.0001525238888,0.09554104037,0.0009074111701,0.001206298663,0.002703093601,0.001461940978,0.003596224555,5.282944207e-06,0.001018969264,0.006760745208,0.0001643975715,0.0004062014736,1.202199949e-05,0.0001471236136,0.006663129359,5.797715313e-05,0.0001299161447,0.009444695687,0.05327860645,7.82676112e-05,0.0007543035796,0.1001614548,0.002435574691,0.008261554645,0.0001781077265,0.002179658414,0,0.0001086040358,0.06802962243,0,-0.3115741563,0.0004266227747,0.01707002761,0.001636210496,0,0.0531916118,0.000319199021,0.02655235451,7.227860756e-05,-0.0004600096753,0.02864646019,0.04878115331,0.000197620572,-2.063923577e-05,0.001603538994,0.05778298338,-0.000101747557,-7.277483185e-05,-0.009416147569,0,-0.2768378492,-0.0009488263687,0.04878115331,0.002781597996,0.003536691079,0.01011315807,0.02655235451,0.002430976155,0.02195733072,0.003223675728,0.2067987405,-0.1861533058,-0.0002126872163,-0.01181888882,-0.09414492719,-0.01105436821,-0.001149017562,0.000197620572,0.002430976155,0,0.1289180055,7.227860756e-05,0.002781597996,0,0.1827663205,-0.318785734,0.01031231708,1.69334715e-05,0.001068370266,0.0002797336451,0.0005269351929,0.01585668651,-2.063923577e-05,0.02195733072,0,0.0007932561469,-0.0004600096753,0.003536691079,0,0.001874711218,-0.2525798099,0.1256186502,-9.511870073e-05,0.0006058946554,-0.004181405857,0.06007888504,0,0.001603538994,0.003223675728,0.1827663205,0.001874711218,0.02864646019,0.01011315807,0.1289180055,0.0007932561469
1,1,1,1,3,1500,500,v1,0,0.008077466964,0,0,0,0,0.03500800076,0,0,0,0,0,0,0.01451465088,0,0,0,0,0.0001933332635,0,0,0,0,0,0.01115574653,0.08363801555,0,0.09826018974,0.007207751911,0,0.001114047498,0.03123862785,0,0,0,0,0.01622143034,0,0,0.1428789027,0,0,0,0,0,0,0,0,0.02640054933,0,0.1979329263,0.2325369243,0,0.0170574519,0,0,0,0.002636440856,0.07392754338,0,-0.04442305268,0,0.03464521541,0,0,0,0,-0.0003517685117,0,0.149736582,0,-0.01569398613,0,0.001999738843,0,-0.1157781652,0,0.01462061809,0,0,0,0,-0.01569398613,0,0.003477431046,0,-0.0003517685117,0,0.01118932487,0,-0.3277001063,0.1074610613,0.08419759973,0,0.03580323137,0,0,0,0,0,0,0,0,0,0,-0.1304737013,0.1411708712,0,0,0,0,0,0.001999738843,0.01118932487,0,0,0.149736582,0.003477431046,0,0,0.417898597,-0.2379347626,0,-0.1999757649,0,-0.08022628408,0,0,0,0,0,0,0,0,0
1,1,1,1,2,1500,500,v1,0,0.002475599763,0,0,0,0,0.00188690099,0,0,0,0,0,0,0.003450996628,0,0,0,0,0.002814511009,0,0,0,0,0,0.1212378743,0.008035543216,0,0.01315188362,0.002034609487,0,0.006553505344,0.001550778406,0,0,0,0,0.6900095354,0,0,0.07485222878,0,0,0,0,0,0,0,0,0.05717320595,0,0.003789391473,0.006202148916,0,0.0009594786106,0,0,0,0.003090493897,0.0007313141517,0,0.001839131603,0,-0.001590558574,0,0,0,0,0.7672578569,0,0.0009448507226,0,0.08312893301,0,0.00106396939,0,-0.00691981122,0,0.005580597808,0,0,0,0,0.08312893301,0,-0.0003259365357,0,0.7672578569,0,-4.692301092e-05,0,-0.6894006148,0.1342116156,-0.01302095269,0,0.0001947830674,0,0,0,0,0,0,0,0,0,0,0.1975645391,-0.7644890654,0,0,0,0,0,0.00106396939,-4.692301092e-05,0,0,0.0009448507226,-0.0003259365357,0,0,-0.6391135795,0.06335292337,0,0.00610114147,0,0.001644348535,0,0,0,0,0,0,0,0,0
1,1,1,1,4,1500,500,v1,0.0002307626487,0,2.2442804e-05,0.006453298979,0.001402703531,0.00964294628,0,0.0003882383276,0.02816288094,0.000122214333,0.0001735494859,0.002391277618,0.1572442492,0,0.02703978856,0.056671494,0.01039698086,0.071474496,0,0.002877661867,0.2087461304,0.03892805577,0.001286366394,0.01772439228,0,0,0.02362299151,0,0,0.0001453282599,0,0,0.1823685882,0.03400903556,0.0007913982742,0.01548470571,0,0.03804357166,0.006541988909,0,0.0004138218154,4.024620946e-05,0.0137110645,0.01157256564,0.01729249321,0.009418228567,0.0002191643988,0.0003112226511,0,0.002632915798,0,0,2.863973985e-05,0,0.0009489140152,0.0008009129943,0.0001740882437,0,0,4.818390136e-05,-0.134485152,0.001152162361,0,-8.517291656e-06,0.001693328742,0.00970178344,0.03032780323,0,0.174673725,0,-0.002391381097,0,0.06298941358,0,-0.002802610849,0.2245960082,-0.2129172157,0,-0.02916290654,-0.01318073109,-0.07211230503,-0.1350033789,0,0.0003917718583,0,0.000187154273,0,0.01169832479,0,0.0009489925753,-0.1181912423,0,0,0.0170324133,0,-0.0008115167918,0.07863787375,0.06298941358,0.01169832479,0.01324694774,0.06702801224,0.174673725,0.0003917718583,0.003663422285,0.001206711287,-0.2832082434,0,0.05091524599,0.01559315457,-0.00957020731,6.26028513e-05,0.01692070586,0,0,0.003663422285,0.03525725739,0,0,0.01324694774,0.003799295433,-0.1819074157,0,0.003559877327,0,0.0003579805119,0,0.000213822313,-0.002802610849,0.0009489925753,0.001206711287,0.003799295433,-0.002391381097,0.000187154273,0.06702801224,0.03525725739
1,1,1,1,1,1500,500,v1,0.001453732306,0.02456195377,0.04399441382,0.06021834954,0,0,0.05905135382,0,0,0.009573691091,0,0,0.1453982835,0.002611965175,0.08063973994,0.175950158,0,0,0.001915651031,0,0,0.1389981883,0,0,0.01885630938,0.000274681,0.008480283207,0.004974753523,0.008198558665,0.01468493859,0.0002014548073,0.01971080937,0,0.01461740828,0.003195611749,0,0.02362084447,0.01915398937,0.01062304647,0.006231753886,0.0006078518823,0.01839546878,0.02317872932,0.02517921419,0,0.01831087519,0.00400306585,0,0.00232314093,0.001883819892,3.384133453e-05,0.0006129011405,5.978302717e-05,0.001010081391,0.002279658326,0.002476408628,0,2.481969822e-05,0.002428417306,0,0.09576897811,-0.06081885865,-0.08263354418,-0.05139365697,0,0,0,0.01268608592,0.1859073056,0.00343362237,0.09225797149,0.003197870574,0.2248746896,0.002525561791,0.1589867078,0.09865379521,-0.3200756385,-0.004488509798,-0.2194135479,0,0,0,0.003197870574,0.001206947159,0.02299347477,0.01663742155,0.01268608592,0.04896472122,0.05521602559,0.003597032085,-0.3213846394,0.00567619765,0.0004613078991,0.0230536527,0.0271144063,0.01739122611,0,0.2248746896,0.04896472122,0,0,0.1859073056,0.001206947159,0,0,-0.5961333969,-0.01912990579,0.04205981379,0.0288634425,0.02494942612,0.02051279508,0,0.002525561791,0.05521602559,0,0,0.00343362237,0.02299347477,0,0,-0.3868852975,0.002864403808,0.004161166328,5.441246696e-05,0.002421653652,0.00337947093,0,0.1589867078,0.003597032085,0,0,0.09225797149,0.01663742155,0,0
1,1,1,1,4,1500,500,v1,0,0,0,0,0,0.2471810862,0,0,0,0,0.570259384,0,0,0,0,0,0,0.0006451680929,0,0,0,0,0.001488435725,0,0,0,0,0,0,0,0,0,0,0,0,0,0,0,0,0,0,0,0,0,0.05455795008,0,0,0.1258679759,0,0,0,0,0,0,0,0,0,0,0,0,0.1820884727,0,0,0,0,-0.8173363823,0,0,0,0,0,0,0,0,0,-0.6373731111,0,0,0,0,0.002125201173,0,0,0,0,0,0,0,0,0,0,0,0,0,0,0,0,0,0,0,0.2880626248,0,0,0,0.6648092388,-0.8152111808,0,0,0,0,0,0.1799632715,0,0,0,0,0,0,0,0,0,0,0,0,0,0,0,0,0,0.6648092388,0,0,0,0.2880626248,0
1,1,1,1,1,1500,500,v1,0.000186538922,0.002128404891,0.0005376170584,1.175176469e-05,0,0.002446300779,0.00509742306,0,0.02978835601,3.952884752e-05,0.001776268976,1.853959932e-05,0.01235476592,0.006241062755,0.0002719042894,0.01294360101,0,0.01096812129,0.006361409685,0,0.1335576984,2.93348807e-05,0.007963997613,8.312329198e-05,0.003600539852,0.02321444717,0.001011383479,0.02465273776,0.0354957564,0.008965927592,0.02366209328,0.08501055787,0.4967852839,0.000109114916,0.0006592290536,0.0003091879293,0.0007358502832,0.009391958328,0.0002066986757,0.005038334474,0.0006357897013,0.001832386428,0.009839584341,4.005411247e-05,0.008337846196,2.230005642e-05,0.0001347280979,0.006054144139,0.0002635290808,0.003363529514,0.001699101295,0.001804372008,0.000227694518,0.002597989313,0.003523837221,1.43445259e-05,0,0.001731865206,0.006222054219,0,-0.488062293,7.585914246e-05,0.007144882134,0.0005486943057,0,0.003838419654,0.02975448989,0.00392299918,0.0007551306242,0.02293325626,0.0008413588343,0.02679085704,0.001507816069,0.02336700666,8.961978461e-05,-0.4910108137,-0.01444339512,0.01239071618,0.0002198108069,0,-0.00776083321,0.1330207736,0.02679085704,0.000506084609,0.04616931947,0.01008140035,0.00392299918,4.120976888e-05,0.110606444,0.0007640356635,0.2044118692,-0.02810211883,-0.04662166545,-0.001023494946,-0.120390785,-0.009209407093,-0.4962949756,0.001507816069,4.120976888e-05,0,0.0009301346825,0.0007551306242,0.000506084609,0,0.0006717271155,-0.04739189587,0.005632235651,0.006526970114,0.0001830317271,-0.0005035182893,0.001430422114,0.002854505698,0.02336700666,0.110606444,0,0.4999682098,0.02293325626,0.04616931947,0,0.0003113585227,-0.1782908182,0.001993979245,0.006407793884,0.003364107284,6.279622677e-05,0.008728727515,0,8.961978461e-05,0.0007640356635,0.0006717271155,0.0003113585227,0.0008413588343,0.01008140035,0.0009301346825,0.4999682098
1,1,1,1,1,1500,500,v1,0.006497162272,0,0.00632546268,0.008849702959,0.002414546808,5.301175984e-06,0,0.005539216139,0.006820065931,0.01446399931,0.0001084496038,0.01658662263,0.000291828248,0,0.003864303476,0.0008433171229,0.0002408266412,5.287387275e-07,0,0.0005524808272,0.0006802326489,0.001197929712,1.081675192e-05,0.001654347973,0,0,0.005324649668,0,0,0.0008693226811,0,0,0.0009372971275,0.001650635381,0.001987820226,0.002279537164,0,0.02578342102,0.3414164466,0,0.05725399898,0.05574095561,0.07450821016,0.07798495142,4.67147828e-05,0.1058387127,0.1274589993,0.0009556746848,0,0.003628969565,0,0,0.008058396115,0,0.01048689492,0.01097623993,0.002994749677,0,0,0.006870260576,-0.2979149097,0.01525609947,0,0.02070013877,0.003981500564,7.217391266e-05,-0.02307685653,0,0.03271461003,0,0.4976826731,0,0.09457749198,0,0.1542156836,-0.5491845136,0.001134577169,0,0.005054590905,0.0007816090456,1.128429727e-05,0.002304340722,0,0.0641522436,0,0.07281798322,0,0.08731623586,0,0.1665296149,-0.6247393743,0,0,0.006947866664,0,0.002855024195,0.003118151442,0.09457749198,0.08731623586,0.001085037476,5.997838517e-05,0.03271461003,0.0641522436,0.001785782535,0.001244362918,0.0848531917,0,-0.09999916721,-0.4466013612,-0.1350533352,-0.1831202282,-0.0009530190798,0,0,0.001785782535,0.00769397232,0,0,0.001085037476,0.01878757424,-0.2138987162,0,0.01400318784,0,0.01881824899,0,-0.006676989628,0.1542156836,0.1665296149,0.001244362918,0.01878757424,0.4976826731,0.07281798322,5.997838517e-05,0.00769397232
1,1,1,1,4,1500,500,v1,0.01520295723,0,0.01241173456,0.005041400413,0.01687159897,0.01822851479,0,0.009628072258,0.0061940969,0.001093886285,0.01112553578,0.008458299833,0.007407104029,0,0.003156266602,0.005466497448,0.009771811436,0.01055771949,0,0.005576454655,0.003587540638,0.02412181967,0.006443766117,0.004898937628,0,0,0.00162844212,0,0,0.003708941302,0,0,0.001850953362,0.01244539581,0.0003268809854,0.002527554665,0,0.07493010691,0.03192872586,0,0.08907479178,0.07272089602,0.05529897198,0.02953778566,0.106801666,0.244015815,0.006409127623,0.06518500107,0,0.003034428536,0,0,0.003607242819,0,0.002239430658,0.001196185398,0.004003165523,0,0,0.002284476237,-0.3148659919,0.02005136287,0,0.01334649342,-0.02522358563,0.02891258442,-0.01092677938,0,0.09664007673,0,0.04070735403,0,0.07134300035,0,0.3111435695,-0.5556481433,0.01275173825,0,0.02716769059,0.01412769813,0.01659568875,0.004810390547,0,0.1052023194,0,0.08502855569,0,0.03488747886,0,0.007482113991,-0.3203938799,0,0,0.01404731505,0,0.003989114924,0.003433087597,0.07134300035,0.03488747886,0.004697560376,0.1174083228,0.09664007673,0.1052023194,0.002616283542,0.07171128925,0.1469084343,0,-0.1299990427,-0.2757822873,-0.1182324213,-0.07900938804,-0.1715880146,0,0,0.002616283542,0.001682595317,0,0,0.004697560376,0.002342356533,-0.2265242502,0,0.005258586486,0,0.004787859612,0,0.00621999158,0.3111435695,0.007482113991,0.07171128925,0.002342356533,0.04070735403,0.08502855569,0.1174083228,0.001682595317
1,1,1,1,0,1500,500,v1,0,0,0.03427844339,0,0,0,0,0,0,0.0407328245,0,0,0,0,0.04098439154,0,0,0,0,0,0,0.0006544532872,0,0,0.00956694167,0,0.3325000645,0.06560307021,0,0.01200834176,0,0,0,0.005309478854,0.01426942501,0,0.005745331966,0,0.1996796171,0.03939727338,0,0.007211490585,0,0,0,0.003188554883,0.008569361713,0,0.02294703022,0,0,0.1573539054,0,0,0,0,0,0,0,0,0.04125039662,0,0,-0.07431172842,0,0,0,0.01155026554,0,0,0.1480380616,0.07921881474,0,0,0.002434026436,-0.1416097991,0,0,0.04129507462,0,0,0,0.07921881474,0,0,0.02264336324,0.01155026554,0,0,0.02694863448,0.04124396841,0.06354948723,0,-0.3242906927,0,0.02560845867,0,0,0,0,0,0,0,0,0,-0.4366280763,0.04441646855,0,0.1826808937,0,0.01564193797,0,0,0,0,0,0,0,0,0,0.1079659557,-0.1684786763,0,0,0,0,0,0.002434026436,0.02694863448,0,0,0.1480380616,0.02264336324,0,0
1,1,1,1,2,1500,500,v1,0.03860805627,0.0003633999595,0.0001179894702,0.05624597372,0.02913898541,9.634572135e-05,0.0001367235767,0.01481506144,0.05020969515,0.001371364168,0.008877158743,0.105970006,0.006850196634,0,0.004067129623,0.01945100636,0.02902387913,9.596513164e-05,0,0.01475653824,0.05001135429,0.00223297492,0.008842091745,0.105551398,0.02330651255,0,0.009512928103,0.02213268595,0.0008466269829,0.0002748846458,0,0.0003185302204,0.1169754745,0.005222879977,0.003194920302,0.2468824338,0.001239885889,0.000852380808,0.0005060793754,0.00117743935,0.004785084296,1.462362044e-05,0.002420319504,0.006971128606,1.19410932e-05,0.0002778526031,0.000169966939,0.001100235469,0.0002685401507,0.0001846125298,0,0.0002550151941,0.001036375419,9.754927386e-06,0.0005242038563,0.001509838884,0.0007821924009,0,3.670139546e-06,0.0003976881252,-0.2052458404,-0.09420193422,3.705396781e-05,0.0007581633448,-0.01927234723,-0.002674822618,0.1540437051,0.03273999422,0.008715933165,0,0.008787101014,0.03101887696,0.02502671663,0,0.004891050632,-0.2349440549,-0.02590809706,0,0.003199782173,-0.008800983169,-0.001990378949,0.1537210516,0.03101887696,0.04912942772,0.0009098649094,0.0002625189886,0.03273999422,0.07168125466,0.0003897063412,0.002798039524,0.3152433091,-0.04523228095,0,-0.01294752691,-0.0009078171115,-0.002922358552,-0.360071269,0.02502671663,0.07168125466,0.02768039206,7.603810201e-05,0.008715933165,0.04912942772,0.01284344314,0.005603581551,-0.178323052,0.002223477399,0.002757634223,0.0006289769824,0.01122333025,0.0001238228642,0.0008787884675,0,0.0003897063412,0.01284344314,0.02511924812,0,0.0009098649094,0.02768039206,0.05334052004,-0.1780819634,0.0005028894188,0.0006553629584,0,0.002438148982,4.382309639e-06,0.001057440287,0.004891050632,0.002798039524,0.005603581551,0.05334052004,0.008787101014,0.0002625189886,7.603810201e-05,0.02511924812
1,1,1,1,4,1500,500,v1,0.001144969882,0.043007321,0,0.001420238884,0.0005836447408,0.002226116651,0.01210707326,0.001143373098,0.007694041336,0,0.002059112605,0.001402840102,0.000210108261,0.0001226045003,0.0004738938722,0.0009036158692,1.103556576e-05,4.209145559e-05,7.236490493e-05,2.161892009e-05,0.0001454790786,3.169752514e-06,3.893373993e-05,2.652492708e-05,0.03826902733,0.01920143477,0.07421784886,0.009848995457,0.127354908,0,0.01133327078,0.03585192393,0.02278388664,0.0004964238341,0,0.004154143247,0.05523574906,0.04749448924,0.1071226201,0.0142155858,0.004893732008,0,0.2042602893,0.006070263154,0.009514676744,0.0007165152668,0,0.00880088238,0.01099945335,0.009457886022,0.005518961436,0.002830841902,0.0009745206294,0.03660491178,0.04067567766,0.001208810916,0.0004967587786,0.003257458891,0.01030471879,0.0009731615555,-0.1640717019,0.001417241634,0.04708468359,0,-0.001345492725,0.003285592913,0.008661250173,0.01135870328,0.05654681268,0.02053522328,0.06814652599,0.003157279771,0.2437536139,0.01215117302,0.0005629092324,-0.3032351341,0.001107693133,0.0001906863619,0.0004706197441,3.602887703e-08,7.57040834e-05,0.0001673479489,0.003157279771,0.004675620042,0.07502301215,0,0.01135870328,0.005547956399,0.02206774057,0,-0.01295071311,0.02525868614,-0.03022513983,0.0401870554,-0.1554430032,0,-0.02653268416,0.2437536139,0.005547956399,0.0007552796236,0.01112817171,0.05654681268,0.004675620042,0.001345886601,0.01035284574,0.1375861242,-0.04861865285,-0.2513125011,-0.08646396533,-0.01032932303,0,-0.0176819753,0.01215117302,0.02206774057,0.001345886601,0.02245728031,0.02053522328,0.07502301215,0.0007552796236,0.004098848781,-0.4222150863,0.01368264467,0.05000452318,0.008243522606,0.002096363787,0.04363115111,-5.532078738e-05,0.0005629092324,0,0.01035284574,0.004098848781,0.06814652599,0,0.01112817171,0.02245728031
1,1,1,1,0,1500,500,v1,0.01309672909,0.3317623209,0.07465767989,0.1571920222,0.03677862559,0.1518909078,0.06028696322,0.02722533902,0.001047371344,0.0004413571417,0.02522454607,0.006225977272,0.001285865733,0,3.046340003e-06,0.002470095272,0.0005501005131,0.002271843087,0,0.000407211328,1.566560752e-05,5.034859911e-06,0.0003772853258,9.312238392e-05,0.0002474538832,0,1.590541891e-05,0.0006171998413,0.02590838566,0.005830258115,0,0.004708002673,8.179259369e-05,2.62877932e-05,3.446699737e-05,0.0004862065706,0.0001454386787,0.003945917566,9.348259484e-06,0.0003627533675,0.0006011208388,0.003426679048,0.007579945615,0.007214885457,0.006971572006,1.545040175e-05,2.025765162e-05,0.00115777002,0.0001329624114,0.003607422176,0,0.0003316350432,0.0005495544719,0.01392114518,0.00692970987,0.006595965921,0.001543275273,0,0.002529713336,0.001142407903,0.08572702756,-0.1701003218,-0.3916775472,-0.07437863505,-0.06298286014,-0.1763814169,-0.007145377151,0.0001447452706,-0.0004766843226,0,1.748278575e-05,0.0003207756403,-0.001470754156,0,2.81665126e-05,-0.2375171661,0.003301112943,0,1.503547596e-06,0.0009449842915,0.002635937433,8.872306852e-05,0.0003207756403,0.01790328481,0.4376118622,0.09724551019,0.0001447452706,0.214856313,0.07949647941,0.000576097849,-0.4530523114,-0.0005878322321,0,-2.181250969e-05,0.03055921646,0.005752007878,0.000420134769,-0.001470754156,0.214856313,0.05097750922,0.2130557165,-0.0004766843226,0.01790328481,0.03829469523,0.0354364471,-0.3994820764,9.391631407e-05,-0.004991496049,-1.012390347e-05,0.007802118511,0.003412221697,0.008084036735,0,0.07949647941,0.03829469523,0.001438236022,0,0.4376118622,0.05097750922,0.008516542965,-0.587638711,0.0001835686441,0.002988675419,0,0.007125137704,0.01637943655,0.002523072743,2.81665126e-05,0.000576097849,0.0354364471,0.008516542965,1.748278575e-05,0.09724551019,0.2130557165,0.001438236022
1,1,1,1,1,1500,500,v1,0.000205105178,1.120392843e-05,0,5.415208767e-05,0.0001682687272,0.0005435929374,2.209156013e-05,1.529806758e-05,1.435939196e-05,0,0.0001394893223,5.545122945e-06,0.10076677,0.01709120179,0,0.03696521423,0.0002714887347,0.0008770456712,0.06695344393,2.468226319e-05,2.316778179e-05,0,0.0002250553639,8.946632197e-06,0,0.001079454389,0,0,1.141695855e-06,0,0.004228677995,2.251160636e-06,1.463241968e-06,0,0,5.650557234e-07,0,0.1070214241,0,0,0.0003514620324,0,0.03925966732,9.279338032e-05,0.0009314844238,0,0,0.0002390246858,0,0.2818204889,0.04779999244,0,0.0009255081651,5.055614558e-05,0.1033828389,0.000244353652,0.00075928888,0.1872527253,9.968504686e-05,6.903037062e-05,-0.001635983254,0.0001119490559,1.324640367e-05,0,9.747697614e-05,0.0001945424307,-7.524186616e-06,0,0.1096959144,0.04438865855,0,0,0.04041437482,0.173828126,0,-0.4675859423,0.1374313404,0.08385001245,0,0.0002882139167,-8.337182155e-05,-1.717043802e-05,0,0.0005912944724,6.347142845e-05,0,0,0.0002049700342,0.000131398314,0,-0.150917068,0,0.00528168714,0,2.917804527e-06,0,3.280120152e-07,0.04041437482,0.0002049700342,0.0004806892671,0.0002188912654,0.1096959144,0.0005912944724,4.300441716e-05,6.916974503e-05,-0.2466038367,0,0.1457459994,0,0.0003646400429,0,-0.0003032112822,0.173828126,0.000131398314,4.300441716e-05,2.609780438e-05,0.04438865855,6.347142845e-05,0.0004806892671,1.045211457e-05,0.3731874822,0,-0.3832508661,-0.2346095561,-0.001007432104,-0.0001460773698,-0.0007348200158,0,0,6.916974503e-05,1.045211457e-05,0,0,0.0002188912654,2.609780438e-05
1,1,1,1,3,1500,500,v1,0,0.01718082081,0,0,0,0,0.8364922423,0,0,0,0,0,0,0,0,0,0,0,0,0,0,0,0,0,0,0,0,0,0.001406414052,0,0,0.06847486838,0,0,0,0,0,0,0,0,0,0,0,0,0,0,0,0,0,0,0,0,0,0.00153852704,0,0,0,0,0.07490712738,0,0.1462306143,0,-0.8535599558,0,0,0,0,0,0,0,0,0,0,0,0,0,0,0,0,0,0,0,0,0,0.02135400456,0,0,0,1.039640006,0,-0.7771699633,0,0,0,0.06984062187,0,0,0,0,0,0,0,0,0,0,0,0,0,0,0,0,0,0,1.039640006,0,0,0,0.02135400456,0,0,-0.7837193338,0,0,0,0,0.07638999245,0,0,0,0,0,0,0,0,0
1,1,1,1,4,1500,500,v1,0,0,0,0,0,0,0,0,0,0,0,0,0,0,0.008487012374,0,0,0,0,0,0,0.0957991659,0,0,0,0,0.01673645846,0,0,0,0,0,0,0.188916746,0,0,0,0,0.05615847751,0,0,0,0,0,0,0.6339021398,0,0,0,0,0,0,0,0,0,0,0,0,0,0,0,0,0,0,0,0,0,0,0,0,0.04641767617,0,0,0,0.5246214198,-0.4842850965,0,0,0.1035923657,0,0,0,0,0,0,0,0,0,0,0,-0.5855619949,0,0,0.2048692641,0,0,0,0,0,0,0,0,0,0,0,0.3084616299,0,0,-0.6891543607,0,0,0,0,0,0,0,0,0,0,0,0,0,0,0,0,0,0,0.5246214198,0,0,0,0.04641767617,0,0,0
1,1,1,1,0,1500,500,v1,0,0,0.001166353182,0,0,0,0,0,0,0.0003731153033,0,0,0,0,0.1630485503,0,0,0,0,0,0,0.1427697479,0,0,0.0001794433549,0,8.208225952e-05,6.830378765e-06,0,0.0002120796207,0,0,0,7.187346024e-05,6.784407435e-05,0,8.569741201e-05,0,3.920032156e-05,3.262008692e-06,0,0.0001012836315,0,0,0,3.432486837e-05,3.240053997e-05,0,0.6663613584,0,0,0.02536455293,0,0,0,0,0,0,0,0,0.0004104633851,0,0,-0.001531624786,0,0,0,0.9991013384,0,0,0.2443781398,0.03802987696,0,0,0.2139850959,0.0002274631161,0,0,-0.3058029529,0,0,0,0.03802987696,0,0,0.001274750869,0.9991013384,0,0,0.0004069912359,-0.9987352027,0.0001862664188,0,0.0001539449025,0,0.0002775319404,0,0,0,0,0,0,0,0,0,-0.9984128662,8.895744749e-05,0,7.351821367e-05,0,0.0001329314458,0,0,0,0,0,0,0,0,0,0.0002752238664,-0.6916960342,0,0,0,0,0,0.2139850959,0.0004069912359,0,0,0.2443781398,0.001274750869,0,0
1,1,1,1,1,1500,500,v1,0.000490323148,0.001452980473,0,0.001221440371,0.01156818286,0.0003388239667,0.001006631476,0.001774735703,0.006492044959,0,0.0001852288594,0.004762579154,0.03776523545,0.1192230632,0,0.01466692277,0.3098155384,0.009074279943,0.0002351725908,0.04753042929,0.1738679643,0,0.004960742711,0.1275499396,0,0.002028333056,0,0,0.0006620287054,0,4.000973696e-06,0.0004586564962,0.002958002671,0,0,0.002169997581,0,0.007906548127,0,0,0.002749255923,0,0.003070674109,0.006848651117,0.001899795678,0,0,0.001038583515,0,0.00555167472,0.01752637467,0,0.00193042202,0.005720442755,0.002156109537,0.004808860032,0.04554440272,3.457152357e-05,0.003963148741,0.00698720608,-0.6232616349,0.001602691393,0.002340910083,0,0.01327505367,0.0005195177783,0.01121708619,0,0.03636814813,0.1489237314,0,0,0.01410347633,0.0002938137434,0,0.1231640371,-0.05217611689,-0.1189667568,0,-0.3567518208,-0.01355324168,-0.3009467171,0,0.0007645073503,0.005357804529,0,0,0.002467929488,0.003712570209,0,-0.3983489274,0,0.002018786278,0,0.00107522984,0,0.005111464684,0.01410347633,0.002467929488,0.3784832686,0.01016770518,0.03636814813,0.0007645073503,0.05808512343,0.005493407542,-0.05224820104,0,0.01086534627,0,-0.007453576606,0,0.002592982072,0.0002938137434,0.003712570209,0.05808512343,0.2462218182,0.1489237314,0.005357804529,0.3784832686,0.1807054347,-0.5041702518,0,0.00766302086,0.01746960715,0.003695927317,-0.009463056414,0.05243117217,0,0,0.005493407542,0.1807054347,0,0,0.01016770518,0.2462218182
1,1,1,1,1,1500,500,v1,0.002653473523,0.0009324942507,0.004852607592,0.001167487132,0.1006090884,0.001451682588,0.0008195304711,0.03326224653,0,0.01215639938,0.0008810173225,0,2.515528729e-05,0,0,0.0003836657708,0.003571680202,5.153556245e-05,0,0.001180828783,0,0,3.127661902e-05,0,0.009388548255,0,0,0.005632691387,0.01015568355,0.05284916991,0,0.008925408514,0,0,0.1323938943,0,0.00248156754,0.00203978589,0,0.001488824867,0.007638453033,0.0139690164,0.03111059781,0.003360800681,0.004178903302,0,0.03499416328,0.002536150966,0.002901971782,0.002385347567,0,0.001741047819,0.008932489163,0.003139090975,0.03638106782,0.003930156477,0.338684213,0,0.002758816693,0.1119719696,-0.6062235079,0.003565410204,0.001684031094,0.01694724931,0.1332012936,0.001991379227,0,0.00610706085,0.001015854976,0,0,0.003688754,0.01228112689,0,0,-0.3301849815,0.0004079038233,0,0,0.004746126524,8.214577273e-05,0,0.003688754,0.001929000919,0.009216137359,0.05101234367,0.00610706085,0.001026523178,0.00809586385,0.1278451235,0.0810323415,-0.01473350663,0,0,-0.01878089684,-0.1848281273,0,0.01228112689,0.001026523178,0.3514665422,0.003994765342,0.001015854976,0.001929000919,0.1161977164,0.00246720328,-0.2074654438,0.003862033017,0.01858417974,0,0.001846332244,0.04864256635,-0.006381504084,0,0.00809586385,0.1161977164,0,0,0.009216137359,0.3514665422,0,0.1343829068,0.004340930399,-0.02785673815,0,-0.007382091848,0.005555531588,-0.4497235928,0,0.1278451235,0.00246720328,0,0,0.05101234367,0.003994765342,0
1,1,1,1,2,1500,500,v1,4.816199508e-05,0.002018472846,0.01236930924,0.001446341674,0.0003360398979,0,1.152216371e-05,0.0003736716008,0.001279051686,0.09677620213,0,0.001999963126,0.005575243612,0.001482220057,0.0004498257104,0.0008660881907,0.0001434864475,0,0.000179823091,0.0001595548947,0.0005461452162,0.002052709941,0,0.0008539688471,0.01121086273,0.01208894437,0.003668765622,0.2736641885,0.007029406262,0.04307657643,0.001466631984,4.012636081e-05,0.004454344754,0.01674184354,0.3370266995,0.006964945479,0.00188124998,0.007630394909,0.000615640867,0.04592249156,2.814541618e-05,0.007228507785,0.001185346396,0.000845228448,0,0.00280938172,0.05655510078,0,0.0008858465877,0.003593014944,0.0009552297956,0.02162407063,1.325316739e-05,0.0005554412447,0.0005581581773,0.0003980027877,9.24711073e-05,0.0001158885778,3.170656946e-06,0.0001028265599,-0.3305374743,-0.0008914249819,0.001028833763,0.1082905081,-0.0004418605937,0,0.003201828188,0.01266042212,0.003185706153,0.0144427588,0.003839421635,0.3089828853,0.0003507289746,0.001771529888,0.01727246306,-0.04016195352,0.0005605707657,0.001492353309,0.002394283095,-3.017656486e-05,0,0.001299130689,0.3089828853,4.363224592e-05,0.007354712217,0.03513097149,0.01266042212,0.000554351441,4.359025035e-05,0.2750910465,0.2563149045,-0.2845674473,-0.01327802627,-0.01976993928,-0.00646647442,-0.378791928,-0.01129265412,0.0003507289746,0.000554351441,0.0003141165365,0,0.003185706153,4.363224592e-05,0.000304420614,0,-0.5476143507,0.04773066856,-0.005413525459,0.003301066413,0.0002349809338,0.06368674012,0,0.001771529888,4.359025035e-05,0.000304420614,0.003959244726,0.0144427588,0.007354712217,0.0003141165365,0.006228298156,-0.2600415267,0.02240790649,0.002495331273,0.0009761471866,0.0002577882571,0.0005054390139,5.967905791e-05,0.01727246306,0.2750910465,0,0.006228298156,0.003839421635,0.03513097149,0,0.003959244726
1,1,1,1,0,1500,500,v1,0.06783265139,0.1873475768,0,0.01142246301,0.1952085475,0,0.05259598246,0.07354100067,0,0,0,0,0,0,0,0,0.2128483964,0,0,0.08018646855,0,0,0,0,0,0,0,0,0.05498328913,0,0,0.01543601556,0,0,0,0,0,0,0,0,0.02037618615,0,0,0.003431182886,0,0,0,0,0,0,0,0,0.00286009484,0.007899320263,0,0.0004816165496,0.00823077011,0,0.002217656172,0.003100781589,0.01832246069,-0.07681245875,-0.2373318797,0,0.03211551092,0,0,0,0,0,0,0,0,0,0,0.0434290305,0,0,0,-0.08902854986,0,0,0,0.07472404249,0.1869524036,0,0,0.01295089754,0.05253292729,0,-0.227533762,0,0,0,0.06787687469,0,0,0,0.01295089754,0.0446695729,0,0,0.07472404249,0.02372970642,0,-0.07380235943,0,0,0,0.01535239937,0,0,0,0.05253292729,0.02372970642,0,0,0.1869524036,0.0446695729,0,-0.2878281032,0,0,0,0.003010099357,0.009798117703,0.01131351945,0,0,0,0,0,0,0,0
1,1,1,1,0,1500,500,v1,0,0,0.2012761141,0,0,0,0,0,0,0.1608015733,0,0,0,0,0,0,0,0,0,0,0,0,0,0,0,0,0,0,0,0.04334340469,0,0,0,0,0.03462749516,0,0,0,0,0,0,0.3112725483,0,0,0,0,0.2486788645,0,0,0,0,0,0,0,0,0,0,0,0,0,-0.4747204314,0,0,0.3565196262,0,0,0,0,0,0,0,0,0,0,0,0,0,0,0,0,0,0,0,0,0,0.09960768344,0,0,0,0.07769352385,-0.1961624249,0,0,0,0,0.07796161978,0,0,0,0,0,0,0,0,0,0.434481246,0,0,0,0,-0.5526820509,0,0,0,0,0,0,0,0,0,0,0,0,0,0,0,0,0,0.07769352385,0,0,0,0.09960768344,0,0
1,1,1,1,0,1500,500,v1,0,0,0,0,0.01119621203,0,0,0.06668241438,0,0,0,0,0,0,0,0,0.01598483851,0,0,0.0952025223,0,0,0,0,0,0,0,0,0,0,0,0,0,0,0,0,0,0,0,0,0,0,0,0,0,0,0,0,0,0,0,0,0,0,0,0,0.1165838378,0,0,0.694350175,-0.6997336337,0,0,0,0.07787729107,0,0,0,0,0,0,0,0,0,0,-0.7330327227,0,0,0,0.1111763802,0,0,0,0,0,0,0,0,0,0,0,0,0,0,0,0,0,0,0,0.1341064095,0,0,0,0.7986781059,0,0,0,0,0,0,0,0,0,0,0.7986781059,0,0,0,0.1341064095,0,0.1890536711,0,0,0,0,0,-0.8109100124,0,0,0,0,0,0,0,0
1,1,1,1,1,1500,500,v1,0.02450537031,0.03335779452,0.007575359689,0.002188661661,0.000142663224,0.0009102357369,0.008437288504,0.0002465606458,0.0122642045,0.009422397603,4.306855108e-05,0.06435571749,0.007430381879,0,0.001632495714,0.001566813141,0.0001635182719,0.001043297428,0,0.0002826038104,0.01405703215,0.0008182347257,4.936447423e-05,0.07376347886,0.006996751162,0,0.006949250952,0.01388247602,0.1627561953,0.03696097836,0,0.04116641989,0.05983834639,0.003483083231,0.04597287101,0.3139983286,0.0004605116644,0.00208181094,0.000457385299,0.0009137158076,0.007869473477,0.002432695013,0.0004389826513,0.0007028506271,0.000292306376,0.0002292493214,0.003025839115,1.383071613e-05,0.0004393750779,0.001986259882,0,0.0008717780356,0.007508280006,0.01022060301,0.0004188342045,0.0006705911553,4.371104859e-05,0,0.00258512823,7.554451712e-05,-0.5395315841,-0.02520180237,0.04139216179,0.01675665503,-0.0001555594087,-5.050602212e-05,0.07641153057,0.009143114778,0.004974880194,0,0.00727677576,0.01813889012,0.0012298297,0,0.003659606922,-0.3028921285,-0.007736575019,0,0.002344251402,-8.806444349e-05,-0.0005843085919,0.08754074599,0.01813889012,0.01370638201,0.1789453243,0.0404821963,0.009143114778,0.001832565483,0.04528477361,0.05033438593,0.2459284814,-0.02084189909,0,-0.01027682611,-0.2036579037,-0.08270962081,-0.3733172757,0.0012298297,0.001832565483,0.0001133176438,0.0006441290131,0.004974880194,0.01370638201,0.0001457307265,3.235772738e-05,-0.1182929546,0.001355785348,0.001838423357,0.0006416529205,0.007894615784,0.005408577572,0.0001838234538,0,0.04528477361,0.0001457307265,0.05023912367,0,0.1789453243,0.0001133176438,0.2638083742,-0.2052008166,0.001298110482,0.001761678397,0,0.006947888257,0.01277901026,7.092493911e-05,0.003659606922,0.05033438593,3.235772738e-05,0.2638083742,0.00727677576,0.0404821963,0.0006441290131,0.05023912367
1,1,1,1,0,1500,500,v1,0,0,0,0,0,0,0,0,0.002903363081,0,0,0.005859514677,0,0,0,0,0,0,0,0,0.01835637553,0,0,0.03704650395,0,0,0,0,0,0,0,0,0.3100655589,0,0,0.6257686838,0,0,0,0,0,0,0,0,0,0,0,0,0,0,0,0,0,0,0,0,0,0,0,0,-0.8804313308,0,0,0,0,0,0.008762597703,0,0,0,0,0,0,0,0,-0.9270704013,0,0,0,0,0,0.05540166824,0,0,0,0,0,0,0,0,0.06416426596,0,0,0,0,0,-0.9358329989,0,0,0,0,0,0,0,0,0,0,0,0,0,0,0,0,0,0,0.4332086176,0,0,0,0.874294479,0,0,0,0,0,0,0,0,0,0,0.874294479,0,0,0,0.4332086176
1,1,1,1,4,1500,500,v1,0,0.09495919664,0,0,0,0,0.0587454545,0,0,0,0,0,0,0,0,0,0,0,0,0,0,0,0,0,0,0,0,0,0.01988683633,0,0,0.01230277087,0,0,0,0,0,0,0,0,0,0,0,0,0,0,0,0,0,0,0,0,0,0.5029569804,0,0,0,0,0.3111487613,0,-0.7818377552,0,0.1536875806,0,0,0,0,0,0,0,0,0,0,0,0,0,0,0,0,0,0,0,0,0,0.5821282899,0,0,0,0.3600969791,0,-0.6603396663,0,0,0,0.03218949204,0,0,0,0,0,0,0,0,0,0,0,0,0,0,0,0,0,0,0.3600969791,0,0,0,0.5821282899,0,0,0.1858770724,0,0,0,0,-0.8140272471,0,0,0,0,0,0,0,0,0
1,1,1,1,1,1500,500,v1,0,0.01010936032,0.0009273145195,0,0.001903419599,0.002170439784,0.01497632792,0.0005144924639,0.002269229534,0.0007473936437,0.002635280591,0.1025646265,0,0.0393299647,0.0008867299689,0,0.0007015546444,0.0007999718566,0.02877812993,0.0001896295371,0.0008363833802,0.0009050859847,0.0009713009881,0.03780285236,0,0.247655298,0.005583614842,0,0.02346252291,0.002152177533,0.1812118672,0.03475812769,0.0052665894,0.005699200112,0.00173460436,0.2380392847,0,0,4.149172463e-05,0,0,1.599278605e-05,0,0,3.743215313e-05,4.235063634e-05,1.288980857e-05,4.544895802e-05,0,0,0.002121995954,0,0,0.0002010349833,0,0,3.785144808e-05,0.001552685738,0.0002978196184,1.023120955e-05,-0.2633022852,0,0.02484444819,0.001564413516,-0.001758716572,-0.004294088838,0.104388192,0,0,0.3091469053,0.006797145957,0,0,0.2262146832,0.006844246657,-0.5801717702,0,0.06799637017,0.001775436543,0.0005712456689,0.001488307164,0.038606142,0,0,0.01967326168,0.00185171431,0,0,0.0292384332,0.00147522114,0.2434189795,0,-0.4285537361,-0.01093958424,-0.05794955373,-0.003809512278,-0.242828177,0,0,0.001334508349,0.001797073985,0,0,0.0004012082668,0.002314870493,-0.01421502805,0,0,6.988595715e-05,0,2.714179731e-05,6.44853519e-05,0.2262146832,0.0292384332,0.0004012082668,0.003250658687,0.3091469053,0.01967326168,0.001334508349,0.1465001065,-0.3948499418,0,0,0.003649640394,0,0.0004973089217,3.0326493e-05,0.006844246657,0.00147522114,0.002314870493,0.1465001065,0.006797145957,0.00185171431,0.001797073985,0.003250658687
1,1,1,1,0,1500,500,v1,0.005103041029,0.04774258746,0.007411976154,0.000474651959,0.0001166162511,0,0.009002805072,0.0070731935,0.002247386578,0.0003174045925,0,0.00586536001,0,0.1301899783,0,0,0.001339669888,0,0.1507670798,0.08125577918,0.02581763775,0,0,0.06738037038,0.01899663963,0.045059678,0,0.01071217972,0.1898257838,0.02947021219,0.05218155929,0.03579538982,0.008935668162,0,0.001262009011,0.02332082571,0.00650832648,0,0,0.00367003661,0.006951377212,0.0100966153,0,0.0006465722679,0,0,0.0004323694516,0,0.0006607607106,0,0.001567312189,0.0003726020823,0.0007057416311,0.006602716176,0,6.564353409e-05,1.612782315e-05,0.001815032809,0.001245072164,0.0009782102651,-0.3816012438,0.00252546904,0.05596635732,0.007628598042,0.00710689577,0,0.008089746209,0.01781668753,0,0.1252292339,0,0.01019757481,0,0.14478179,0,0.1479208131,0,-0.2801038429,0,-0.08180113604,0,-0.09209242672,0.01019757481,0.002240616966,0.201949047,0.01786156271,0.01781668753,0.0003303974449,0.03817321857,0.0007675639388,-0.269723493,-0.02805294336,0.0967199478,0,-0.223873645,-0.0302570046,0.03164436945,0,0.0003303974449,0.001783363966,0,0,0.002240616966,0.1087830333,0,-0.04639849023,0.008351738849,0,0,-0.004971839869,0.01020898878,0,0.14478179,0.03817321857,0.1087830333,0.02181045534,0.1252292339,0.201949047,0.001783363966,0.05672701127,-0.4481329967,0.0010250296,0,0.00337654583,0.0007323612336,0.007825777162,0.0009833088892,0,0.0007675639388,0,0.05672701127,0,0.01786156271,0,0.02181045534
1,1,1,1,3,1500,500,v1,0,0,0,0,0,0,0,0,0,0,0,0,0,0.003581376085,0,0,0,0,0.002069501572,0,0,0,0,0,0,0.180077182,0,0,0,0,0.1040577706,0,0,0,0,0,0,0,0,0,0,0,0,0,0,0,0,0,0,0,0.4501148666,0,0,0,0,0,0,0.2600993031,0,0,0,0,0,0,0,0,0,0,0,0.3998510197,0,0,0,0.2311894637,0,-0.4263431217,0,0.005649465413,0,0,0,0,0,0,0,0,0,0,0,0,-0.7040577435,0,0.2833640878,0,0,0,0,0,0,0,0,0,0,0,0,0,0,0,0,0,0,0,0.2311894637,0,0,0,0.3998510197,0,0,0,0.2890135537,0,0,-0.7097072099,0,0,0,0,0,0,0,0,0,0,0
1,1,1,1,4,1500,500,v1,0.004494327483,0.0001366419405,0.02003910463,0.001722197462,0.0006645699273,0.02285825458,0.001130807046,0.02407728879,0,0.01533689277,0.01171826271,0,0.0003082436775,0.02863348336,9.451264103e-05,0.006487458626,0.001629692768,0.05605419482,0.002399067959,0.05904357362,0,0.002202032338,0.02873613025,0,0.003850993313,0.001153453995,3.807290296e-06,0.01064372784,1.349817851e-05,0.001979563599,9.664260844e-05,0.0001117068106,0,8.87053442e-05,0.001515055448,0,0.09061488093,0.0002921776757,8.958653751e-05,0.2504497028,0.01044678412,0.04657964977,0.006149325097,0.004003140664,0.05313258811,0.002087259974,0.03564965137,0.02723837131,0.03330019729,0.0001073728084,0.009974113814,0.09203813358,0.003839104227,0.0001167210563,0.002259824621,0.001471120113,0.0005676829796,0.0008356851509,0.0009659478817,0.02056708629,-0.1766135841,0.003035053192,-0.0008779233776,0.03067921134,0.0119456421,0.03256485218,0,0.08049046628,0.00038786854,0.03090867254,0.0001717053577,0.2210649249,0.008077730528,0.002824109224,0.00373151548,0.0170945113,-0.002793788589,-0.02823426787,-0.00137885277,-0.04738857057,-0.01445688941,0,0.2210649249,0.005551740345,0.0002004964483,0.03842523927,0.08049046628,0.002748582689,0.001548873701,0.03079000563,-0.2923679524,0.01436412863,0.001019625458,8.730111452e-05,4.756507407e-05,0.003411993656,0,0.008077730528,0.002748582689,0.001143400784,0.01916346891,0.00038786854,0.005551740345,0.03694139279,0.01238692256,0.1944452529,-0.3378757233,-0.005061314879,-0.001310595569,-0.0128148077,-0.08023470162,-0.03914155707,0.002824109224,0.001548873701,0.03694139279,0,0.03090867254,0.0002004964483,0.001143400784,0,-0.4046343817,0.1224746673,0.002211370752,0.004726121237,0.004246205813,-0.000335888462,0.01005306609,0.00373151548,0.03079000563,0.01238692256,0,0.0001717053577,0.03842523927,0.01916346891,0
1,1,1,1,2,1500,500,v1,0.001693422334,0.01347299452,0,0.004534790318,0.002991252984,0,0.0217015275,0.03621919253,0,0,0,0,0,0,0,0,0.01768786539,0,0,0.214171187,0,0,0,0,0,0,0,0,0.03865173287,0,0,0.06225799634,0,0,0,0,0,0,0,0,0.0233171737,0,0,0.06244071038,0,0,0,0,0,0,0,0,0.01052145281,0.08370946412,0,0.02817524098,0.01858504313,0,0.1348344078,0.2250345454,-0.2047725421,0.006214787169,0.03510530841,0,0.03906458515,0,0,0,0,0,0,0,0,0,0,-0.003821626618,0,0,0,0.002254646353,0,0,0,0.01684841392,0.04728801173,0,0,0.04428921342,0.07580568497,0,-0.1820072382,0,0,0,0.09994477383,0,0,0,0.04428921342,0.004555497689,0,0,0.01684841392,-0.00220502746,0,0.03941528798,0,0,0,-0.08017370623,0,0,0,0.07580568497,-0.00220502746,0,0,0.04728801173,0.004555497689,0,0.1024103956,0,0,0,0.03320050081,-0.2171125468,-0.04288621165,0,0,0,0,0,0,0,0
1,1,1,1,2,1500,500,v1,0.0003740620112,0,0,0.003030548656,0,0,0,0,0,0,0,0,0,0,0,0,0,0,0,0,0,0,0,0,0,0,0,0,0,0,0,0,0,0,0,0,0,0,0,0,0.1092809154,0,0,0.8853642483,0,0,0,0,0,0,0,0,0.0002142698237,0,0,0.001735955822,0,0,0,0,-0.9926954416,0.003404389728,0,0,0,0,0,0,0,0,0,0,0,0,0,0,0,0,0,0,0,0,0,0.1630390183,0,0,0,1.320897555,0,0,0,0,0,0,0,0,0,0,1.320897555,0,0,0,0.1630390183,0,0,0.005353580386,0,0,0,-0.9946446315,0,0,0,0,0,0,0,0,0,0,-0.9912402425,0,0,0,0.001949190658,0,0,0,0,0,0,0,0,0,0
1,1,1,1,2,1500,500,v1,0.004734135422,0.001417289392,0.001938435686,0.001998905639,3.299022664e-06,8.451932581e-06,0.003588808376,1.085568668e-05,0.003814433008,0.00365623614,0.0002315550999,0.002384186619,0.006816303563,0.03208197394,0.01926967355,0.02994289356,1.967383553e-05,5.040339169e-05,0.05570694255,6.473826224e-05,0.02274750291,0.002003441641,0.001380886831,0.0142181792,0,0.01193745462,0.007170096639,0,0.003144944067,0.004301359935,0.0207281229,0.007963512372,0.008464170072,0.0007454651548,0.008113133577,0.005290474623,0,0.004375774249,0.01237030313,0,0.01812384749,0.007420977562,0.01922205215,0.00765247669,3.235681354e-05,0.001286123521,0.01399728996,0.0008864700611,0,0.02201664291,0.103624693,0,0.09118986852,0.02730011329,0.09671546891,0.0385033224,6.354643798e-05,0.1799332806,0.06912834864,0.0002091044199,-0.2233852071,0.006691483847,0.004945504876,0.003800794535,1.19880075e-05,0.0002134783791,0.005588506785,0,0.01622350927,0.08939124812,0.002508456169,0,0.07120963646,0.1551392142,0.0005916841139,-0.3198139543,0.03635056538,0.08701375771,-0.01019563243,4.458129673e-05,-0.001092025696,-0.03454611397,0,0.1026004387,0.03407302021,0.003173913293,0,0.04335095526,0.08619700117,0.005510361681,-0.3355395609,0,0.03257545641,0.006659923282,0.01103129674,0.005258678316,0.01105709972,0.07120963646,0.04335095526,7.173763255e-05,5.19150716e-05,0.01622350927,0.1026004387,0.0002235619475,0.001096511095,-0.1997823333,0,0.02344573822,0.001468948975,0.02539211859,-0.01484898948,0.0001129298743,0.1551392142,0.08619700117,0.0002235619475,0.01643668173,0.08939124812,0.03407302021,7.173763255e-05,0.01041407947,0.2275024921,0,-0.1180850675,-0.2826095225,-0.1293845318,-0.09615681597,-0.000253435691,0.0005916841139,0.005510361681,0.001096511095,0.01041407947,0.002508456169,0.003173913293,5.19150716e-05,0.01643668173
1,1,1,1,2,1500,500,v1,0,0,0,0,0,0,0,0,0.02402380009,0,0,0.01751574753,0,0.01441485103,0.1508011372,0,0,0,0.1559094879,0,0.07308289097,0.06181956094,0,0.05328472026,0,0.009990501164,0.1045157479,0,0,0,0.1080561927,0,0.05065156107,0.04284528464,0,0.0369300424,0,0,0.01323291917,0,0,0,0,0,0,0.005424715411,0,0,0,0,0.006559033571,0,0,0,0,0,0,0.07094180599,0,0,-0.03940676515,0,0,0,0,0,0.03992901221,0,0,-0.00299907524,0.05096415566,0,0,-0.03679110493,0.02193573177,0.4458751159,0,-0.1482897408,-0.2050667623,0,0,-0.1140695037,0,0,0,0,0,0,0,0,-0.3361497036,0,0.1019950408,0.1379410325,0,0,0.07466273856,0,0,0,0,0,0,0,0,-0.06712572975,0,0,0.01852580467,0,0,0,-0.03679110493,0,0,-0.001738015258,-0.00299907524,0,0,0.0009546443009,-0.0462947,0,0,0.07282148689,0,0,0,0.02193573177,0,0,0.0009546443009,0.05096415566,0,0,-0.001738015258
1,1,1,1,4,1500,500,v1,0.0003352602353,0.01112896371,0.1368902601,0.0002914982649,0.03263979399,0,0.005772979649,0.04500689366,0.01040389687,0.1384718182,0,0.01396212784,0.002271921244,0.003671868703,0.007749064056,0.02411816716,0.009017692598,0,0.01214279664,0.01243446365,0.002874379166,0.02169292429,0,0.003857443981,1.740374101e-06,6.257596666e-05,0.0001320595079,2.916121633e-06,5.239902035e-05,0.0006445268142,0.0002069374749,2.718119009e-05,4.898515426e-05,0.0003696906989,0.0006519733384,6.573853955e-05,3.244096582e-05,0.0007217135511,0.002461619017,5.435716505e-05,2.942399584e-05,0.0120141252,0.007661536736,2.558324201e-05,0,0.006891118021,0.0121529301,0,0.000684482357,0.01522766601,0.02461088403,0.001146899283,0.0006208263384,0.02060833067,0.1616532243,0.0005397890398,0.06044153663,0.08138770311,0.01069025622,0.08334261583,-0.1188334664,0.000326146555,0.01569225228,-0.2752498999,0.07477649803,0,-0.02385330778,0.0009565269251,0.01828569564,0.03088447204,0.007857710467,0.001588238073,0.1938995898,0.102266659,0.02172546196,-0.3525326285,0.02613806159,0.01523674198,-0.02860299443,0.0213671525,0,0.006069120688,0.001588238073,0.000496584387,0.01406722798,0.1862951159,0.0009565269251,0.0004478593941,0.007404854255,0.1884337884,-0.3942344201,3.981400701e-06,0.0002655556514,0.0004867694618,7.886422811e-05,0.001295030565,0.0001125443107,0.1938995898,0.0004478593941,0.02827196273,0,0.01828569564,0.000496584387,0.03878780796,0,-0.4543258898,7.707861564e-05,0.008346066487,0.008394110052,4.865752115e-05,0.02413560007,0,0.102266659,0.007404854255,0.03878780796,0.01131859199,0.03088447204,0.01406722798,0.02827196273,0.01518887223,0.1623570578,-0.001777570016,-0.1759409839,-0.1042697177,-0.001004433263,-0.03008583798,-0.1408501644,0.02172546196,0.1884337884,0,0.01518887223,0.007857710467,0.1862951159,0,0.01131859199
1,1,1,1,0,1500,500,v1,0.0001688851001,0.0001907935288,0.0001511170643,5.979214772e-06,0.0004758728578,4.371921939e-05,0.0006695602254,0.0007537642461,0.0006288149228,1.219612203e-05,0.0001617977682,0.007544898273,0.02060081186,0,0.0316855628,0.1060357391,0.02459923574,0.002259972105,0,0.03896424029,0.03250525065,0.0002316154631,0.008363791664,0.3900174767,0.03830196299,0,0.01440662981,0.0124009051,0.004484306528,0.003551772652,0,0.01573697655,0.01477932129,0.0001053097354,0.0002866509675,0.1773311537,0.007458774536,0.001824029065,0.002805490769,0.002414903778,0.0007729820942,0.0006916583211,0.009388575141,2.736668867e-05,0.0002001015705,2.050760618e-05,5.582128879e-05,0.0007405435861,0.006199704615,0.001516125921,0,0.002007258703,0.0006424997342,0.0007258472858,0.007803747432,2.274708603e-05,0.001810391707,0,0.002547248197,0.002867590613,-0.3178901389,7.038519729e-05,0.0008557222612,0.0001602806204,0.001229230128,0.0002048516042,0.008168199508,0.03694257542,0.02587653883,0,0.02202459271,0.01197398536,0.1331950653,0,0.0001760114502,0.2414357061,-0.1265128784,0,-0.03099768463,-0.06338207374,-0.01031416399,-0.4195847797,0.01197398536,0.000445334993,0.005134841234,0.003888572986,0.03694257542,2.996501886e-05,0.01822608405,0.0003158046674,-0.4171689389,-0.05047671217,0,0.01347902383,-0.0195071055,-0.00353115576,0.1897070186,0.1331950653,2.996501886e-05,0.03337724596,0.002972236178,0.02587653883,0.000445334993,0.05288248602,0.01096529249,-0.1905404791,0.009768812056,0.01117045455,0.002718258008,-0.0003732782089,0.0005679567066,0.0008176265657,0,0.01822608405,0.05288248602,0.02566514555,0,0.005134841234,0.03337724596,0.3068991972,-0.2371574425,0.008096859607,0.009294687718,0,-1.397366353e-05,0.003077433035,0.004646355443,0.0001760114502,0.0003158046674,0.01096529249,0.3068991972,0.02202459271,0.003888572986,0.002972236178,0.02566514555
1,1,1,1,1,1500,500,v1,0,0,0,0,0.1455756111,0.001194899501,0,0.04381475026,0.007327333975,0,0.002949043141,0.08831593787,0,0,0,0,0.03078914337,0.000252720437,0,0.009266790073,0.001549726184,0,0.0006237206316,0.01867876118,0,0,0,0,0,0,0,0,0.0392856383,0,0,0.4735075545,0,0,0,0,0,0,0,0,0.001271700898,0,0,0.003138590992,0,0,0,0,0,0,0,0,0.1018143978,0,0,0.03064367982,-0.3319481113,0,0,0,-0.1787380946,-0.001283669361,0.09535728658,0,0,0,0,0,0,0,0,-0.4776303063,0,0,0,0.04000401577,0.0008490356143,0.02016466795,0,0,0,0,0,0,0,0,0.1155219546,0,0,0,0,0,-0.5120387079,0,0,0.02026148443,0.0005829064141,0,0,0.007908675707,0.001390687995,-0.0004346337467,0,0,0,0,0,-0.0008810958599,0,0,0.007908675707,0.04557750058,0,0,0.02026148443,0.5491976271,-0.138734079,0,0,0,0,0,0.1199539723,0,0,0.001390687995,0.5491976271,0,0,0.0005829064141,0.04557750058
1,1,1,1,0,1500,500,v1,0.0002442463158,0,0,6.072046249e-05,0.0001425376623,1.674215911e-05,0,0.000218481674,0,0,9.229763126e-05,0,0.001324920065,0.001615598701,2.925847066e-05,0.0005292619207,5.252514848e-05,6.169487975e-06,0.005015836712,8.051052744e-05,0,0.0001222541564,3.401169003e-05,0,0.1118896143,0.09172832404,0.00166119871,0.3004522177,0,0,0.284782536,0,0,0.006941184633,0,0,0.007590011174,0.005102843852,0.0001126871055,0.0203811203,0.000346647666,0,0.002038418022,8.617778544e-05,2.376138351e-05,0.0004708539684,0,0.0001309938221,0.0193053369,0.0129791798,0.01582672538,0.05183976476,0.0008817048915,0,0.005184754772,0.0002191948264,0.0005145467747,0.04913613149,0,0.0007886970989,-0.001599424133,0.0001844285855,0,0,0.000322253863,-3.742329442e-05,0,0.1274990458,0.009784000855,0.1116181492,0.002276848665,0.3425154736,0.003910609656,0.346414417,0.009510155781,-0.3318622704,0.001836170135,0.006584157979,0.0001495566933,0.0001186293647,9.961198957e-06,0,0.3425154736,0.0003388535124,0,0,0.1274990458,0.0001248744813,0,0,0.1705917177,-0.4121622525,-0.3763972784,-0.008588246938,0,0,0,0.003910609656,0.0001248744813,0.0004556910183,1.068866688e-05,0.009784000855,0.0003388535124,0.0006599001783,0.0001052396105,-0.3663881183,0.02790233466,0.007026486209,0.0005806872728,0.0002112410892,0,-4.982342263e-05,0.346414417,0,0.0006599001783,0,0.1116181492,0,0.0004556910183,0,-0.744373826,0.07091690499,-0.01799239668,0.0644580765,-0.000704821671,0,-0.001184610691,0.009510155781,0,0.0001052396105,0,0.002276848665,0,1.068866688e-05,0
1,1,1,1,2,1500,500,v1,0.04047515388,0,0.003560711116,0.04427798651,0.009429250023,0.0001088563165,0,0.0009556485809,0.0333292864,0.01784051819,0.0001436071443,0.09938968616,0.0006864770722,0,0.0001082260555,0.002679961825,0.003809230175,4.397579495e-05,0,0.0003860630912,0.01346437131,3.682082271e-05,5.801444081e-05,0.04015146387,0,0,0.001004127064,0,0,0.01334607765,0,0,0.1249231487,0.0003416255394,0.06686892963,0.3725274042,0,0.000732672496,0.0001155089623,0,0.01745148648,0.001535255482,0.002860305754,0.01909113638,4.693507876e-05,3.929862361e-05,0.00769221441,6.19184338e-05,0,0.0009923729222,0,0,0.02363727686,0,0.003874159321,0.0258581111,0.00550663239,0,0,0.0005580937419,-0.4414750825,-0.06713942467,0,0.02057653323,-0.007940505026,-0.0001688804425,0.1317156138,0,0.001088498521,0,0.00123795321,0,0.003921095769,0,0.0004189099843,-0.3718141468,-0.001701941559,0,7.377123032e-05,0.001602474881,-1.14500303e-05,0.05344253926,0,-0.001219062526,0,0.01255036367,0,0.002432199324,0,0.06193744343,0.2148089471,0,0,-0.00126740999,0,-0.07914649807,-0.4963194875,0.003921095769,0.002432199324,0.003518708623,8.417870256e-05,0.001088498521,-0.001219062526,0.0004736924213,0.0001280959266,-0.09800499928,0,0.0001533049894,8.906329639e-05,0.03375927341,0.008911426784,3.881405329e-05,0,0,0.0004736924213,0.117166333,0,0,0.003518708623,0.3495756686,-0.04126681772,0,-0.00179109296,0,0.03257139338,0,0.003676429452,0.0004189099843,0.06193744343,0.0001280959266,0.3495756686,0.00123795321,0.01255036367,8.417870256e-05,0.117166333
1,1,1,1,2,1500,500,v1,0,0.04951312335,0.0006590381275,0,0,0,0.04633406968,0,0.0008902648966,0.01272127242,0,0.005034848678,0,0,0,0,0,0,0,0,0.003335149368,0,0,0.01886177075,0,0,0,0,0.1076175008,0.001432429049,0,0.1007077809,0.001935003828,0,0.02764987243,0.01094331755,0,0,0,0,0,0.0177899297,0,0,0,0,0.3433952187,0,0,0,0,0,0,0.1297552563,0,0,0,0,0.1214241534,0,-0.3898076729,0,0.09495229587,0.01334911622,0,0,0.004852398531,0,0,0,0,0,0,0,0,0.009205274193,0,0,0,0,0,-0.01570822041,0,0,-0.03679642537,0.02350989893,0,0,-0.03528572617,0.4537986219,-0.4230303414,0,0,0,0.1129787106,0.02904489164,0.004352875662,0,0,0,0,0,0,0,0,0.04239400788,0,0,0,0,-0.3605996923,0,0,-0.03528572617,0,0.00186690172,0,-0.03679642537,0,0.007887517588,0.2079310065,0,0,0,0,-0.1598762389,0,0,0.4537986219,0,0.007887517588,0,0.02350989893,0,0.00186690172
1,1,1,1,1,1500,500,v1,0,0,0,0,0,0.3155374426,0,0,0,0,0.0005477137974,0,0.0001512902384,0,0.0001223835754,1.745641303e-05,0,0.001079318648,0,0,0,0.0004184902168,1.873494665e-06,0,0,0,0.006459862979,0,0,0,0,0,0,0.02208947933,0,0,0,0.05512420019,0.04459175145,0,0,0,0.006360428913,0,0.3932611771,0.1524813414,0,0.0006826276175,0,0.0009621461544,0,0,0,0,0.0001110158913,0,0,0,0,0,-0.3422159104,0,0,0,0,0.2542783774,0,0,0.08070801003,0,0.05810170646,0,0.009322873315,0,0.1950864547,-0.318534786,0.0001685848485,0,0.0005351308317,0,0.001080839055,0,0,0,0,0,0,0,0,0,-0.1951365429,0,0,0.02634443536,0,0,0,0.009322873315,0,0,0.1316770379,0.08070801003,0,0,0.0002292630851,0.283459318,0,-0.06124112615,-0.1956716739,0,0,-0.3432967493,0,0,0,0,0,0,0,0,-0.06107254213,0,0.001051952891,0,0,0,0,0.1950864547,0,0.0002292630851,0,0.05810170646,0,0.1316770379,0
1,1,1,1,3,1500,500,v1,6.912828018e-05,5.378227701e-05,2.650566423e-05,2.173836157e-05,2.627292272e-05,0.002965163245,0.0001029749911,0.0003340544527,0.0003115970401,5.46384378e-05,0.0009484372009,0.001072602787,6.924019655e-06,0.0005303958441,0.01270423841,4.562309242e-05,0.000384813402,0.04343005792,0.0008800595969,0.004892818046,0.004563889534,0.002225978537,0.01389153958,0.0157101641,0,0.004751183689,0.1138021178,0,0.007056391929,0.003477620613,0.007883404157,0.01351061979,0.04088244233,0.01993988647,0.007168722727,0.1407286204,0,4.549972661e-05,0.08348320819,0,0.006653467624,0.002551120589,0.0002998024754,0.002092276628,0.2853914143,0.01462754584,0.005258847407,0.091285306,0,2.929025763e-05,0.002243701158,0,0.004283141798,0.003332313752,0.0001929965825,0.001346894279,0.001627852641,0.003722862384,0.00638026127,0.02069778947,-0.522627606,7.59124791e-05,0.0001138072989,7.235724845e-05,0.0003399041052,0.003888555249,0.001375066169,0,3.776410338e-05,0.0040836697,0.03457529052,0,0.0002524929897,0.007026402017,0.005916137151,-0.6235837723,2.707550847e-05,0.001294129731,0.01474939322,0.00480144901,0.05660309656,0.0200413078,0,0.00693141416,0.007365304355,0.002901543107,0,0.002280530297,0.01260641814,0.005848574362,0.1080438862,0,-0.0112058583,-0.1042633187,-0.01762979544,-0.007077432826,-0.1812702975,0.0002524929897,0.002280530297,0.001876996121,0.3578192138,3.776410338e-05,0.00693141416,0.02324812949,0.1144839959,-0.03621449707,0,-0.0002038037138,0.06251964029,-0.005943849284,0.001171663933,-0.3753604585,0.007026402017,0.01260641814,0.02324812949,0.05397778581,0.0040836697,0.007365304355,0.001876996121,0.1858030985,-0.02833102859,0,-1.677652347e-05,0.002505014085,-0.0002733594981,0.004201506489,-0.02189143686,0.005916137151,0.005848574362,0.1144839959,0.1858030985,0.03457529052,0.002901543107,0.3578192138,0.05397778581
1,1,1,1,0,1500,500,v1,0,0,0,0,0.01926401869,0.1783822391,0,0.0113174441,0.09669995806,0,0.1936867511,0.1294191622,0,0,0,0,0.0005005162707,0.00463471379,0,0.0002940489733,0.002512450967,0,0.005032354459,0.003362558845,0,0,0,0,0,0,0,0,0.0179944462,0,0,0.02408301099,0,0,0,0,0,0,0,0,0.001442469224,0,0,0.001566227552,0,0,0,0,0,0,0,0,0.1951554771,0,0,0.1146521523,-0.2461518841,0,0,0,0.03018370461,-0.370515389,-0.2245768407,0,0,0,0,0,0,0,0,-0.8272749739,0,0,0,0.0007939264356,0.009597850086,0.005822788646,0,0,0,0,0,0,0,0,-0.2187540521,0,0,0,0,0,0.04174974894,0,0,0.2608092782,0.2571855643,0,0,0.1533940517,0.2796952651,-0.3609175388,0,0,0,0,0,0.002996984982,0,0,0.1533940517,0.1134543596,0,0,0.2608092782,0.1520520959,0.03097763106,0,0,0,0,0,-0.3071131827,0,0,0.2796952651,0.1520520959,0,0,0.2571855643,0.1134543596
1,1,1,1,1,1500,500,v1,0,0,0,0,0,0.002277639124,0,0,0,0,0.08262404292,0,0,0,0,0,0,0.003693968646,0,0,0,0,0.1340030652,0,0,0,0,0,0,0,0,0,0,0,0,0,0,0,0,0,0,0,0,0,0.02085517668,0,0,0.7565461074,0,0,0,0,0,0,0,0,0,0,0,0,-0.6396942757,0,0,0,0,0.08488608837,0,0,0,0,0,0,0,0,0,-0.6924755734,0,0,0,0,0.1376673858,0,0,0,0,0,0,0,0,0,0,0,0,0,0,0,0,0,0,0,0.02232599658,0,0,0,0.8098862843,0.222553474,0,0,0,0,0,-0.7773616613,0,0,0,0,0,0,0,0,0,0,0,0,0,0,0,0,0,0.8098862843,0,0,0,0.02232599658,0
1,1,1,1,3,1500,500,v1,0.004104030243,0.000433802301,0.0001935790884,0.009470306145,0.02104171744,0.0002792150026,0.001757189197,0.006067398042,0,0.0001698360141,0.0001076980212,0,0.02437629138,0.0004199539364,0.007245551855,0.08267897671,0.04391474979,0.0005827308067,0.0004823220228,0.01266285738,0,0.01097128491,0.000224769279,0,0.006424730894,0.0001535655181,0.002649497548,0.0271471288,0.0003310648955,0.0001477337499,0.0001763717992,0.001341034053,0,0.004011894893,0.0001296137483,0,0.01683809056,0.0233613311,0.006943867436,0.07114785359,0.008208612095,0.000387184195,0.07923645645,0.01894188516,0.0005584675334,0.01051447144,0.0003396948552,0.0002154105178,0.02998323794,0.04159903682,0.0007166668217,0.1266915044,0.01461690497,0.001545029309,0.1410947114,0.03372942128,0.07494213396,0.0008231002525,0.006258401129,0.02160963135,-0.08570918116,0.009268757795,0.001150672931,-0.0001115685796,0.02477991578,-3.070253585e-05,0,0.01502515977,-0.008963981319,0.0004304105419,0.00912155483,0.0491080147,-0.03073302535,0.0005937709765,0.01456435511,-0.131925404,0.08874965572,0.0005548977179,-0.008226082077,0.03156985815,-0.0001461099394,0,0.0491080147,0.008232973406,0.001574279459,0.0006149182992,0.01502515977,0.01449788172,0.006472374187,0.0004640399304,-0.09488070206,0.02766273813,0.0001413354053,0.001191560674,0.0006387294354,-6.624675174e-05,0,-0.03073302535,0.01449788172,0.03277883865,0.0005536340282,-0.008963981319,0.008232973406,0.01055036458,0.0002388544613,-0.2328612544,0.07689699567,0.09765531807,-0.008756085231,0.01947510948,-0.0005414901547,-0.0003515131846,0.0005937709765,0.006472374187,0.01055036458,0,0.0004304105419,0.001574279459,0.03277883865,0,0.378543984,-0.1473151834,-0.1599403028,-0.001379020802,-0.04389777069,-0.007153838123,-0.08523590937,0.01456435511,0.0004640399304,0.0002388544613,0,0.00912155483,0.0006149182992,0.0005536340282,0
1,1,1,1,4,1500,500,v1,0.003470123564,0.0002542650121,0.008852045283,0.0005913515966,0.0002578663275,0.001167488443,0.001283664442,0.002526333521,0,0.01188390529,0.002308240492,0,0.01559594564,0.04834984876,0.004956771664,0.01951116673,0.001502860829,0.006804194505,0.02666656976,0.01472362726,0,0.04782432111,0.01345256767,0,0.01503192337,0.02120000264,0.002173400228,0.08627145588,0.0006497578401,0.02262083082,0.01169251536,0.003280321694,0,0.02096957405,0.03036855352,0,0.02628394093,0.01195717091,0.003800280363,0.1508492156,0.01550550065,0.03955346007,0.01495891052,0.002642327396,0.005216670953,0.03666616917,0.05310067428,0.01031387609,0.01607767867,0.007314106828,0.0226748648,0.09227327147,0.009484592046,0.0006949608183,0.009150247189,0.001616290759,0.0007048039855,0.01250595151,0.003508530267,0.006905011415,-0.1042558734,-0.0002152162961,-0.0007003658034,0.01674304332,-0.0005896768039,0.001085027079,0,-0.005052207153,0.0121775241,0.02192445024,0.003572227101,-0.02660290465,0.01872730299,0.01494477856,0.03793159794,0.04909478384,-0.02445789855,-0.06717640407,-0.03886733658,-0.01470081861,-0.01176191806,0,-0.02660290465,0.01644718991,0.001139342027,0.01908980761,-0.005052207153,0.003378889812,0.006323262234,0.03299459431,-0.2307826243,0.08633373319,0.02067174462,0.02011883197,-0.001964922031,0.03477993727,0,0.01872730299,0.003378889812,0.002191866299,0.009877929465,0.0121775241,0.01644718991,0.0190441087,0.02141260269,0.1759096635,-0.1425939111,-0.008575881459,-0.00892071207,-0.01535948262,-0.08624591518,-0.0101834638,0.01494477856,0.006323262234,0.0190441087,0,0.02192445024,0.001139342027,0.002191866299,0,-0.1693290995,0.07736358574,0.01243056194,0.02192517358,0.002357312441,-0.002309781676,0.001133178735,0.03793159794,0.03299459431,0.02141260269,0,0.003572227101,0.01908980761,0.009877929465,0
1,1,1,1,0,1500,500,v1,0,0.007063507591,0,0,0.008990764691,0,0.005768050175,0.005257636484,0.005195655637,0,0,0.0132875399,0.005918644753,0.02785163873,0.003188303868,0.0008503466195,0.003944014863,0,2.671132252e-05,0.002306388516,0.002279199129,0.003748679908,0,0.005828898506,0.02528698009,0.1913645353,0.02190636946,0.02960034726,0.02128987099,0,0.0001835295894,0.01738527814,0.01566004379,0.02575663125,0,0.04004950892,0.01686445561,0.02712116467,0.01460985037,0.01974113716,0,0,0.003896566132,0,0,0.01717767653,0,0,0.02771972481,0.04457844584,0.2097748421,0.03244806131,0,0.02333807212,0.006404697749,0,0.02970579589,0.000201186132,0.01905783625,0.01737141185,-0.096140991,0,0.008303813839,0,0.006980653792,0,0.008750916461,-0.00538512771,0.03049213356,0.09248126749,0.01525321801,-0.005561004684,0.005446884772,9.706518377e-05,0.0150002346,-0.2242438821,0.006265967084,0.02712583115,0.005958073896,0.005691364882,0,0.00689550657,-0.005561004684,0,0.005872173802,0,-0.00538512771,0,0.002596333206,0,-0.04182728129,0.005579703933,0.007358252144,-0.03509910688,-0.0006012517571,0,-0.05111791617,0.005446884772,0,0.02942325058,0,0.03049213356,0,0.01705941311,0,-0.08710012061,0.02575973065,0.01553743293,0.008972064567,0,0,0,9.706518377e-05,0.002596333206,0.01705941311,0.01540305512,0.09248126749,0.005872173802,0.02942325058,0.0378041847,0.1080014986,-0.02404201296,-0.04576274565,-0.09620297185,0,-0.01334823341,-0.04366046115,0.0150002346,0,0,0.0378041847,0.01525321801,0,0,0.01540305512
1,1,1,1,0,1500,500,v1,0.00441642097,5.467461365e-06,0.004793970322,0.01541113324,0.006705652743,0,5.722604113e-05,0.001733675558,0.06531014323,0.003749738492,0,0.1072962674,0,0.07751817046,0,0,0.004386138703,0,0.1341862094,0.001133989748,0.04271908461,0,0,0.07018202837,0.0001880029136,0.01411922109,0,8.268350164e-05,6.513797444e-07,0.0005711416971,0.02444078269,6.817768167e-06,0.007780887978,0,0.0004467345149,0.01278301035,0.0008375286268,0,0,0.0003683442893,0.00234398091,0.002544362277,0,0.008179338506,0,0,0.001990144395,0,0.001709214995,0,0.1283638851,0.0007517111204,0.004783558663,5.921972192e-06,0,0.0166922629,0.007263094593,0.2222016215,6.198324993e-05,0.001877796249,0.09530898382,-0.007181650469,-2.648800884e-05,-0.00731229693,-0.004993729039,0,-0.1384942091,0.00205611443,0,0.0573837749,0,0.0007241660427,0,0.097859488,0,-0.4296985627,0,0.1985824627,0,0.005063534275,0,0.07279128212,0.0007241660427,0.002724945163,6.715569804e-06,0.004027125726,0.00205611443,0.009561098342,8.364391397e-05,0.002996894234,-0.2152888438,0.0002411816333,0.03849771229,0,6.35430546e-06,0.0007487200643,0.0203191135,0,0.009561098342,0.005282206797,0,0,0.002724945163,0.001290735358,0,-0.02460911505,6.265511541e-05,0,0,0.007938667096,0.001880896893,0,0.097859488,8.364391397e-05,0.001290735358,0.02595103726,0.0573837749,6.715569804e-06,0.005282206797,0.04212468287,0.238190698,-0.002157357065,0,-0.3405756836,-0.008947712294,-4.01059525e-05,-0.004451766675,0,0.002996894234,0,0.04212468287,0,0.004027125726,0,0.02595103726
1,1,1,1,3,1500,500,v1,0.01492675238,0.02005662654,0.05135005428,0.03145731246,0.01037191096,0,0.002315021878,0.02189218832,0.04106931449,0.02657376325,0,0.1127362981,0.006756976046,0.001063321447,0.002091518143,0.00533165684,0.002108801598,0,0.001870763763,0.004451087355,0.008350152288,0.003961549639,0,0.02292137742,0.01650287949,0.001741056942,0.003424601462,0.002126871516,0.006677028526,0.01709488764,0.003063143554,0.0007706912767,0.01367233836,0.006486546019,0.00884664103,0.03753091164,0.08544177723,0.05728109688,0.01773048366,0.01101163481,0.02572771505,0.08850683194,0.04519819959,0.05421974925,0,0.03358335254,0.0458024754,0,0.005561792554,0.003728686229,0.0005867701778,0.0007167972212,0.001674733587,0.002250288961,0.002942155678,0.003529409236,0.001163695036,0.001032339176,0.0002597380055,0.002456233086,-0.07504623916,0.04260575959,-0.02129165883,0.0736716902,-0.03194323967,0,-0.1525894559,0.09508650865,0.0699695917,0.001182826814,0.0182578785,0.01227415696,0.05532707656,0.001674143316,0.03461064373,-0.2690997336,0.01192303868,-2.318830106e-05,0.005900882797,0.006311025445,0,0.03065486301,0.01227415696,0.01381040122,0.01671272541,0.02994474441,0.09508650865,0.02889772768,0.001962364696,0.0150842435,-0.3310314202,0.01832712486,-0.002349216373,0.009758459594,0.006461212579,0.02570575764,0.05052255775,0.05532707656,0.02889772768,0.01073398445,0,0.0699695917,0.01381040122,0.02262547063,0,0.2057511694,-0.0961140462,-0.1020681478,-0.05090502386,-0.07610916008,-0.129396773,0,0.001674143316,0.001962364696,0.02262547063,0.02866192152,0.001182826814,0.01671272541,0.01073398445,0.07845613132,-0.2442704958,0.006213144329,0.006613997044,0.0004677579252,0.00503131455,0.002380386171,0.003392577532,0.03461064373,0.0150842435,0,0.07845613132,0.0182578785,0.02994474441,0,0.02866192152
1,1,1,1,4,1500,500,v1,3.730558224e-07,0,0,9.493473852e-07,0,0,0,0,0,0,0,0,0.001846766557,0,0,0.001537380104,0,0,0,0,0,0,0,0,0.0001718551695,0,0,0.0004508082049,0,0,0,0,0,0,0,0,2.336776019e-06,0.01638662803,0,6.12979991e-06,0.0003300546159,0,0.01364139708,0.0008399184995,0,0,0,0,7.224424193e-05,0.5066123198,0,0.0001895101388,0.01020403553,0,0.4217402021,0.02596709089,0,0,0,0,-0.03491418316,1.315372392e-06,0,0,0,0,0,-0.0001201322555,0.7325572318,0,0,-0.0003469232525,0.6098263114,0,0,-0.8983061823,0.003383811475,0,0,0,0,0,-0.0003469232525,0.01477137252,0,0,-0.0001201322555,0.03759792858,0,0,-0.0002314646591,0.0005428349975,0,0,0,0,0,0.6098263114,0.03759792858,0,0,0.7325572318,0.01477137252,0,0,-0.960729375,8.349461666e-06,0.03002739366,0,0.001169767918,0,0,0,0,0,0,0,0,0,0,0.03513347251,-0.0002398141207,-0.9283335764,0,-0.0360839511,0,0,0,0,0,0,0,0,0,0
1,1,1,1,4,1500,500,v1,0.005332467259,0.03495266864,0,0.01889771139,0.01528028212,0,0.1509462784,0.1000855984,0,0,0,0,0,0,0,0,0.02625676403,0,0,0.1719813757,0,0,0,0,0,0,0,0,0.04402107892,0,0,0.190109033,0,0,0,0,0,0,0,0,0.003921625377,0,0,0.01389783396,0,0,0,0,0,0,0,0,0.003674909115,0.02408788921,0,0.01302349709,0.01053051905,0,0.1040257403,0.06897472785,-0.119117393,-0.01104539324,0.08347973645,0,0.09968465895,0,0,0,0,0,0,0,0,0,0,0.1761584733,0,0,0,-0.1793421574,0,0,0,0.001646353466,-0.01648926542,0,0,0.01002948111,-0.0794645103,0,0.2055584007,0,0,0,-0.1415892171,0,0,0,0.01002948111,0.0006504354124,0,0,0.001646353466,0.004125090966,0,-0.002149417405,0,0,0,-0.005634472322,0,0,0,-0.0794645103,0.004125090966,0,0,-0.01648926542,0.0006504354124,0,-0.1544468445,0,0,0,0.008895975836,0.1220786643,0.07647381424,0,0,0,0,0,0,0,0
1,1,1,1,2,1500,500,v1,0.001100601533,0,0.3630253659,0.0173991597,0,0.009252999622,0,0,0,0.07102402553,0.02933420744,0,0,0,0,0,0,1.302076603e-05,0,0,0,0,4.127892222e-05,0,0,0,0,0,0,0.1360798771,0,0,0,0,0.0266233205,0,0,0,0,0,0.0007066741212,0.2330912903,0,0.01117165071,0.005941165065,0,0.04560309916,0.01883490496,0,0,0,0,0.001829839622,0,0,0.02892751905,0,0,0,0,0.4310412134,0.002924429842,0,-0.412906409,0,-0.03604738981,0,0,0,0,0,0,0,0,0,-0.01571076191,0,0,0,0,5.29396164e-05,0,0,0.0002931490345,0,-0.004794592239,0,0.005599025564,0,-0.002102085461,-0.1561756108,0,0,0,0,0.1607733955,0,0,0.005599025564,0,0.005414998499,0,0.0002931490345,0,0.01807173491,-0.3022819499,0,0,0,0.01022637394,0.2567307983,0.02033662789,0,0,0,0,0,0,0,0,0.01315080378,0,0,0,-0.01707892016,0,0,0,-0.002102085461,0.01807173491,0,0,-0.004794592239,0.005414998499,0
1,1,1,1,3,1500,500,v1,0,0,0,0,0,0.001070298702,0,0,0,0,0.0001131987338,0,0.007930509028,0,9.443029827e-05,0.008551081364,0,0.002203748096,0,0,0,7.557219304e-05,0.0002330765175,0,0,0,0.0004725528478,0,0,0,0,0,0,0.0003781821692,0,0,0,0.3414707727,0.004065966863,0,0,0,0.3681912914,0,0.09488868402,0.003253977148,0,0.0100357768,0,0.07553027107,0,0,0,0,0.08144061007,0,0,0,0,0,-0.1021396955,0,0,0,0,0.001172840958,0,0,0.3869236707,0,0.004983592437,0,0.417250729,0,0.003899293266,-0.6620521366,0.01648064635,0,0.0001522659702,0,0.002414180919,0,0,0,0,0,0,0,0,0,-0.006466246512,0,0,0.0005443227085,0,0,0,0.417250729,0,0,0.1369498073,0.3869236707,0,0,0.01450047437,0.1776497723,0,-0.7094824298,-0.006618512479,0,0,-0.1045538764,0,0,0,0,0,0,0,0,-0.6930017832,0,0.1568855155,0,0,0,0,0.003899293266,0,0.01450047437,0,0.004983592437,0,0.1369498073,0
1,1,1,1,3,1500,500,v1,0.007512377594,0.002017978231,0.01935832832,0.002333568468,0,0,0.004803496828,0,0,0.01327011387,0,0,0.001895916461,0.01266099739,4.992905097e-05,0.002131193372,0,0,0.00750536576,0,0,0.001531017811,0,0,0.1507318853,0.04696285963,0.0001851995494,0.2745282117,0.003257232482,0.0312464103,0.02783931058,0.007753357123,0,0.005678934474,0.02141938167,0,0.07535915351,0.003515901438,9.259143309e-05,0.1372517408,0.006062343898,0.01562179777,0.003952213085,0.001883144768,0,0.00283921145,0.01070872608,0,0.02727014785,0.001272296033,0.008496438049,0.04966716171,0.002193774833,0.0005892927775,0.001430183729,0.0006814518724,0,0.005036639156,0.001402723748,0,-0.0209314554,-0.003963122294,0.0006612026835,0.00542574441,0,0,0,0.0725758659,0.002919125705,0.03920405862,0.0001052447336,0.1321936069,0.002877162093,0.02407884723,0.002204163503,-0.06664035899,-4.278395142e-07,0.01771418056,0.001334205025,0,0,0,0.1321936069,0.005785400365,0.003436579011,0.007420171207,0.0725758659,0.001623166457,0.007263728748,0.002682400092,0.350081396,-0.4197406033,-0.07313325408,-0.00552980157,-0.009620412766,-0.03616710182,0,0.002877162093,0.001623166457,0,0,0.002919125705,0.005785400365,0,0,-0.3781455285,0.2065745826,-0.005680606618,0.002655991055,-0.003001620173,0.02400630989,0,0.02407884723,0.007263728748,0,0,0.03920405862,0.003436579011,0,0,-0.2901900806,0.07665303896,0.001816842592,0.01323046969,0.002025697917,0.001825671578,0,0.002204163503,0.002682400092,0,0,0.0001052447336,0.007420171207,0,0
1,1,1,1,4,1500,500,v1,0.1103566992,0,0,0.1629124441,0,0,0,0,0,0,0,0,0.001935754408,0,0,0.003285337139,0,0,0,0,0,0,0,0,0.1088998638,0,0,0.1494755597,0,0,0,0,0,0,0,0,0.00751035888,0.002377845988,0,0.01030869147,0.01049022923,0,0.004035649204,0.01548604566,0,0,0,0,0.06176641532,0.0195557929,0,0.08478035859,0.08627335466,0,0.0331898367,0.1273597631,0,0,0,0,0.1578923109,-0.2054781983,0,0,0,0,0,0.0609304725,0.02256714948,0,0,0.08490029698,0.03835407115,0,0,-0.04570454989,0.005090402805,0,0,0,0,0,0.08490029698,0.02844187495,0,0,0.0609304725,0.04293695612,0,0,0.1410827177,-0.2383032307,0,0,0,0,0,0.03835407115,0.04293695612,0,0,0.02256714948,0.02844187495,0,0,-0.2353670458,0.01771525429,0.006306625759,0,0.02592461889,0,0,0,0,0,0,0,0,0,0,-0.3887445284,0.1233674634,-0.05201117565,0,0.131967692,0,0,0,0,0,0,0,0,0,0
1,1,1,1,0,1500,500,v1,0,0,0,0,0,0,0,0,0,0,0,0,0,0,0.07637460177,0,0,0,0,0,0,0.04052794229,0,0,0,0,0.5668484192,0,0,0,0,0,0,0.3007963313,0,0,0,0,0.01009553921,0,0,0,0,0,0,0.005357166139,0,0,0,0,0,0,0,0,0,0,0,0,0,0,0,0,0,0,0,0,0,0,0,0,0.7205622428,0,0,0,0.3823761409,-0.852167462,0,0,0.1168752099,0,0,0,0,0,0,0,0,0,0,0,0.1323239905,0,0,-0.8676162431,0,0,0,0,0,0,0,0,0,0,0,-0.750741033,0,0,0.01544878045,0,0,0,0,0,0,0,0,0,0,0,0,0,0,0,0,0,0,0.3823761409,0,0,0,0.7205622428,0,0,0
1,1,1,1,4,1500,500,v1,0,0,0,0,0.01862046232,0.0005286813273,0,0.08097144313,0.008640117268,0,0.05919665647,0.1615514276,0,0,0,0,0.02694886593,0.00076514546,0,0.1171876685,0.01250459617,0,0.08567363856,0.2338087899,0,0,0,0,0,0,0,0,0.007815249776,0,0,0.146128197,0,0,0,0,0,0,0,0,0.0002374164483,0,0,0.02658361324,0,0,0,0,0,0,0,0,0.0024002962,0,0,0.01043773479,-0.2590019076,0,0,0,0.0934019094,0.04341044207,0.1491901374,0,0,0,0,0,0,0,0,0.446697969,0,0,0,-0.1380203932,-0.07248831017,-0.2091886831,0,0,0,0,0,0,0,0,-0.05999854562,0,0,0,0,0,0.1310064046,0,0,0.009032027822,0.0003177589457,0,0,0.03872942759,0.0179317041,-0.02907786812,0,0,0,0,0,0.01691155953,0,0,0.03872942759,-0.004850600848,0,0,0.009032027822,-0.1016611876,-0.04461848379,0,0,0,0,0,0.01277751344,0,0,0.0179317041,-0.1016611876,0,0,0.0003177589457,-0.004850600848
1,1,1,1,0,1500,500,v1,0,0,0,0,0,0.01801621184,0,0,0,0,0.1710526772,0,0,0,0,0,0,0.004249267764,0,0,0,0,0.04034414304,0,0,0,0,0,0,0,0,0,0,0,0,0,0,0,0,0,0,0,0,0,0.07302366037,0,0,0.6933140397,0,0,0,0,0,0,0,0,0,0,0,0,-0.7217235248,0,0,0,0,0.1890625909,0,0,0,0,0,0,0,0,0,-0.5772426033,0,0,0,0,0.04458166911,0,0,0,0,0,0,0,0,0,0,0,0,0,0,0,0,0,0,0,0.07613422963,0,0,0,0.7228571755,0.23364426,0,0,0,0,0,-0.7663051942,0,0,0,0,0,0,0,0,0,0,0,0,0,0,0,0,0,0.7228571755,0,0,0,0.07613422963,0
1,1,1,1,4,1500,500,v1,0,0.004871456263,0,0,0,0,0.001992256864,0,0,0,0,0,0,0.04024151949,0,0,0,0,0.07490366247,0,0,0,0,0,0.06001023875,0.02751198204,0,0.009787147384,0.01593654694,0,0.05120950308,0.006517495651,0,0,0,0,0.4429946681,0,0,0.07224857287,0,0,0,0,0,0,0,0,0.0673116009,0,0.03085932656,0.01097793597,0,0.0178755244,0,0,0,0.05744009198,0.007310470267,0,-0.007743740999,0,0.002739637245,0,0,0,0,0.4729259821,0,-0.0265452672,0,0.07699002604,0,-0.05127705098,0,0.1420038559,0,-0.09012231054,0,0,0,0,0.07699002604,0,0.005526374636,0,0.4729259821,0,0.001979780994,0,-0.4565107728,0.06965129605,0.07292641019,0,-0.005800157209,0,0,0,0,0,0,0,0,0,0,0.1477761314,-0.5143867994,0,0,0,0,0,-0.05127705098,0.001979780994,0,0,-0.0265452672,0.005526374636,0,0,-0.4649919241,0.07812483528,0,0.06907744583,0,-0.001943583796,0,0,0,0,0,0,0,0,0
1,1,1,1,0,1500,500,v1,0,0,0,0,0,0,0,0,0,0,0,0,0,0,0.3681839215,0,0,0,0,0,0,0.2527817848,0,0,0,0,0.2178037155,0,0,0,0,0,0,0.1495361658,0,0,0,0,0.006933868661,0,0,0,0,0,0,0.004760543829,0,0,0,0,0,0,0,0,0,0,0,0,0,0,0,0,0,0,0,0,0,0,0,0,0.2151653748,0,0,0,0.1480652486,0.3768304658,0,0,-0.6189842148,0,0,0,0,0,0,0,0,0,0,0,-0.607303505,0,0,0.3651497561,0,0,0,0,0,0,0,0,0,0,0,-0.2538344587,0,0,0.01168070959,0,0,0,0,0,0,0,0,0,0,0,0,0,0,0,0,0,0,0.1480652486,0,0,0,0.2151653748,0,0,0
1,1,1,1,4,1500,500,v1,7.076527258e-05,0.06662889999,0.01735762668,8.044694773e-06,0,0,0.1253310038,0,0,0.01113605198,0,0,0.003597218625,0.003696622515,4.382392757e-05,0.00235081075,0,0,0.005186807714,0,0,3.882799516e-06,0,0,0.02310938066,0.03353565087,0.0003975693836,0.1181323098,0.04770656228,0.01242813101,0.04705456722,0.08973750639,0,3.522464316e-05,0.007973458325,0,0.02469159087,0.03486817642,0.0004247894267,0.1262203737,5.413727964e-05,0.01327903724,0.02278662837,6.154401371e-06,0,3.763633869e-05,0.00851937028,0,0.008588038511,0.01212757993,0.01246270791,0.04390099593,1.882961065e-05,0.01772898202,0.007925469161,2.140576371e-06,0,0.01748668393,0.03334875877,0,0.1272291229,-6.805250577e-05,-0.1489918541,-0.01310194353,0,0,0,-0.005205607638,0.03469493131,0.02772434849,0.0006401463301,-0.01698379141,0.02089331468,0.03764281348,5.965116149e-05,-0.0932515073,0.003762736198,0.008352037481,3.326398899e-05,0,0,0,-0.01698379141,0.0001033651068,0.01239670294,0.004869590518,-0.005205607638,1.281312549e-05,0.03131278091,0.003703838252,-0.1112209602,0.04062078163,-0.07835550426,-0.0002137810378,0.07075667115,0.01430581215,0,0.02089331468,1.281312549e-05,0,0,0.03469493131,0.0001033651068,0,0,0.1104260188,-0.07760893388,-0.05410881445,-0.0002860146125,-2.826940334e-05,-0.006919487835,0,0.03764281348,0.03131278091,0,0,0.02772434849,0.01239670294,0,0,-0.2356692011,0.05178108488,0.01328724761,0.02642535883,1.88697542e-05,0.04909552712,0,5.965116149e-05,0.003703838252,0,0,0.0006401463301,0.004869590518,0,0
1,1,1,1,1,1500,500,v1,0,0,0,0,0,0,0,0,0.01250832207,0,0,0.107783354,0,0.007895332646,0.1218943289,0,0,0,0.01547986566,0,0.003765676954,0.0676799405,0,0.03244858024,0,0.007212805289,0.111356937,0,0,0,0.01414167862,0,0.0034401457,0.06182921666,0,0.02964349973,0,0,0.1164129119,0,0,0,0,0,0,0.0646364685,0,0,0,0,0.07494032003,0,0,0,0,0,0,0.1469306157,0,0,0.06321109008,0,0,0,0,0,-0.1167493256,0,0,0.0897672562,-0.149719485,0,0,0.1763385074,-0.08910998511,-0.1245781738,0,0.02227286292,-0.003525449031,0,0,0.03410832879,0,0,0,0,0,0,0,0,-0.2246079071,0,0.02061296505,0.1031697495,0,0,0.02910276128,0,0,0,0,0,0,0,0,0.09964430041,0,0,0.05957534626,0,0,0,0.1763385074,0,0,0.008650970558,0.0897672562,0,0,0.07165638291,0.042885828,0,0,-0.2202896704,0,0,0,-0.08910998511,0,0,0.07165638291,-0.149719485,0,0,0.008650970558
1,1,1,1,4,1500,500,v1,0,0,0,0,0,0,0,0,0,0,0,0,0.03224944718,0,0,0.04165481823,0,0,0,0,0,0,0,0,0,0,0,0,0,0,0,0,0,0,0,0,0,0.2792039515,0,0,0,0,0.3606322237,0,0,0,0,0,0,0.1249144754,0,0,0,0,0.1613450841,0,0,0,0,0,0,0,0,0,0,0,0,0,0.1829642815,0,0,0,0.2364783189,0,0,-0.353470127,0.07384172713,0,0,0,0,0,0,0,0,0,0,0,0,0,0,0,0,0,0,0,0,0.2364783189,0,0,0,0.1829642815,0,0,0,0.3598337223,0,-0.6394621226,0,0,0,0,0,0,0,0,0,0,0,0,-0.5656203954,0,0.2859919954,0,0,0,0,0,0,0,0,0,0,0,0
1,1,1,1,0,1500,500,v1,0.0002897678688,0.01367284801,0.0268011878,0.000640437079,0.009118207656,0.0005622290079,0.008226121355,0.008508909155,0.001725245155,0.03426421984,0.008148661611,0.08660082968,7.181109783e-05,0.0001355766328,0,0.001091130279,0.0005474349918,3.375486104e-05,4.037286684e-06,0.000510854193,0.0001035795194,0,0.0004892258074,0.005199303007,0.09723755093,0.004524565091,0,0.01508307271,0.0273951737,0.05369936056,0.0001347353597,0.01648201042,0.003456733422,0,0.06865243097,0.1735150402,0.003303286101,8.141337167e-05,0,0.0005123916014,1.972320447e-05,0.001824237135,0.001237031568,4.35916912e-05,3.826841715e-05,0,0.002332212389,0.0005546429966,0.1326584986,0.003269524746,0.006172738884,0.0205774185,0.0007920751069,0.03737447701,0.04967863682,0.001750622903,0.02492445188,0.0001838157209,0.02248595049,0.02325894571,-0.3519765092,0.0002892098624,0.02103198145,0.05689457772,0.00895723521,-0.007470447881,0.08004470138,0.08600742656,0.004671225929,0.005282067928,0,0.009827705408,0.07098426834,0.0001974711564,0,-0.1868633434,0.001158405053,0.0001329127935,0,0.001012206699,0.0001731557236,0.005240605066,0.009827705408,0.0009327694578,0.005290246216,0.03764885407,0.08600742656,0.001987570002,0.006989031941,0.04791134703,0.01069033415,0.04121492005,-0.0004249351189,0,0.01903754077,-0.1180019873,-0.1700003105,0.07098426834,0.001987570002,0.02615462371,0.000686211091,0.004671225929,0.0009327694578,0.02354999397,0.01012072151,-0.1898204357,0.003777389208,0.001315547839,0,4.882161585e-05,0.004067275423,9.267042e-05,0.0001974711564,0.006989031941,0.02354999397,0.002583650145,0.005282067928,0.005290246216,0.02615462371,0.124488856,0.09755123421,-0.1088823972,-0.05291094848,-0.003361003726,-0.002284924452,-0.04825570763,-0.04310585368,0,0.04791134703,0.01012072151,0.124488856,0,0.03764885407,0.000686211091,0.002583650145
1,1,1,1,4,1500,500,v1,0,0,0,0,0,0,0,0,0.03445700324,0,0,0.2111895061,0,0.09640744196,0.0127806818,0,0,0,0.02566054104,0,0.01826214071,0.0134536505,0,0.111930003,0,0.105268301,0.01395536103,0,0,0,0.02801901496,0,0.01994062374,0.01469018265,0,0.1222175489,0,0,0.03526453856,0,0,0,0,0,0,0.0371213981,0,0,0,0,0.07849044605,0,0,0,0,0,0,0.02089161657,0,0,0.2509221745,0,0,0,0,0,-0.2298745581,0,0,-0.06201901413,0.02365620426,0,0,-0.009722883328,0.02438651045,-0.132656691,0,0.0320914548,0.01384205511,0,0,0.1235702526,0,0,0,0,0,0,0,0,-0.08390631202,0,-0.02368132484,0.01708278636,0,0,0.1273519219,0,0,0,0,0,0,0,0,0.03092484145,0,0,-0.06295331794,0,0,0,-0.009722883328,0,0,-0.003148606242,-0.06201901413,0,0,-0.02842281837,0.008410129947,0,0,0.03941780166,0,0,0,0.02438651045,0,0,-0.02842281837,0.02365620426,0,0,-0.003148606242
1,1,1,1,3,1500,500,v1,0,0,0,0,0,0,0,0,0.01097857333,0,0,0.01120379841,0,0.02729089723,0.01230936255,0,0,0,0.002404368043,0,0.006637239104,0.5073250436,0,0.006773401857,0,0.01791468015,0.008080287396,0,0,0,0.001578309576,0,0.004356911193,0.3330255436,0,0.00444629309,0,0,0.00107048982,0,0,0,0,0,0,0.04411977406,0,0,0,0,0.0004457552775,0,0,0,0,0,0,3.927169324e-05,0,0,0.01144300763,0,0,0,0,0,-0.01268419995,0,0,0.01384583126,0.004756830607,0,0,0.001212729924,0.1979918694,0.3962481821,0,-0.02889057602,-0.5167263663,0,0,0.002922728173,0,0,0,0,0,0,0,0,-0.5097486223,0,0.01837027657,0.336412035,0,0,0.00852027945,0,0,0,0,0,0,0,0,-0.1803143313,0,0,0.04514853239,0,0,0,0.001212729924,0,0,0.0005030216417,0.01384583126,0,0,0.001358766823,-0.01052029945,0,0,0.0004812586794,0,0,0,0.1979918694,0,0,0.001358766823,0.004756830607,0,0,0.0005030216417
1,1,1,1,4,1500,500,v1,0,0,0,0,0,0.03992800797,0,0,0,0,0.5669073848,0,0,0,0,0,0,0.01534901061,0,0,0,0,0.2179289152,0,0,0,0,0,0,0,0,0,0,0,0,0,0,0,0,0,0,0,0,0,0.01052007969,0,0,0.1493666017,0,0,0,0,0,0,0,0,0,0,0,0,0.3927315804,0,0,0,0,-0.6057358105,0,0,0,0,0,0,0,0,0,-0.445942997,0,0,0,0,0.2329387667,0,0,0,0,0,0,0,0,0,0,0,0,0,0,0,0,0,0,0,0.02110045952,0,0,0,0.2984058858,-0.3727970435,0,0,0,0,0,0.1597928136,0,0,0,0,0,0,0,0,0,0,0,0,0,0,0,0,0,0.2984058858,0,0,0,0.02110045952,0
1,1,1,1,4,1500,500,v1,0.05555428312,0,0,0.2773814826,0,0,0,0,0,0,0,0,0,0,0,0,0,0,0,0,0,0,0,0,0,0,0,0,0,0,0,0,0,0,0,0,0,0,0,0,0.08696971396,0,0,0.4342381333,0,0,0,0,0,0,0,0,0.02433786891,0,0,0.1215185181,0,0,0,0,-0.3710056869,0.3297035507,0,0,0,0,0,0,0,0,0,0,0,0,0,0,0,0,0,0,0,0,0,0.01046721035,0,0,0,0.05148599259,0,0,0,0,0,0,0,0,0,0,0.05148599259,0,0,0,0.01046721035,0,0,0.4755353856,0,0,0,-0.5168375213,0,0,0,0,0,0,0,0,0,0,-0.1871339702,0,0,0,0.1458318347,0,0,0,0,0,0,0,0,0,0
1,1,1,1,2,1500,500,v1,0.01515180415,0,0,0.03043199747,0,0,0,0,0,0,0,0,0,0,0,0,0,0,0,0,0,0,0,0,0,0,0,0,0,0,0,0,0,0,0,0,0,0,0,0,0.3155714613,0,0,0.6338169246,0,0,0,0,0,0,0,0,0.00167121712,0,0,0.003356595336,0,0,0,0,-0.9443659067,0.04557443237,0,0,0,0,0,0,0,0,0,0,0,0,0,0,0,0,0,0,0,0,0,0.4481303667,0,0,0,0.9000568406,0,0,0,0,0,0,0,0,0,0,0.9000568406,0,0,0,0.4481303667,0,0,0.05058982218,0,0,0,-0.9493812961,0,0,0,0,0,0,0,0,0,0,-0.9038068637,0,0,0,0.005015389789,0,0,0,0,0,0,0,0,0,0
1,1,1,1,3,1500,500,v1,0,0,0,0,0.01845800075,0,0,0.0004357327203,0,0,0,0,0.01101596901,0.001189374429,0,0.004344740186,0.008042575471,0,0.0005691694872,0.0001898587683,0,0,0,0,0,0.002057633362,0,0,0,0,0.0009846706784,0,0,0,0,0,0,0.004955651598,0,0,0,0,0.001954527888,0,0,0,0,0,0,0.4109756654,0.04437230593,0,0,0,0.1620903696,0,0.3000464872,0.02123415638,0,0.007083111212,-0.2989077801,0,0,0,0.01887864315,0,0,0,0.5923600711,0.06165585622,0,0,0.2335826896,0.02952057825,0,-0.9166591279,0.01531429586,0.001721208721,0,0.008181696592,0,0,0,0,0,0,0,0,0,0,-0.06380508096,0,0.003020791378,0,0,0,0,0.2335826896,0,0.4103570758,0,0.5923600711,0,0.009686629017,0,-0.5575340868,0,0.006905581386,0,0,0,0,0.02952057825,0,0.009686629017,0,0.06165585622,0,0.4103570758,0,0.05402221717,0,-0.5728483825,-0.06552628964,0,0,-0.3070894766,0,0,0,0,0,0,0,0
1,1,1,1,2,1500,500,v1,0.007749030031,0,0,0.01280097914,0,0,0,0,0,0,0,0,0.1527876749,0,0,0.1443106451,0,0,0,0,0,0,0,0,0.01373638581,0,0,0.006406193897,0,0,0,0,0,0,0,0,0.01667996022,0.01511262828,0,0.007778979189,0.00117539484,0,0.01427414311,0.001941688801,0,0,0,0,0.1772294399,0.160576081,0,0.08265392161,0.01248891283,0,0.1516669317,0.02063100955,0,0,0,0,-0.02372419433,0.01003288766,0,0,0,0,0,0.2202535588,0.01679794978,0,0,0.1027219381,0.02585006319,0,0,-0.03840400082,0.009971992233,0,0,0,0,0,0.1027219381,0.00865868031,0,0,0.2202535588,0.01187827966,0,0,-0.2354130611,0.02009606315,0,0,0,0,0,0.02585006319,0.01187827966,0,0,0.01679794978,0.00865868031,0,0,-0.3140615491,0.02437174133,0.02924071471,0,0.003008779888,0,0,0,0,0,0,0,0,0,0,0.09672217872,-0.2597848025,-0.06764471562,0,-0.02673297421,0,0,0,0,0,0,0,0,0,0
1,1,1,1,4,1500,500,v1,0.100729182,0.0005709379008,0,0.04832490624,0.01271853839,0.001588833558,0.0001217353174,0.007525115519,0.0008633132579,0,0.0009829380718,0.02935729885,0.00466659888,2.943917625e-06,0.02714265256,0.001247545505,0.00232924157,0.0002909750364,8.754098247e-06,0.001378130989,0.0001581050484,0.01054963025,0.0001800128401,0.005376422884,5.190054008e-07,3.183702074e-08,0.0002935344336,2.008157415e-06,1.130766589e-06,0,9.467126564e-08,2.411019296e-07,1.709828313e-06,0.0001140890608,0,5.814336837e-05,0.000474095451,0.04610002387,0.2681346657,0.001834389958,0.1822356383,0,0.01232415278,0.08742769431,0.002874460923,0.1042168437,0,0.001778296451,4.634851512e-05,0.00450683011,2.843127711e-06,0.0001793336142,0.01781571879,0.0001009803603,0.001204833711,0.008547105447,0.002249496113,8.454387142e-06,2.153102148e-05,0.001330948383,-0.2326711898,0.1475450009,-0.0005955805374,0,-0.02004233454,0.002023591721,-0.03014396213,0.0006250999895,0.05523513984,2.740716037e-06,0.3609949923,0.002411042891,0.01477563018,7.736553449e-06,0.1403104037,-0.473165063,0.00588775595,-4.483737162e-06,0.03764067632,0.003618757439,0.0004493085771,0.005483782818,0.002411042891,0.09547585908,0.0006036602259,0,0.0006250999895,0.04580956166,0.0001303662966,0,-0.3617949252,2.417519768e-06,1.387449693e-08,0.0004074857693,7.971455751e-07,0,5.965234673e-05,0.01477563018,0.04580956166,0.01213447863,0.001599756329,0.05523513984,0.09547585908,0.007188765291,0.0009834693512,0.2262342228,-0.002245988449,-0.05826485204,-0.3722517614,-0.2680905432,0,-0.004195050747,7.736553449e-06,0.0001303662966,0.007188765291,0.001054546243,2.740716037e-06,0.0006036602259,0.01213447863,0.0358462445,-0.1921890394,0.0002194756806,0.00570324936,-2.514983659e-06,0.02635526168,0.0001054323765,0.003541414466,0.1403104037,0,0.0009834693512,0.0358462445,0.3609949923,0,0.001599756329,0.001054546243
1,1,1,1,4,1500,500,v1,5.633482841e-05,0.008921665148,0,0.01649089898,0.007877797984,0.005070144883,0.002530970122,0.005278378828,0.001657932165,0,0.008510771937,3.886936402e-05,0.01017565247,0.0657575878,0,0.004546698391,0.1136001128,0.0731129475,0.04876956383,0.07611574089,0.02390785868,0,0.1227277792,0.0005605074089,0,0.01351649306,0,0,0.02644466039,0,0.01002459934,0.007502035129,0.004914267945,0,0,0.0001152124759,0,0.007672510571,0,0,0.0006125282565,0,0.003428241242,0.1793054472,0.05512765536,0,0,0.09253757299,0,4.351338268e-05,0.0002811942614,0,3.473853333e-06,0.0005501491189,1.944270675e-05,0.001016901374,0.0004857796777,0.0002085496433,0.0001560707513,0.0003254880578,-0.4727940905,0.01612561957,0.008166729085,0,0.0129198372,0.01334908556,0.001545940608,0,0.005486300753,0.07781974393,0,0,0.003033957472,0.05791902412,0,0.163551634,-0.01113538107,-0.1135053734,0,-0.1887002311,-0.1593611646,-0.02392130115,0,0.0008245878314,0.0263633482,0,0,0.2407522896,0.007741395369,0,-0.1265840628,0,0.02252884375,0,-0.03154914991,0,0.004375029898,0.003033957472,0.2407522896,0.1572374716,0.0276131554,0.005486300753,0.0008245878314,0.1052351539,0.03826242098,-0.1399540509,0,0.005393376946,0,-0.1781828288,0,0.102095028,0.05791902412,0.007741395369,0.1052351539,0.02637607802,0.07781974393,0.0263633482,0.1572374716,0.0006244179307,-0.4579385573,0,6.183198471e-05,0.0004840172728,0.001005957421,0.0006459251562,0.000798643564,0,0,0.03826242098,0.0006244179307,0,0,0.0276131554,0.02637607802
1,1,1,1,1,1500,500,v1,0.0099835929,0.0159127018,0,0.00512267542,0.00170640225,0.1089688318,0.04090638191,0.003365445723,0.02439276084,0,0.1539964874,0.1078455188,0.01040519251,0.001098687548,0.007295428096,0.00591890545,0.00126360708,0.0806924553,0.02555690725,0.002492144534,0.01806307117,0.008213210587,0.1140358621,0.07986063133,0.004766316953,0.0001291709947,0.0008577121907,0.0002061134736,0.001385368667,0,0.003004686033,0.003561332355,0.002123647322,0.0009656144577,0,0.009389090831,0.007937763454,0.002037305487,0.001428422941,0.0003432587497,0.001447516537,0,0.001158903936,0.0007427343501,0.01579934074,0.001608122001,0,0.02232787979,0.02612180883,0.006704420554,0.000707921874,0.001129605271,0.004763526966,0.007592515528,0.003813752732,0.002444210491,0.0008141851552,0.01646718734,0.01951788853,0.001605773754,0.2713895428,-0.01206209683,-0.04773105151,0,-0.003023184245,-0.2200808561,-0.1105826898,0.02695093864,0.01003049185,0.001052819736,0.007894818618,0.001243930737,0.006777749355,0.01974613669,0.009012755233,-0.2820255919,-0.01061351169,-0.01357815156,-0.01428891787,0.002079860545,0.1344401655,0.06634827377,0.001243930737,0.007949297035,0.01396028708,0,0.02695093864,0.004698214745,0.03458566719,0,-0.1320411621,0.00340877202,0.002189158958,0.0014158037,0.004494775593,0,0.01120371917,0.006777749355,0.004698214745,-7.299012754e-05,0.02681753582,0.01003049185,0.007949297035,-0.0001379364912,0.04578938321,-0.1441029567,0.002365822416,0.002786250311,0.001601398255,0.00200333082,0,0.037236078,0.01974613669,0.03458566719,-0.0001379364912,0.01041260529,0.001052819736,0.01396028708,-7.299012754e-05,0.03913343991,-0.06768002546,-0.02457117399,-0.003378232762,-0.002476978332,0.001627091487,0.01087230642,0.001083941443,0.009012755233,0,0.04578938321,0.03913343991,0.007894818618,0,0.02681753582,0.01041260529
1,1,1,1,4,1500,500,v1,0,0,0,0,0,0,0,0,0.5136958753,0,0,0.4112148732,0,0,0,0,0,0,0,0,0.01972523938,0,0,0.01579010501,0,0,0,0,0,0,0,0,0.02197936712,0,0,0.01759454007,0,0,0,0,0,0,0,0,0,0,0,0,0,0,0,0,0,0,0,0,0,0,0,0,0.07500365051,0,0,0,0,0,-0.9248736757,0,0,0,0,0,0,0,0,-0.8853254526,0,0,0,0,0,0.03545542718,0,0,0,0,0,0,0,0,-0.8894182484,0,0,0,0,0,0.03954822332,0,0,0,0,0,0,0,0,0,0,0,0,0,0,0,0,0,0,0.7080353685,0,0,0,0.5667696705,0,0,0,0,0,0,0,0,0,0,0.5667696705,0,0,0,0.7080353685
1,1,1,1,0,1500,500,v1,0.00666890033,0.001864930875,0.06353656798,0.03847005738,6.883012387e-06,1.34729371e-05,0.0001572895099,3.60564343e-05,0,0.01897087865,3.19744544e-05,0,0.02017112446,0,0,0.01933218025,3.61330973e-05,7.072760004e-05,0,0.0001892820433,0,0,0.0001678532606,0,7.828102521e-05,0,0,0.0006897956757,0.0001087493611,0.003704995861,0,9.171993419e-06,0,0,0.001106245256,0,0.007266959011,0.02080001511,0,0.0640348908,0.03610059897,0.3439409868,0.01993491449,0.2082490433,7.293272881e-05,0,0.1026946046,0.0001730865508,0.0004213176584,0.001205925842,0,0.003712561225,0.002093010267,0.0005853018154,0.001155769763,0.01207368848,2.160208563e-06,0,4.936474426e-05,1.13161816e-05,-0.6713208719,0.04501589935,-0.00146680603,0.08236949687,1.056614223e-05,4.214168626e-05,0,0.01014720962,0.006177492188,0,0,0.08940295853,0.00624491134,0,0,-0.01174879368,0.003373155658,0,0,-0.0001691925116,1.128035031e-05,0,0.08940295853,0.04098833824,0.001637228243,0.4147558487,0.01014720962,0.2363595072,0.0001552905941,0.1237502293,-0.4321938372,0.0007606389089,0,0,6.667658641e-05,0.004800678851,0,0.00624491134,0.2363595072,3.74498645e-05,6.499416094e-05,0.006177492188,0.04098833824,0.0001874187021,8.805892971e-05,0.1569114747,-0.07122686519,-0.01399515608,0,-0.2440128027,-0.4461742279,-0.0001554574304,0,0.0001552905941,0.0001874187021,0,0,0.001637228243,3.74498645e-05,0,-0.2816438847,0.004099447308,0.002340398085,0,0.01409833958,0.0002051168859,8.713991717e-06,0,0.1237502293,8.805892971e-05,0,0,0.4147558487,6.499416094e-05,0
1,1,1,1,3,1500,500,v1,0.06816080899,0.1834761498,0,0.1823644412,0.0004084809076,0,0.02929982669,0.04791558916,0,0,0,0,0,0,0,0,0.0006381946913,0,0,0.07486145389,0,0,0,0,0,0,0,0,0.002320127387,0,0,0.0003705077222,0,0,0,0,0,0,0,0,0.009596077657,0,0,0.02567433347,0,0,0,0,0,0,0,0,0.0499475735,0.1344495263,0,0.1336348771,0.0002993308098,0,0.02147062614,0.03511207461,0.2840296263,-0.2249905988,-0.1884571323,0,0.04299240244,0,0,0,0,0,0,0,0,0,0,0.07778438217,0,0,0,-0.06836900693,0,0,0,0.01744624097,0.07812807693,0,0,0.03407162106,0.014115676,0,-0.06417727328,0,0,0,0.0026814383,0,0,0,0.03407162106,0.0001043161747,0,0,0.01744624097,-0.01422737856,0,-0.06948229556,0,0,0,0.03513705394,0,0,0,0.014115676,-0.01422737856,0,0,0.07812807693,0.0001043161747,0,-0.4010058401,0,0,0,0.1555083032,0.1242798589,0.03479197953,0,0,0,0,0,0,0,0
1,1,1,1,0,1500,500,v1,0.08760567729,0.3781229325,0,0.0494594158,0.06242460067,0,0.001267349041,0.09230645472,0,0,0,0,0,0,0,0,0.06480550513,0,0,0.09582706755,0,0,0,0,0,0,0,0,0.05028303356,0,0,0.0001685328999,0,0,0,0,0,0,0,0,0.04408891467,0,0,0.02489121745,0,0,0,0,0,0,0,0,0.006362934562,0.02746364791,0,0.003592313146,0.004533994387,0,9.204950253e-05,0.006704359228,0.1408149831,-0.131430373,-0.37866217,0,-0.02079134134,0,0,0,0,0,0,0,0,0,0,-0.009609098315,0,0,0,-0.01966650529,0,0,0,0.05674136116,0.4503935967,0,0,0.032544724,0.001510263263,0,-0.3512903772,0,0,0,0.05002113656,0,0,0,0.032544724,0.01457399626,0,0,0.05674136116,0.02933940908,0,-0.1216517073,0,0,0,0.06212765041,0,0,0,0.001510263263,0.02933940908,0,0,0.4503935967,0.01457399626,0,-0.4384016028,0,0,0,0.009778665763,0.02737179281,0.01118224304,0,0,0,0,0,0,0,0
1,1,1,1,2,1500,500,v1,0.007634555201,0.02675234791,0.01692435966,0.002788874064,0.04979558976,0,0.06339592669,0.04400220431,0.1917581974,0.02248158798,0,0.07807257148,0.0001703540659,0.0002326462649,0.00232286792,0.001812383595,0.002679411962,0,0.001084153046,0.002367680213,0.01031816694,0.0009323740903,0,0.004200945966,0.003988725552,0.0007975583119,0.007963259665,0.007993042933,0.004934883181,0.003121959167,0.003716695274,0.01169435645,0.03537275705,0.003196366406,0.004147075642,0.01440168994,0.0004849109518,7.0998096e-05,0.0009680966447,0.0009717174084,0.0001712089839,0.0003795378177,0.0007553431956,6.254199259e-05,0,0.0003885835353,0.0005041616353,0,0.0245595916,0.003595885463,0.004910768156,0.04921518604,0.00867132967,0.03038532332,0.03825634446,0.003167603847,0.05655784307,0.02288463241,0.07200510909,0.04997771445,-0.02494827794,0.001590548948,0.02820269334,-0.03863596905,0.03205830926,0,-0.2687450003,0.03004526355,0.00502879865,0.005836718087,0.007946157335,0.06028567959,0.05350999194,0.02719756457,0.003639893134,-0.3177188468,0.001973515621,0.001201759607,0.0003606692508,0.004987508947,0,0.01432063917,0.06028567959,0.003938248668,0.005583319893,0.02028169519,0.03004526355,0.001922480263,0.008128631611,0.02670915809,-0.4151008805,0.01154465492,0.004075553494,-0.008384093832,0.01649451954,0.006509831632,0.04883742501,0.05350999194,0.001922480263,0.01687831263,0,0.00502879865,0.003938248668,0.01389429266,0,-0.1457341045,0.001409515124,0.0008228381628,0.0002993909341,0.0001985477634,0.0007989018494,0,0.02719756457,0.008128631611,0.01389429266,0.2192623578,0.005836718087,0.005583319893,0.01687831263,0.0891180464,0.1045599642,-0.0731747988,-0.04182221415,-0.02730016822,-0.00569624933,-0.05383851388,-0.05756088831,0.003639893134,0.02670915809,0,0.0891180464,0.007946157335,0.02028169519,0,0.2192623578
1,1,1,1,3,1500,500,v1,0,0.135332602,0.01587026619,0,0,0,0.02626632086,0,0.007438029891,0.0429800298,0,0.1100575059,0,0,0,0,0,0,0,0,0.0002035985987,0,0,0.003012565735,0,0,0,0,0.2053171942,0.02407726207,0,0.03984943185,0.01128446069,0,0.06520630649,0.1669715796,0,0,0,0,0,0.01014391358,0,0,0,0,0.02747185856,0,0,0,0,0,0,0.09087868734,0,0,0,0,0.01763838665,0,-0.337511997,0,0.1447361584,0.05332676652,0,0,0.1127197961,0,0,0,0,0,0,0,0,-0.06092163584,0,0,0,0,0,0.003190715131,0,0,-0.03301773742,-0.002027580843,0,0,-0.005779999243,-0.005677148264,0.4518517008,0,0,0,-0.2229004699,-0.08203907475,-0.1736414319,0,0,0,0,0,0,0,0,-0.02871230824,0,0,0,0,0.03384879441,0,0,-0.005779999243,0,0.005715151395,0,-0.03301773742,0,0.08088122941,-0.07816431135,0,0,0,0,0.1040294693,0,0,-0.005677148264,0,0.08088122941,0,-0.002027580843,0,0.005715151395
1,1,1,1,2,1500,500,v1,0,0,0,0,0,0,0,0,0,0,0,0,0,0,0.005144026349,0,0,0,0,0,0,0.05911688186,0,0,0,0,0.06450818241,0,0,0,0,0,0,0.7413497405,0,0,0,0,0.01039686761,0,0,0,0,0,0,0.1194843013,0,0,0,0,0,0,0,0,0,0,0,0,0,0,0,0,0,0,0,0,0,0,0,0,0.07342919474,0,0,0,0.8440854866,-0.6759307279,0,0,0.06425427212,0,0,0,0,0,0,0,0,0,0,0,0.1941121245,0,0,-0.8057885803,0,0,0,0,0,0,0,0,0,0,0,-0.7415343081,0,0,0.1298578524,0,0,0,0,0,0,0,0,0,0,0,0,0,0,0,0,0,0,0.8440854866,0,0,0,0.07342919474,0,0,0
1,1,1,1,1,1500,500,v1,0.4252229798,0,0,0.0510830822,0,0,0,0,0,0,0,0,0,0,0,0,0,0,0,0,0,0,0,0,0,0,0,0,0,0,0,0,0,0,0,0,0,0,0,0,0.1000962903,0,0,0.0120248135,0,0,0,0,0,0,0,0,0.3674322896,0,0,0.04414054448,0,0,0,0,0.3147665635,-0.2933599746,0,0,0,0,0,0,0,0,0,0,0,0,0,0,0,0,0,0,0,0,0,-0.02938290523,0,0,0,-0.002726977929,0,0,0,0,0,0,0,0,0,0,-0.002726977929,0,0,0,-0.02938290523,0,0,-0.09042156671,0,0,0,0.111828156,0,0,0,0,0,0,0,0,0,0,-0.1815318182,0,0,0,0.2029384081,0,0,0,0,0,0,0,0,0,0
1,1,1,1,4,1500,500,v1,0,0,0,0,0,0.543004802,0,0,0,0,0.06625620364,0,0,0,0,0,0,0.3323543446,0,0,0,0,0.04055311676,0,0,0,0,0,0,0,0,0,0,0,0,0,0,0,0,0,0,0,0,0,0.015892381,0,0,0.00193915197,0,0,0,0,0,0,0,0,0,0,0,0,0.382655998,0,0,0,0,-0.6036091891,0,0,0,0,0,0,0,0,0,-0.585783362,0,0,0,0,0.3648301714,0,0,0,0,0,0,0,0,0,0,0,0,0,0,0,0,0,0,0,0.2937436613,0,0,0,0.03768612431,-0.2387790177,0,0,0,0,0,0.01782582657,0,0,0,0,0,0,0,0,0,0,0,0,0,0,0,0,0,0.03768612431,0,0,0,0.2937436613,0
1,1,1,1,1,1500,500,v1,0,0,0,0,0,0,0,0,0,0,0,0,0,0.9142472422,0,0,0,0,0.03374998879,0,0,0,0,0,0,0.0344331674,0,0,0,0,0.001271121159,0,0,0,0,0,0,0,0,0,0,0,0,0,0,0,0,0,0,0,0.01571823241,0,0,0,0,0,0,0.000580248037,0,0,0,0,0,0,0,0,0,0,0,1.296144495,0,0,0,0.04784838981,0,0.05200013734,0,-0.9479953927,0,0,0,0,0,0,0,0,0,0,0,0,-0.9316976837,0,0.03570242824,0,0,0,0,0,0,0,0,0,0,0,0,0,0,0,0,0,0,0,0.04784838981,0,0,0,1.296144495,0,0,0,-0.9122929649,0,0,0.01629770911,0,0,0,0,0,0,0,0,0,0,0
1,1,1,1,2,1500,500,v1,0.0246177926,0.09188568015,0.0117516539,0.04737475322,0.01889795621,0.0003982791618,0.5642675061,0.04348581109,0,0.02302033513,0.004376580739,0,0.009475253192,0,0,0.001323930294,0.001341775801,2.827826117e-05,0,0.003087540704,0,0,0.0003107420751,0,0.0006795311799,0,0,0.004963635884,0.008372535848,0.001070799534,0,0.05141551888,0,0,0.002097591059,0,0.001310277546,0.02344708178,0,0.009570923071,0.004325259809,0.002064724369,0.003276144843,0.008323577967,6.99762517e-05,0,0.004044592136,0.0007689498843,0.000211985725,0.003793430364,0,0.001548449847,0.000699770319,0.002611886157,0.0005300372747,0.001346645766,0.0005371817474,0,0.01603952308,0.001236101075,0.1093303769,-0.07185517183,-0.6559428526,-0.03465675101,-0.06236161522,-0.004724196539,0,0.000649014533,0.01525375084,0,0,0.004314900283,0.002160359753,0,0,-0.0864395881,0.01026823823,0,0,0.004390654588,0.0003310575376,0,0.004314900283,0.02938757143,0.1213321871,0.01291867498,0.000649014533,0.05661734593,0.745022963,0.02527622616,-0.6741875477,0.004947192708,0,0,0.05973748328,0.003160227615,0,0.002160359753,0.05661734593,0.02553723795,0.0004529651918,0.01525375084,0.02938757143,0.05878257742,0.004987565625,-0.08453061396,-0.0099786877,-0.02614703345,0,0.0125113774,0.006033255983,0.0007661184653,0,0.745022963,0.05878257742,0,0,0.1213321871,0.02553723795,0,-0.7344304134,0.001722218455,0.004269388191,0,0.002007182947,0.01863526921,0.00175775038,0,0.02527622616,0.004987565625,0,0,0.01291867498,0.0004529651918,0
1,1,1,1,3,1500,500,v1,0.0155765267,0.00487944538,0.001348644634,0.01134989457,0.04583069775,0.01207147929,0.006835143739,0.04941987574,0.000935697466,0.0006242821675,0.02308038248,0.0001807062803,0.000242261195,0,0.00488470864,0.0036053074,0.03732108168,0.009830107036,0,0.04024383894,0.0007619618131,0.001157762329,0.01879493182,0.0001471536367,0.08655206626,0,0.1231925698,0.04149654205,0.1002106928,0.0276975358,0,0.1403754804,0.01921671091,0.02919881758,0.01282107773,0.003711221282,0.001120649889,7.910833021e-05,0.00159506001,0.0005372846339,0.004141968001,0.0003586192885,0.00117728243,0.00301806051,0.003209937742,0.0003780574294,0.0001660034237,0.006137324934,0.003039971449,0.0002145960729,0,0.001457484593,0.01123585929,0.003519703896,0.003193597759,0.00818705099,0.03305918458,0,0.004930413229,0.03564817631,-0.1612982978,-0.01775896599,0.01170597924,0.001949584642,-0.05357936836,-0.02174353795,0.001110568939,0.1233148901,0.0002393385892,0,0.1746845344,0.05918976769,0.003262526549,0,0.04142489686,-0.1847208984,-0.002357802692,0,0.005988026215,0.04665005742,0.00857164955,0.0009054723858,0.05918976769,0.0009882533049,0.1377140109,0.038876147,0.1233148901,0.003099109734,0.1929143436,0.0179952376,0.03869074024,-0.1277664212,0,-0.1520279426,-0.24056991,-0.04038631211,-0.02291503938,0.003262526549,0.003099109734,-0.03306479545,0.001405054145,0.0002393385892,0.0009882533049,-0.03673098941,0.00487618288,-0.3333765671,0.001642241652,0.0009994710646,0.001966961897,0.006357064351,0.0005224710053,0.008984396987,0,0.1929143436,-0.03673098941,0.02627397894,0,0.1377140109,-0.03306479545,0.005074518152,-0.3746776522,0.004454406603,-0.0009762451326,0,0.008676992961,0.008445028011,0.05345983423,0.04142489686,0.0179952376,0.00487618288,0.005074518152,0.1746845344,0.038876147,0.001405054145,0.02627397894
1,1,1,1,1,1500,500,v1,0,0,0,0,0,0,0,0,0.5489197918,0,0,0.1264105888,0,0.004771294148,0.001029667279,0,0,0,0.001216495276,0,0.008687457397,0.002980253501,0,0.002000632189,0,0.01095082639,0.002363238832,0,0,0,0.002792036742,0,0.01993900077,0.006840122967,0,0.004591747037,0,0,0.06526007043,0,0,0,0,0,0,0.1888877673,0,0,0,0,0.001879746585,0,0,0,0,0,0,0.0004792626002,0,0,0.03509109081,0,0,0,0,0,-0.6731686836,0,0,0.006158548707,0.09266604794,0,0,0.001566997091,0.268004507,-0.903998579,0,0.005708928904,0.003987367222,0,0,0.01062729231,0,0,0,0,0,0,0,0,-0.9041858104,0,-0.01310340072,0.009150416474,0,0,0.02446379849,0,0,0,0,0,0,0,0,0.0131377837,0,0,-0.2535848195,0,0,0,0.001566997091,0,0,0.7777423411,0.006158548707,0,0,0.1793740512,-0.007394471818,0,0,0.002244107942,0,0,0,0.268004507,0,0,0.1793740512,0.09266604794,0,0,0.7777423411
1,1,1,1,1,1500,500,v1,0.004800570942,0.001550603451,0.03566244387,0.004836483137,0.02730075638,0.0185730816,9.486025371e-07,0.005288381478,0,0.02148581733,0.07784066096,0,0.07630922539,0,0,0.03132273826,0.06832081152,0.04647959161,0,0.01323430418,0,0,0.1947981606,0,0.0002197321591,0,0,0.0004354805999,0.003199009184,0.07357424967,0,1.957036936e-06,0,0,0.04432682444,0,7.408743479e-05,0.02121115823,0,0.000146831673,0.003339324066,0.02480714451,0.008706569279,0.00336430494,0.01291961709,0,0.01494574453,0.05414672455,0.0001305610649,0.03737950187,0,0.000258755073,0.005884745605,0.001900796167,0.01534320847,0.005928768314,0.03346643724,0,1.162837646e-06,0.006482724668,-0.2965891723,-0.001931639048,-0.000103324602,0.03032864761,0.02890901842,0.0916349258,0,0.0002009318986,0.0306115299,0,0,0.000347213782,0.0148983287,0,0,0.2780028823,-0.09758444304,0,0,-0.0726380603,-0.2364198542,0,0.000347213782,0.005419123435,0.003670076483,0.04259714347,0.0002009318986,0.004341532405,2.415586548e-06,0.01814767328,0.05711021292,-0.0003640651174,0,0,-0.001589893134,-0.09846655729,0,0.0148983287,0.004341532405,0.02509739098,0.02311460922,0.0306115299,0.005419123435,0.004539625829,0.0946977281,-0.2809121896,0.0001531259975,0.02870189861,0,0.001921887016,0.02764136526,0.06624337011,0,2.415586548e-06,0.004539625829,0,0,0.003670076483,0.02509739098,0,-0.114525495,-0.0001544913338,0.0385426386,0,-0.006497351865,-0.0007551103068,0.02397103072,0,0.01814767328,0.0946977281,0,0,0.04259714347,0.02311460922,0
1,1,1,1,1,1500,500,v1,0,0,0,0,0,0,0,0,0,0,0,0,0,0.08769600249,0,0,0,0,0.6382956487,0,0,0,0,0,0,0.02725458602,0,0,0,0,0.1983725959,0,0,0,0,0,0,0,0,0,0,0,0,0,0,0,0,0,0,0,0.005844192462,0,0,0,0,0,0,0.04253697446,0,0,0,0,0,0,0,0,0,0,0,0.08193005474,0,0,0,0.5963625574,0,0.2733630067,0,-0.7255580854,0,0,0,0,0,0,0,0,0,0,0,0,-0.677515782,0,0.2253207043,0,0,0,0,0,0,0,0,0,0,0,0,0,0,0,0,0,0,0,0.5963625574,0,0,0,0.08193005474,0,0,0,-0.5002373864,0,0,0.0480423038,0,0,0,0,0,0,0,0,0,0,0
1,1,1,1,4,1500,500,v1,0.1231050891,0,0.0001847522724,0.2715715977,0,0.1208021073,0,0,0,0.003157964675,0.1298447633,0,0,0,0,0,0,0.117298538,0,0,0,0,0.1260789339,0,0,0,0,0,0,4.436195342e-07,0,0,0,0,7.582774492e-06,0,0,0,0,0,0.01603460726,2.406423771e-05,0,0.03537257431,0.01573464072,0,0.0004113292446,0.0169124591,0,0,0,0,0.007317045255,0,0,0.0161415071,0,0,0,0,0.1039892793,-0.3942108408,0,-0.003328652878,0,-0.04726864685,0,0,0,0,0,0,0,0,0,-0.01482607856,0,0,0,0,-0.003361682354,0,0,0.1495317355,0,0.0002461240244,0,0.3299985064,0,0.004170281517,-0.002951374663,0,0,0,0,7.104319823e-06,0,0,0.3299985064,0,0.01120905936,0,0.1495317355,0,0.01607258191,-0.4247776949,0,0,0,0.05113898825,0.0003772782118,0.03244256821,0,0,0,0,0,0,0,0,-0.3430718525,0,0,0,0.02338502307,0,0,0,0.004170281517,0.01607258191,0,0,0.0002461240244,0.01120905936,0
1,1,1,1,4,1500,500,v1,0,0,0,0,0.454885352,0,0,0.2900129791,0,0,0,0,0,0,0,0,0.141478815,0,0,0.09020007444,0,0,0,0,0,0,0,0,0,0,0,0,0,0,0,0,0,0,0,0,0,0,0,0,0,0,0,0,0,0,0,0,0,0,0,0,0.01430353496,0,0,0.009119244589,0.255068574,0,0,0,-0.7448613428,0,0,0,0,0,0,0,0,0,0,-0.7214409805,0,0,0,0.2316482114,0,0,0,0,0,0,0,0,0,0,0,0,0,0,0,0,0,0,0,0.448659196,0,0,0,0.286029944,0,0,0,0,0,0,0,0,0,0,0.286029944,0,0,0,0.448659196,0,-0.5132131318,0,0,0,0,0,0.02342036265,0,0,0,0,0,0,0,0
1,1,1,1,4,1500,500,v1,0.07883779656,0.003969454418,0.06031460387,0.07173285536,0,0,0.002586245374,0,0,0.05545668362,0,0,0.03035388144,0.00142455439,0.02885265922,0.004472438469,0,0,0.004343853998,0,0,0.01741005042,0,0,6.047731265e-05,0.002188925546,0.0443340902,0.004126199475,0.003012510711,0.04577414703,0.006674629659,0.001962761395,0,0.02675173682,0.04208735907,0,8.163024955e-05,0.06295421707,0.05984066897,0.00556940575,0.08075899348,0.06178440942,0.00927587672,0.07348091209,0,0.03610859769,0.05680810659,0,5.405970767e-06,0.004169148802,0.0001956645723,0.0003688344068,0.005348271753,0.0002692835399,0.0006142957869,0.004866280146,0,0.0005966345268,0.0001754481186,0,-0.02183501832,-0.05342947039,-0.004942933939,0.02596602501,0,0,0,9.945991932e-05,0.05051508734,0.00319315048,0.005110457916,0.005533583643,0.007325025845,0.008872928697,0.003791572106,-0.1063621404,0.0259908745,-0.002311352618,0.03014380385,0,0,0,0.005533583643,0.07777146183,0.004608417873,-0.04347093395,9.945991932e-05,0.07915796118,0.003670550822,-0.04037536126,-0.0249507061,0.0007440242182,-0.006096720744,0.0276645657,-0.0008948865346,0.03617783932,0,0.007325025845,0.07915796118,0,0,0.05051508734,0.07777146183,0,0,0.1081589854,-0.004812492553,-0.06907982773,-0.06374305622,-0.0612494844,-0.006246334182,0,0.008872928697,0.003670550822,0,0,0.00319315048,0.004608417873,0,0,-0.1760822701,0.0003131059637,0.004528877785,0.0003640205738,0.01005933944,0.0003185080051,0,0.003791572106,-0.04037536126,0,0,0.005110457916,-0.04347093395,0,0
1,1,1,1,1,1500,500,v1,0.7838666324,0,0,0.2150683679,0,0,0,0,0,0,0,0,0,0,0,0,0,0,0,0,0,0,0,0,0,0,0,0,0,0,0,0,0,0,0,0,0,0,0,0,0.0001958158865,0,0,5.3725725e-05,0,0,0,0,0,0,0,0,0.0006398918744,0,0,0.0001755662193,0,0,0,0,0.001064987139,-0.99893495,0,0,0,0,0,0,0,0,0,0,0,0,0,0,0,0,0,0,0,0,0,1.174546341,0,0,0,0.3222586018,0,0,0,0,0,0,0,0,0,0,0.3222586018,0,0,0,1.174546341,0,0,-0.9981195046,0,0,0,0.0002495413385,0,0,0,0,0,0,0,0,0,0,-0.9986854089,0,0,0,0.0008154458001,0,0,0,0,0,0,0,0,0,0
1,1,1,1,2,1500,500,v1,0,0,0,0,0,0,0,0,0.05692744287,0,0,0.004978861651,0,3.314780105e-05,0.001164149847,0,0,0,0.0006011002261,0,0.001027194236,3.391354687e-05,0,8.983818233e-05,0,0.007874621945,0.2765565027,0,0,0,0.1427979197,0,0.2440212026,0.008056533222,0,0.02134204079,0,0,0.2260591294,0,0,0,0,0,0,0.006585463976,0,0,0,0,9.673581869e-05,0,0,0,0,0,0,0.001754201505,0,0,-0.2636123108,0,0,0,0,0,0.06108898065,0,0,0.0115984467,0.08228814411,0,0,0.2101910934,0.002609425476,-0.4099155242,0,0.0006259777697,0.001196000437,0,0,0.001112142466,0,0,0,0,0,0,0,0,0.2649997313,0,-0.1503056876,-0.2569509935,0,0,-0.2647244533,0,0,0,0,0,0,0,0,-0.2557549931,0,0,0.1991566135,0,0,0,0.2101910934,0,0,0.2793468761,0.0115984467,0,0,0.02443811917,-0.1496797098,0,0,0.001820016482,0,0,0,0.002609425476,0,0,0.02443811917,0.08228814411,0,0,0.2793468761
1,1,1,1,3,1500,500,v1,0,0.003384959208,0,0,0.02926420838,0,0.02012683544,0.01361932977,0.0005877851811,0,0,0.00108931599,0.0004126353217,0.005597039897,0.002106951232,0.000813477096,0.01718510874,0,0.01104157732,0.007997812893,0.0003451708695,0.0005913935594,0,0.0006396897362,0.005211874801,0.03722757736,0.01401395942,0.003563448259,0.01322133518,0,0.07344081542,0.07861354337,0.002295834135,0.003933534491,0,0.00425476673,0.01706833155,0.008988140838,0.04589421558,0.01166991124,0,0,0.01771939125,0,0,0.012881904,0,0,0.007208964049,0.003796222494,0.05149246232,0.004928892456,0,0.01828749416,0.007483944994,0,0.1581020648,0.1015819102,0.1087367271,0.07357944317,-0.2613748335,0,0.02160327671,0,0.0422247509,0,0.0006213655646,0.01028838096,0.008291940904,0.02109823522,0.04462307135,0.007220689214,0.01606364,0.03776762792,0.01248362566,-0.3077640419,0.001204114733,0.01648113886,0.002618687934,0.02439767202,0,0.0002748252273,0.007220689214,0,0.005342487449,0,0.01028838096,0,0.03619240931,0,-0.2530453628,0.008019455883,0.06576271642,0.01610529336,0.04737640276,0,-0.005996142069,0.01606364,0,0.1680934277,0,0.008291940904,0,0.07810990899,0,0.03927855442,-0.02497640183,-0.0234879387,-0.05679511257,0,0,0,0.03776762792,0.03619240931,0.07810990899,0.002513017648,0.02109823522,0.005342487449,0.1680934277,0.005136909251,0.1786051865,0.005284232489,0.006046770025,-0.1214877641,0,-0.09666961075,-0.2307579808,0.01248362566,0,0,0.005136909251,0.04462307135,0,0,0.002513017648
1,1,1,1,0,1500,500,v1,0,0.01749679657,0,0,0,0,0.09318098277,0,0,0,0,0,0,0,0,0,0,0,0,0,0,0,0,0,0,0,0,0,0.06928945996,0,0,0.3690081181,0,0,0,0,0,0,0,0,0,0,0,0,0,0,0,0,0,0,0,0,0,0.07130145243,0,0,0,0,0.3797231901,0,-0.05657437985,0,0.1105784589,0,0,0,0,0,0,0,0,0,0,0,0,0,0,0,0,0,0,0,0,0,-0.008877383798,0,0,0,-0.07212873432,0,0.06029031476,0,0,0,-0.006286235477,0,0,0,0,0,0,0,0,0,0,0,0,0,0,0,0,0,0,-0.07212873432,0,0,0,-0.008877383798,0,0,0.1042922233,0,0,0,0,-0.05028814412,0,0,0,0,0,0,0,0,0
1,1,1,1,2,1500,500,v1,0,0.07263171531,0.0003678054938,0,0.01066978118,0.003351382289,0.004583280505,0.01906580542,0.04259910947,0.02227435897,0.02427784558,0.07360004541,0,0.02271384299,0.1591470677,0,0.01180931449,0.003709310129,0.02961804505,0.02110203465,0.04714869706,0.00826039738,0.02687072103,0.08146053492,0,0.0114088689,0.07993750914,0,0.04037824571,0.0002044745954,0.0148767601,0.002547989203,0.02368217936,0.004149090528,0.01238301389,0.04091657074,0,0,0.04589066682,0,0,0.0001173851379,0,0,0.00106959379,0.002381917238,0.007108862546,0.007748275377,0,0,0.002652867926,0,0,0.009389024792,0,0,0.001379271295,0.003459245615,0.0005924758091,0.002464616443,0.04133169646,0,-0.06945772347,-0.01877110939,-0.01132200327,-0.003057919098,-0.02144920467,0,0,0.01987242249,0.05707964577,0,0,0.02654360978,0.00343372371,0.1683234075,0,-0.049292318,-0.156685239,-0.01425927276,-0.01846193938,-0.03287181674,0,0,0.05049913645,0.0003391070395,0,0,0.004123753344,0.02118603178,-0.2942350372,0,0.01373818626,0.0751055854,0.02694917014,0.002069454707,0.06210061796,0,0,0.01171042464,0.002143634768,0,0,0.02164558238,0.02411111944,-0.1198011668,0,0,0.04123740717,0,0.002351562111,0.00401668901,0.02654360978,0.004123753344,0.02164558238,-0.0117530566,0.01987242249,0.05049913645,0.01171042464,8.366170252e-05,-0.1036439613,0,0,0.004610110235,0,0.006093293497,0.003343937997,0.00343372371,0.02118603178,0.02411111944,8.366170252e-05,0.05707964577,0.0003391070395,0.002143634768,-0.0117530566
1,1,1,1,4,1500,500,v1,0.02070577716,0,1.226437631e-05,0.006616879365,6.919609307e-05,0.003397308501,0,0.0002621290694,0.005224308213,2.798207029e-06,0.01216835543,0.02100926568,0.06054409425,0.01479526989,0.001664855424,0.04030638493,0.0003347813378,0.0164367009,0.001982334768,0.001268220743,0.02527600642,0.01354209754,0.05887237458,0.1016460577,0.0007139010427,0.001001974208,0.000112748345,0.0003017431033,0,4.018451993e-06,0.000134248873,0,0.00171175698,0.0009171061122,9.168391715e-07,0.006883735742,0.01196725568,0.06873247619,0.001890021434,0.005058175643,0.1137264299,6.736205658e-05,0.04575768582,0.03634319357,0.01865970855,0.01537361997,1.536914519e-05,0.06683466214,0.007820689383,0.04491717745,0.01097649195,0.003305554893,0.07432105629,0,0.02990298339,0.02375054363,0.0002483715868,0.001470678249,0,0.0009408827873,-0.2350831647,0.02590067645,0,3.696741471e-06,0.000146637978,0.01525247829,0.02152830901,0.00795238848,-0.02259329352,0.01572035327,0.002094070882,0.004035138917,-0.01126612454,0.002204758037,0.01808589546,0.02301582738,0.004967311467,-0.0138373952,-0.005350145827,-0.001380701287,-0.01650161612,-0.1247250087,0.004035138917,0.04103113972,0,8.975769181e-05,0.00795238848,0.02076405666,0,2.01653204e-05,-0.1388098335,0.0006856111814,0.000742028197,0.0007158414245,0,1.301621088e-06,0.00759996062,-0.01126612454,0.02076405666,0.0004446057603,0.01085954126,-0.02259329352,0.04103113972,0.001266458284,0.04050621903,0.1629970601,-0.01472206916,-0.04451845783,-0.00881900649,-0.1362505141,-7.828037074e-05,-0.03299470238,0.002204758037,0,0.001266458284,0.02840653376,0.01572035327,0,0.0004446057603,0.1149885745,-0.1782668722,0.006044773014,0.06212409171,0.001145292802,0.06915303999,0,9.335394828e-05,0.01808589546,2.01653204e-05,0.04050621903,0.1149885745,0.002094070882,8.975769181e-05,0.01085954126,0.02840653376
1,1,1,1,0,1500,500,v1,0.007780600064,0,0.0004294798113,0.008306724137,0.001347601516,0.002131819791,0,0.001842965241,8.300449894e-05,0.0004020181627,0.0003186457607,8.056887166e-05,0.01458101515,0,0.3043685394,0.01108718965,0.07341911907,0.1161443715,0,0.1004071923,0.004522195262,0.1615348653,0.01736024394,0.004389499055,0,0,0.008128753123,0,0,0.0006249058721,0,0,0.0001207740095,0.004314102381,0.0005849483583,0.0001172300995,0,0.0005439834453,0.01135527568,0,0.01581461752,0.0008729479593,0.0004136370177,0.01688400174,0.004333073843,0.006026486607,0.0008171302247,0.0006476699468,0,0.001326209083,0,0,0.03855538173,0,0.001008429897,0.04116249614,0.006677799971,0,0,0.009132486932,-0.3412243806,0.01597130793,0,0.0005768098793,0.003186809141,0.002448063689,0.0001632312964,0,0.01907295447,0,0.4273353075,0,0.01449079657,0,0.2267985348,0.05966005988,-0.02563241226,0,-0.4658297748,-0.1734612021,-0.1331349196,-0.008781246711,0,0.02180114516,0,-8.527362609e-05,0,0.02363830284,0,-0.0001085848542,-0.4571276885,0,0,0.01243406839,0,0.0001156240949,0.0002290947664,0.01449079657,0.02363830284,0.09792129586,0.164118921,0.01907295447,0.02180114516,0.1339115042,0.02453654823,-0.6689198731,0,0.0009347116809,0.01730647872,0.03192623448,-0.0005631949875,0.004916542577,0,0,0.1339115042,0.00638288466,0,0,0.09792129586,0.006200496309,-0.1470745503,0,0.002321866563,0,-0.07819050773,0,0.015719193,0.2267985348,-0.0001085848542,0.02453654823,0.006200496309,0.4273353075,-8.527362609e-05,0.164118921,0.00638288466
1,1,1,1,1,1500,500,v1,0,0.006142883595,0,0,0,0,0.181274957,0,0,0,0,0,0,0.003127928857,0,0,0,0,0.005501655607,0,0,0,0,0,0.3098091062,0.002971946787,0,0.05575153122,0.004074110756,0,0.005227301659,0.1202259885,0,0,0,0,0.05714855918,0,0,0.01028413826,0,0,0,0,0,0,0,0,0.1483296156,0,0.001422901121,0.02669257627,0,0.001950592382,0,0,0,0.002502714188,0.05756149285,0,0.1641713624,0,-0.1670934229,0,0,0,0,0.1562002318,0,-0.001468195484,0,0.02808180721,0,-0.002776534319,0,0.004913771811,0,-0.002083951944,0,0,0,0,0.02808180721,0,0.0005400673918,0,0.1562002318,0,0.003843023466,0,0.1332582245,-0.3626246012,0.001056553351,0,0.1053628889,0,0,0,0,0,0,0,0,0,0,-0.1898079517,0.06695325903,0,0,0,0,0,-0.002776534319,0.003843023466,0,0,-0.001468195484,0.0005400673918,0,0,-0.3584292694,0.1728166495,0,0.003857218457,0,0.0588084734,0,0,0,0,0,0,0,0,0
1,1,1,1,3,1500,500,v1,0,0.1149578785,0,0,0,0,0.0001475160018,0,0,0,0,0,0,0.1959552685,0,0,0,0,0.06830266996,0,0,0,0,0,0.02993236726,0.1198729448,0,0.0006971427743,0.1279324144,0,0.04178322047,0.0001641651579,0,0,0,0,0.1422083223,0,0,0.003312117063,0,0,0,0,0,0,0,0,0.0144563378,0,0.05789464521,0.000336696772,0,0.06178710095,0,0,0,0.02017990572,7.928631092e-05,0,0.01742277285,0,0.01700741631,0,0,0,0,0.1464370763,0,0.03270189725,0,0.003435500621,0,0.01112483464,0,0.2043274798,0,-0.2335453008,0,0,0,0,0.003435500621,0,-0.05161318046,0,0.1464370763,0,-3.210346804e-05,0,-0.2113505817,0.03026037456,0.1285446903,0,-0.04215716638,0,0,0,0,0,0,0,0,0,0,0.04500934032,-0.1449243916,0,0,0,0,0,0.01112483464,-3.210346804e-05,0,0,0.03270189725,-0.05161318046,0,0,-0.244814376,0.01474896582,0,0.07578278945,0,0.05957993914,0,0,0,0,0,0,0,0,0
1,1,1,1,0,1500,500,v1,0,0,0,0,0,0,0,0,3.493231377e-06,0,0,0.0006719000439,0,0.37981077,0.06416537471,0,0,0,0.1288366337,0,7.507937748e-06,0.00265251437,0,0.001444102368,0,0.1814199946,0.0306491623,0,0,0,0.06153996471,0,3.586233286e-06,0.001266997096,0,0.0006897883484,0,0,0.007876957851,0,0,0,0,0,0,0.0003256233442,0,0,0,0,0.1035202474,0,0,0,0,0,0,0.03511538177,0,0,-0.000617264797,0,0,0,0,0,0.0005775170974,0,0,0.1415988208,0.0386397344,0,0,0.04805444488,0.001615321603,0.421853248,0,-0.5074519471,-0.06645036783,0,0,-0.001262896939,0,0,0,0,0,0,0,0,-0.4280366481,0,0.2425195134,0.03155954735,0,0,0.0006456321411,0,0,0,0,0,0,0,0,-0.03489082046,0,0,0.008054116453,0,0,0,0.04805444488,0,0,4.241588953e-07,0.1415988208,0,0,5.919738728e-05,-0.2649324337,0,0,0.138496923,0,0,0,0.001615321603,0,0,5.919738728e-05,0.0386397344,0,0,4.241588953e-07
1,1,1,1,2,1500,500,v1,0.09632726009,0.01418744456,0.01100774495,0.09690241486,0.01303160008,0,0.04894394004,0.02311507269,4.736406708e-05,0.03698076967,0,4.458232993e-05,0,0.03724735847,0,0,0.0270493023,0,0.002771132804,0.04797926464,9.83121766e-05,0,0,9.253820804e-05,0.00065620208,0.00169868644,0,0.0002168333261,0.001343013081,0.001042016086,0.0001263790484,0.004633135404,4.483581336e-06,0,0.003500676756,4.220256298e-06,0.007615319626,0,0,0.002516381971,0.1058219612,0.01209274672,0,0.1064538073,0,0,0.04062585782,0,0.005524346702,0,0.01430067523,0.001825447536,0.0767659443,0.01130637971,0,0.07722430157,0.01038525424,0.001063943106,0.03900482347,0.01842106151,0.04133231263,0.05791728372,-0.04745344495,-0.009677900314,0.01426939643,0,-4.381226404e-05,0.009863701943,0,0.04013541896,0,0.002951332943,0,0.003358503801,0,0.0455260131,0,-0.03526832858,0,-0.06036622554,0,-0.0001089685129,0.002951332943,-0.1057844099,0.01026078666,0.01642813936,0.009863701943,-0.1037687929,0.03467068545,0.03184549737,-0.1111415253,0.0004265097067,0.001568649259,0,0.005481611405,0.003835930435,7.279988372e-06,0,-0.1037687929,0.01133653011,0,0,-0.1057844099,0.02027756036,0,0.1812766886,-0.007979064889,0,0,-0.04798081484,-0.0263404546,0,0.003358503801,0.03467068545,0.02027756036,0.0001072779346,0.04013541896,0.01026078666,0.01133653011,0.0001109732484,-0.1193844277,-0.0009908014074,0,0.004703730872,0.1297656664,0.01201751875,0.02502076882,0,0.03184549737,0,0.0001109732484,0,0.01642813936,0,0.0001072779346
1,1,1,1,2,1500,500,v1,0,0,0,0,0,0,0,0,0,0,0,0,0,0,0.2991350242,0,0,0,0,0,0,0.217859055,0,0,0,0,0.2578940753,0,0,0,0,0,0,0.1878234075,0,0,0,0,0.02157525255,0,0,0,0,0,0,0.01571318553,0,0,0,0,0,0,0,0,0,0,0,0,0,0,0,0,0,0,0,0,0,0,0,0,0.03943351159,0,0,0,0.06756685568,0.2775119158,0,0,-0.3488454939,0,0,0,0,0,0,0,0,0,0,0,-0.3115843225,0,0,0.2402507444,0,0,0,0,0,0,0,0,0,0,0,-0.1085947493,0,0,0.03726117132,0,0,0,0,0,0,0,0,0,0,0,0,0,0,0,0,0,0,0.06756685568,0,0,0,0.03943351159,0,0,0
1,1,1,1,3,1500,500,v1,0.0002697795553,0.001774297033,4.287444454e-06,0.001655783732,0,0.0001974169086,0.000431681018,0,0.0001110015949,8.746157094e-05,5.117841882e-05,0.0002830674396,0,0,0.0005960633376,0,0,6.107892072e-05,0,0,3.434284156e-05,0.0002952915811,1.583411779e-05,8.757838334e-05,0.007872113666,0,0.05083656363,0.02764486864,0.04681845841,0.0001131329964,0,0.01139078712,0.002929004252,0.02518458745,0.002307852544,0.007469313707,0.02878350815,0,0.1858782413,0.1010803878,0.02602868252,0.0004136582196,0,0.159752169,0.01904704022,0.0920846432,0.008438406168,0.00493776044,0.0100777432,0,0,0.03539048073,0.009113217784,0.05993617738,0,0.05593276978,0,0,0.01458228785,0,-0.1822915041,0.001915681756,0.002076014669,8.680598868e-05,0,0.0002406510773,0.0003913326379,0.01628749482,0,0,0.2014675669,0.05647258299,0,0,0.09973894078,-0.235034629,0,0,0.0008857853626,0,7.446954612e-05,0.0001210244858,0.05647258299,0.02504600108,0.02190407502,0.0004658245554,0.01628749482,0.1532777466,0.006471522679,0.009482840838,-0.4085656741,0.03490890401,0,0.07524665731,0.02271827139,0.001343633347,-0.01035584258,0,0.1532777466,0,0.02775697323,0,0.02504600108,0,0.007201315385,0.2216930123,-0.1273915609,0,-0.2769367813,-0.1838126659,-0.008062882934,-0.02362064638,0,0.006471522679,0,0.004158674191,0,0.02190407502,0,0.010606554,-0.2495853551,0.0439759385,0,0,0.06301448563,-0.04371135117,0,0.09973894078,0.009482840838,0.007201315385,0.010606554,0.2014675669,0.0004658245554,0.02775697323,0.004158674191
1,1,1,1,1,1500,500,v1,0,0.03505857289,0,0,0,0,0.008514261662,0,0,0,0,0,0,0.09868059759,0,0,0,0,0.02462396771,0,0,0,0,0,0.02272780858,0.03621430607,0,0.04082877054,0.06341256774,0,0.009036628527,0.01540026162,0,0,0,0,0.159460568,0,0,0.2864587193,0,0,0,0,0,0,0,0,0.02417692804,0,0.03852332128,0.04343200286,0,0.0674557374,0,0,0,0.009612801729,0.01638217849,0,-0.006864658597,0,0.0393235483,0,0,0,0,0.1687531015,0,0.03560623373,0,0.3029584719,0,0.008619356552,0,0.0918651664,0,-0.1213488932,0,0,0,0,0.3029584719,0,-0.04187304344,0,0.1687531015,0,-0.006815291098,0,-0.4263630248,0.06341023993,0.04463727142,0,0.006816294998,0,0,0,0,0,0,0,0,0,0,0.1309481354,-0.4454225177,0,0,0,0,0,0.008619356552,-0.006815291098,0,0,0.03560623373,-0.04187304344,0,0,-0.4125840569,0.06753789544,0,0.04722789491,0,-0.01368095359,0,0,0,0,0,0,0,0,0
1,1,1,1,2,1500,500,v1,0.05451553043,0,0,0.01586363693,0,0,0,0,0,0,0,0,0.4786062946,0,0,0.02783936482,0,0,0,0,0,0,0,0,0.00370278776,0,0,0.01078751429,0,0,0,0,0,0,0,0,0.0007179418278,0.01215893683,0,0.002091615352,0.002966159578,0,0.0007072558012,0.0008631316293,0,0,0,0,0.01432493673,0.2426046152,0,0.04173354501,0.05918313524,0,0.01411172077,0.01722187718,0,0,0,0,-0.01694984465,0.006200897476,0,0,0,0,0,0.014873326,0.339439199,0,0,0.04328331943,0.01966942515,0,0,0.2596482688,-0.4990540187,0,0,0,0,0,0.04328331943,0.01360557154,0,0,0.014873326,0.002517849229,0,0,-0.05302884575,0.01425774885,0,0,0,0,0,0.01966942515,0.002517849229,0,0,0.339439199,0.01360557154,0,0,-0.3080655852,0.002788479837,0.01254387119,0,0.003807435252,0,0,0,0,0,0,0,0,0,0,-0.4594555819,-0.05581732563,0.2471043978,0,-0.0207572799,0,0,0,0,0,0,0,0,0,0
1,1,1,1,4,1500,500,v1,0,0,0,0,0,0,0,0,0,0,0,0,0,0,0,0,0,0,0,0,0,0,0,0,0.002617804835,0,0,0.0001045756725,0,0,0,0,0,0,0,0,0.08795074046,0,0,0.003513442907,0,0,0,0,0,0,0,0,0.8710181351,0,0,0.03479530101,0,0,0,0,0,0,0,0,0,0,0,0,0,0,0,1.17067651,0,0,0,0.04676590038,0,0,0,0,0,0,0,0,0,0,0.04676590038,0,0,0,1.17067651,0,0,0,-0.8143505372,0.002722263723,0,0,0,0,0,0,0,0,0,0,0,0,0,-0.9030888573,0.09146058428,0,0,0,0,0,0,0,0,0,0,0,0,0,0.0941828481,-0.9058111211,0,0,0,0,0,0,0,0,0,0,0,0,0
1,1,1,1,1,1500,500,v1,0.08194208297,0,0,0.8371580222,0,0,0,0,0,0,0,0,0,0,0,0,0,0,0,0,0,0,0,0,0,0,0,0,0,0,0,0,0,0,0,0,0,0,0,0,0.007175996155,0,0,0.07331327848,0,0,0,0,0,0,0,0,3.66087153e-05,0,0,0.0003740114796,0,0,0,0,0.08089006133,-0.9190931817,0,0,0,0,0,0,0,0,0,0,0,0,0,0,0,0,0,0,0,0,0,0.1120987749,0,0,0,1.145205905,0,0,0,0,0,0,0,0,0,0,1.145205905,0,0,0,0.1120987749,0,0,-0.9186827467,0,0,0,0.08047962672,0,0,0,0,0,0,0,0,0,0,-0.8386135542,0,0,0,0.0004104346577,0,0,0,0,0,0,0,0,0,0
1,1,1,1,1,1500,500,v1,0,0,0,0,0,0,0,0,0,0,0,0,0,0,0.0008285514632,0,0,0,0,0,0,0.01659102718,0,0,0,0,0.004230568257,0,0,0,0,0,0,0.08471347413,0,0,0,0,0.04250526057,0,0,0,0,0,0,0.8511311184,0,0,0,0,0,0,0,0,0,0,0,0,0,0,0,0,0,0,0,0,0,0,0,0,0.05616928466,0,0,0,1.124755686,-0.8046935283,0,0,0.01741021136,0,0,0,0,0,0,0,0,0,0,0,-0.8762018077,0,0,0.08891849067,0,0,0,0,0,0,0,0,0,0,0,0.106328702,0,0,-0.8936120188,0,0,0,0,0,0,0,0,0,0,0,0,0,0,0,0,0,0,1.124755686,0,0,0,0.05616928466,0,0,0
1,1,1,1,2,1500,500,v1,3.438107358e-05,0.008411484665,0.000386478314,1.291850811e-07,0,0.0003355581377,0.00223517915,0,0.000257017894,0.007463494401,0.0124276881,9.176361962e-05,0.008603620893,0.002243847461,0.01767673421,0.001586339995,0,0.0006209650965,0.01189515021,0,0.0004756229201,0.02896286344,0.02299798358,0.0001698126152,0.01050341005,0.002141007393,0.01686657373,0.03444078912,0.0148524093,0.0006824162838,0.01134997142,0.003946722479,0.0004538241596,0.02763543683,0.01317851463,0.0001620297595,0.03711310784,0.02900701942,0.05959692772,0.1216942606,0.0002145066144,0.002411273006,0.005348328989,8.059973552e-07,0.002093577441,0.09764799643,0.04656541371,0.07753746527,0.03110292265,0.02430955351,0.006339996916,0.1019868019,0.0001797689017,0.04398127231,0.004482207838,6.754722213e-07,0,0.03360977828,0.01168711907,0,-0.1288703994,2.02230896e-05,0.001967430803,0.005508861348,0,0.009915669329,-0.0001751511133,0.006460179448,0.0185447098,0.004254018674,0.03949453118,0.02153242826,0.003139654318,0.02533717553,0.06631005954,-0.2317336053,0.008523178663,0.006630343414,0.04335588417,0,0.02087220235,-0.0003916630956,0.02153242826,0.0001906544674,0.04109169044,0.00216027185,0.006460179448,8.437256088e-07,0.01010306177,0.04186818646,-0.2924824272,0.0442734833,0.009112518456,0.04003331586,0.01360536227,0.01248319728,-0.0002226035569,0.003139654318,8.437256088e-07,0,0.001928874802,0.0185447098,0.0001906544674,0,0.0689223394,0.2052261454,-0.08552331351,-0.02066086013,-0.1539255938,-0.0001184877049,-0.04734436419,-0.07802201455,0.02533717553,0.01010306177,0,0.000857761046,0.004254018674,0.04109169044,0,0.0003263656044,-0.02217012107,0.02258809169,-0.002318561268,-0.0354703247,-2.94008468e-05,-0.04970262789,0,0.06631005954,0.04186818646,0.0689223394,0.0003263656044,0.03949453118,0.00216027185,0.001928874802,0.000857761046
1,1,1,1,4,1500,500,v1,0.01382728908,0,0.003344497751,0.03196936704,0,0.006252214411,0,0,0,0.003435358423,0.009795465948,0,0,0,0,0,0,0.1148941026,0,0,0,0,0.1800068257,0,0,0,0,0,0,0.0005349917001,0,0,0,0,0.0005495259318,0,0,0,0,0,0.01495338582,0.003616874207,0,0.03457295764,0.006761395799,0,0.003715134587,0.01059321033,0,0,0,0,0.1694351255,0,0,0.3917422775,0,0,0,0,-0.7912974551,0.04576816277,0,0.0002499954289,0,0.01603701995,0,0,0,0,0,0,0,0,0,0.03338790952,0,0,0,0,-0.2947805079,0,0,0.2109140449,0,0.0009708759047,0,0.4877460157,0,0.002143582682,-0.002688341614,0,0,0,0,0.000612035889,0,0,0.4877460157,0,0.1527445607,0,0.2109140449,0,0.2393443385,-0.7931605406,0,0,0,0.04950570965,-0.002938337039,0.01735088959,0,0,0,0,0,0,0,0,0.09527387242,0,0,0,-0.5610472464,0,0,0,0.002143582682,0.2393443385,0,0,0.0009708759047,0.1527445607,0
1,1,1,1,1,1500,500,v1,0.003965523736,0.0007085443253,0.006289966632,0.0005548185931,0,0.007359602549,0.000260586115,0,0.001121458041,0.001065658235,0.004574756565,0.001247278998,0,0,0.002692825387,0,0,0.1700287382,0,0,0.02590902082,0.00034087129,0.1056905017,0.02881585966,0.005430865761,0,0.000197486133,0.007404197111,0.001200503436,0.01065723948,0,0.0004415172281,0.001900112927,2.499878129e-05,0.001805569994,0.002113294356,0.02164671022,0,0.0007871535185,0.02951214711,0.02678056728,0.04247834229,0,0.003746883804,0.04970196735,9.964182473e-05,0.007196762388,0.03089492943,0.09699624882,0,0,0.1322403051,0.1200004315,0.0214412094,0,0.01678932596,0,0,0.00788557788,0,-0.4154395848,0.004501000069,0.0009526062564,0.006990191278,0,0.01191462332,0.002348766286,0.1047753957,0,0,0.002484877987,0.1428309717,0,0,0.0003267525499,0.09894838212,0,0,-0.002675073534,0,-0.2747454676,-0.05424681402,0.1428309717,0.1335472092,0.02918526232,0.03820211173,0.1047753957,0.01870771339,0.01072999354,0.006459486637,-0.302031831,0.01280736539,0,0.0002025787216,0.001589369989,0.01220456881,0.003829040948,0,0.01870771339,0,0.1689976533,0,0.1335472092,0,0.1051656658,-0.593852148,0.05099045623,0,0.0005980744493,0.03017891986,-0.04896915904,0.08005529852,0,0.01072999354,0,0.03418554122,0,0.02918526232,0,0.03791796897,0.1010197179,-0.2288687333,0,0,-0.1361832009,-0.02915214676,0,0.0003267525499,0.006459486637,0.1051656658,0.03791796897,0.002484877987,0.03820211173,0.1689976533,0.03418554122
1,1,1,1,4,1500,500,v1,0,0.002268137838,0.009575254406,0,0.005257097059,0.03651213746,0.01082941481,0.005811959447,0.100533914,0.02504633044,0.1846087339,0.004641007267,0,0.007060596684,0.008081604686,0,0.001062237646,0.007377563419,0.0007583625728,0.001174351939,0.02031366492,0.05794490334,0.03730164095,0.0009377518771,0,0.02203559804,0.02522208822,0,0.00143030473,0.006038227235,0.002366793286,0.00682911019,0.06339744007,0.1808417413,0.0157944038,0.002926653986,0,0,0.008938582727,0,0,0.002139917726,0,0,0.008159884516,0.06408941444,0.00559745822,0.04125712855,0,0,0.008804107975,0,0,0.0005714642849,0,0,0.001324541728,0.0009456291407,0.002728504276,0.001464341008,0.1663325922,0,-0.009382901845,-0.02748403603,-0.01016936034,-0.2174793285,-0.08748620023,0,0,0.01575406956,0.0126946993,0,0,0.001703146126,0.08839628781,-0.37626406,0,0.006519680428,0.06346053433,0.001987410948,0.04326076862,0.02097985728,0,0,0.001909115379,0.00695798745,0,0,0.01185860133,0.01624263734,0.04401362307,0,-0.01914872898,-0.2002539884,0.0002254194616,0.004979635192,0.03975925903,0,0,0.005277827016,0.03162323436,0,0,0.005354272519,0.1591595514,-0.3335164151,0,0,0.06939946288,0,0.007037317648,0.04703003615,0.001703146126,0.01185860133,0.005354272519,0.03814118106,0.01575406956,0.001909115379,0.005277827016,0.001979445032,-0.0299684803,0,0,0.0009909047519,0,-2.099541576e-05,0.001093883042,0.08839628781,0.01624263734,0.1591595514,0.001979445032,0.0126946993,0.00695798745,0.03162323436,0.03814118106
1,1,1,1,1,1500,500,v1,0,0,0,0,0,0,0,0,0,0,0,0,0.1739749588,0,0,0.1852385667,0,0,0,0,0,0,0,0,0,0,0,0,0,0,0,0,0,0,0,0,0,0.1702237832,0,0,0,0,0.1812445299,0,0,0,0,0,0,0.1401231068,0,0,0,0,0.1491950545,0,0,0,0,0,0,0,0,0,0,0,0,0,-0.1821323556,0,0,0,-0.2156816097,0,0,0.272057838,-0.00684852756,0,0,0,0,0,0,0,0,0,0,0,0,0,0,0,0,0,0,0,0,-0.2156816097,0,0,0,-0.1821323556,0,0,0,0.2559395651,0,0.009269745124,0,0,0,0,0,0,0,0,0,0,0,0,0.002421217601,0,0.2627880929,0,0,0,0,0,0,0,0,0,0,0,0
1,1,1,1,3,1500,500,v1,0.00931597416,0,0.004762035196,0.02038409016,0,0.1016448989,0,0,0,0.03757246801,0.5526583671,0,0,0,0,0,0,0.00803368242,0,0,0,0,0.04368032097,0,0,0,0,0,0,4.371675017e-05,0,0,0,0,0.0003449252535,0,0,0,0,0,0.002824672124,0.001443884219,0,0.006180606586,0.03081948355,0,0.01139224961,0.1675700959,0,0,0,0,0.0004167177175,0,0,0.0009118114089,0,0,0,0,0.2726530133,-0.02886998522,0,-0.04206850084,0,-0.6535914933,0,0,0,0,0,0,0,0,0,-0.4554596046,0,0,0,0,0.05156849833,0,0,0.008932044295,0,0.004899886303,0,0.01959600738,0,0.03855085161,-0.02934859584,0,0,0,0,0.0003814372176,0,0,0.01959600738,0,0.0942157221,0,0.008932044295,0,0.5116209364,-0.6713443944,0,0,0,0.008615635669,0.012719905,0.1981318889,0,0,0,0,0,0,0,0,-0.02025434954,0,0,0,0.001235648475,0,0,0,0.03855085161,0.5116209364,0,0,0.004899886303,0.0942157221,0
1,1,1,1,2,1500,500,v1,0,0.3987290349,0.04010312573,0,0,0,0.0734766331,0,0.01920223631,0.01635498649,0,0.01278550233,0,0,0,0,0,0,0,0,0.005062535936,0,0,0.003370808689,0,0,0,0,0.1779540474,0.01789815366,0,0.03279285706,0.008570019665,0,0.007299282936,0.005706210704,0,0,0,0,0,0.009330013313,0,0,0,0,0.003804996216,0,0,0,0,0,0,0.1414867808,0,0,0,0,0.02607277467,0,0.4319729706,0,-0.4684393017,-0.05439285318,0,0,-0.03060052307,0,0,0,0,0,0,0,0,-0.01692424129,0,0,0,0,0,0.006896823681,0,0,0.1180654668,0.01965381892,0,0,0.02134305685,0.008086091063,-0.3684686106,0,0,0,0.2093155877,0.02401703272,0.01367628179,0,0,0,0,0,0,0,0,-0.03037582045,0,0,0,0,0.01188254706,0,0,0.02134305685,0,0.00889779373,0,0.1180654668,0,0.006143332693,-0.2591237141,0,0,0,0,0.1661846979,0,0,0.008086091063,0,0.006143332693,0,0.01965381892,0,0.00889779373
1,1,1,1,1,1500,500,v1,0.2317526188,0,0,0.04953848193,0,0,0,0,0,0,0,0,0,0,0,0,0,0,0,0,0,0,0,0,0,0,0,0,0,0,0,0,0,0,0,0,0,0,0,0,0.1066963781,0,0,0.02280697679,0,0,0,0,0,0,0,0,0.4854399146,0,0,0.1037656297,0,0,0,0,-0.4571566963,0.2802404349,0,0,0,0,0,0,0,0,0,0,0,0,0,0,0,0,0,0,0,0,0,0.218482869,0,0,0,0.04689152286,0,0,0,0,0,0,0,0,0,0,0.04689152286,0,0,0,0.218482869,0,0,-0.3061676238,0,0,0,0.1292513623,0,0,0,0,0,0,0,0,0,0,0.4094917975,0,0,0,-0.5864080591,0,0,0,0,0,0,0,0,0,0
1,1,1,1,1,1500,500,v1,0,0.3141270421,0,0,0,0,0.02205194526,0,0,0,0,0,0,0,0,0,0,0,0,0,0,0,0,0,0,0,0,0,0.2547462651,0,0,0.01788337182,0,0,0,0,0,0,0,0,0,0,0,0,0,0,0,0,0,0,0,0,0,0.3655308463,0,0,0,0,0.02566052945,0,-0.03960203224,0,0.2686773132,0,0,0,0,0,0,0,0,0,0,0,0,0,0,0,0,0,0,0,0,0,-0.3229595117,0,0,0,-0.0206534097,0,-0.02958005871,0,0,0,0.2586553396,0,0,0,0,0,0,0,0,0,0,0,0,0,0,0,0,0,0,-0.0206534097,0,0,0,-0.3229595117,0,0,0.5273326524,0,0,0,0,-0.298257372,0,0,0,0,0,0,0,0,0
1,1,1,1,2,1500,500,v1,7.99750067e-05,0.0004053841941,3.955815756e-06,5.291388343e-05,0,0.005525169828,6.354182271e-05,0,0.0007337417655,0.001620135303,0.01812873928,0.006713482922,0.01634449386,0.04130826477,0.0603240953,0.03026166843,0,0.060030057,0.005988752884,0,0.007971983012,0.0133363058,0.196965756,0.07294088237,0.0005601607201,0.06909076794,0.1008959852,0.0003214754566,0.007366700331,7.188565727e-05,0.01001657993,0.001154691212,0.01333366171,0.02230584156,0.02944133354,0.1219983847,1.650538912e-05,0.0008055039226,0.002972945863,9.472419811e-06,4.282265528e-05,2.118143423e-06,0.001491382532,2.833276398e-05,0.002958454806,0.000657251716,0.0008675022164,0.009707042048,0.0002158815115,0.01053555315,0.02662703556,0.0001238940986,0.0005600970375,0.002839068048,0.01950647227,0.0003705771412,0,0.003860310688,0.0004450088612,0,-0.3346199971,-9.919740929e-05,0.0004118348276,0.001589892955,0,0.02324828025,0.007416573013,0.0007648779553,0.01315526276,0.002492003977,0.05739823298,0.000486180106,0.02345279625,0.0002755960279,0.01268720169,-0.2349899879,-0.03772741557,0.0437969248,0.06917515891,0,-0.256376289,0.07406647831,0.000486180106,0.0009448166982,0.006455651881,9.853163333e-05,0.0007648779553,0.0005911412004,0.001013479374,0.04035370512,0.2316349833,-0.0006949765244,-0.074277235,-0.1195155794,-0.007618928752,-0.02939552196,-0.1299040359,0.02345279625,0.0005911412004,0,0.07735402114,0.01315526276,0.0009448166982,0,0.2536361023,-0.3390482361,-7.156040163e-07,0.001556089147,0.003616797358,-4.45736875e-05,0.0008374710215,0.01246792704,0.0002755960279,0.001013479374,0,0.00705893899,0.002492003977,0.006455651881,0,0.06557253771,-0.07469819369,-0.0001383465801,0.01176595371,0.02863524341,-0.0008802008357,0.002227673079,0,0.01268720169,0.04035370512,0.2536361023,0.06557253771,0.05739823298,9.853163333e-05,0.07735402114,0.00705893899
1,1,1,1,1,1500,500,v1,0,0,0,0,0.04136218259,0,0,0.04101903071,0,0,0,0,0.1996985319,0.001914226967,0,0.05894838696,0.1904981854,0,0.01165866669,0.1889177608,0,0,0,0,0,0.0007555138212,0,0,0,0,0.00460148351,0,0,0,0,0,0,0.1481111046,0,0,0,0,0.04372045514,0,0,0,0,0,0,0.02108256749,0.0002020887125,0,0,0,0.006223297359,0,0.02011126878,0.001230828414,0,0.01994442024,-0.3384798126,0,0,0,0.08124718877,0,0,0,0.05042702178,0.001593207403,0,0,0.01540482617,0.00958036634,0,0.3072917515,-0.2262651918,-0.01140654694,0,-0.3781895842,0,0,0,0,0,0,0,0,0,0,-0.01010770994,0,0.002658660777,0,0,0,0,0.01540482617,0,0.1937847348,0,0.05042702178,0,0.1920642006,0,-0.1990144516,0,0.155126553,0,0,0,0,0.00958036634,0,0.1920642006,0,0.001593207403,0,0.1937847348,0,-0.3768289201,0,0.02725074021,0.001298837003,0,0,0.03970977168,0,0,0,0,0,0,0,0
1,1,1,1,0,1500,500,v1,0.02446032924,7.004538434e-05,0.001629833562,0.04473880706,0,0.008208698895,0.001327108171,0,0.002870693769,0.0006021785251,0.02551044594,0.0133422999,0,0,0.2179869651,0,0,0.007666742132,0,0,0.00268116411,0.2466154575,0.02382618892,0.01246141125,0.008726869664,0,0.03170979538,0.003369959851,9.516537601e-06,0.0002214331825,0,0.000180304169,0.0003900194916,0.03587428125,8.181345038e-05,0.001812717567,0.003968139723,0,0.01441856055,0.001532333135,0.001511089576,0.0001006864822,0,0.002763836264,0.0005071100724,0.01631216759,3.72008767e-05,0.001575962799,0.09693209147,0,0,0.03743120605,0.0369122771,0.0001057031821,0,0.06751385996,0,0,0.002002695224,0,-0.08452225941,0.02936139961,0.000112982012,-0.001932572583,0,-0.01248587968,-0.008451508598,0.1262884201,0,0,0.257980509,0.04876315363,0,0,0.2918068779,0.08073868141,0,0,-0.4641613332,0,-0.007582798714,-0.004246844256,0.04876315363,0.02592861282,7.009840697e-05,0.001965992423,0.1262884201,0.04366970914,0.001455915936,0.0006953740863,-0.5780632053,0.01198182211,0,0.06716249246,0.0001368417438,6.613626876e-05,0.002007721153,0,0.04366970914,0,0.005565503647,0,0.02592861282,0,0.02148960388,-0.5916999433,0.005463767905,0,0.03047391608,0.004202291862,9.219197596e-05,0.002031940031,0,0.001455915936,0,0.002781646859,0,7.009840697e-05,0,0.01325430071,0.05125910493,-0.1341466394,0,0,-0.07996257279,-0.001267166651,0,0.2918068779,0.0006953740863,0.02148960388,0.01325430071,0.257980509,0.001965992423,0.005565503647,0.002781646859
1,1,1,1,0,1500,500,v1,0,0,0,0,0,0,0,0,0,0,0,0,0.01950857316,0,0,0.01085554636,0,0,0,0,0,0,0,0,0,0,0,0,0,0,0,0,0,0,0,0,0,0.6039442748,0,0,0,0,0.3360648173,0,0,0,0,0,0,0.01903484703,0,0,0,0,0.01059194143,0,0,0,0,0,0,0,0,0,0,0,0,0,0.8481595974,0,0,0,0.4719611284,0,0,-0.9103734299,0.03029294385,0,0,0,0,0,0,0,0,0,0,0,0,0,0,0,0,0,0,0,0,0.4719611284,0,0,0,0.8481595974,0,0,0,0.05990013954,0,-0.9399806253,0,0,0,0,0,0,0,0,0,0,0,0,-0.9096876813,0,0.02960719568,0,0,0,0,0,0,0,0,0,0,0,0
1,1,1,1,3,1500,500,v1,0.01460403767,0,0,0.002364526434,0,0,0,0,0,0,0,0,0.01640454613,0,0,0.03045719947,0,0,0,0,0,0,0,0,0.03934145211,0,0,0.006493605511,0,0,0,0,0,0,0,0,0.03028460903,0.02884133554,0,0.004998704764,0.09448581434,0,0.05354773627,0.01529811211,0,0,0,0,0.08825875436,0.08405260727,0,0.01456777783,0.2753610017,0,0.1560547305,0.0445834489,0,0,0,0,-0.2093148888,0.01693779003,0,0,0,0,0,0.02804916436,0.05800817693,0,0,0.004614209399,0.1079254083,0,0,-0.1571849454,0.04656255518,0,0,0,0,0,0.004614209399,0.2483235293,0,0,0.02804916436,0.04024211844,0,0,-0.06732575754,0.04555017519,0,0,0,0,0,0.1079254083,0.04024211844,0,0,0.05800817693,0.2483235293,0,0,-0.5516970888,0.03512502447,0.08223210145,0,0.1095648912,0,0,0,0,0,0,0,0,0,0,0.3359725376,-0.1024507821,-0.2394170468,0,-0.31887978,0,0,0,0,0,0,0,0,0,0
1,1,1,1,3,1500,500,v1,0,0,0,0,0,0,0,0,0,0,0,0,0,0,0.03154517356,0,0,0,0,0,0,0.06190883464,0,0,0,0,0.2608827549,0,0,0,0,0,0,0.5119942455,0,0,0,0,0.0451196435,0,0,0,0,0,0,0.08854934791,0,0,0,0,0,0,0,0,0,0,0,0,0,0,0,0,0,0,0,0,0,0,0,0,0.2763095056,0,0,0,0.5423154477,-0.6391855873,0,0,0.09343562606,0,0,0,0,0,0,0,0,0,0,0,0.2270994957,0,0,-0.772849457,0,0,0,0,0,0,0,0,0,0,0,-0.6794138309,0,0,0.1336638695,0,0,0,0,0,0,0,0,0,0,0,0,0,0,0,0,0,0,0.5423154477,0,0,0,0.2763095056,0,0,0
1,1,1,1,4,1500,500,v1,0,0,0,0,0,0.2408603326,0,0,0,0,0.06291761501,0,0,0,0,0,0,0.3088562624,0,0,0,0,0.08067953409,0,0,0,0,0,0,0,0,0,0,0,0,0,0,0,0,0,0,0,0,0,0.2431662804,0,0,0.06351997547,0,0,0,0,0,0,0,0,0,0,0,0,0.01690065524,0,0,0,0,0.246161533,0,0,0,0,0,0,0,0,0,0.4920205499,0,0,0,0,-0.228958362,0,0,0,0,0,0,0,0,0,0,0,0,0,0,0,0,0,0,0,-0.3304640779,0,0,0,-0.06412920473,0.01720317138,0,0,0,0,0,0.2458590174,0,0,0,0,0,0,0,0,0,0,0,0,0,0,0,0,0,-0.06412920473,0,0,0,-0.3304640779,0
1,1,1,1,1,1500,500,v1,0.002197361724,0,0.03169494497,0.0002406645487,0.0003403488548,0.04478545143,0,0.0002329723534,9.628828134e-05,0.02757540284,0.005105302485,0.0003750528506,0.0003106121206,0,0.001812231323,0.0001859714519,0.000184723146,0.02430714653,0,0.0001264449269,5.226012664e-05,0.0007906935307,0.002770885,0.0002035586179,0,0,0.005836419744,0,0,0.05540129421,0,0,0.0001683074512,0.002546484699,0.04820052558,0.0006555749929,0,0.003144339058,0.01834529097,0,0.01207284291,0.1741397821,0.001882596528,0.001322269911,0.2460622273,0.008004222587,0.1515060098,0.02804978091,0,0.01447014622,0,0,0.05555883098,0,0.008663648077,0.006085043186,0.00860549462,0,0,0.005890551139,-0.530250802,0.002427688178,0,0.05893452436,0.0005488756282,0.04947731376,1.058254832e-05,0,0.01626199647,0,0.01604547876,0,0.009758883921,0,0.006968073381,-0.273791917,0.000495377227,0,0.002569041649,0.0003075088886,0.02700660528,7.667400343e-05,0,0.0616802618,0,0.1305690564,0,0.006768427174,0,0.113289353,-0.2889405496,0,0,0.00794816501,0,0.1031650003,-0.0004069819414,0.009758883921,0.006768427174,0.01197561606,0.2650460836,0.01626199647,0.0616802618,0.00819069583,0.03027864616,0.1682901422,0,0.004746252439,-0.02585957477,0.01308453989,-0.3246717976,-0.2733670727,0,0,0.00819069583,0.0001063329766,0,0,0.01197561606,0.0003732551086,0.02161024211,0,-0.02258888316,0,-0.06114468705,0,-0.01430059241,0.006968073381,0.113289353,0.03027864616,0.0003732551086,0.01604547876,0.1305690564,0.2650460836,0.0001063329766
1,1,1,1,4,1500,500,v1,0.001941985519,0,0,0.003647591225,0,0,0,0,0,0,0,0,0.07892627836,0,0,0.09837079428,0,0,0,0,0,0,0,0,0.008427243116,0,0,7.473491628e-05,0,0,0,0,0,0,0,0,0.4190538647,0.1299722389,0,0.003716275307,0.02884853102,0,0.1619925916,0.05418559902,0,0,0,0,0.005695251953,0.001766418854,0,5.050692997e-05,0.0003920728729,0,0.002201599129,0.0007364223663,0,0,0,0,-0.08161337033,0.005527014665,0,0,0,0,0,0.6069195267,0.07335010889,0,0,0.005383459863,0.09191391018,0,0,-0.2852888225,0.1751128093,0,0,0,0,0,0.005383459863,0.03973284607,0,0,0.6069195267,0.07439668748,0,0,-0.416672193,0.008470204338,0,0,0,0,0,0.09191391018,0.07439668748,0,0,0.07335010889,0.03973284607,0,0,0.1999413058,-0.4224119622,-0.289255779,0,-0.08273792096,0,0,0,0,0,0,0,0,0,0,-0.6052956317,0.005739769067,0.003966956824,0,0.001124550612,0,0,0,0,0,0,0,0,0,0
1,1,1,1,1,1500,500,v1,0.2280007423,0.008288039537,0,0.09113190603,0.0005582919727,0,0.01012064935,0.05904816263,0,0,0,0,0,0,0,0,0.0002423557917,0,0,0.02563293922,0,0,0,0,0,0,0,0,0.001074370969,0,0,0.001311930498,0,0,0,0,0,0,0,0,0.02451544776,0,0,0.009798825473,0,0,0,0,0,0,0,0,0.3101701904,0.01127497558,0,0.1239750378,0.0007594954549,0,0.01376804173,0.08032859745,-0.4047586869,0.247018456,0.01513457285,0,0.05174795365,0,0,0,0,0,0,0,0,0,0,-0.02049695149,0,0,0,0.02560556719,0,0,0,0.09800759193,0.003155813557,0,0,0.03884018632,0.003945886029,0,-0.00709872596,0,0,0,0.002364259566,0,0,0,0.03884018632,-2.970484161e-05,0,0,0.09800759193,-0.007633218805,0,-0.1254549411,0,0,0,0.03422308892,0,0,0,0.003945886029,-0.007633218805,0,0,0.003155813557,-2.970484161e-05,0,0.3760938941,0,0,0,-0.372473397,-0.02223329881,-0.07224490514,0,0,0,0,0,0,0,0
1,1,1,1,4,1500,500,v1,0.0005500564199,0.0002594532784,0.0001080421485,2.144143334e-05,0.0002750390494,1.928045154e-06,0.0001210115196,0.001369075297,0,3.576579806e-05,0.0001333441644,0,0.000150265003,0,0,0.0001481145386,0.0001909290944,1.33842782e-06,0,0.0009503970705,0,0,9.256605789e-05,0,0.0007369216409,0,0,1.685838952e-05,0.002663435955,0.001109114306,0,0.001242252301,0,0,0.0003671563261,0,0.01656395483,0.04994659798,0,0.0003789298441,0.1269208758,0.02492981377,0.04923180492,0.004947429756,0.0004448801446,0,0.008252656002,0.03076804038,0.01568210477,0.04728748601,0,0.00035875596,0.1201637225,0.05667940711,0.0466107479,0.004684033044,0.06008422922,0,0.02643582392,0.2990841998,-0.5292511993,0.0005659954652,0.0003763246075,0.0001419560622,0.001640222154,0.000135012462,0,0.006573449938,0.01128950921,0,0,0.0001342593249,0.01273583087,0,0,-0.4046734737,0.0002958676595,0,0,0.001139175659,9.374197709e-05,0,0.0001342593249,0.04160294501,0.08038951154,0.03544931893,0.006573449938,0.002222548677,0.03749053164,0.01174098523,-0.1205456058,0.0007300728671,0,0,0.003842821987,0.00145400561,0,0.01273583087,0.002222548677,0.08939007793,0.0006619589765,0.01128950921,0.04160294501,0.4448577987,0.04578185985,0.0140599081,-0.005403180315,-0.01931033929,0,-0.03722736762,-0.03305616441,-0.03119130057,0,0.03749053164,0.4448577987,0,0,0.08038951154,0.08939007793,0,-0.05335040681,0.0002013012727,0.002997578238,0,0.007444376437,-0.08280584303,-0.3589446468,0,0.01174098523,0.04578185985,0,0,0.03544931893,0.0006619589765,0
1,1,1,1,3,1500,500,v1,0,0,0.008816108456,0,0,0,0,0,0,0.003746945392,0,0,0,0,0.001839281026,0,0,0,0,0,0,0.000577902383,0,0,0.02848309333,0,0.006936066534,0.0009274443165,0,0.00372454614,0,0,0,0.002179313179,0.00158297406,0,0.01713288975,0,0.004172119292,0.0005578678213,0,0.002240354923,0,0,0,0.001310880527,0.000952176076,0,0.8859717154,0,0,0.02884832144,0,0,0,0,0,0,0,0,0.006479355001,0,0,-0.01046104898,0,0,0,1.260384504,0,0,0.001402317635,0.04104149305,0,0,0.0004596279475,-0.003589942454,0,0,0.002348645405,0,0,0,0.04104149305,0,0,0.00422947019,1.260384504,0,0,0.001743070752,-0.8970922117,0.02939133725,0,-0.008508526423,0,0.003369076269,0,0,0,0,0,0,0,0,0,-0.8985445696,0.01767538195,0,0.004918583967,0,0.003110278735,0,0,0,0,0,0,0,0,0,0.04706671918,-0.9146840529,0,0,0,0,0,0.0004596279475,0.001743070752,0,0,0.001402317635,0.00422947019,0,0
1,1,1,1,4,1500,500,v1,0,0,0,0,0,0,0,0,0,0,0,0,0,0.2098383907,0,0,0,0,0.4453984109,0,0,0,0,0,0,0.04630629622,0,0,0,0,0.09828873869,0,0,0,0,0,0,0,0,0,0,0,0,0,0,0,0,0,0,0,0.06410348931,0,0,0,0,0,0,0.1360646742,0,0,0,0,0,0,0,0,0,0,0,0.14912963,0,0,0,0.3165298049,0,0.3446810074,0,-0.6551206311,0,0,0,0,0,0,0,0,0,0,0,0,-0.4549980792,0,0.1445584561,0,0,0,0,0,0,0,0,0,0,0,0,0,0,0,0,0,0,0,0.3165298049,0,0,0,0.14912963,0,0,0,-0.5105621755,0,0,0.2001225513,0,0,0,0,0,0,0,0,0,0,0
1,1,1,1,2,1500,500,v1,0,0,0,0,0,0,0,0,0,0,0,0,0,0,0.007117429431,0,0,0,0,0,0,0.001296364708,0,0,0,0,0.351867597,0,0,0,0,0,0,0.06408897188,0,0,0,0,0.4869388592,0,0,0,0,0,0,0.08869077778,0,0,0,0,0,0,0,0,0,0,0,0,0,0,0,0,0,0,0,0,0,0,0,0,0.1953274174,0,0,0,0.03403599563,-0.1613198456,0,0,0.008410903347,0,0,0,0,0,0,0,0,0,0,0,-0.5285858553,0,0,0.3756769128,0,0,0,0,0,0,0,0,0,0,0,0.3840878159,0,0,-0.5369967584,0,0,0,0,0,0,0,0,0,0,0,0,0,0,0,0,0,0,0.03403599563,0,0,0,0.1953274174,0,0,0
1,1,1,1,4,1500,500,v1,0,0,0,0,0,0.03938114716,0,0,0,0,0.4150671104,0,0.02785593272,0,0.01991921396,0.006629855382,0,0.007763504634,0,0,0,0.02151767084,0.08182533184,0,0,0,0.03417412195,0,0,0,0,0,0,0.03691649224,0,0,0,0.0364696096,0.02607868004,0,0,0,0.008679954821,0,0.01016415376,0.02817141552,0,0.107127553,0,0.0745217032,0,0,0,0,0.01773654898,0,0,0,0,0,0.2034006792,0,0,0,0,-0.4518618463,0,0,0.01452352405,0,-0.02048895979,0,0.003495158199,0,-0.01967701926,-0.392962733,0.03428044665,0,0.0364962472,0,0.08848974296,0,0,0,0,0,0,0,0,0,0.07720725112,0,0,-0.05042993186,0,0,0,0.003495158199,0,0,0.03242158306,0.01452352405,0,0,0.3402701683,-0.4339286908,0,0.04461044889,0.04071100397,0,0,0.1149109361,0,0,0,0,0,0,0,0,0.07889089557,0,-0.0909033503,0,0,0,0,-0.01967701926,0,0.3402701683,0,-0.02048895979,0,0.03242158306,0
1,1,1,1,3,1500,500,v1,0,0.0001714111336,0,0,0.001188224721,0,4.206392866e-06,0.0002288204696,2.169399294e-05,0,0,9.233543016e-06,0.001735715573,0.002566433398,0.0002556876037,0.003227272947,0.1059760731,0,0.0004835110328,0.02040817227,0.001934856379,0.007867097917,0,0.0008235265704,0.01000144217,0.0002611178588,2.601454597e-05,0.02055603946,0.001555445661,0,4.919409391e-05,3.817030664e-05,0.0001968590166,0.0008004259002,0,8.378845712e-05,0.009559282816,0.0001687904302,2.486445435e-05,0.01964726601,0,0,0.0003138375881,0,0,0.0007650394239,0,0,0.1722121055,0.003040788303,0.004496117209,0.3539488381,0,0.0267827947,0.005653837518,0,0.1856587615,0.0008470596887,0.0006572441017,0.03575293815,-0.1231069895,0,0.0001731700152,0,0.00141650357,0,3.069677547e-05,0.2289659463,0.001686251262,0.002605135802,0.0003031735863,0.4706521819,0.003177784738,0.0004886251827,0.00934360053,-0.2281023663,0.004743536042,0.002838901876,-0.008023795171,0.1237308318,0,-0.002751084473,0.4706521819,0,0.0375662094,0,0.2289659463,0,0.0009223253068,0,-0.5363802487,0.03039726293,0.000307515106,0.0008166424505,0.001573641505,0,0.0002798822578,0.003177784738,0,0.1173861422,0,0.001686251262,0,0.02269449421,0,-0.5065363974,0.02919272944,0.0004817366336,0.0007759699324,0,0,0,0.0004886251827,0.0009223253068,0.02269449421,0.002568660777,0.002605135802,0.0375662094,0.1173861422,0.00109209741,0.1948558281,-0.5260020805,-0.008467963344,-0.005208924303,0,-0.02740583467,-0.2185344265,0.00934360053,0,0,0.00109209741,0.0003031735863,0,0,0.002568660777
1,1,1,1,1,1500,500,v1,0,0,0,0,0,0.01127250813,0,0,0,0,0.0004191900873,0,0.06824092965,0,0.05365366808,0.03100302926,0,0.00645925684,0,0,0,0.02083218344,0.0002401999988,0,0,0,0.3163482303,0,0,0,0,0,0,0.1228289622,0,0,0,0.1352777898,0.10636065,0,0,0,0.06145902903,0,0.01280454404,0.04129679574,0,0.0004761618155,0,0.007582163948,0,0,0,0,0.003444707625,0,0,0,0,0,0.001290642607,0,0,0,0,0.001507929996,0,0,0.09027017769,0,0.2337196544,0,0.040624404,0,0.09098897896,-0.4753829422,0.09443805923,0,0.07424694055,0,0.005761038722,0,0,0,0,0,0,0,0,0,0.2209150981,0,0,-0.4373875202,0,0,0,0.040624404,0,0,-0.004378791306,0.09027017769,0,0,0.0001809324051,-0.2504360672,0,-0.1926985983,0.1466681576,0,0,-0.004470396116,0,0,0,0,0,0,0,0,-0.09826053918,0,0.01099748461,0,0,0,0,0.09098897896,0,0.0001809324051,0,0.2337196544,0,-0.004378791306,0
1,1,1,1,3,1500,500,v1,0.2094892202,0,0,0.173124894,0,0,0,0,0,0,0,0,0,0,0,0,0,0,0,0,0,0,0,0,0,0,0,0,0,0,0,0,0,0,0,0,0,0,0,0,0.01948533316,0,0,0.01610295859,0,0,0,0,0,0,0,0,0.3185463363,0,0,0.2632512578,0,0,0,0,-0.531916533,0.3684137166,0,0,0,0,0,0,0,0,0,0,0,0,0,0,0,0,0,0,0,0,0,0.1331981254,0,0,0,0.1120560989,0,0,0,0,0,0,0,0,0,0,0.1120560989,0,0,0,0.1331981254,0,0,-0.198972181,0,0,0,0.03546936457,0,0,0,0,0,0,0,0,0,0,0.4038830813,0,0,0,-0.5673858973,0,0,0,0,0,0,0,0,0,0
1,1,1,1,3,1500,500,v1,0.002696762782,0.005019501495,2.033814554e-05,0.01203030698,3.746263613e-06,0.001567073029,0.01412812142,0.0005989479619,0.01463236481,0.0001514593716,0.0008648969136,0.01789563982,0.0001593094931,0,7.05720047e-06,0.001095436351,1.3792138e-06,0.0005769291672,0,0.000220506985,0.00538700998,3.025947991e-05,0.0003184179977,0.006588408062,0.04279000476,0,0.0001589995436,0.1055789918,0.04163487556,0.000168697262,0,0.1171874493,0.1213699585,0.0006817495856,0.001256298478,0.1484375964,0.00652653851,0.0005474514989,2.42513795e-05,0.01610341854,0.003411771987,2.573052242e-05,0.00376435993,0.01521997583,0.001982560682,0.0001039837446,0.0001916167208,0.001094212321,0.0266152706,0.002232511118,0,0.06566985569,0.0139132305,0.02589678327,0.01535108665,0.06206716999,1.932785098e-05,0,0.07289028577,0.003090112749,-0.3804013177,0.01179529294,0.01885369569,0.0001274971473,0.0005012805851,-0.0005026913252,0.03234586763,0.01468376406,0.00228139128,0,0.0001877673396,0.03633344119,0.01566673826,0,0.0008028231442,-0.2555031017,0.001237570001,0,3.120440104e-05,0.0001820844349,4.770071931e-06,0.0119401622,0.03633344119,0.0119759204,0.01763184059,0.0001953696061,0.01468376406,0.05357239239,0.04692708531,0.001395712396,0.2623668109,-0.1418886466,0,-0.0008141393342,-0.1527814245,-0.001368440229,-0.2696802365,0.01566673826,0.05357239239,2.222158713e-05,0.00171642129,0.00228139128,0.0119759204,0.003512210455,0.0008800833663,-0.1362732314,0.02248215003,0.004257510646,0.0001225412772,0.01733600753,0.0001802217467,-0.001233081848,0,0.04692708531,0.003512210455,0.1521148006,0,0.01763184059,2.222158713e-05,0.18597651,-0.2180244802,0.08539502647,-0.01746050031,0,-0.07283017572,0.09088844487,-0.00303965305,0.0008028231442,0.001395712396,0.0008800833663,0.18597651,0.0001877673396,0.0001953696061,0.00171642129,0.1521148006
1,1,1,1,4,1500,500,v1,0.0001915352732,0,0,0.00223471283,0,0,0,0,0,0,0,0,0.0001424778232,0,0,1.729670428e-05,0,0,0,0,0,0,0,0,0.1470193737,0,0,0.03411699674,0,0,0,0,0,0,0,0,0.3766723357,0.003829462162,0,0.08740976462,0.006107967273,0,0.0004648939256,0.07126391187,0,0,0,0,0.186717734,0.001898277175,0,0.04332931206,0.003027739763,0,0.0002304494706,0.03532575896,0,0,0,0,-0.03919611311,0.002400665959,0,0,0,0,0,0.06444846015,0.002443889171,0,0,0.0146935036,0.0003020613361,0,0,-0.001965364453,0.000134730783,0,0,0,0,0,0.0146935036,0.004380111181,0,0,0.06444846015,0.05081305948,0,0,-0.2321532562,0.1793919471,0,0,0,0,0,0.0003020613361,0.05081305948,0,0,0.002443889171,0.004380111181,0,0,0.4486741544,-0.4593271416,-0.003948620534,0,-0.07678578225,0,0,0,0,0,0,0,0,0,0,-0.3581341993,0.2271738855,0.00198325608,0,0.03758966916,0,0,0,0,0,0,0,0,0,0
1,1,1,1,0,1500,500,v1,0,0,0,0,0.4048665972,0.009600439919,0,0.4287924844,0.000328714688,0,0.01756499892,0.00109529605,0,0,0,0,0.05388228679,0.001277689147,0,0.05706649988,4.374749415e-05,0,0.002337664594,0.0001457691405,0,0,0,0,0,0,0,0,9.959781952e-05,0,0,0.0003318656034,0,0,0,0,0,0,0,0,0.0005414335518,0,0,0.0009906087467,0,0,0,0,0,0,0,0,0.01021531234,0,0,0.01081899368,0.1374402301,0,0,0,-0.8335530235,-0.02712068711,-0.001096717942,0,0,0,0,0,0,0,0,-0.8390384211,0,0,0,0.1109354877,0.003585727007,0.0001870137738,0,0,0,0,0,0,0,0,-0.0009097041695,0,0,0,0,0,0.0001759382619,0,0,0.5111237767,0.01169157064,0,0,0.5412521981,0.02132710751,-0.02353496011,0,0,0,0,0,0.001522507992,0,0,0.5412521981,0.0002431347152,0,0,0.5111237767,0.0008575141451,-0.7226175359,0,0,0,0,0,0.02103355568,0,0,0.02132710751,0.0008575141451,0,0,0.01169157064,0.0002431347152
1,1,1,1,3,1500,500,v1,0,0,0.00688912505,0,0,0.003097396998,0,0,0.009169292615,0.006558498251,0.0008230032474,0.001156342328,0.003165263274,0.002148326735,1.114219585e-05,0.0004454539486,0,0.003265669066,0.00241599619,0,0.009667432127,3.399267075e-05,0.0008677144866,0.001219162856,0.006671754768,0.01771881926,9.189782503e-05,0.009485538548,0,0.05990648143,0.0199264847,0,0.07973437175,0.0002803623766,0.05703141557,0.01005532629,0.01964259596,0.07686048002,0.0002705602812,0.02792677603,0,0.1763732108,0.01081673193,0,0.07929858285,0.0008254267544,0.1679086075,0.02107027005,0.008554572107,0.03347360603,0.02271919791,0.01216242597,0,0,0.004710808767,0,0,0.02554988247,0,0,-0.4015692081,0,0,0.01323984585,0,0.003869867856,0.009846045128,0.007762219935,0.06099188233,0.01195963508,0.0003352916431,0.01067673058,0.008585449435,0.01060777384,0.001049622936,-0.2455060406,0.003493174946,0.004486549742,1.325887435e-05,0,0.004056867876,0.0102733439,0.01067673058,0,0,0.1644027408,0.007762219935,0,0,0.1562728199,-0.3645384454,0.01444987443,0.01279211943,-8.339041795e-06,0,0.1153796234,-0.08870606115,0.008585449435,0,0,0.1093376401,0.06099188233,0,0,0.02902696535,0.2048764627,-0.04149241398,-0.08551044612,-0.0009281962194,0,-0.3424031764,-0.100169806,0.01060777384,0,0,0.09134022117,0.01195963508,0,0,0.01153978702,-0.09178114153,0.01474990586,0.0356323833,-0.03232360845,0,0,0,0.001049622936,0.1562728199,0.02902696535,0.01153978702,0.0003352916431,0.1644027408,0.1093376401,0.09134022117
1,1,1,1,0,1500,500,v1,0,0.1053427241,0,0,0,0,0.8421791833,0,0,0,0,0,0,0,0,0,0,0,0,0,0,0,0,0,0,0,0,0,0.004479969693,0,0,0.03581583115,0,0,0,0,0,0,0,0,0,0,0,0,0,0,0,0,0,0,0,0,0,0.001354391702,0,0,0,0,0.01082790015,0,0.05245455759,0,-0.9475070314,0,0,0,0,0,0,0,0,0,0,0,0,0,0,0,0,0,0,0,0,0,0.1492627877,0,0,0,1.193315923,0,-0.935332068,0,0,0,0.04027959481,0,0,0,0,0,0,0,0,0,0,0,0,0,0,0,0,0,0,1.193315923,0,0,0,0.1492627877,0,0,-0.9072274372,0,0,0,0,0.01217496279,0,0,0,0,0,0,0,0,0
1,1,1,1,1,1500,500,v1,0,0.009060787633,0.06429596027,0,0,0,0.00376584472,0,0.004628098806,0.0266344113,0,0.0009468164027,0,0,0,0,0,0,0,0,0.06430168979,0,0,0.01315483899,0,0,0,0,0.04277051504,0.3035024599,0,0.01777628223,0.02184646386,0,0.125724996,0.004469349335,0,0,0,0,0,0.1426285008,0,0,0,0,0.05908343446,0,0,0,0,0,0,0.06739771208,0,0,0,0,0.02801183832,0,-0.3169936722,0,0.01267419241,0.08968493734,0,0,0.005464947182,0,0,0,0,0,0,0,0,0.02935318025,0,0,0,0,0,-0.07517834995,0,0,0.0250484323,0.1452302825,0,0,0.01444675419,0.06029117031,0.144084044,0,0,0,0.04550804123,-0.4226499144,0.02388823305,0,0,0,0,0,0,0,0,-0.3329649771,0,0,0,0,0.1959506752,0,0,0.01444675419,0,0.05713925632,0,0.0250484323,0,0.0115984983,0.05818223359,0,0,0,0,-0.08451235791,0,0,0.06029117031,0,0.0115984983,0,0.1452302825,0,0.05713925632
1,1,1,1,0,1500,500,v1,0,0,0,0,0.1339995177,0,0,0.3557835532,0,0,0,0,0,0,0,0,0.1349154673,0,0,0.3582155006,0,0,0,0,0,0,0,0,0,0,0,0,0,0,0,0,0,0,0,0,0,0,0,0,0,0,0,0,0,0,0,0,0,0,0,0,0.004674539988,0,0,0.01241142114,-0.02824518491,0,0,0,-0.05015597926,0,0,0,0,0,0,0,0,0,0,-0.03308493351,0,0,0,-0.04531623066,0,0,0,0,0,0,0,0,0,0,0,0,0,0,0,0,0,0,0,0.0323041998,0,0,0,0.08529754655,0,0,0,0,0,0,0,0,0,0,0.08529754655,0,0,0,0.0323041998,0,-0.09547220999,0,0,0,0,0,0.01707104619,0,0,0,0,0,0,0,0
1,1,1,1,1,1500,500,v1,0,0,0.002825200587,0,0,0,0,0,0,0.0002439470467,0,0,0,0,0.05501808023,0,0,0,0,0,0,0.06080494905,0,0,0.08916598231,0,0.01105538232,0.04560732533,0,0.009698218627,0,0,0,0.01221820093,0.0008374102012,0,0.1202295274,0,0.01490684404,0.06149595425,0,0.01307687317,0,0,0,0.01647476408,0.001129146229,0,0.3210162508,0,0,0.1641959434,0,0,0,0,0,0,0,0,-0.004190292807,0,0,0.002960716528,0,0,0,0.1674995764,0,0,0.0434204942,0.08553536554,0,0,0.0478853452,0.05419315848,0,0,-0.115063718,0,0,0,0.08553536554,0,0,0.001523331422,0.1674995764,0,0,0.0003210329893,-0.3948345698,0.1346033299,0,0.02318707978,0,0.006254062573,0,0,0,0,0,0,0,0,0,-0.4323141742,0.1809623523,0,0.03100607866,0,-0.01044435537,0,0,0,0,0,0,0,0,0,0.3155656814,-0.484255644,0,0,0,0,0,0.0478853452,0.0003210329893,0,0,0.0434204942,0.001523331422,0,0
1,1,1,1,4,1500,500,v1,0.000452374297,0.0003071655539,0,0.0005175756071,0.002924895294,7.461901909e-05,0.003830201907,2.405577574e-07,0.001482392645,0,0.00146879663,0.006219864632,0.01320696168,0.01407168973,0.1204385315,0.007676528027,0.01170588887,0.0002986369964,0.000285428369,9.627498057e-07,0.005932767442,0.04805818511,0.005878354062,0.02489287201,0.02712963625,0.02390828877,0.2046292411,0.02830237553,0.002088665182,0,0.0004849526961,0.0260446175,0.0100799776,0.0816525229,0,0.04229385269,0.01240216408,0.01025790474,0.09354513269,0.01293827539,0.001406202088,0,0.0059623928,0.001608879868,0.0002319526576,0.03732700199,0,0.004565743238,0.01651081699,0.01365619635,0.01455033812,0.01722453403,0.001872055972,0.001271140101,0.007937645055,0.002141877893,0.01210406457,0.0002951372123,0.01585048576,9.954977313e-07,-0.07378122432,-0.0006990409647,0.001838065468,0,-0.001209900938,0.0002483979139,0.003990572352,0.007729228689,0.01429289592,0.01307617242,-0.01035528326,0.01045431666,0.008204810527,0.0002330935339,-0.005542654934,-0.2139748924,-0.01043599082,0.01214482868,0.1503322476,-0.008088031108,-0.004349916575,0.01647854922,0.01045431666,0.003534513414,0.002957863649,0,0.007729228689,0.003884153736,0.02711239102,0,0.3512514847,-0.04664301204,-0.02189420056,-0.2673613416,-0.0253272279,0,-0.04544984745,0.008204810527,0.003884153736,0.02191808838,0.0003636334448,0.01429289592,0.003534513414,1.758643757e-06,0.007176205261,-0.1783057044,0.0208307969,0.005631412488,0.1276277195,-0.00135373054,0,-0.0009250404778,0.0002330935339,0.02711239102,1.758643757e-06,0.008943482641,0.01307617242,0.002957863649,0.02191808838,0.02852760618,-0.07520603109,0.01368985158,-0.01019389262,0.0008765278983,-0.002893006598,0.003442326016,-0.005315299279,-0.005542654934,0,0.007176205261,0.02852760618,-0.01035528326,0,0.0003636334448,0.008943482641
1,1,1,1,0,1500,500,v1,0,0.08172618228,0,0,0,0,0.2123099356,0,0,0,0,0,0,0,0,0,0,0,0,0,0,0,0,0,0,0,0,0,0.08133368172,0,0,0.2112902896,0,0,0,0,0,0,0,0,0,0,0,0,0,0,0,0,0,0,0,0,0,0.1148862022,0,0,0,0,0.2984537086,0,-0.0713147294,0,0.2520399791,0,0,0,0,0,0,0,0,0,0,0,0,0,0,0,0,0,0,0,0,0,-0.06764064117,0,0,0,-0.2034472345,0,-0.08420073494,0,0,0,0.2649259847,0,0,0,0,0,0,0,0,0,0,0,0,0,0,0,0,0,0,-0.2034472345,0,0,0,-0.06764064117,0,0,0.5169659633,0,0,0,0,-0.3362407137,0,0,0,0,0,0,0,0,0
1,1,1,1,0,1500,500,v1,0.01099956972,0,0,0.001303139602,0.002460429125,0.01375565409,0,0.0002637704125,0,0,0.005148651802,0,0.008103806026,0.01814724259,0.1958630455,0.04587072655,0.005139627432,0.02873439288,0.003626257988,0.0005509939848,0,0.4177964863,0.01075509625,0,0.0005874065005,0.004877110281,0.05263861261,0.002033188909,0,0,0.0009745645942,0,0,0.1122836997,0,0,0.000163772568,0.0006072162408,0.01467597099,0.0005668656519,0.001721673591,0,0.003437082532,0.0002039698911,0.002153061163,0.03130539045,0,0.0008058767806,4.573063178e-05,0.0001695545393,0.0003796916347,0.0001582873415,0.0004807473069,0,0.0009597453197,5.695503281e-05,0.0001075355405,7.587157201e-05,0,1.152835235e-05,-0.03896094772,-0.0120266611,0,0,0.00238474725,0.01850388976,0,0.0005890649155,0.01099343176,0.01938613107,0.1929569523,0.002050097651,0.06217920443,0.003913819345,0.4115560722,0.2453577735,-0.05393766591,-0.02165735267,-0.6131520759,-0.005342045631,-0.03899157918,0,0.002050097651,0.01299261372,0,0,0.0005890649155,0.001557038865,0,0,-0.5878434926,-0.002561479334,0.005715032857,0.1643885119,0,0,0,0.06217920443,0.001557038865,0.003838368134,0.01917443967,0.01099343176,0.01299261372,0.0004267905322,0.007159207017,-0.5359494692,0.0006138297532,0.00402857285,0.04575488197,0.001814856342,0,0.002931924977,0.003913819345,0,0.0004267905322,0,0.01938613107,0,0.003838368134,0,-0.08096816491,0.000188207865,0.001127335637,0.000409019653,0.00051203636,0,0.0001138592723,0.4115560722,0,0.007159207017,0,0.1929569523,0,0.01917443967,0
1,1,1,1,4,1500,500,v1,0,0,0,0,0,0,0,0,0,0,0,0,0,0.2354802293,0,0,0,0,0.322840617,0,0,0,0,0,0,0.09348902079,0,0,0,0,0.1281723448,0,0,0,0,0,0,0,0,0,0,0,0,0,0,0,0,0,0,0,0.09279581716,0,0,0,0,0,0,0.1272219708,0,0,0,0,0,0,0,0,0,0,0,0.07361751694,0,0,0,0.1009069833,0,0.4413765117,0,-0.5577261793,0,0,0,0,0,0,0,0,0,0,0,0,-0.3378882477,0,0.2215385804,0,0,0,0,0,0,0,0,0,0,0,0,0,0,0,0,0,0,0,0.1009069833,0,0,0,0.07361751694,0,0,0,-0.3361875989,0,0,0.2198379314,0,0,0,0,0,0,0,0,0,0,0
1,1,1,1,0,1500,500,v1,0,0,0.03594740589,0,0,0.01394621971,0,0,0.001552168264,0.0395053679,0.003121498111,0.004803476413,0.008028843493,0.007483286432,0.002929012562,0.0551365177,0,0.03851566041,0.07946425634,0,0.004286665994,0.006186100723,0.008620727604,0.01326589357,0.00701975084,0.0001565108297,6.125947342e-05,0.01600972599,0,0.002076349351,0.001661972558,0,8.965441287e-05,0.0001293805557,0.002281859928,0.0002774524305,0.1416839709,0.003389253397,0.001236437824,0.3231341972,0,0.0419082426,0.02327503707,0,0.01625879655,0.00261136774,0.04605618961,0.003639108216,0.01187000291,0.0002839449476,0.0002646509893,0.02707154406,0,0,0.001949936581,0,0,0.002810301897,0,0,-0.08559716612,0,0,0.02132458548,0,0.01325247842,0.00341229972,0.1841858681,0.006671479919,0.01065575943,0.003807433844,0.4200410453,0.04533846286,0.1123473144,0.007561466313,0.06307647538,-0.05987354194,-0.08660335998,-0.006980825218,0,-0.04249394255,-0.01585927583,0.4200410453,0,0,0.01554775277,0.1841858681,0,0,0.01914416256,-0.5571669013,0.0230013214,0.001714971703,0.0001632171856,0,0.004313214827,0.0003319667512,0.04533846286,0,0,0.01447544245,0.006671479919,0,0,0.004071832254,-0.006311043828,-0.4647156731,0.02311420756,-0.0007616587429,0,-0.04876574388,0.01687661458,0.1123473144,0,0,0.004685311751,0.01065575943,0,0,0.01348720228,-0.5633620724,0.03889640924,0.002086039179,0.002886339038,0,0,0,0.007561466313,0.01914416256,0.004071832254,0.01348720228,0.003807433844,0.01554775277,0.01447544245,0.004685311751
1,1,1,1,1,1500,500,v1,0.002758175891,0.0002775771496,1.404068941e-05,0.0005486090413,0.0004495586867,0.0004031175387,1.941979836e-05,0.001979961773,0.00216750054,4.661596636e-05,0.0002418189774,0.004336621919,0.01501879572,0.0149187944,0,0.05176133848,0.01320234207,0.01183848917,0.01011603372,0.05814620735,0.0636537218,0,0.007101579737,0.1273550433,0.0003265237698,0.002477808094,0,0.0003153173863,0.001353886437,6.848365938e-05,0.001680135107,9.472033865e-05,0.01057201426,0,0.0002273700292,0.02115193418,3.587613699e-05,0.0002740690034,0,3.464485833e-05,0.001478125657,7.524503183e-06,0.0009445616488,0.0002940034036,0.0002160334948,0,2.498182083e-05,0.0001295924731,0.004120850154,0.03148045999,0.03127085013,0.00397942147,0.169782336,0.01708654515,0.108495433,0.03377019024,0.02767304443,0.02120392344,0.001195405536,0.1218785705,-0.4737062105,0.003291702331,0.0002935331581,-1.315896018e-05,0.002392533145,0.000394726593,0.006343940108,0.005636817668,0.02410010059,0.02058788684,0,0.005447140773,0.08288126297,0.01392008108,0,-0.2911329085,0.06568778121,0.02454614266,0,0.06922283638,-0.01846325743,-0.1900277935,0.005447140773,0.2482527844,0.02312867986,9.526771778e-05,0.005636817668,0.04937783478,0.001617998408,0.0002703726976,-0.2366415799,0.000534932567,0.004074699401,0,0.001428973744,-0.0002170410485,0.03126554832,0.08288126297,0.04937783478,0.02125493281,0.01683842352,0.02410010059,0.2482527844,0.09222134931,0.009819303603,-0.298463244,6.385108867e-05,0.001203952413,0,0.001766081932,-1.356026828e-05,0.0002967127594,0.01392008108,0.001617998408,0.09222134931,0.0762361402,0.02058788684,0.02312867986,0.02125493281,0.1523913175,0.1745070194,-0.007988089286,-0.1382126427,-0.05162615396,-0.2034781971,-0.01822029242,-0.1472662241,0,0.0002703726976,0.009819303603,0.1523913175,0,9.526771778e-05,0.01683842352,0.0762361402
1,1,1,1,4,1500,500,v1,0.0007111395627,3.621011053e-06,3.069053001e-05,2.371255888e-05,0,0,0.0001594162456,0,0,2.679402435e-05,0,0,0.004636411212,0.003507871206,6.86258917e-06,0.008421780132,0,0,0.0007627097196,0,0,0.0006419841698,0,0,1.590453237e-06,6.703768804e-06,1.311485185e-08,1.534578378e-06,3.899908467e-07,3.305437517e-06,1.457587615e-06,1.716947993e-05,0,1.226873279e-06,2.885775296e-06,0,0.01045492863,0.0582448464,8.621117365e-05,0.01008763229,0.5034769264,0.02172846869,0.1057984868,0.01678816211,0,0.008064916518,0.01896979683,0,0.002719585682,0.01515092603,0.01146306803,0.002624042813,0.1309668089,0.0006668624381,0.02752080477,0.004367016449,0,0.002492392934,0.0293588461,0,-0.4542833375,0.0007332221844,0.0001529997519,5.72920748e-05,0,0,0,0.01123217606,0.05742606972,0.01160750233,0.0001186428808,0.01103507292,0.1044334779,0.00251689397,0.0110944328,-0.1420958334,0.01299541459,0.003694323257,0.0006080832864,0,0,0,0.01103507292,0.556992012,0.0009595567538,0.03249573165,0.01123217606,0.01856720938,0.04265363427,0.02834159527,-0.1014045394,2.900682171e-06,7.938732478e-06,1.225694475e-06,1.614589069e-05,6.168831488e-06,0,0.1044334779,0.01856720938,0,0,0.05742606972,0.556992012,0,0,0.1973007246,-0.02001197327,-0.1634717424,-0.008084692885,-0.5196015844,-0.04062167896,0,0.00251689397,0.04265363427,0,0,0.01160750233,0.0009595567538,0,0,-0.6854823548,0.005164239933,0.04256996302,-0.01311852618,0.1351622145,-0.02924460627,0,0.0110944328,0.02834159527,0,0,0.0001186428808,0.03249573165,0,0
1,1,1,1,2,1500,500,v1,0.002155028408,0.001365409907,0.04568950373,0.0007326321276,0.02789554205,0.00178220115,9.081607763e-05,0.005169464332,0.06775003785,0.01665719629,0.0004333902249,0.1211109273,0.06460726853,0.001055990269,0.0005643719597,0.07512216066,0.01783976976,0.001139754092,0.01354818235,0.003305978185,0.04332753508,0.003313075916,0.0002771619141,0.07745291544,0,0.0007303485412,0.0003903333672,0,0.0006039315802,0.02020882817,0.009370252273,4.016866803e-05,0.02996637655,0.002291403844,0.00736760941,0.0535683192,0,0.09477747293,0.0008279215226,0,0.002021767376,0.04286419044,0.1102025935,0.0006873281711,0.001671994731,0.004860211089,0.01562716107,0.000406590565,0,0.00330865575,5.407918265e-05,0,7.057934811e-05,4.471854792e-05,0.003847142504,2.399443914e-05,0.0009136070624,0.0006938270642,2.974317895e-06,0.0001693051568,0.1395230871,-0.00152303577,-0.00119215391,-0.0227607028,-0.02375836982,-0.00107300202,-0.1594638206,0,0.06956049103,0.001355866272,0.0006443566821,0,0.07842195151,0.01491072194,0.004951433367,-0.2834767619,0.07624689671,-0.01190167676,-0.0001597524146,0.0006462325002,0.001054672919,0.07107183165,0,0.003860980005,0.001307929859,0.03819342741,0,0.001311412262,0.0001100759671,0.010655158,-0.1584100567,0,0.0003858001539,0.0004218902897,0.0002307415618,0.02089365715,0.07816832701,0.07842195151,0.001311412262,0.02751760748,0.0009218105687,0.06956049103,0.003860980005,0.005666731777,0.0004913718039,0.08030021017,0,-0.1820150245,-0.003992664576,-0.002011645897,-0.03069867797,-0.0009237924792,0.01491072194,0.0001100759671,0.005666731777,-0.003195951754,0.001355866272,0.001307929859,0.02751760748,0.01853144483,-0.1448922357,0,0.007113166254,0.0006714844703,8.642015517e-05,1.607513004e-05,0.0009892444736,0.004951433367,0.010655158,0.0004913718039,0.01853144483,0.0006443566821,0.03819342741,0.0009218105687,-0.003195951754
1,1,1,1,0,1500,500,v1,0.001240415592,0.002933022753,0.006294534568,0.0001147465431,0.006269465831,0.003780428583,0.006640237006,0.01235182559,0.008525133336,0.002041234705,0.02189455269,0.002901748748,0.1326351558,0.008677161231,0.002072917886,0.1160358181,0.02543848644,0.01533916666,0.0131783128,0.05011778615,0.0345909037,0.001631332132,0.08883759744,0.01177390518,0,0.01803944608,0.004309507388,0,0.02474125302,0.05309698748,0.02739714716,0.05601312971,0.07191300535,0.003391469542,0.01721865412,0.02447744393,0,0.03898129252,0.000609227757,0,0.001479195333,0.007506231147,0.03410276967,0.0001368352285,0.004508160289,0.0004794463022,0.002434171956,0.02610924947,0,0.002629257906,0.000172009409,0,9.977057638e-05,0.0002359123607,0.002300205329,9.229429889e-06,0.0005042731029,0.0002612367958,0.0005340954093,0.0009934966686,-0.3358618597,-0.000150272394,0.009376700469,0.008316680033,0.01840155268,0.02543603771,0.01139602302,0,0.136510884,0.01377410232,0.002565754438,0,0.1194199255,0.02105971436,0.002057591177,0.021291745,-0.248143805,0.02037297105,0.002922053208,-0.07506713117,-0.1026271046,0.04377483247,0,0.0008066659745,0.03216743726,0.05872003057,0,0.0001137510174,0.07293505775,0.01905808467,0.1082325474,0,-0.04402634457,-0.007061492272,-0.08020321106,-0.06999582664,-0.0935146437,0.1194199255,0.0001137510174,0.02786593813,0.01013183412,0.136510884,0.0008066659745,0.05491089538,0.06040233363,-0.3862888925,0,0.07260447951,0.001057208652,-0.0005593913947,0.009827069882,0.03016828853,0.02105971436,0.07293505775,0.05491089538,0.04288423626,0.01377410232,0.03216743726,0.02786593813,0.01463144573,-0.3273944495,0,0.004918785183,0.0004308291108,9.605246052e-05,0.0007581804805,0.001481022879,0.002057591177,0.01905808467,0.06040233363,0.01463144573,0.002565754438,0.05872003057,0.01013183412,0.04288423626
1,1,1,1,3,1500,500,v1,0.02779258708,0,0,0.1330388956,0.002816886138,0.1927087928,0,0.007282613118,0,0,0.06485779961,0,0.004396046926,0.00862860411,0.05712576714,0.006462668479,0.0006832827716,0.04674473571,0.004861762852,0.001766519423,0,0.005086961429,0.01573234235,0,0.08461801688,0.0327860068,0.2170601138,0.01098596697,0,0,0.01847318383,0,0,0.01932886825,0,0,0.003180427542,0.0006278168442,0.00815835669,0.0004129152776,0.000962788284,0,0.0009229592401,0.004608721369,0.006675800544,0.0007264890764,0,0.002246798019,0.002016760502,0.0003981088068,0.0007814118785,0.0002618362505,0.0006105196101,0,0.0005852633697,0.0029224647,6.187852257e-05,0.0004402843374,0,0.000159977123,0.08275229524,-0.1603035711,0,0,-0.01002814692,-0.2568003032,0,0.1188737279,0.003494841728,0.03498574497,0.2267801898,0.01544075027,0.004404216256,0.01971503506,0.02022559403,-0.5324682805,-0.006703710238,0.01340966435,0.06165997679,0.0023991287,0.06218111891,0,0.01544075027,0.03917395761,0,0,0.1188737279,0.1877180986,0,0,0.09098444419,-0.09539535305,-0.05109081234,-0.2351789744,0,0,0,0.004404216256,0.1877180986,0.003100652843,0.2083635159,0.003494841728,0.03917395761,0.008013658806,0.07019970388,-0.6244202319,0.003588392585,0.001093828143,0.00884847546,0.005529437543,0,0.008910370275,0.01971503506,0,0.008013658806,0,0.03498574497,0,0.003100652843,0,-0.2975011447,0.002263974923,0.0003438434331,0.001213961342,0.003512762537,0,0.0002194771189,0.02022559403,0,0.07019970388,0,0.2267801898,0,0.2083635159,0
1,1,1,1,3,1500,500,v1,0,0.06259873113,0,0,0,0,0.2590189842,0,0,0,0,0,0,0.009894839472,0,0,0,0,0.02075336357,0,0,0,0,0,0.05927486234,0.01595140508,0,0.1524172213,0.05109539976,0,0.03345635977,0.2114208756,0,0,0,0,0.01084871298,0,0,0.02789598527,0,0,0,0,0,0,0,0,0.009664500335,0,0.002600805024,0.02485094403,0,0.008330875663,0,0,0,0.005454909339,0.03447122511,0,0.1746358598,0,-0.1881962876,0,0,0,0,0.05801276575,0,0.005334781756,0,0.1493907128,0,0.01334087904,0,-0.03578070208,0,0.02333026155,0,0,0,0,0.1493907128,0,0.009029696933,0,0.05801276575,0,0.01131094471,0,-0.04140444518,-0.211048311,-0.04375848818,0,0.1319313896,0,0,0,0,0,0,0,0,0,0,-0.1766219643,0.03835297869,0,0,0,0,0,0.01334087904,0.01131094471,0,0,0.005334781756,0.009029696933,0,0,-0.2493884559,0.03442634676,0,0.007977786096,0,0.04270447033,0,0,0,0,0,0,0,0,0
1,1,1,1,1,1500,500,v1,0.2004123812,0.1786600113,0.1676150708,0.05891994732,0.005842283985,7.184005778e-05,0.0181538537,0.008036019235,0,0.03461385782,0.0006257491836,0,0.0291265068,0,0,0.146679828,0.002539263158,3.122422882e-05,0,0.003492738051,0,0,0.0002719727168,0,0.0002839422057,0,0,0.0006959620814,0.01053927326,0.009887724848,0,0.001070907941,0,0,0.002041894565,0,0.0006028834165,0.008393634383,0,0.001477709157,0.02510216859,0.02099422072,0.04226997956,0.007379875645,8.998152864e-06,0,0.00433547513,7.837670212e-05,5.263361433e-05,0.000732790624,0,0.000129008647,0.002191498098,0.001953637158,0.003690301875,0.0006442863046,6.388504624e-05,0,0.0001985113675,8.787341762e-05,0.09242709234,-0.2592376155,-0.1967231774,-0.202123252,-0.0135870635,-0.0006603048133,0,0.0004746710178,0.02987059314,0,0,0.001056575772,0.1502725085,0,0,0.04049436655,-0.1746103971,0,0,0.005847477567,0.000274355194,0,0.001056575772,0.2596475087,0.2491578299,0.2051530904,0.0004746710178,0.07638258638,0.0253188197,0.04234844955,-0.3728561836,0.000354558129,0,0,0.01159098469,0.01190435317,0,0.1502725085,0.07638258638,0.004798644125,4.872951763e-05,0.02987059314,0.2596475087,0.006584397031,0.0004164230533,-0.6166894255,-0.00153959831,0.05009678575,0,0.03239109221,0.02521787185,7.584790586e-05,0,0.0253188197,0.006584397031,0,0,0.2491578299,0.004798644125,0,-0.5454169466,0.0001642089856,0.004418209725,0,0.002826459385,0.002147759922,0.0001508918317,0,0.04234844955,0.0004164230533,0,0,0.2051530904,4.872951763e-05,0
1,1,1,1,0,1500,500,v1,0,0,0,0,0,0,0,0,0,0,0,0,0,0.1032485533,0,0,0,0,0.2357403283,0,0,0,0,0,0,0.05811225106,0,0,0,0,0.1326837104,0,0,0,0,0,0,0,0,0,0,0,0,0,0,0,0,0,0,0,0.1432171889,0,0,0,0,0,0,0.326997968,0,0,0,0,0,0,0,0,0,0,0,-0.01957562852,0,0,0,-0.06018293468,0,-0.2274611882,0,0.2806335643,0,0,0,0,0,0,0,0,0,0,0,0,-0.1350929721,0,0.1882653481,0,0,0,0,0,0,0,0,0,0,0,0,0,0,0,0,0,0,0,-0.06018293468,0,0,0,-0.01957562852,0,0,0,0.4688989119,0,0,-0.4157265363,0,0,0,0,0,0,0,0,0,0,0
1,1,1,1,3,1500,500,v1,0,0,0,0,0.0004459727298,0,0,0.0005435338737,0,0,0,0,0.005879143863,0.005203017317,0,0.002535780031,0.002479603344,0,0.02590832775,0.003022042203,0,0,0,0,0,0.003593040766,0,0,0,0,0.01789147952,0,0,0,0,0,0,0.002480893683,0,0,0,0,0.001070053873,0,0,0,0,0,0,0.1212895105,0.107340701,0,0,0,0.0523143379,0,0.05115538635,0.5345010196,0,0.06234615581,-0.1079805582,0,0,0,0.0009889366828,0,0,0,0.1692100709,0.1477809453,0,0,0.0729718218,0.7359282101,0,-0.9025940208,0.008409789585,0.03109827535,0,0.005500307399,0,0,0,0,0,0,0,0,0,0,-0.6105964548,0,0.0214570205,0,0,0,0,0.0729718218,0,0.07232026617,0,0.1692100709,0,0.08816716672,0,-0.1650008185,0,0.003546224369,0,0,0,0,0.7359282101,0,0.08816716672,0,0.1477809453,0,0.07232026617,0,0.0710005536,0,-0.173410608,-0.6416947299,0,0,-0.1134808656,0,0,0,0,0,0,0,0
1,1,1,1,1,1500,500,v1,0,0,0,0,0,0,0,0,0,0,0,0,0,0,0.3346855316,0,0,0,0,0,0,0.06550799563,0,0,0,0,0.04931352786,0,0,0,0,0,0,0.009652136297,0,0,0,0,0.452310148,0,0,0,0,0,0,0.08853066058,0,0,0,0,0,0,0,0,0,0,0,0,0,0,0,0,0,0,0,0,0,0,0,0,0.1059896981,0,0,0,0.02069775919,-0.4684483833,0,0,0.3839900789,0,0,0,0,0,0,0,0,0,0,0,-0.1434210566,0,0,0.05896275206,0,0,0,0,0,0,0,0,0,0,0,0.4429528306,0,0,-0.5274111363,0,0,0,0,0,0,0,0,0,0,0,0,0,0,0,0,0,0,0.02069775919,0,0,0,0.1059896981,0,0,0
1,1,1,1,0,1500,500,v1,9.248327139e-06,0.002565141099,6.963803669e-05,0.0004007914805,0.0004306095459,0.001071609573,0.003223319315,9.550963623e-05,0.006119043037,0.002880500495,0.009182394565,0.005102327491,4.307028038e-05,0.0002292865148,0,0.0003394936951,0.0001516108279,0.0003772968252,0.0007874543722,3.362743618e-05,0.002154418521,0,0.003232976267,0.001796449017,0.364957491,0.008340852124,0,0.1465816759,0.03285411204,0.0008919181329,0.02864555937,0.04128400343,0.07837218997,0,0.03689320873,0.06535018254,0.01133851283,4.867695702e-05,0,0.004554004928,3.68006485e-06,2.771014554e-05,0.0003836873097,0.0001594816681,0.0004264114648,0,0.001146199573,0.00365382917,0.07528548326,0.0003232053699,0.001720597874,0.03023769228,2.443490296e-05,0.006777330958,0.002547607871,0.001058926743,0.001137708724,0.00590916705,0.008516296351,0.0002523449547,-0.2308199624,8.039941978e-05,0.005729506482,0.002893396881,0.000212210746,-0.008177274476,0.01117677555,0.4175379377,0.0003766017531,0.009619535512,0,0.1678181453,0.002718047879,0.03301376801,0,-0.1702972582,0.0003192588552,0.001002699772,0,0.0001057266776,0.002723207843,0.003916976408,0.1678181453,1.954844908e-05,0.03535120526,0.001184873685,0.4175379377,0.0008279578297,0.04446320364,0.04889450385,0.1693653036,-0.5112931974,-0.036864453,0,-0.07393156856,-0.03743778138,-0.143458662,0.002718047879,0.0008279578297,0.0009372742621,0.0004071966457,0.0003766017531,1.954844908e-05,0.0002043135064,0.003519980388,-0.4491641979,0.01587091057,0.0003567631659,0,7.258316768e-05,0.001158132884,0.002835948606,0.03301376801,0.04446320364,0.0002043135064,0.1050041671,0.009619535512,0.03535120526,0.0009372742621,0.08754319831,-0.598339158,0.105184898,-0.002739121776,0.007439550914,-0.0007179867718,0.01499245618,-0.001078995937,0,0.04889450385,0.003519980388,0.08754319831,0,0.001184873685,0.0004071966457,0.1050041671
1,1,1,1,4,1500,500,v1,0,0.002462133454,0,0,0.01574089018,0,0.02710451022,0.004955086961,0.001420907262,0,0,0.01558064988,0.02495160423,0.08196729774,0.001194960802,0.3642691801,0.1153848606,0,0.008560582036,0.03632208929,0.01041562355,0.0001586465651,0,0.1142102572,0.005943599012,0.00953789624,0.0001390482845,0.008357835445,0.002100115141,0,0.0009961282788,0.02311921484,0.001211985017,1.846046555e-05,0,0.01328975839,0.01096747787,0.005357568271,0.0002565800586,0.01542236868,0,0,0.07821529164,0,0,3.406433493e-05,0,0,1.75327158e-05,8.564660262e-06,2.813534758e-05,2.465434718e-05,0,6.195021204e-06,0.0001250357189,0,3.960595566e-05,2.93842737e-06,6.819817799e-05,1.246758933e-05,-0.258680186,0,-0.009841226897,0,0.02044177059,0,0.01693997307,0.007760966247,0.02935421702,0.1082934762,0.001261661946,0.010077991,0.4284586088,0.01131566685,0.0001686192159,0.1459744616,-0.3885046389,-0.09017874988,-0.001278197254,-0.1512449764,0,-0.124559902,0.010077991,0,0.001029080947,0,0.007760966247,0,0.009844676494,0,-0.2307541388,0.01025219727,0.01040830349,0.0001206634803,0.002518286328,0,0.01448063014,0.4284586088,0,0.1491900781,0,0.02935421702,0,0.04693672381,0,-0.3792361284,-0.02218515888,0.08316256403,0.0002040129982,0,0,0,0.01131566685,0.009844676494,0.04693672381,0.01167777419,0.1082934762,0.001029080947,0.1491900781,0.128031174,-0.5351716249,4.032344965e-05,0.000133522832,3.101750619e-05,0,7.376894409e-05,5.200430937e-05,0.0001686192159,0,0,0.128031174,0.001261661946,0,0,0.01167777419
1,1,1,1,4,1500,500,v1,0.005774146615,0.0002941254636,0.002170190497,0.004359520481,0.0098092385,0.0008688118733,0.0001940168088,0.01182744731,0.0005233092449,0.001225960495,0.002593535829,0.002845318149,0.0006886075788,0,0.0008140218344,0.003923540845,0.001336417502,0.0001183675362,0,0.001611379678,7.129601687e-05,0.0004099712113,0.000353345132,0.0003876481311,0.0005475276886,0,0.01570891507,0.01239220121,0.0007733028712,0.005705777807,0,0.0005101012115,0.001375863676,0.007911585004,0.003223246158,0.007480796348,0.0008867669668,0.02152213524,0.02544190413,0.02007020816,0.02458715196,0.009240985222,0.1226285903,0.01856346915,0.003699526697,0.01281347479,0.005220317216,0.01104365091,0.001807290823,0.04386356162,0,0.04090443642,0.05011027221,0.002552534258,0.2499253289,0.0378336008,0.08512835647,0,0.001683752726,0.1026431512,-0.2617286501,0.009821093257,0.000378131116,0.002941648056,0.02146823641,0.002394433242,0.0008000278263,0.0008002014986,0.03253833647,0,0.02037906231,0.01289820255,0.1851096965,0,0.009978464686,-0.3552082128,0.004592487347,0,0.001154328251,0.002918721406,0.0004215735702,0.0001863837148,0.01289820255,0.0298692565,0.002543254585,0.005191326854,0.0008002014986,0.02261773254,0.001622660841,0.003146870304,-0.05963857627,0.01095840235,0,0.007869969562,0.0007541936381,0.003335726532,-0.007359955125,0.1851096965,0.02261773254,0.1108719016,0.004223612304,0.03253833647,0.0298692565,0.1335910485,0.01264964179,-0.373740815,0.01994236414,0.1420752629,-0.02926264915,0.04061858362,-0.01183617269,-0.01406484287,0,0.001622660841,0.1335910485,0.001525613376,0,0.002543254585,0.1108719016,0.008034701997,0.2535274759,-0.04003303582,-0.2917664387,0,-0.08543100294,-0.003909601703,-0.1873622574,0.009978464686,0.003146870304,0.01264964179,0.008034701997,0.02037906231,0.005191326854,0.004223612304,0.001525613376
1,1,1,1,4,1500,500,v1,0.235578243,0.04169484481,0.003680627365,0.0372620688,0,0.0304892493,0.02039218307,0,2.17100736e-05,0.003323797519,0.006786586522,0.0003850598345,0.0001272731378,0.0005117486355,0.004142615184,0.0001106306371,0,0.002991913394,0.001339156717,0,2.130411915e-06,0.005069900753,0.0006659684834,3.7785964e-05,0.0004360833793,0.0003422696188,0.002770679239,9.815735556e-05,0.002736505379,0.0002415659928,0.0008956597584,0.001338374538,1.424869992e-06,0.00339086981,0.0002181466278,2.527214847e-05,0.002034760237,0.00039718434,0.01292795877,0.0004580011383,0.07214277282,0.001127144258,0.000345247688,0.01141102391,0.009336936036,0.01582176113,0.001017869759,0.002078303852,0.008457781818,0.001650955443,0.006638275835,0.001903749458,0.2998721034,0.05307417466,0.001435073069,0.04743160831,0,0.01737120739,0.02595760438,0,-0.2238603831,0.1743408951,0.03935545513,-0.006707207268,0,-0.0366172609,-0.0003919582956,0.009217853012,0.001753938993,0.008752253661,0.009099168363,0.002048106312,0.001512459112,0.02301732336,0.01168811021,-0.07268826087,0.0002141976366,0.001495112795,0.007532265689,0,0.003130441584,2.840558569e-05,0.002048106312,0.004896763372,0.01829680341,0.003648557484,0.009217853012,0.007621544542,0.008510219267,0.003238296742,-0.07675271062,0.0004941411521,0.0008553059126,0.005608602049,0.004033159534,0.0003868217185,1.963374513e-05,0.001512459112,0.007621544542,0,0.02789586324,0.001753938993,0.004896763372,0,0.006196761771,-0.130356408,0.002084966114,0.0006073244967,-0.02699905349,0.08296400596,0.001729149396,0.0107584026,0.02301732336,0.008510219267,0,2.76369343e-05,0.008752253661,0.01829680341,0,0.0004882415135,0.3064445616,-0.01008974682,-0.002999120867,-0.02353013671,-0.2656504397,-0.06125996315,0,0.01168811021,0.003238296742,0.006196761771,0.0004882415135,0.009099168363,0.003648557484,0.02789586324,2.76369343e-05
1,1,1,1,2,1500,500,v1,0.0004840762249,0.003899139536,0.0004281496805,0.000271597404,0,0,0.007189873164,0,0,0.0001106289759,0,0,0.001410590061,0.003648259499,0.005697432601,0.0009656040504,0,0,0.002727941064,0,0,0.009615103346,0,0,0.007763132139,0.04097303702,0.06398698256,0.2075983658,0.0198090674,0.00217515834,0.03063708331,0.03652720832,0,0.1079857355,0.0005620360131,0,0.002705886422,0.005521865687,0.02230304782,0.07235965963,0.0008571988711,0.0007581645285,0.003779932966,0.000480942827,0,0.03763907793,0.0001959010345,0,0.006207706213,0.01266798179,0.03276365415,0.1660038296,0.001966541801,0.01584011049,0.008671728852,0.001103354432,0,0.02449861847,0.02920859442,0,-0.02730418933,4.110331854e-05,0.009399008826,0.0002310091609,0,0,0,-0.002155167571,0.008758290308,0.01536282228,0.05463718414,-0.03898842742,0.006000319998,0.009582661061,0.09187282553,-0.1472334777,0.002272654651,0.006242900447,0.01457518827,0,0,0,-0.03898842742,0.001743912671,0.01050274716,0.001986737182,-0.002155167571,0.0009279188192,0.01080274011,0.0004855460888,0.3028048422,-0.1431031703,-0.04829821891,-0.1702612265,-0.04138754867,-0.002481123745,0,0.006000319998,0.0009279188192,0,0,0.008758290308,0.001743912671,0,0,-0.2255573216,0.07434835323,0.008268798528,0.05801269828,0.0008127877298,0.0006019257367,0,0.009582661061,0.01080274011,0,0,0.01536282228,0.01050274716,0,0,-0.1314033318,0.09618388033,-0.02038052671,0.02542499626,-0.002635112041,0.01778488168,0,0.09187282553,0.0004855460888,0,0,0.05463718414,0.001986737182,0,0
1,1,1,1,1,1500,500,v1,0.0006860334585,0,0.00153783268,4.300031017e-06,1.756664539e-05,1.336080847e-05,0,5.160208825e-05,0.002838035456,0.003830845039,4.6969686e-05,0.0009209947149,0.002481689154,0.003526831311,0.006487988464,0.002332990837,3.978031219e-05,3.025604037e-05,7.43318001e-05,0.0001168548197,0.006426835284,0.01153345587,0.000106364575,0.00208562628,0.05452891552,0.04057902187,0.07464950903,0.004073278362,0,0.0400687067,0.0008552469556,0,0.07394589266,0.1327016568,0.09981385379,0.0239968025,0.01366840138,0.007157397422,0.01871189703,0.001021021655,0.004480561053,0.0100437568,0.006728539138,2.808398229e-05,8.726093072e-05,0.03326344365,0.02501967633,0.0003067642593,0.08996119685,0.0471077795,0.06694681785,0.006720049227,0.02948966918,0,0.04428516672,0.0001848400986,0.0007551155921,0.001410976892,0,0.002218154949,-0.2220207154,0.0006825046432,0,0.005225773384,6.301903921e-05,1.382141306e-05,0.003675697121,0.03344243976,0.05597740701,0.03419575404,0.07394995254,0.002592870856,0.05266474445,0.0007413594855,0.1314888519,-0.3557829309,0.004797516518,0.003590406273,0.01789161937,0.0001549063481,2.634434709e-05,0.008451860177,0.002592870856,0.03645123008,0,0.04285273863,0.03344243976,0.0002285273825,0,0.106720012,-0.0183564641,0.05364767653,0.03877633912,-0.2064065923,0,-0.139522722,-0.09749995519,0.05266474445,0.0002285273825,0.001016902943,7.092379879e-05,0.05597740701,0.03645123008,0.002928646513,0.0002122777753,-0.4764868474,0.01462150232,0.0137439954,0.05155577037,0.004444782245,0.03458178094,-0.0002289668095,0.0007413594855,0,0.002928646513,0.09664961896,0.03419575404,0,0.001016902943,0.03140897827,0.1345226481,-0.09229271914,-0.09096961287,-0.06565815457,-0.02958045842,0,-0.002848291692,0.1314888519,0.106720012,0.0002122777753,0.03140897827,0.07394995254,0.04285273863,7.092379879e-05,0.09664961896
1,1,1,1,4,1500,500,v1,0,0,0,0,0,0,0,0,0.02013063412,0,0,0.03108688836,0,0.00572347772,0.0206242892,0,0,0,0.02399755134,0,0.01220861483,0.01445515611,0,0.01885324844,0,0.02859081041,0.1030256727,0,0,0,0.119876319,0,0.06098638084,0.07220865493,0,0.09417869309,0,0,0.1461067675,0,0,0,0,0,0,0.1024033416,0,0,0,0,0.0241763306,0,0,0,0,0,0,0.1013671693,0,0,-0.1211195253,0,0,0,0,0,0.04699697539,0,0,0.004338605263,0.04751533357,0,0,0.02291029816,0.03261597269,-0.2401112275,0,0.02929594107,0.03482587144,0,0,0.03028005879,0,0,0,0,0,0,0,0,-0.02835172797,0,-0.08045220313,0.1144941587,0,0,-0.1513995841,0,0,0,0,0,0,0,0,0.1493200302,0,0,-0.2027409009,0,0,0,0.02291029816,0,0,0.04336701034,0.004338605263,0,0,0.0678168147,-0.05115626206,0,0,0.03299032646,0,0,0,0.03261597269,0,0,0.0678168147,0.04751533357,0,0,0.04336701034
1,1,1,1,0,1500,500,v1,0.1299836252,0,0,0.1008371834,0,0,0,0,0,0,0,0,0.100331206,0,0,0.0884214641,0,0,0,0,0,0,0,0,0.09740023771,0,0,0.02652501846,0,0,0,0,0,0,0,0,0.03773424026,0.1262802351,0,0.01027617019,0.09595684538,0,0.1112902328,0.0744402843,0,0,0,0,4.330188412e-05,0.0001449127389,0,1.179240732e-05,0.0001101151678,0,0.000127710979,8.542386286e-05,0,0,0,0,0.1278780829,-0.198544554,0,0,0,0,0,0.08917656034,0.04871148645,0,0,0.02419512878,0.0414656026,0,0,-0.186314917,0.1261968578,0,0,0,0,0,0.02419512878,0.05977679118,0,0,0.08917656034,0.04622291528,0,0,0.04703717639,-0.1226183024,0,0,0,0,0,0.0414656026,0.04622291528,0,0,0.04871148645,0.05977679118,0,0,-0.1944436161,0.04698218494,-0.1865868769,0,0.1276826467,0,0,0,0,0,0,0,0,0,0,-0.2068880438,5.499141123e-05,0.0002719599848,0,0.0001954363699,0,0,0,0,0,0,0,0,0,0
1,1,1,1,2,1500,500,v1,0,3.060920543e-07,0.01171429182,0,1.387680965e-05,2.200292536e-05,2.264493435e-06,3.461754128e-05,0.004729441378,0.003243945921,1.943156288e-06,0.0005783076521,8.39672625e-06,1.420007985e-06,0.01486658635,2.677533289e-05,2.715685616e-05,4.305962927e-05,1.303090599e-06,6.774637779e-05,0.009255496216,0.005384502768,3.802748409e-06,0.001131745561,0.003361801807,4.826777907e-07,0.005053331479,0.2453519503,2.036143802e-07,0.007792421382,4.429361652e-07,1.506355427e-06,0.003146054467,0.001830257243,0.002157893447,0.0003846939262,0.0007006473527,5.948451204e-07,0.001053186216,0.0511348391,0,0.001624051543,1.896831651e-06,0,3.050451997e-06,0.0003814516637,0.0004497357125,2.693962227e-07,0.008438408187,7.16415457e-06,1.211562268e-06,0.6158542428,0,5.110893953e-07,2.284493001e-05,0,2.317044874e-05,1.111807411e-06,3.781080117e-06,5.780175601e-05,0.0004509559337,0,-5.539358612e-07,-0.01024163149,-1.895981658e-05,-1.083981054e-05,0.004524737277,0.006584552825,1.184425286e-05,1.102119101e-06,0.01305454885,0.478463406,3.782658962e-05,1.097100514e-06,0.004794716418,0.015580374,-2.179268969e-05,-1.113712854e-06,-0.01962485411,-3.687498118e-05,-4.113536651e-05,-0.009553967109,0.478463406,0,4.132399285e-07,0.004097973713,0.006584552825,0,2.960656529e-06,0.001195179664,-0.6026414777,0.2478081688,6.435592362e-07,0.006305992167,1.382824183e-06,0.004698761245,0.003409527261,3.782658962e-05,0,5.724602594e-05,7.194862604e-05,1.184425286e-05,0,8.320954136e-05,5.952463152e-06,-0.3941370526,0.05182341034,1.515862579e-06,0.001419351762,0,0.002014101326,4.111750309e-08,1.097100514e-06,2.960656529e-06,8.320954136e-05,0.002145955511,1.102119101e-06,4.132399285e-07,5.724602594e-05,0.0002835983221,0.2995558265,-0.6229968866,-1.283706786e-05,-9.959927911e-07,0,-3.078152629e-06,-3.780224717e-05,0.004794716418,0.001195179664,5.952463152e-06,0.0002835983221,0.01305454885,0.004097973713,7.194862604e-05,0.002145955511
1,1,1,1,2,1500,500,v1,0.06230117931,0.02003143288,0,0.1400011006,0.03728724556,0.0004144218645,0.01526474615,0.004801643177,0.0009246907281,0,0.002076184083,0.09291573982,0.0003005526834,9.188712123e-05,0.005070208138,0.0001385705302,0.002760230504,3.067804701e-05,3.353175568e-06,0.0003554470642,6.845127647e-05,0.002025211247,0.0001536918738,0.006878192677,0.0002461774235,0.0001441125353,0.007951936458,0.0005531469995,0.002325649044,0,5.259002849e-06,0.001772236789,0.0001073565791,0.003176270225,0,0.01078751594,0.003833493379,0.0073403069,0.1238281534,0.008613646734,0.1126354048,0,0.00338426597,0.2531104677,0.0007492406243,0.04946111916,0,0.003753569953,8.895974332e-05,0.0001703385798,5.207713187e-05,0.000199887603,0.002613808271,0.0008404066427,7.85350077e-05,0.00587366144,0.00156436382,1.900416118e-06,0.0006404231859,0.0002014500334,-0.3300275907,0.1994364711,-0.03506994674,0,-0.04203539908,0.00189047823,-0.09359190408,0.005166899278,0.01030066343,6.241173935e-05,0.1656873503,0.01162843164,0.004749270461,2.668954955e-06,0.06606901631,-0.2971571802,0.0004353847294,1.649694951e-05,0.007024254371,0.003098192493,0.000173949019,0.006880228751,0.01162843164,0.07153808605,0.02516403978,0,0.005166899278,0.1607736275,0.01919942948,0,-0.297905907,0.0007910798429,-5.84901723e-05,0.01109882972,0.004042648605,0,0.01088002227,0.004749270461,0.1607736275,0.04940602389,0.0005197540757,0.01030066343,0.07153808605,0.006363295819,0.002385080235,0.229850184,-0.01226844385,-0.01071480424,-0.1726273288,-0.3627840823,0,-0.004000983456,2.668954955e-06,0.01919942948,0.006363295819,0.001120225427,6.241173935e-05,0.02516403978,0.04940602389,0.1126272539,-0.2551108923,0.0002804767258,0.0002461303356,-1.393906703e-06,0.00847313572,0.001451651936,0.001757660089,0.06606901631,0,0.002385080235,0.1126272539,0.1656873503,0,0.0005197540757,0.001120225427
1,1,1,1,2,1500,500,v1,0.07366072078,0.06576233363,0.1196666157,0.01887918328,0.01446548733,0.006575901527,0.05078639449,0.01121976525,0.001374356951,0.05911104388,0.01897367505,0.01077288298,0.007323608488,0,0.007112916283,0.04372614774,0.03226475258,0.01466731337,0,0.02502528546,0.003065454067,0.001020076282,0.04232010419,0.02402853053,0.01306148883,0,0.001179368017,0.0004525789874,0.02432059158,0.04425577264,0,0.01878210657,0.000508272323,0.0001691353158,0.02186077465,0.003984087435,0.01750341116,0.001627259363,0.001580444891,0.0006064910516,0.03650588605,0.05930617823,0.009715672736,0.009356429127,0.003258984018,0.0002266544811,0.0292951387,0.009403258777,0.00495040179,0.0004602295856,0,0.0001715308153,0.01032477624,0.009217685797,0.00274783488,0.002646231816,0.002027578855,0,0.007118558623,0.001572636874,0.1390499289,-0.08574764749,-0.1129265601,-0.1616249318,0.00808738016,0.01220430755,0.001199715635,0.02278904837,0.008800171485,0,0.007726699696,0.0008667074429,0.04908761196,0,0.001211551724,0.05032520379,-0.04803719079,0,-0.006807856319,-0.04719717743,-0.0503503627,-0.0212949776,0.0008667074429,0.04612159799,0.04900892053,0.02411312087,0.02278904837,0.0115133308,0.03840687472,0.01225535885,-0.2222470278,-0.00387711141,0,0.0005084598995,0.03955045041,0.06171778127,0.003930749989,0.04908761196,0.0115133308,0.0306486967,0.01039756958,0.008800171485,0.04612159799,0.02283094508,0.03009352734,-0.2654932458,-0.01306665007,0.006594438434,0.0003405621349,0.03482721091,0.07566149735,0.01115199054,0,0.03840687472,0.02283094508,0.002393545349,0,0.04900892053,0.0306486967,0.0218532226,-0.2217928528,0.001173257602,0.002850896728,0,0.01249715069,0.01509891287,0.003456702702,0.001211551724,0.01225535885,0.03009352734,0.0218532226,0.007726699696,0.02411312087,0.01039756958,0.002393545349
1,1,1,1,2,1500,500,v1,8.220481448e-05,0.0002092354914,0.01224359164,0.0001965416705,0.004873323225,0,0.0002831625771,0.0008215047542,0.004383085075,0.009817220891,0,3.027295008e-05,0,0.02781357064,0,0,0.004285903846,0,0.02408124715,0.0007224824257,0.003854757895,0,0,2.662391702e-05,0.001016179135,0.2821573633,0,0.003984521145,0.001866754478,0.1092347162,0.2442944593,0.002526316187,0.03910495125,0,0.08758715329,0.0002700888111,9.729516902e-05,0,0,0.0003815022813,7.022150052e-05,0.0104587959,0,0.0001678910305,0,0,0.008386126606,0,0.0001977901735,0,0.05491940536,0.0007755513781,0.0001427524399,0.0003633470511,0,0.0003413036474,0.008462749846,0.04754972998,0.0004917248344,0.001426580777,-0.2206219828,0.0001051796252,0.0004622536615,0.02201867659,0.004166086424,0,0.00437561837,0.001069291023,0,0.2990212707,0,0.004185055432,0,0.2589385865,0,-0.4622004065,0,0.05187486927,0,0.004023676278,0,0.003842678767,0.004185055432,8.231628065e-05,0.001935174557,0.1296664607,0.001069291023,0.0001599322654,0.00264211417,0.104026336,0.2059038207,-0.004868664151,-0.5261692873,0,-0.00434091518,-0.1966295185,-0.03929477841,0,0.0001599322654,-0.0008249849125,0,0,8.231628065e-05,-6.081662378e-05,0,-0.1787647327,0.0004546353305,0,0,3.485670854e-05,0.01881564376,0,0.2589385865,0.00264211417,-6.081662378e-05,0.04629469161,0.2990212707,0.001935174557,-0.0008249849125,0.0003200303196,-0.4742573105,0.0009111311859,0,0.1023211799,-0.0003015353646,0.0008271357002,-0.007599228323,0,0.104026336,0,0.0003200303196,0,0.1296664607,0,0.04629469161
1,1,1,1,3,1500,500,v1,0,0,0.001446303445,0,0,0.003972199748,0,0,0.02639786546,0.0007567492045,0.007845212527,0.004287134841,0.0007418034024,0.002745491573,0.01943049152,0.0001054141098,0,0.002316286054,0.005095486155,0,0.01539323586,0.006940465363,0.00457473378,0.002499932348,0.06107892941,0.03611923461,0.2556243438,0.005421494149,0,0.01109529765,0.067035376,0,0.2025108739,0.09130761836,0.00580539146,0.03288869793,0.01323247728,0.002114253146,0.05537987248,0.001174542495,0,0.002403746685,0.0003004463348,0,0.006601769501,0.01978138774,0.001257712133,0.01303869092,0.003810333071,0.0006088057825,0.002253253544,0.0003382131719,0,0,8.651445844e-05,0,0,0.004181918586,0,0,-0.2377457874,0,0,0.001969065774,0,0.006795809859,0.03045381612,0.06603876472,0.001323349349,0.04672149791,0.2713448442,0.005868766753,0.000181571308,0.08671861036,0.09693284737,-0.581196783,0.0004542761796,0.007730127868,0.02620968817,0,0.005961711071,0.01782657447,0.005868766753,0,0,0.01076405585,0.06603876472,0,0,0.005727699547,0.1871355081,-0.06633877901,-0.1030663036,-0.3463264491,0,-0.01653497722,-0.2350597504,0.000181571308,0,0,0.0005023068406,0.001323349349,0,0,0.0006275446122,-0.3833977025,0.01430059966,-0.001769683384,0.0745983002,0,0.003571407852,-0.01351075523,0.08671861036,0,0,0.2410333095,0.04672149791,0,0,0.03913573022,-0.1486897623,0.004099824998,0.0003121267657,0.006376103738,0,0,0,0.09693284737,0.005727699547,0.0006275446122,0.03913573022,0.2713448442,0.01076405585,0.0005023068406,0.2410333095
1,1,1,1,2,1500,500,v1,0,0.2956513906,0,0,0,0,0.1553758757,0,0,0,0,0,0,0,0,0,0,0,0,0,0,0,0,0,0,0,0,0,0.2105994743,0,0,0.1106779091,0,0,0,0,0,0,0,0,0,0,0,0,0,0,0,0,0,0,0,0,0,0.1492558255,0,0,0,0,0.07843952481,0,0.5056788951,0,-0.4097488647,0,0,0,0,0,0,0,0,0,0,0,0,0,0,0,0,0,0,0,0,0,-0.09442025026,0,0,0,-0.04947479433,0,-0.1855734329,0,0,0,0.2815034631,0,0,0,0,0,0,0,0,0,0,0,0,0,0,0,0,0,0,-0.04947479433,0,0,0,-0.09442025026,0,0,-0.1282454018,0,0,0,0,0.224175432,0,0,0,0,0,0,0,0,0
1,1,1,1,3,1500,500,v1,0.01125994696,0.0009992079636,0.003069773887,0.06527644318,0.001255530687,0.0023218014,0.002602189802,0.0002729125797,0.001693537793,0.004064672365,0.0001836947952,0.003772550281,0,0.01004239741,0.000742988797,0,0.02700689483,0.04994274285,0.02626731711,0.005870443006,0.03642857761,0.02928877848,0.003951337924,0.08114884788,0.002866033225,0.006964753566,0.0005152886966,0.006725117478,0.01490635839,0.04579542136,0.0182173024,0.03881992056,0.02526449167,0.02031279145,0.0606374901,0.05627956198,3.34539284e-05,0,6.014735283e-06,7.849929882e-05,0.001960730565,0.0005345495418,0,0.01136679576,0.0004043027011,0.0002371021609,0.0007077943948,3.198736202e-05,0.0007316050537,0,0.00177787503,0.001716703732,0.04287928082,0.00380510841,0,0.248580828,0.004781217273,0.004650284716,0.009909462955,0.001039285104,-0.5388214745,0.075283233,0.003442098999,0.007053169765,0.00146428407,0.002458735344,0.005438750225,0.003119118347,0,0.002156690223,0.0003419634905,0.00736835703,0,0.004674678604,0.01498140781,0.1288144401,0,-0.03258451067,-0.02639205426,-0.03237680521,-0.053231719,-0.1070589444,0.00736835703,0.04441998606,0.01524488025,0.06314002108,0.003119118347,0.2574447065,0.03960601543,0.08357654944,-0.1266905398,-0.009446311643,0.02171817359,0.01593454348,-0.05317376174,-0.106102085,0.0694925389,0,0.2574447065,0.03154289656,0.06997252797,0,0.04441998606,0.006847611743,0.005535129849,-0.3819254514,0.0001113883857,0,0.0002419299209,0.0132998753,0.00123786894,0.0004345446926,0.004674678604,0.03960601543,0.006847611743,0.01509341978,0.002156690223,0.01524488025,0.03154289656,0.03309806288,-0.01226233703,0.002343273047,0,0.006312091231,-0.2898262373,0.01316439905,0.00531884896,0.01498140781,0.08357654944,0.005535129849,0.03309806288,0.0003419634905,0.06314002108,0.06997252797,0.01509341978
1,1,1,1,1,1500,500,v1,0,0.1320683686,0,0,0,0,0.2428454932,0,0,0,0,0,0,0,0,0,0,0,0,0,0,0,0,0,0,0,0,0,0.1869808435,0,0,0.3438177941,0,0,0,0,0,0,0,0,0,0,0,0,0,0,0,0,0,0,0,0,0,0.03321401964,0,0,0,0,0.06107348084,0,-0.3825853761,0,0.3147862144,0,0,0,0,0,0,0,0,0,0,0,0,0,0,0,0,0,0,0,0,0,0.03840767447,0,0,0,0.06329106919,0,0.4087388998,0,0,0,-0.4765380612,0,0,0,0,0,0,0,0,0,0,0,0,0,0,0,0,0,0,0.06329106919,0,0,0,0.03840767447,0,0,-0.1617518471,0,0,0,0,0.09395268505,0,0,0,0,0,0,0,0,0
1,1,1,1,1,1500,500,v1,0,0.01033258928,0,0,0,0,0.009804523208,0,0,0,0,0,0,0.002357654181,0,0,0,0,0.01748555095,0,0,0,0,0,0.03932833213,0.002574011791,0,0.08459373252,0.06540436118,0,0.01909016797,0.06206175041,0,0,0,0,0.02931327561,0,0,0.06305173044,0,0,0,0,0,0,0,0,0.08564188158,0,0.005605201163,0.1842123993,0,0.1424253776,0,0,0,0.04157099516,0.1351464655,0,-0.1505471962,0,0.02005242028,0,0,0,0,0.0257548289,0,0.001003556852,0,0.05482401252,0,0.00725345563,0,-0.0250901811,0,0.01958550607,0,0,0,0,0.05482401252,0,0.1005021858,0,0.0257548289,0,0.09523997881,0,-0.460133696,0.1226545721,0.0215098118,0,0.1262506339,0,0,0,0,0,0,0,0,0,0,-0.1436991501,0.08997992268,0,0,0,0,0,0.00725345563,0.09523997881,0,0,0.001003556852,0.1005021858,0,0,0.4000328664,-0.2663537222,0,-0.04659999287,0,-0.2767978305,0,0,0,0,0,0,0,0,0
1,1,1,1,4,1500,500,v1,0,0,0,0,0.04607981473,0,0,0.006125389553,0,0,0,0,0.0003724250926,0.001638032045,0,0.0003146333768,0.8236509675,0,0.002371279492,0.1094879192,0,0,0,0,0,1.085422484e-05,0,0,0,0,1.571300198e-05,0,0,0,0,0,0,5.066463439e-05,0,0,0,0,4.280266104e-05,0,0,0,0,0,0,3.907379631e-06,1.718577286e-05,0,0,0,3.301045155e-06,0,0.008641514972,2.487879945e-05,0,0.001148716544,-0.9233373028,0,0,0,0.0521728649,0,0,0,0.0004864803985,0.002403229528,0,0,0.0004085899343,0.003446462483,0,0.06210995732,-0.0006816322439,-0.00396239236,0,-0.9331268778,0,0,0,0,0,0,0,0,0,0,-0.003920574757,0,2.07800762e-05,0,0,0,0,0.0004085899343,0,1.153426129,0,0.0004864803985,0,0.1533205256,0,-0.0006744596463,0,7.774609145e-05,0,0,0,0,0.003446462483,0,0.1533205256,0,0.002403229528,0,1.153426129,0,-0.885499509,0,7.172593917e-06,4.181761757e-05,0,0,0.009789577287,0,0,0,0,0,0,0,0
1,1,1,1,3,1500,500,v1,0,0,0,0,0.006022050483,0.007355118407,0,0.002632840815,0.004677767905,0,0.002925610553,0.008357922204,0,0,0,0,0.007300412315,0.008916464109,0,0.00319174068,0.005670765218,0,0.003546659625,0.01013214326,0,0,0,0,0,0,0,0,0.03730225293,0,0,0.06664916567,0,0,0,0,0,0,0,0,0.5142880405,0,0,0.2045659138,0,0,0,0,0,0,0,0,0.07407815701,0,0,0.03238697447,-0.8898537241,0,0,0,0.008636662811,0.01027947848,0.01302990151,0,0,0,0,0,0,0,0,-0.8966147785,0,0,0,0.01045451863,0.01245713393,0.01579544464,0,0,0,0,0,0,0,0,0.02882534605,0,0,0,0,0,-0.1038919032,0,0,0.09083584789,0.7466617803,0,0,0.03972856352,0.2970354848,0.02273661241,0,0,0,0,0,-0.7185347933,0,0,0.03972856352,0.04041229058,0,0,0.09083584789,0.07218754499,0.01909118142,0,0,0,0,0,-0.1061341224,0,0,0.2970354848,0.07218754499,0,0,0.7466617803,0.04041229058
1,1,1,1,0,1500,500,v1,0,0,0,0,0,0,0,0,0.003760399672,0,0,0.0001770801561,0,0.01582418275,0.01396647251,0,0,0,0.03208573038,0,0.009318885631,0.01522291744,0,0.000438833599,0,0.151534781,0.1337450652,0,0,0,0.3072578346,0,0.08923906628,0.1457769729,0,0.004202337295,0,0,0.03525655103,0,0,0,0,0,0,0.03842828353,0,0,0,0,0.001243413079,0,0,0,0,0,0,0.002521192876,0,0,-0.08365018633,0,0,0,0,0,0.003930553958,0,0,0.2016698769,0.1274176862,0,0,0.4089192937,0.1385346669,-0.7505019272,0,0.04787845286,0.0288405926,0,0,0.009702231923,0,0,0,0,0,0,0,0,0.1663843706,0,-0.4587012333,-0.2784113673,0,0,-0.09335241825,0,0,0,0,0,0,0,0,-0.2495707749,0,0,0.07226920594,0,0,0,0.4089192937,0,0,0.1142005463,0.2016698769,0,0,0.005378902087,-0.4108227805,0,0,0.003763333217,0,0,0,0.1385346669,0,0,0.005378902087,0.1274176862,0,0,0.1142005463
1,1,1,1,1,1500,500,v1,0.006637100014,0,0,0.01063826706,0,0,0,0,0,0,0,0,0.005035026943,0,0,0.005585316105,0,0,0,0,0,0,0,0,0.04699272757,0,0,0.03106370838,0,0,0,0,0,0,0,0,0.05495326485,0.09743820821,0,0.03632588023,0.1377333771,0,0.1080874441,0.220765763,0,0,0,0,0.02002087416,0.03549922121,0,0.01323444347,0.05017977763,0,0.03937900912,0.08043059083,0,0,0,0,-0.2290058445,0.01721247472,0,0,0,0,0,-0.01690962588,0.08511983563,0,0,-0.008498369484,0.09451207829,0,0,-0.130337008,0.01058239815,0,0,0,0,0,-0.008498369484,0.1223908745,0,0,-0.01690962588,0.1952991806,0,0,-0.01750762488,0.03444628846,0,0,0,0,0,0.09451207829,0.1952991806,0,0,0.08511983563,0.1223908745,0,0,0.2986603083,-0.0506243418,-0.2048852596,0,-0.3577600224,0,0,0,0,0,0,0,0,0,0,-0.5510284615,0.03311671692,0.07454825166,0,0.1287541776,0,0,0,0,0,0,0,0,0,0
1,1,1,1,1,1500,500,v1,0.005209766014,0.02424348764,0.002694090711,0.04071692947,0.009829574285,0.06317302503,0.1203890912,0.01056635217,0.00111903142,0.02617479018,0.1004965448,0.007417252191,0.003524132833,0.0002499521884,0,0.08593364567,0.003633176421,0.0233498154,0.004227821928,0.003905501953,0.0004136128842,0,0.03714521773,0.002741541494,0.001899838398,2.107384291e-05,0,0.00140248678,0.0007554986104,8.395581603e-05,0.0003564539912,0.003751679316,3.487232099e-05,0,0.0008156836963,0.0002311434645,0.002884469162,0.0004511160758,0,0.002129354723,0.0002464938171,0.0001274676638,0.01100016681,0.001926472579,0.002988955749,0,0.001238428737,0.004754873227,0.04118043021,0.006440406548,0.0004567914398,0.03039995876,0.003519095148,0.01637600221,0.1570450492,0.02750349029,0.006639685369,0.00772640911,0.08132047883,0.007137364436,0.1458742507,-0.02594106048,-0.1136104324,-0.02881437006,-0.01344973061,-0.1581752135,-0.008075422678,0.05457314984,0.004191092888,0.0003536359142,0,0.0402954877,0.1101525454,0.005733666253,0,-0.3125402148,0.06216645317,0.002762667637,0,0.006729733369,0.05349120792,0.002129018699,0.0402954877,0.003394142944,0.01462723798,0.003734675681,0.05457314984,0.02571912841,0.06217835504,0.03617366758,-0.1600030599,0.003275046382,0.000348639619,0,0.004443705676,0.0008760134251,0.0002389304728,0.1101525454,0.02571912841,0.001934916573,0.05665759221,0.004191092888,0.003394142944,0.001203741022,0.0891033005,-0.3099248039,0.004986997786,0.01130555521,0,0.002126190402,0.001332794443,0.00751007716,0.005733666253,0.06217835504,0.001203741022,0.001134616725,0.0003536359142,0.01462723798,0.001934916573,0.007426593529,-0.05485623507,-0.07150780255,-0.1497011006,-0.007169508704,0.004406022551,0.05796299796,0.004627558851,0,0.03617366758,0.0891033005,0.007426593529,0,0.003734675681,0.05665759221,0.001134616725
1,1,1,1,0,1500,500,v1,0,0.7182893164,0,0,0,0,0.04462034928,0,0,0,0,0,0,0,0,0,0,0,0,0,0,0,0,0,0,0,0,0,0.006807341862,0,0,0.0004228741325,0,0,0,0,0,0,0,0,0,0,0,0,0,0,0,0,0,0,0,0,0,0.216416274,0,0,0,0,0.01344384431,0,0.2366831877,0,-0.7625493459,0,0,0,0,0,0,0,0,0,0,0,0,0,0,0,0,0,0,0,0,0,0.7426562362,0,0,0,0.04614300159,0,-0.533096281,0,0,0,0.007230122825,0,0,0,0,0,0,0,0,0,0,0,0,0,0,0,0,0,0,0.04614300159,0,0,0,0.7426562362,0,0,-0.7553192232,0,0,0,0,0.2294530648,0,0,0,0,0,0,0,0,0
1,1,1,1,2,1500,500,v1,0,0.002541407354,0.0007231393655,0,0.007138139637,0.001508888334,0.03132567541,0.008385817848,0.015793302,0.00201486931,0.00657196025,0.002200350508,0,0.01021953476,0.01975389816,0,0.04927251856,0.01041542086,0.007323837842,0.0578848813,0.1090166074,0.06684678953,0.04536434559,0.01518838476,0,0.002630176308,0.005084011763,0,0.004514895897,0.001284681477,0.001884917976,0.0556511191,0.02805733378,0.01720419238,0.003579483299,0.003908996904,0,0,0.006498669101,0,0,0.001642151948,0,0,0.003426481858,0.02199136404,0.004575496399,0.01492403517,0,0,0.01008203198,0,0,0.01730656789,0,0,0.04860956194,0.007225296366,0.2133227195,0.05710604624,-0.3455825736,0,0.03314470243,0.0003892167761,0.01543074884,0.007381717735,0.01771353271,0,0,0.008291717805,0.01307601684,0,0,0.005817143546,0.04579423438,0.1140331599,0,-0.007414236318,-0.08001482746,-0.03026041029,-0.05255630821,-0.1228518092,0,0,0.01562765402,0.001824342162,0,0,0.1889009647,0.005313486535,-0.3757632088,0,0.004054499027,0.01955011494,0.05845656319,-0.001199951439,0.03082162544,0,0,0.01249455496,0.0084720951,0,0,0.02636618639,0.03680972189,-0.1064500376,0,0,0.02121787841,0,-0.003947817802,0.01498671247,0.005817143546,0.1889009647,0.02636618639,0.09775150733,0.008291717805,0.01562765402,0.01249455496,0.01372346919,0.07341186697,0,0,-0.006046170276,0,-0.2279536784,-0.01107749949,0.04579423438,0.005313486535,0.03680972189,0.01372346919,0.01307601684,0.001824342162,0.0084720951,0.09775150733
1,1,1,1,2,1500,500,v1,0.0003858796963,0.1092695517,0.003169004868,0.0002888832053,5.229151248e-06,0.03751155302,0.002167080295,0.0004766569339,0,0.01531500789,0.06196741795,0,0.004442624295,0.0001991087343,0.0001840706425,0.04365139318,5.913432049e-06,0.0424202723,0.0002180259107,0.0005390317195,0,0.0001337969043,0.07007640396,0,0.00011672417,0.0007513896162,0.0006946393882,0.01495599795,0.4663182859,0.01352403204,0.0008227785986,0.00924822288,0,0.0005049181039,0.06535826419,0,4.791235228e-06,0.0006881786001,2.851320945e-05,0.0006139063077,6.759614226e-05,0.0005551276887,0.006761758964,5.060486579e-05,0.006571053878,2.072562526e-05,0.002682793271,0.01085508888,1.096938756e-06,0.0001575564007,7.061334345e-06,0.0001405519849,1.54759315e-05,0.004382319448,0.001548084181,1.158583035e-05,2.097181772e-07,7.732226599e-06,8.6912026e-05,1.911660585e-05,-0.5978146353,-0.0006343389334,0.1106919387,0.01813390323,-5.196970827e-06,0.02800055554,0,0.0001655653279,0.005515658122,0.0009203807847,0.0006923826126,0.02120805529,0.05297658528,0.001036439815,0.000549848269,0.05152141716,-0.04775288745,7.132649433e-05,5.910021725e-05,-0.000323275695,-0.06925275587,0,0.02120805529,0.000504290874,0.5288638248,0.01464863994,0.0001655653279,0.0003785746517,0.01050425729,0.07071775247,0.1374228351,-0.01498442539,-0.00138707457,-0.000927304351,-0.4747330515,-0.07826241148,0,0.05297658528,0.0003785746517,6.739482866e-06,0.01790772978,0.005515658122,0.000504290874,0.000465887641,0.01844396058,-0.1638118708,0.0005973039222,0.007094687584,4.005021288e-05,3.84809188e-05,0.003217579966,0.01701774004,0.001036439815,0.01050425729,0.000465887641,0,0.0009203807847,0.5288638248,6.739482866e-06,0,-0.4213265098,0.0001380410255,0.001663370865,1.120100797e-05,7.280996511e-06,0.004462390928,1.338791643e-05,0.000549848269,0.07071775247,0.01844396058,0,0.0006923826126,0.01464863994,0.01790772978,0
1,1,1,1,4,1500,500,v1,0.003496555389,0.006808245029,0.005581284186,0.002985073547,0.008331207222,0,0.01205628802,0.002496521029,0.007049565382,0.00328529877,0,0.001579367371,0.05413322777,0.1462950425,0.0005001583657,0.01391074672,0.04096593465,0,0.1667829111,0.01227581005,0.03466388809,0.0008130021614,0,0.007766012632,0.002061433455,0.1236244061,0.0004226512386,0.0009453405758,0.02828946391,0.0231912243,0.1409373686,0.05009601201,0.02929219272,0.0006870151418,0.01365099825,0.006562551151,0.0005284678176,0.01172702246,0.0001083506126,0.0002423469308,0.00372459604,0.005945288052,0.00301352138,0.003179756039,0,0.0001761227808,0.003499561548,0,7.076240429e-05,0.001570260813,0.004243629685,3.245051245e-05,0.0004987273814,0.0009710866373,0.0004035137262,0.0004257727242,0.001188312696,0.004837928206,0.001719635551,0.0003560885663,-0.1666541886,-0.003618650042,0.01767665011,0.008665925568,0.009212427075,0,0.008233977742,0.002316164013,0.06128725942,0.04012668948,9.375213019e-05,0.001119782704,0.01586180981,0.03935575045,0.0001858852651,0.1955517947,-0.06689858096,-0.2005614112,-0.0006923421479,-0.05257005918,0,-0.02375446295,0.001119782704,0.00496941911,0.03084662092,0.01760483004,0.002316164013,0.004461372889,0.0550420202,0.01032508102,-0.1692581653,-0.002447975815,0.1385029743,0.0002425902084,-0.07762128169,-0.03628301216,0.01305113709,0.01586180981,0.004461372889,0.04829989635,0,0.06128725942,0.00496941911,0.01447252597,0,-0.09829685706,5.711452638e-05,0.01350833481,0.0002633270101,-0.003345968502,0.008997145901,0,0.03935575045,0.0550420202,0.01447252597,0.002166226298,0.04012668948,0.03084662092,0.04829989635,0.001537795919,-0.2281064267,0.0001002301474,0.001957533189,0.009070143817,0.0006774238826,0.002685537577,0.001509350504,0.0001858852651,0.01032508102,0,0.001537795919,9.375213019e-05,0.01760483004,0,0.002166226298
1,1,1,1,3,1500,500,v1,0.005621582438,0,0,0.006976004392,0.001200340651,0.0003416694386,0,0.001251484964,0,0,0.0003084818217,0,0.007378064807,0.0005690206351,0.03132238721,6.409617376e-05,0.001172806969,0.0003338321487,0.00186644582,0.001222778122,0,0.02845450548,0.0003014057968,0,0.03301465543,0.001711660672,0.094220306,0.0331891704,0,0,0.005614421886,0,0,0.08559348287,0,0,0.06457110765,0.04340738159,0.1842790555,0.06491242955,0.03231481925,0,0.0003770971313,0.0401005097,0.001964035265,0.1674064419,0,0.001773261252,0.01346641663,0.00905268481,0.00069817284,0.01353759991,0.006739311671,0,7.864426158e-05,0.008363030933,0.001439002247,0.002290078248,0,0.001500315492,-0.06037368449,0.008239700137,0,0,-0.001342984288,0.000177796741,0,0.02893301421,0.04072497845,0.001550343224,0.08877873363,0.02769019093,0.0003542849907,0.004172338761,0.08016139088,-0.2167245968,0.006967455571,0.001154270135,0.05921329078,-0.0008411080727,0.0005507117865,0,0.02769019093,0.03145712171,0,0,0.02893301421,0.0397137438,0,0,-0.3860935598,0.06223540832,-0.005516121018,0.1751835972,0,0,0,0.0003542849907,0.0397137438,0.002500982118,0.002028580429,0.04072497845,0.03145712171,0.002322479449,0.001925850427,0.3593746357,-0.124415571,-0.04262934737,-0.3470236377,-0.0697865461,0,-0.003364795767,0.004172338761,0,0.002322479449,0,0.001550343224,0,0.002500982118,0,-0.1659348436,0.0244313592,0.008275716074,0.0005467295604,0.01409960225,0,-0.001031548685,0.08016139088,0,0.001925850427,0,0.08877873363,0,0.002028580429,0
1,1,1,1,2,1500,500,v1,0,0,0.0005955174677,0,0,0.0001932444986,0,0,0.001611099001,3.572734279e-05,0.001612357528,0.0008733285507,0.09793015265,0.002295267963,0.04320748678,0.04630174202,0,0.0007150595635,0.06011960087,0,0.005961524169,0.002677131691,0.005966181074,0.003231563832,0.01637241891,0.003094141344,0.05824595356,0.02859754658,0,0.00297054639,0.0810443685,0,0.008036446592,0.003608913634,0.0001782143009,0.004356317178,0.0007630417146,0.006152599109,0.002714570921,0.001332797621,0,0.0001384432455,0.002908971844,0,4.492461937e-05,0.000168194551,8.305733348e-06,0.0003748336888,0.02558338467,0.2062853271,0.00483487557,0.04468625184,0,0,0.09753247331,0,0,0.1266391525,0,0,-0.01438131107,0,0,9.192050415e-05,0,0.0003427127727,0.001541651304,0.02546940249,0.1536705821,0.0004502862489,0.04254705583,0.04219602165,0.07454545519,-0.0006395892916,0.002853008047,-0.4015241554,0.1381026322,0.06096680582,0.01383104764,0,-0.005641081928,0.002341467963,0.04219602165,0,0,0.003925663662,0.02546940249,0,0,0.000223749006,-0.07003048418,0.008731313234,0.03687602075,-0.04680468974,0,-0.002906106207,-0.00849696742,0.07454545519,0,0,0.0008880972432,0.1536705821,0,0,0.006649257559,-0.2494618021,0.00208003052,0.009041266549,0.002706932773,0,4.791058761e-05,0.0002734659515,-0.0006395892916,0,0,0.004540629473,0.0004502862489,0,0,0.002380142746,0.255798069,-0.05592162655,-0.2992879237,-0.09771662449,0,0,0,0.002853008047,0.000223749006,0.006649257559,0.002380142746,0.04254705583,0.003925663662,0.0008880972432,0.004540629473
1,1,1,1,2,1500,500,v1,0.0002183296931,0,4.007201934e-06,4.709686041e-05,0,0.0005611414346,0,0,0,8.701003885e-06,0.0001600785433,0,0,0,0,0,0,0.4260919545,0,0,0,0,0.1215525626,0,0,0,0,0,0,0.007994151014,0,0,0,0,0.0173580319,0,0,0,0,0,6.854180364e-05,1.258009592e-06,0,1.478545457e-05,0.0001761631479,0,2.731568443e-06,5.025460314e-05,0,0,0,0,0.3501564249,0,0,0.07553378576,0,0,0,0,-0.9980216263,0.0002653811224,0,1.265784476e-05,0,0.0007211513344,0,0,0,0,0,0,0,0,0,0.000947554721,0,0,0,0,-0.5476069493,0,0,0.5246387333,0,0.01188766317,0,0.1131892986,0,0.02582883638,1.66153435e-05,0,0,0,0,-0.02516094823,0,0,0.1131892986,0,0.6379861823,0,0.5246387333,0,0.1820028985,-0.9973361137,0,0,0,8.33170077e-05,3.957498734e-06,0.0002264033862,0,0,0,0,0,0,0,0,0.0003486981301,0,0,0,-0.4255673949,0,0,0,0.02582883638,0.1820028985,0,0,0.01188766317,0.6379861823,0
1,1,1,1,4,1500,500,v1,0,0,0,0,0,0,0,0,0.04030004238,0,0,0.8253275182,0,0.0006682433811,0.000413401432,0,0,0,0.00114171258,0,0.001242553517,0.0002899615778,0,0.02544696109,0,0.001530490131,0.0009468209188,0,0,0,0.002614885363,0,0.00284584322,0.0006641043455,0,0.05828164397,0,0,0.006592363367,0,0,0,0,0,0,0.004623912582,0,0,0,0,0.009994189135,0,0,0,0,0,0,0.01707535276,0,0,0.08774008851,0,0,0,0,0,-0.8655836271,0,0,0.01161495609,0.007827803659,0,0,0.01984693284,0.005486558082,-0.8368544453,0,0.00180656572,0.0007001484474,0,0,0.02665336431,0,0,0,0,0,0,0,0,-0.8744979677,0,0.004108368116,0.001608504241,0,0,0.0610867242,0,0,0,0,0,0,0,0,0.002308652686,0,0,-0.01118489385,0,0,0,0.01984693284,0,0,0.05433283984,0.01161495609,0,0,1.11243247,0.005914933838,0,0,-0.02688952646,0,0,0,0.005486558082,0,0,1.11243247,0.007827803659,0,0,0.05433283984
1,1,1,1,4,1500,500,v1,0.3845817124,0.000907124124,4.860345531e-06,0.06286498024,0.005890268474,0,0.00564707944,0.05747238319,0.001469571687,0.001436630847,0,0.001891211943,0.004850950842,0.002147421152,2.154156695e-05,0.005370850226,0.000579401488,0,0.000263097043,0.005653321998,0.0001445557237,1.193519206e-05,0,0.0001860307418,0.01404680015,0.01894020063,0.0001899960795,0.00248196514,0.0007870069748,4.216761226e-06,0.002320509312,0.004899319497,0.001274977852,0.0001052680943,0.001246398886,0.001640786471,0.009501237113,0.0289398966,0.0001285130979,0.001678797951,0.2256852866,2.852211738e-06,0.03204152244,0.03689125256,0,7.120320027e-05,0.0008430625641,0,0.001823641849,0.005554645773,0.002458933148,0.000322223955,0.04331742579,0.0001021740781,0.006149963477,0.00708080761,0.0006634513791,0.0003012627679,0.0006360597414,0.006473411536,0.3209287179,-0.4415228815,-0.004297548588,-0.0003970329172,-0.06300437875,0,-0.001879319687,0.005826481465,0.02738561876,0.02133522501,0.0002253573569,0.001069632011,0.03057856389,0.002619612113,0.0001262307283,-0.1251848083,0.009893986663,0.002348640375,2.522963699e-05,0.00610144927,0,0.0002307918974,0.001069632011,0.1736445552,0.0005783172874,5.329074004e-06,0.005826481465,0.02848594895,0.004243367072,0.000694685061,0.006294504207,-0.01096936737,-0.02103690023,-0.0002114013528,0.0003572071305,-0.0005653950135,-0.0001868735939,0.03057856389,0.02848594895,0.006969529963,0,0.02738561876,0.1736445552,0.06788382626,0,-0.3799989395,0.004272421092,-0.06005429396,-4.8220341e-05,0.2566383392,0.0004957518444,0,0.002619612113,0.004243367072,0.06788382626,0.001370530805,0.02133522501,0.0005783172874,0.006969529963,0.001382571267,-0.3212733256,0.002099537294,0.0115175189,0.002718368439,0.05013087246,0.0007258852178,0.007000691889,0.0001262307283,0.000694685061,0,0.001382571267,0.0002253573569,5.329074004e-06,0,0.001370530805
1,1,1,1,2,1500,500,v1,0.0001061836207,0.004668625814,0.002598932772,7.95008872e-07,0.007528713284,0.0004556167374,0.005955576198,0.0006823526584,0.0004986159821,0.001264716342,0.0006983976327,0.0001616362774,0.0827937651,0.02389528223,0,0.0410012923,0.04107034018,0.002485462481,0.1158266599,0.003722343347,0.002720030267,0,0.003809871258,0.0008817518544,2.045012217e-05,0.0156367946,0,8.971670152e-05,0.01666603064,0.009277653622,0.07579561824,0.02126017791,0.001779956151,0,0.004514776326,0.0005770081517,3.117408109e-06,0.008259066326,0,1.367637663e-05,5.778277471e-05,0.001414281655,0.004090071181,4.326262209e-07,0.0002479365379,0,0.0006882306234,0.0003800525242,4.226730123e-05,0.1119803478,0.03231888309,0.0001854308164,0.0007834463308,0.0344461579,0.05545512958,5.865751984e-06,0.05554851832,0.1566580484,0.04394156359,0.005034549426,-0.08009067353,5.759293126e-05,0.009638819968,0.001065912945,0.007077794857,0.000564126576,0.0003860006215,3.461319095e-05,0.03688256034,-0.00823418359,0,0.0001524992101,0.02151645951,-0.04638146608,0,-0.2353370309,0.08811088184,0.1007390645,0,0.03407122008,-0.005901472562,-0.002331373483,0.0001524992101,0.001005457813,0.02166387883,0.009490518979,3.461319095e-05,7.330858362e-06,0.02796246971,0.004631286422,-0.1063796704,6.452233538e-05,0.08110752656,0,0.027882619,-0.01083344769,7.644165464e-05,0.02151645951,7.330858362e-06,0.01560087369,0.002875683615,0.03688256034,0.001005457813,0.001574759311,0.004334983695,-0.06702918922,1.13852811e-05,0.01214883641,0,3.147308302e-05,0.0003529978175,0.0005302344427,-0.04638146608,0.02796246971,0.001574759311,0.002046069289,-0.00823418359,0.02166387883,0.01560087369,0.0007573275173,0.3609417354,-0.0002006492171,-0.1391923981,-0.145436158,-0.000764258464,-0.07060567139,-0.05259943694,0,0.004631286422,0.004334983695,0.0007573275173,0,0.009490518979,0.002875683615,0.002046069289
1,1,1,1,4,1500,500,v1,0.006063185914,0,0,0.0004332977797,0,0,0,0,0,0,0,0,0.001943219551,0,0,0.0007397919691,0,0,0,0,0,0,0,0,0.584175247,0,0,0.1521859153,0,0,0,0,0,0,0,0,0.003273647159,0.0007878907594,0,0.0008528313923,0.00408368221,0,0.0002999533717,0.0002918350946,0,0,0,0,0.08359016962,0.02011821037,0,0.02177642162,0.1042738182,0,0.007659088475,0.007451794245,0,0,0,0,-0.1065028997,0.006429750519,0,0,0,0,0,0.7408322775,0.02586736956,0,0,0.1931567832,0.009841851183,0,0,-0.02646031176,0.002654164586,0,0,0,0,0,0.1931567832,0.1400914424,0,0,0.7408322775,0.01001828115,0,0,0.1085540418,-0.7312134172,0,0,0,0,0,0.009841851183,0.01001828115,0,0,0.02586736956,0.1400914424,0,0,-0.7560546284,0.004119183603,0.00107473891,0,0.004322035154,0,0,0,0,0,0,0,0,0,0,-0.7126135455,0.1044348581,-0.02753505065,0,-0.1108249348,0,0,0,0,0,0,0,0,0,0
1,1,1,1,3,1500,500,v1,0,0,0,0,0.02570478589,0.2444288939,0,0.004916127571,0.0009826117803,0,0.03869529927,0.0001413647303,0,0,0,0,0.02059395109,0.1958295512,0,0.003938663062,0.0007872409062,0,0.03100158483,0.0001132574437,0,0,0,0,0,0,0,0,0.0006575376302,0,0,9.459751209e-05,0,0,0,0,0,0,0,0,0.2240928228,0,0,0.03547591574,0,0,0,0,0,0,0,0,0.1448439059,0,0,0.02770188874,0.08932038107,0,0,0,0.02857821515,0.007906602578,-0.000261133288,0,0,0,0,0,0,0,0,-0.06036360821,0,0,0,0.02373511997,0.1626918698,-0.0005193155365,0,0,0,0,0,0,0,0,-0.0007804488247,0,0,0,0,0,-0.0004771927091,0,0,0.1483318272,-0.3262660993,0,0,0.02839680846,-0.04066509661,0.1705984725,0,0,0,0,0,0.07402232476,0,0,0.02839680846,0.001614484878,0,0,0.1483318272,0.0002719774263,0.05231333511,0,0,0,0,0,-0.1701324256,0,0,-0.04066509661,0.0002719774263,0,0,-0.3262660993,0.001614484878
1,1,1,1,4,1500,500,v1,0.002961701817,0,0,0.05984109108,0,0,0,0,0,0,0,0,0,0,0,0,0,0,0,0,0,0,0,0,0,0,0,0,0,0,0,0,0,0,0,0,0,0,0,0,0.03589166922,0,0,0.725190036,0,0,0,0,0,0,0,0,0.008305388628,0,0,0.1678101133,0,0,0,0,-0.5849556177,0.06277313891,0,0,0,0,0,0,0,0,0,0,0,0,0,0,0,0,0,0,0,0,0,0.03694285561,0,0,0,0.7463308607,0,0,0,0,0,0,0,0,0,0,0.7463308607,0,0,0,0.03694285561,0,0,0.2388174965,0,0,0,-0.7609999735,0,0,0,0,0,0,0,0,0,0,-0.6982268356,0,0,0,0.1760443577,0,0,0,0,0,0,0,0,0,0
1,1,1,1,3,1500,500,v1,0,0,0,0,0,0,0,0,0,0,0,0,0.6986863218,0,0,0.1179231425,0,0,0,0,0,0,0,0,0,0,0,0,0,0,0,0,0,0,0,0,0,0.06298464285,0,0,0,0,0.01063044571,0,0,0,0,0,0,0.09392323594,0,0,0,0,0.01585221119,0,0,0,0,0,0,0,0,0,0,0,0,0,0.8127118837,0,0,0,0.1371633163,0,0,0.1832983544,-0.8165484844,0,0,0,0,0,0,0,0,0,0,0,0,0,0,0,0,0,0,0,0,0.1371633163,0,0,0,0.8127118837,0,0,0,-0.7068579466,0,0.07360781674,0,0,0,0,0,0,0,0,0,0,0,0,-0.7429406678,0,0.1096905377,0,0,0,0,0,0,0,0,0,0,0,0
1,1,1,1,0,1500,500,v1,0,4.672965285e-05,0.01202098495,0,0.07163442124,0.001281087862,0.001420197169,0.01506757142,0.03454215539,0.003729222539,0.0002597665304,0.009161744204,0.03662394835,0.001093441545,0.001532071078,0.01569562027,0.03420610163,0.0006117313555,0.006627734749,0.007194905331,0.0164942001,0.0004878944675,0.0001240409315,0.004374817971,0.02040409498,0.002124613182,0.002976892933,0.001352489162,4.335694574e-05,0.0111533718,0.01287802963,0.001317694608,0.03204907945,0.0009480040536,0.003460066348,0.008500496411,0.04368008692,0.1523405858,0.006372786551,0.002895342538,0,0.02387659194,0.06528733506,0,0.002544551236,0.002029440635,0.007407140527,0.0005159593387,0.02979778918,0.1039240757,0.003102748528,0.001975151897,0,6.331773744e-05,0.04453787488,0,0.09706319648,0.01880685285,0.00192433853,0.02041625548,-0.09591401034,0,-0.0001425758895,0.003719800655,0.02215109702,-2.111314049e-05,-0.02613797932,0.02731157696,0.03552638049,0.002427209235,0.006246051343,0.001482826294,0.01034118735,0.01199775479,0.001817741393,-0.2273959987,0.05141738534,0.006731271508,0.001218074246,0.03852158989,0.0005818349649,0.004368152282,0.001482826294,0,8.279286376e-05,0.01609219631,0.02731157696,0,0.002593080473,0.007268891157,-0.08703732922,0.006305574648,0.0009704880469,0.0003856750203,-0.0003155040358,0.006374521288,-0.01574313696,0.01034118735,0,0.04927336742,0.002161677212,0.03552638049,0,0.01018720994,0.0005885100888,0.1887485349,-0.03340475144,-0.192859638,-0.006979611092,0,-0.02566838025,-0.002394180025,0.01199775479,0.002593080473,0.01018720994,0.0441540035,0.002427209235,8.279286376e-05,0.04927336742,0.01211544255,-0.1006250629,0.007902907977,0.110863874,-0.01731840223,0,-0.001325835631,-0.1003130718,0.001817741393,0.007268891157,0.0005885100888,0.01211544255,0.006246051343,0.01609219631,0.002161677212,0.0441540035
1,1,1,1,2,1500,500,v1,0.01181348519,0.002826251858,0,0.01597501664,0.0002961772635,0.00223008781,0.0008475742219,0.0003119288041,1.398949439e-05,0,0.002467948514,0.001109282579,0.0001193197333,0.0001081612363,0.004052710646,0.0001082591851,4.104711072e-05,0.0003090671451,0.0001399909853,4.323011162e-05,1.938799482e-06,0.004171445,0.0003420321827,0.0001537351123,0.0023773406,0.002320146361,0.08693393471,0.001549718521,0.008402054163,0,0.003002920326,0.002519720421,4.158882346e-05,0.08948088303,0,0.003297743012,0.005009251673,0.005393087393,0.1831769322,0.003265384058,0.0740004059,0,0.004893165868,0.1000684977,0.01396940873,0.1885435613,0,0.01545938297,0.003448807305,0.003713073411,0.003365835639,0.0022481762,0.05094835657,0.01218885749,0.003368883676,0.06889591265,0.001277332183,0.004356335627,0.003655357668,0.001345264304,-0.1526270989,0.02735768085,0.002434016642,0,0.0002745509837,0.003530756716,-0.0001004780965,0.002437048045,0.004978661986,0.004128979001,0.1398031579,0.001366403125,0.003503834609,0.003950468518,0.1436269603,-0.2388458437,0.0002202177218,0.0001731104238,0.008160608391,5.413866635e-05,0.0005367517947,5.586791196e-05,0.001366403125,0.04476151041,0.01189140347,0,0.002437048045,0.07508870703,0.002478575773,0,-0.3735826997,0.002624785196,6.54073714e-05,0.1688666317,-0.004474065712,0,-0.002875434605,0.003503834609,0.07508870703,0.001618794095,0.01746599596,0.004978661986,0.04476151041,0.001620935869,0.01938986864,0.2563271053,-0.005747228171,-0.008578480468,-0.3659806522,-0.1489974247,0,-0.0286380849,0.003950468518,0.002478575773,0.001620935869,5.249033509e-05,0.004128979001,0.01189140347,0.001618794095,0.004327576831,-0.1345932912,0.0005868088612,0.002703265011,-0.005624816137,0.04173959891,-0.00753993709,-0.002488509627,0.1436269603,0,0.01938986864,0.004327576831,0.1398031579,0,0.01746599596,5.249033509e-05
1,1,1,1,0,1500,500,v1,0,0,0.005430134633,0,0,4.927539378e-05,0,0,0.006520101588,0.03203962984,2.845652121e-06,0.009547710725,0.0001397879739,0.001376597246,0.001240423654,9.214934222e-05,0,8.902963024e-05,0.006698947111,0,0.01178036722,0.004077476943,5.141457768e-06,0.01725058067,0.001719323123,0.0088191176,0.007946726692,0.01017475216,0,0.06285405497,0.04291654843,0,0.07547047198,0.02612220007,0.3708601704,0.1105151852,0.0005061413243,0.0002636345595,0.002339389681,0.002995284868,0,0.018503232,0.0001737899947,0,0.000167906342,0.007689959357,0.1091753233,9.696584879e-06,0.001173318388,0.0006111480362,0.006018434063,0.006943560316,0,0,0.0004028736377,0,0,0.02928755786,0,0,-0.4629538838,0,0,0.03740902521,0,2.147321863e-05,0.01594169422,0.001012063609,0.0005009684264,0.00744948496,0.006599982581,0.007390427672,0.0003243696304,0.0220573546,0.02165248921,-0.2214362368,0.0001224565737,0.007637002139,0.004940722076,0,-5.677545245e-06,0.02875274487,0.007390427672,0,0,0.05834997589,0.001012063609,0,0,0.3446237275,0.2524403371,-0.007648365162,-0.04620235339,-0.03364295016,0,-0.4330092338,-0.1855357069,0.0003243696304,0,0,0.0001283377009,0.0005009684264,0,0,8.597846929e-06,-0.4338795783,0.003356501684,8.455142181e-05,0.009867246879,0,0.1269510735,-0.0001070860386,0.0220573546,0,0,0.08561546556,0.00744948496,0,0,0.1256464362,-0.04265020675,-0.001309797373,-0.0007572333673,0.01889412489,0,0,0,0.02165248921,0.3446237275,8.597846929e-06,0.1256464362,0.006599982581,0.05834997589,0.0001283377009,0.08561546556
1,1,1,1,0,1500,500,v1,0.001191993765,0.04666127174,7.005315626e-05,0.001372808626,0.03955864238,0.008533569077,0.07831448306,0.0144861051,0.04899443601,0.001503100111,0.03088635047,0.02445750328,0,0.0006010993911,7.751532533e-05,0,0.002620337151,0.0005652577221,0.001933986044,0.0009595495975,0.003245357604,0.0009917640904,0.002045890524,0.001620048126,0.06992453855,0.009060314844,0.001168381241,0.000262820623,0.046587496,6.994239582e-05,0.02915079057,0.0781906607,0.04891697132,0.01494876728,0.001500723572,0.02441883373,0.1912902885,0,0.003196302606,0.0007189898402,0.003255742839,0.00019133914,0,0.003749610095,0.02330809711,0.04089485702,0.004105480723,0.08436119159,0.00242258303,0,0.0003139007485,9.105598613e-06,4.123213684e-05,0.001614055374,0,4.748668559e-05,0.001368369034,0.001009948897,0.002708968434,0.0005010874098,-0.1179381441,0.0005327044787,-0.02195228605,0.001273492758,-0.05384103807,0.03713190607,-1.507483762e-05,0.1792572983,0,0.01219979904,0.003249412048,0.0006723970425,0,0.03925032746,0.04039022982,-0.2057555402,0,0.002494446803,0.0009548356388,0.003487120689,0.002576691602,0.004730470277,0.0006723970425,0.002911828814,0.01450025684,7.698987875e-05,0.1792572983,0.003715120163,0.0171319537,0.00169831383,-0.2381644242,0.06841563654,-0.03808948659,0.009153257652,-0.003395860317,0.001178287574,-0.01848480935,0,0.003715120163,0.05327589345,0.0213762304,0,0.002911828814,0.01951528608,0.07735666531,0.1237157038,-0.1907876651,0,-0.03920118792,-0.00503066375,-0.003635316137,-0.1055305281,0.03925032746,0.0171319537,0.01951528608,0.01157968698,0.01219979904,0.01450025684,0.05327589345,0.009074433893,-0.2381670909,0.00241889855,0,0.001294955432,7.999329059e-05,0.004260006038,0.001826464231,0.04039022982,0.00169831383,0.07735666531,0.009074433893,0.003249412048,7.698987875e-05,0.0213762304,0.01157968698
1,1,1,1,3,1500,500,v1,0,0.1527003602,0.003435143816,0,0,0,0.2876774874,0,0.000807314104,0.07466595356,0,0.02497152945,0,0,0,0,0,0,0,0,2.868110542e-05,0,0,0.0008871529251,0,0,0,0,0.03203337428,0.0007206220562,0,0.06034878119,0.0001693577855,0,0.01566337128,0.005238509904,0,0,0,0,0,0.0003116044702,0,0,0,0,0.00677300461,0,0,0,0,0,0,0.1156641192,0,0,0,0,0.2179036326,0,0.3446567414,0,-0.3393768517,-0.0780828203,0,0,-0.02571865887,0,0,0,0,0,0,0,0,-0.02037542678,0,0,0,0,0,0.0009008601663,0,0,0.01654692408,0.003605612917,0,0,0.02008011264,0.0783378843,-0.2121679508,0,0,0,0.09192952999,0.01637359979,0.005343232071,0,0,0,0,0,0,0,0,-0.06170922055,0,0,0,0,0.007080222327,0,0,0.02008011264,0,0.0009195300924,0,0.01654692408,0,0.0282923199,-0.247447322,0,0,0,0,0.2230292969,0,0,0.0783378843,0,0.0282923199,0,0.003605612917,0,0.0009195300924
1,1,1,1,0,1500,500,v1,0.04236563444,0.03377441544,0.08632991012,0.07102900974,0.02036835332,0.07599597458,0.007529724512,0.0284658448,0,0.0005508054504,0.2354381449,0,0.00510104118,0,0,0.000864944227,0.007059084039,0.02633801382,0,0.009865441138,0,0,0.08159607332,0,0.01680149645,0,0,0.006135609841,0.01601446722,0.04093416562,0,0.003570292033,0,0,0.0002611697557,0,0.01053421091,0.004375675382,0,0.003846907822,0.01259483299,0.02566492427,0.0007419495407,0.02111613639,0.02259275991,0,0.0001637483481,0.06999314781,0.001578165148,0.0006555344723,0,0.0005763180467,0.001886873791,0.001504239465,0.0001111539267,0.003163478575,0.0009071624335,0,0.0003353576554,0.001267807203,0.315868143,-0.1129424804,-0.03606679734,-0.07806622041,-0.04754027517,-0.3074890795,0,0.01090762343,0.005250438382,0,0,0.00344080386,0.0009028026598,0,0,-0.2640279483,-0.002490233418,0,0,0.01582193387,0.1064264379,0,0.00344080386,0.04186263503,0.03162358306,0.03725546265,0.01090762343,0.07021804447,0.007884765332,0.0002590998094,-0.08054420196,-0.0173701985,0,0,0.008444870556,0.02855530443,0,0.0009028026598,0.07021804447,0.01855200168,0.04097765894,0.005250438382,0.04186263503,0.02594016345,0.1247816492,-0.3760753981,0.006017614993,-0.002126394428,0,0.0332223884,0.02450120767,0.09055643608,0,0.007884765332,0.02594016345,0,0,0.03162358306,0.01855200168,0,-0.1550295709,0.001786965321,0.0005144671526,0,0.00499963899,0.001283027865,0.002056897854,0,0.0002590998094,0.1247816492,0,0,0.03725546265,0.04097765894,0
1,1,1,1,1,1500,500,v1,0,0,0.003457188797,0,0,0.000178960265,0,0,0.01789763606,0.007576688819,0.0009551912257,0.05753948664,0.0002522643639,0.003024466759,0.0003966987207,0.0002204456995,0,3.044499434e-05,0.01256166901,0,0.003044773254,0.009152487897,0.0001624985941,0.009788705584,0.00234497165,0.0309159333,0.004055032561,0.02540727401,0,0.006011957842,0.1284046915,0,0.03112350518,0.09355622921,0.013175657,0.1000596115,0.001665720468,0.001831698441,0.002880440254,0.01804773049,0,0.004270516971,0.001600662249,0,0.000221061936,0.06645646478,0.009359158578,0.001179906733,0.004046985249,0.004450240432,0.05335515508,0.04384823293,0,0,0.003888921723,0,0,0.2216026332,0,0,-0.1102444648,0,0,0.003852263384,0,-0.0004303461624,0.03447745003,0.001138621592,0.004185145727,0.0320883648,0.002822744112,0.00221228823,0.003565325259,0.1267367208,0.05152953777,-0.2526231904,0.0004324657553,0.01470120663,0.00878058662,0,0.0001292083313,0.01192626195,0.00221228823,0,0,0.0009282668164,0.001138621592,0,0,0.003537026064,-0.1782336956,0.02390770882,0.131726108,-0.06714902454,0,-0.01117643151,-0.1143875591,0.003565325259,0,0,0.0003064556202,0.004185145727,0,0,0.001770127482,-0.09257023239,0.0171508328,0.002024735131,0.02213358329,0,0.004347306212,-0.001083250903,0.1267367208,0,0,0.02356323161,0.0320883648,0,0,0.07841253911,0.1899430571,-0.04329248156,-0.007624181543,-0.2523107051,0,0,0,0.05152953777,0.003537026064,0.001770127482,0.07841253911,0.002822744112,0.0009282668164,0.0003064556202,0.02356323161
1,1,1,1,4,1500,500,v1,0.02578791758,0.01957796326,0,0.02662770942,0.02435349,0.02572352279,0.01984599943,0.07068485517,0.0009452233121,0,0.0002229100081,0.0008793625319,0.001409159191,0.02029230905,0.001257498801,0.001632551627,0.0009175519252,0.0009691698339,0.01136689596,0.002663151152,3.561261527e-05,0.000333881153,8.398447495e-06,3.313121791e-05,0.0003491091447,0.005673277352,0.0003515686388,0.00194843599,0.0002062241398,0,0.003177930775,0.0002090474942,9.956493527e-06,9.334572912e-05,0,9.262750129e-06,0.02198206728,0.02480675246,0.02213693221,0.1226855603,0.0171039167,0,0.02873933929,0.01766091126,0.01706120665,0.005877623456,0,0.0001478457575,0.01135238731,0.01281116367,0.1844845453,0.06335955484,0.008833122219,0.006706029741,0.01484210317,0.009120775688,0.008341788471,0.103340464,0.006797840034,0.02421164729,0.08254528478,-0.04040044822,-0.03830438656,0,-0.09292726462,-0.02101593956,-0.001797304869,0.01677564895,0.0180954941,0.2373782683,0.03076605348,0.0867235275,0.01997099752,0.1330396606,0.008168827509,-0.4134255569,0.002664557344,0.03110125753,0.001544333341,0.003496551986,0.0008594782528,3.178712122e-05,0.0867235275,0.007990795091,0.01926528226,0,0.01677564895,0.007796529845,0.01962539447,0,-0.3813856185,0.002236327224,0.008713235133,0.0004422897561,0.0003998075135,0,1.122116997e-05,0.01997099752,0.007796529845,0.02351634102,0.01991449759,0.0180954941,0.007990795091,0.06688911268,0.0002206905596,0.05256704897,-0.1390027326,-0.04888964278,-0.02794321047,0.01225349287,0,0.006733002541,0.1330396606,0.01962539447,0.06688911268,0.001359299735,0.2373782683,0.01926528226,0.02351634102,0.001272145128,-0.2986592456,0.06776695442,0.02084742438,-0.286759779,0.01762207207,0.01197746122,0.02916041022,0.008168827509,0,0.0002206905596,0.001272145128,0.03076605348,0,0.01991449759,0.001359299735
1,1,1,1,4,1500,500,v1,0,0.006856954853,0.03506979525,0,0.002587743268,0.0006850990302,0.01085967252,0.005135679153,0.03256439941,0.01176051899,0.0006259733657,0.02153576411,0,0.0004593294011,0.02245138499,0,0.008287049588,0.002193977163,0.001930958014,0.01644661908,0.1042849946,0.01334160165,0.002004631752,0.06896663484,0,0.0005219498425,0.02551218544,0,0.02495252883,0.1276193435,0.00219420579,0.03951845937,0.1185021825,0.01516046407,0.04279664887,0.0783688658,0,0,0.01722382955,0,0,0.0861585859,0,0,0.001683133968,0.01023515801,0.02889294559,0.001537875532,0,0,6.064968484e-05,0,0,0.002899441452,0,0,0.001094218974,0.0002549629846,0.004591977832,0.002171605522,-0.1906591382,0,0.01694441799,0.04582456225,0.003480625951,0.001173552702,0.05355894236,0,0,0.0004950737205,-0.002856922303,0,0,0.002342776126,0.0008026891285,-0.03738877745,0,-3.635233914e-05,0.008530977374,-0.02229352828,-0.001982685099,0.04130415777,0,0,0.02294986576,0.0222680213,0,0,0.03653695292,0.005745020425,0.2623126841,0,-0.002027845194,-0.02080563357,-0.0629977251,-0.1404740311,-0.08644942251,0,0,0.009197352178,0.001638775973,0,0,0.01708963111,0.001710452754,-0.1077332574,0,0,0.01364414498,0,0.07597410754,-0.001423686757,0.002342776126,0.03653695292,0.01708963111,-0.006287651126,0.0004950737205,0.02294986576,0.009197352178,-0.006332865339,-0.06693040693,0,0,0.000172297634,0,0.006395428033,0.001288246803,0.0008026891285,0.005745020425,0.001710452754,-0.006332865339,-0.002856922303,0.0222680213,0.001638775973,-0.006287651126
1,1,1,1,4,1500,500,v1,0.0001909105827,6.662360289e-05,0.0004141074919,0.0007624775633,0.0002342576982,0.001510063021,5.666584518e-06,1.556630072e-05,0,0.003110067833,0.001780553364,0,0.004591320019,0,0,0.0007200891317,0.0001970694236,0.001270341387,0,1.309515946e-05,0,0,0.001497891544,0,0.001487823853,0,0,0.0131911178,0.0006494544798,0.004036767062,0,5.523851218e-05,0,0,0.03031729596,0,0.006710512344,0.2399589507,0,0.059495725,0.008393725602,0.01820697735,0.03763445626,0.03352369131,0.06639262453,0,0.136739701,0.07828521681,0.004170844893,0.1491438377,0,0.0369789113,0.005217027518,0.00182062809,0.02339128097,0.02083628038,0.006401577326,0,0.0001548511714,0.0004253814434,-0.2859435362,0.0009235352704,5.629763315e-05,0.00350177427,0.0002286729041,0.003286821234,0,0.001641197679,0.1299067753,0,0,0.01327202937,0.02029335448,0,0,-0.2532322304,0.005285381473,0,0,0.0001970626129,0.002766237349,0,0.01327202937,0.004452154504,0.001722074283,0.02063346216,0.001641197679,0.01778080129,0.0001624353519,0.1548935253,-0.1769547525,0.01441382915,0,0,0.0003086613188,0.03401577869,0,0.02029335448,0.01778080129,0.008843775689,0.09538931981,0.1299067753,0.004452154504,0.0005822678311,0.1124598352,0.2958340051,-0.06327134578,-0.2731651603,0,-0.04072443016,-0.1545355449,-0.1446191635,0,0.0001624353519,0.0005822678311,0,0,0.001722074283,0.008843775689,0,-0.3557474954,0.03891536527,0.1677463588,0,0.02497892437,-0.001621298711,-0.00670976453,0,0.1548935253,0.1124598352,0,0,0.02063346216,0.09538931981,0
1,1,1,1,1,1500,500,v1,0.002135424515,0.02435947465,0,0.02188608998,0.0009767367314,0,0.003797455195,0.01679648799,0,0,0,0,0,0,0,0,2.076732413e-05,0,0,0.0003571260291,0,0,0,0,0,0,0,0,0.1739185309,0,0,0.02711256455,0,0,0,0,0,0,0,0,0.02761616574,0,0,0.283039688,0,0,0,0,0,0,0,0,0.01275984119,0.1455556147,0,0.130776354,0.005836312867,0,0.02269100353,0.1003643621,-0.3136469584,0.02393893735,0.02801107432,0,0.0175227811,0,0,0,0,0,0,0,0,0,0,-0.08810664403,0,0,0,0.0003758454785,0,0,0,0.01928419603,0.01587440582,0,0,0.1960051642,0.003501283997,0,0.1137316132,0,0,0,-0.1266487396,0,0,0,0.1960051642,0.007234257582,0,0,0.01928419603,0.1243619401,0,0.1649973172,0,0,0,-0.3085235575,0,0,0,0.003501283997,0.1243619401,0,0,0.01587440582,0.007234257582,0,-0.3653236585,0,0,0,0.1410583798,0.08572053891,-0.1056294251,0,0,0,0,0,0,0,0
1,1,1,1,0,1500,500,v1,0,0,0,0,0.04194543963,0,0,0.005853812617,0,0,0,0,0,0,0,0,0.1873984306,0,0,0.02615290976,0,0,0,0,0,0,0,0,0,0,0,0,0,0,0,0,0,0,0,0,0,0,0,0,0,0,0,0,0,0,0,0,0,0,0,0,0.6481895148,0,0,0.09045989252,-0.5251601689,0,0,0,0.04779789401,0,0,0,0,0,0,0,0,0,0,-0.6907801721,0,0,0,0.2134178973,0,0,0,0,0,0,0,0,0,0,0,0,0,0,0,0,0,0,0,0.6283583086,0,0,0,0.08768510289,0,0,0,0,0,0,0,0,0,0,0.08768510289,0,0,0,0.6283583086,0,0.261215791,0,0,0,0,0,-0.7385780658,0,0,0,0,0,0,0,0
1,1,1,1,0,1500,500,v1,7.580231425e-05,0.0007383107868,6.894885798e-05,6.622942536e-05,0.0005798147603,0.0004408620276,0.0007527258357,0.001671754902,0.0001176920827,0.0006870162981,0.0004439815945,9.911807978e-05,0.05232370822,0.004379994145,0,0.1384258059,0.04863327683,0.03697830152,0.02750747972,0.1402222304,0.009871690118,0,0.03723996226,0.008313753535,0.005307677016,0.001123161009,0,0.0003908793181,0.01588005374,0.001482995494,0.007053737441,0.01619010169,0.002531395493,0,0.01477677955,0.002131894131,0.005375697732,0.01358930848,0,0.0003958886454,0.001651298448,0.001502000873,0.03595140794,0.001442760006,0.009603859582,0,0.01496615187,0.009671817086,0.0119448818,0.03019564933,0.002527664261,0.0008796705677,0.003669210169,0.03573792533,0.0798845731,0.00320583459,0.02806592695,0.01587437588,0.03643568561,0.08092127721,-0.2154686512,0.000111130784,0.001399543327,0.0005611238339,0.002192111173,0.0008610519778,0.0001976927887,0.006667581984,0.01317796895,0.001817536272,0,0.0005872343418,0.033668015,0.009822570814,0,0.2875231825,-0.1795030827,-0.02766056228,0,-0.1750511383,-0.07368983453,-0.01759695021,0.0005872343418,0.004035250004,0.03046361364,0.002004191487,0.006667581984,0.003821748933,0.03369243924,0.02072026564,-0.1090560196,0.002059092588,0.005825509605,0,0.02292758942,-0.009672384972,0.003755947898,0.033668015,0.003821748933,0.03172977982,0.04046142637,0.01317796895,0.004035250004,0.08708241452,0.04074290259,-0.174697003,0.002569044942,0.04848255581,0,0.00040015977,-0.006038376954,0.01869256328,0.009822570814,0.03369243924,0.08708241452,0.01112324801,0.001817536272,0.03046361364,0.03172977982,0.00934171629,-0.2962480477,-0.009464681747,0.09978987097,0.0140749813,-0.005749289845,-0.0670978347,0.0936508975,0,0.02072026564,0.04074290259,0.00934171629,0,0.002004191487,0.04046142637,0.01112324801
1,1,1,1,3,1500,500,v1,0.01214975588,0.02543893281,0.06825865329,0.01280121825,0.0002085105221,0.002478029336,0.001229433432,0.0001238094997,0.0181788007,0.03076856071,0.01183060617,0.02251930171,0,0.001001597035,0.01794302881,0,4.620138939e-05,0.0005490773179,0.0003336216141,2.743348799e-05,0.004028026218,0.01356566101,0.002621404602,0.004989786685,0.01004259893,0.005522787092,0.09893752124,0.0001161897434,0.03108073062,0.08339692675,0.001839583265,0.001502094824,0.02221046032,0.07480079802,0.0375923532,0.02751358933,0.002867195901,0,0.02824699636,3.317256404e-05,0.004238099333,0.02381010416,0,0.004465343591,0.0008643905754,0.02135588039,0.01073274376,0.004126772967,0.03144564029,0,0.01729309092,0.0003638162694,0.04648086554,0.09732077146,0,0.04897314073,0.0007976908869,0.005760149744,0.004703397385,0.0004736533609,-0.2242974954,0.01736615284,0.02425361128,0.02108068047,8.931852281e-05,-0.01092187354,-0.002938808435,0.03328973759,0,0.02138643145,0.08245700474,0.0004196305124,0,0.00642951287,0.06142002544,-0.1919484796,0,0.001146669161,0.03005487591,2.588890339e-05,0.0004677518408,0.005978142093,0.0004196305124,0.04859071821,0.06767427396,0.01996975858,0.03328973759,0.05161642324,0.003551474314,0.01193021999,0.01114295757,0.003045659334,0.001435602971,-0.1712771394,0.02805375686,-0.07504688357,-0.03253077383,0,0.05161642324,0.001001086664,0.002391187533,0,0.04859071821,0.0005593655535,0.01153095368,-0.3051700232,0.002482103444,0,0.04530424347,0.007767656971,0.03269955065,0.001172694225,0.00642951287,0.003551474314,0.0005593655535,0.01902788101,0.02138643145,0.06767427396,0.001001086664,0.02520927926,0.08566641956,-0.02800067482,0,-0.02112623502,-0.09193857078,-0.0997912003,-0.001155508905,0.06142002544,0.01193021999,0.01153095368,0.02520927926,0.08245700474,0.01996975858,0.002391187533,0.01902788101
1,1,1,1,3,1500,500,v1,0,0.02154876351,0.001155773768,0,0,0,0.0004823618551,0,0.1006812369,0.008592355751,0,0.5237924654,0,0,0,0,0,0,0,0,0.01609025573,0,0,0.08370928859,0,0,0,0,0.005175277903,0.0002775774322,0,0.0001158468628,0.02418019858,0,0.002063590741,0.1257970821,0,0,0,0,0,0.00219545638,0,0,0,0,0.01632165635,0,0,0,0,0,0,0.06633590505,0,0,0,0,0.001484907021,0,0.1727565707,0,0.0218048598,0.008343520191,0,0,-0.6242548247,0,0,0,0,0,0,0,0,-0.474383112,0,0,0,0,0,0.0997149971,0,0,0.05945691073,0.001129689916,0,0,0.00133460523,0.008101431537,-0.5788419161,0,0,0,0.005284918613,0.002335414497,0.1498717123,0,0,0,0,0,0,0,0,0.01067893469,0,0,0,0,-0.01683301566,0,0,0.00133460523,0,0.09063546288,0,0.05945691073,0,0.4713667092,0.02708977842,0,0,0,0,-0.0676174557,0,0,0.008101431537,0,0.4713667092,0,0.001129689916,0,0.09063546288
1,1,1,1,1,1500,500,v1,0.0002664379653,0.01817683117,0.05535829617,0.0005015966156,0,0.0005596237131,0.00916580913,0,0.0001230866034,0.01785803405,2.688348467e-05,7.908451834e-05,0.1557873811,0.08598718223,0.001149527868,0.04680487557,0,0.001759592765,0.0006376587009,0,0.0003870141521,0.00165720282,8.452819997e-05,0.0002486609181,0.01991260139,0.04048236651,0.0005411923879,0.1265070496,0.02690706992,0.08194660179,0.0003002067584,0.01356810023,0.0001822044675,0.0007802034001,0.02643515619,0.0001170684067,0.01067963924,0.03933625709,0.0002902553689,0.06784897789,0.0002115304653,0.04395006594,0.01181821407,0.0003982276526,0.0004442965336,0.0004184431097,0.0141778528,2.134333977e-05,0.004674561279,0.01721778612,0.009503394321,0.02969802609,9.258853225e-05,0.006316540201,0.005172924349,0.0001743073453,0,7.047471402e-05,0.003185164746,0,-0.05105648764,-0.0005581413233,0.002116839265,0.02413018002,0,-3.006516305e-05,5.446511815e-05,0.007085486157,0.1485607619,0.06725316567,0.0009290410587,0.04330121761,0.04472556523,0.0005186478748,0.001475103214,0.1025405844,-0.1991510801,-0.07650161772,-0.00229676989,0,-0.001640507315,-0.0004551155585,0.04330121761,0.000377193953,0.02543048007,0.001151787532,0.007085486157,0.0006206933063,0.01171266839,-0.00407248333,0.1108999552,-0.135319438,0.02188675122,3.410038753e-05,-0.03429486146,-0.0667972335,-1.490377639e-05,0.04472556523,0.0006206933063,0,0.002054220517,0.1485607619,0.000377193953,0,0.0001169229641,-0.325837179,0.0682578908,0.0480989478,0.0006599066528,-0.0002339015629,0.04461418402,0.0002231434919,0.0005186478748,0.01171266839,0,0.0003529011575,0.06725316567,0.02543048007,0,0.0002704301676,-0.305698608,0.03347041132,0.02219458087,0.009433657404,0.0001267847134,0.00741592322,0,0.001475103214,-0.00407248333,0.0001169229641,0.0002704301676,0.0009290410587,0.001151787532,0.002054220517,0.0003529011575
1,1,1,1,0,1500,500,v1,0.003476225491,0.0002319254123,0.0002018424231,0.02702061817,0.001117770731,0,0.0008496056772,0.0008040786719,0.004225975085,0.0013039153,0,0.002374537546,3.252203654e-05,2.527158169e-05,8.243509665e-05,2.669600948e-05,0.0008923963883,0,0.007272872351,0.0006419535623,0.003373898419,0.0003329533665,0,0.0018957633,0.1432018586,8.072321365e-05,0.0002633165586,0.3603594161,0.0005914518939,0.0005147348115,0.02323121821,0.002166648673,0.01077700344,0.001063529227,0.003325220664,0.0060555017,0.02072224515,1.503252397e-05,3.810362751e-05,0.05214636343,0.001282824311,7.44854924e-05,1.233958402e-05,0.009971362901,0,0.0001538996322,0.0004811811694,0,0.07184437964,5.211801863e-05,4.049884034e-05,0.1807923372,0.004447573908,0.0002967314448,4.278154961e-05,0.03457088634,0.001430105139,0.01165510334,0.001087007748,0.001028759305,-0.02639104961,-0.005224374224,0.000409803149,0.0001265094147,-0.0003729511122,0,-4.507067131e-05,0.07579096618,6.404205086e-05,5.07328708e-05,0.0002955770774,0.1911700516,3.598759081e-05,0.008517295136,0.0010703331,-0.02550754111,-1.881638336e-05,0.005532506137,3.655280733e-05,-2.215152364e-05,0,0.002948941562,0.1911700516,0.002487482137,0.0003602946716,0.0005397657257,0.07579096618,0.02436926966,0.0009482450657,0.00302884772,0.3409044214,-0.498443198,-0.02106719597,-0.001054978312,-0.002296141428,-0.002987110899,-0.01136950729,3.598759081e-05,0.02436926966,0.001752162039,0,6.404205086e-05,0.002487482137,0.001061177957,0,-0.2831287008,0.07272889462,6.690766699e-06,0.0001078187205,0.0105688913,0.0004815258521,0,0.008517295136,0.0009482450657,0.001061177957,0.007673104897,5.07328708e-05,0.0003602946716,0.001752162039,0.005025349698,-0.4381980421,0.2477402915,-5.456081091e-05,0.009822671172,-0.02324901829,0.001013978455,-0.001480457362,0.0010703331,0.00302884772,0,0.005025349698,0.0002955770774,0.0005397657257,0,0.007673104897
1,1,1,1,2,1500,500,v1,0,0,0,0,0,0,0,0,0.0274492342,0,0,0.02755932288,0,0.02684450443,0.06100169166,0,0,0,0.006532787205,0,0.02166532077,0.01282095215,0,0.02175221232,0,0.03227135497,0.0733337153,0,0,0,0.007853447076,0,0.02604515419,0.01541281937,0,0.02614961162,0,0,0.440560335,0,0,0,0,0,0,0.0925942022,0,0,0,0,0.06446528288,0,0,0,0,0,0,0.01568805177,0,0,0.04765145099,0,0,0,0,0,-0.02197338604,0,0,0.005829993009,0.4595272657,0,0,0.001797579038,0.09663864827,-0.4820742341,0,0.03023342127,0.07345359863,0,0,0.02820295533,0,0,0,0,0,0,0,0,-0.4871089241,0,0.02960318469,0.08787298442,0,0,0.01944849565,0,0,0,0,0,0,0,0,0.1613265831,0,0,-0.5321038591,0,0,0,0.001797579038,0,0,-0.02063887598,0.005829993009,0,0,-0.01787822147,0.05983660596,0,0,-0.06492165402,0,0,0,0.09663864827,0,0,-0.01787822147,0.4595272657,0,0,-0.02063887598
1,1,1,1,2,1500,500,v1,0,0,0,0,0,0,0,0,0.07579632562,0,0,0.1504358565,0,0.1024639546,0.01803480523,0,0,0,0.07659267666,0,0.05282524342,0.002216549126,0,0.1048442741,0,0.09242532486,0.01626789381,0,0,0,0.06908871565,0,0.04764983261,0.001999388701,0,0.094572439,0,0,0.07450397373,0,0,0,0,0,0,0.009156834004,0,0,0,0,0.006366728626,0,0,0,0,0,0,0.004759183744,0,0,0.2812171645,0,0,0,0,0,-0.2089299938,0,0,0.02791946555,0.06061304988,0,0,0.02195444439,0.007452570656,-0.07428111952,0,-0.09577160749,0.01868201492,0,0,0.1450315302,0,0,0,0,0,0,0,0,-0.211916996,0,0.05147593267,0.01791624646,0,0,0.1361856343,0,0,0,0,0,0,0,0,0.03659826137,0,0,-0.08197534179,0,0,0,0.02195444439,0,0,-0.03600240522,0.02791946555,0,0,-0.07242835061,-0.04429567485,0,0,0.01104640156,0,0,0,0.007452570656,0,0,-0.07242835061,0.06061304988,0,0,-0.03600240522
1,1,1,1,4,1500,500,v1,0.02805812863,0.00885804295,0,0.0006807554863,0.008129493885,0.0062883707,0.007121785199,0.008617710127,0.006484311942,0,0.189126383,0.0001859034379,0.007982676894,0.0005952866318,0.01611904335,0.004938500572,0.004515030975,0.003492491524,0.002145462827,0.004786180875,0.003601315123,0.001570872462,0.105038701,0.000103248713,0.006670403797,0.0001084048496,0.002935363196,0.01156634832,0.0008958959814,0,0.0003907001479,0.0007202921431,0.0006558185644,0.0002860641982,0,1.880213766e-05,0.03323225123,0.007242337676,0.01462411125,0.05762406666,0.01413794039,0,0.004480488091,0.00034301933,0.003168586589,0.001425184681,0,0.09529707286,0.079573681,0.01734157171,0.001293201009,0.1379791897,0.03385289641,0.01068747009,0.01072840138,0.0008213500359,0.009808455794,0.004660804636,0.008592627818,0.01039750199,0.1514609605,-0.005439959967,-0.002442638076,0,-0.009240659585,-0.1673863163,-0.005539680307,0.06505084487,0.009781054725,0.001612614746,0.02141541866,0.1045379249,0.006875817077,0.005741446316,0.002128183869,-0.1275216811,0.003725559189,0.0002587583736,-0.01129367799,0.007826852949,0.09249195723,0.000555186731,0.1045379249,0.02844837562,0.01413432266,0,0.06505084487,0.0008839623262,0.01103474918,0,-0.175386434,0.01786608318,0.0003409137833,0.0004577164632,0.001300223541,0,0.0001408891423,0.006875817077,0.0008839623262,0.009197944338,-0.0004036765883,0.009781054725,0.02844837562,0.007566020508,-0.02024466385,-0.336410501,0.08305861631,0.0104567183,-0.004859773511,0.0134461927,0,0.08865991935,0.005741446316,0.01103474918,0.007566020508,0.00706696661,0.001612614746,0.01413432266,0.009197944338,0.0001984400293,0.1211566607,-0.2139838792,-0.02528685866,-0.005502379528,-0.02756112469,-0.01563696669,-0.009762169934,0.002128183869,0,-0.02024466385,0.0001984400293,0.02141541866,0,-0.0004036765883,0.00706696661
1,1,1,1,1,1500,500,v1,0.002447200991,0.001157189799,0.02599966646,0.0009309880255,0.001196523366,0.001687283153,0.0186832007,0.0004511235551,2.836701762e-05,0.02173260464,0.0006953689335,0.0001988915187,0.1233925369,0.05994281474,0.02395334224,0.1306650326,0.001734681322,0.002446169169,0.02296978893,0.000654024507,4.11255952e-05,0.01615378725,0.001008123648,0.0002883465649,0,0.00288334476,0.001152193872,0,8.069795998e-05,0.001813116609,0.001104883393,0.001302894464,1.978206561e-06,0.0007770228679,0.001515548151,1.386992854e-05,0,0.06454256925,0.01252920387,0,0.00185577583,0.01971621979,0.06834657207,0.000705992308,0.001279510471,0.008449513713,0.01648039641,0.0005273162542,0,0.1112996606,0.05406822084,0,0.003200170405,0.001513240866,0.1178594277,0.00121743998,0.00156467682,0.02071867371,0.02443175945,0.0005899279443,-0.01762895877,-0.0001408679506,-0.004543015928,-0.03567493093,-0.0007184034022,-0.0008207134236,-0.0001233438857,0,-0.0715405923,0.03440810477,0.0237718163,0,-0.07380378715,0.01257270315,0.01571448691,0.1659662773,-0.05856441501,-0.03315767841,-0.03536854494,-0.000837298675,-0.002222307117,-0.0001982810268,0,0.002772548106,0.0020160279,0.0291830214,0,0.0009866907605,0.03078311492,0.01828330796,-0.1213201071,0,0.003865595597,0.001737284224,0.001255965517,0.002984581803,1.25446111e-05,-0.07380378715,0.0009866907605,0.001362151847,0.002067365698,-0.0715405923,0.002772548106,0.0004913452217,0.001066157117,-0.1029549212,0,0.127278559,0.007307058572,0.0007018256066,0.001046129547,0.0009540053322,0.01257270315,0.03078311492,0.0004913452217,5.227425388e-05,0.03440810477,0.0020160279,0.001362151847,0.0004113461986,0.03514026664,0,0.02818210888,-0.002028455803,-0.003067116904,-0.01857904481,0.000320037364,0.01571448691,0.01828330796,0.001066157117,0.0004113461986,0.0237718163,0.0291830214,0.002067365698,5.227425388e-05
1,1,1,1,3,1500,500,v1,0,0,0,0,0,0.0001948906569,0,0,0,0,1.492012393e-05,0,0.001076864124,0,1.123250602e-05,7.706476776e-06,0,5.495102593e-06,0,0,0,1.565946839e-05,4.206851831e-07,0,0,0,0.0005692302786,0,0,0,0,0,0,0.0007935756762,0,0,0,0.01283655687,0.0001338949817,0,0,0,9.186361133e-05,0,6.550334006e-05,0.0001866657566,0,5.014698841e-06,0,0.9769987063,0,0,0,0,0.006991799309,0,0,0,0,0,6.986263072e-05,0,0,0,0,-0.0001919948228,0,0,1.444622639,0,0.0006081087113,0,0.01033832257,0,0.0008495958702,-0.972183544,0.001084432655,0,2.639336365e-05,0,4.813934996e-06,0,0,0,0,0,0,0,0,0,0.0003427391026,0,0,-0.001314542159,0,0,0,0.01033832257,0,0,0.0001704963515,1.444622639,0,0,1.270193636e-05,-0.9843774273,0,0.01292812853,0.0003163457389,0,0,6.50486958e-05,0,0,0,0,0,0,0,0,0.01401256118,0,-0.98398653,0,0,0,0,0.0008495958702,0,1.270193636e-05,0,0.0006081087113,0,0.0001704963515,0
1,1,1,1,2,1500,500,v1,0.03673615253,0.07793798515,0.003081024506,0.1241617992,0.007187556572,0,0.01637893604,0.05069511505,0.09045815391,0.002297400915,0,0.009532418079,0,0.02673063936,0,0,0.01210377553,0,0.009324033968,0.08537008187,0.1523306535,0,0,0.01605249956,1.229987951e-05,0.0007435796355,0,0.002259225465,0.003650958528,0.0001443287592,0.0002593713411,0.0007672615107,0.004237458382,0,0.0001076203785,0.0004465404515,0.0003178852801,0,0,0.0583887443,0.04447551197,0.003730116869,0,0.1503194866,0,0,0.002781404008,0,4.785200126e-06,0,0.0002892855465,0.0008789391775,0.0006695000959,0.001420385232,0,0.002262793754,0.0001309900325,0.0001009069864,0.0002984988491,0.0009238960001,-0.3601626835,0.0671777778,-0.0938621805,-0.0002381106883,0.05053390674,0,0.09130507372,0.0004495885992,0,0.03764522363,0,0.08258266808,0,0.0131617781,0,0.1489206963,0,-0.03524179828,0,-0.09127350854,0,-0.1593319744,0.08258266808,0.01302880438,0.1088629061,0.002435603531,0.0004495885992,0.06455549564,0.02278796883,0.001615666881,-0.2556134182,0.002259320919,0.0009900025518,0,0.004394335166,0.0002485906309,0.004666090496,0,0.06455549564,0.008285172465,0,0,0.01302880438,0.05125648795,0,0.07323942345,-0.05848574556,0,0,-0.1218209024,-0.002711326885,0,0.0131617781,0.02278796883,0.05125648795,0.08541958068,0.03764522363,0.1088629061,0.008285172465,0.009621634922,-0.2753287911,0.0008715870195,0,0.0003804612433,0.002920258003,0.001700595318,0.001045161453,0,0.001615666881,0,0.009621634922,0,0.002435603531,0,0.08541958068
1,1,1,1,3,1500,500,v1,0.001802128525,0.002802239761,7.818593333e-05,0.0006334662409,0,0.00530184246,0.0008626599903,0,4.492115574e-05,1.041560202e-05,0.00167955356,0.0001233650194,0.0009411336979,0.006923281888,0.001343520686,0.0002198538678,0,0.01996544382,7.567876391e-05,0,0.0001691621013,0.001771246359,0.006324788502,0.0004645625331,0.1122531019,0.1419666751,0.02754981927,0.1272221077,0.2163873345,0.006037472578,0.001551845305,0.0666141058,0.00346878568,0.0363206295,0.0008042867674,0.009526175488,0.01387424607,0.002385265698,0.003405099418,0.01572438354,0.01719979812,0.0007462188466,0.0005572108304,0.006045901449,0.05060161843,0.004489153019,9.940814408e-05,0.01602992337,0.008644183858,0.001486111399,0.01093231297,0.009796889984,0.01071612947,0.01666316452,0.0003471635749,0.003766826928,0,0.0001195016967,0.005129698587,0,-0.3294851504,0.002393788478,0.003628363904,8.705791613e-05,0,0.006939722805,0.0001678340555,0.1345486674,4.222585551e-07,0.1861104119,0.03407366222,0.1525578566,-1.31626872e-05,0.002034217753,0.0449543495,-0.2605789261,0.0008510361242,0.006978068312,0.002999885917,0,0.0254423184,0.0006276336066,0.1525578566,0.007946276662,0.2954700294,0.007665151178,0.1345486674,0.00295424961,0.09098727352,0.001019519208,0.1034654922,-0.2392663578,-0.1434278224,-0.06346091346,-0.282800355,-0.006662002039,-0.01295653617,-1.31626872e-05,0.00295424961,0,0.03804632524,4.222585551e-07,0.007946276662,0,0.01207214912,-0.2393269295,0.02946904877,-0.001854589942,0.007775686577,-0.02160433253,0.0007851638624,-0.06579435748,0.002034217753,0.09098727352,0,0.004869077435,0.1861104119,0.2954700294,0,0.01337252537,-0.6456331519,0.01839295938,0.001012047438,0.01102000124,0.01194352652,0.02153378933,0,0.0449543495,0.001019519208,0.01207214912,0.01337252537,0.03407366222,0.007665151178,0.03804632524,0.004869077435
1,1,1,1,4,1500,500,v1,0.005153116553,0,0,0.003235953396,0,0,0,0,0,0,0,0,0.002267209347,0,0,0.0003670006379,0,0,0,0,0,0,0,0,0.3977554028,0,0,0.3896042249,0,0,0,0,0,0,0,0,0.05391205369,0.001679196932,0,0.05280723717,0.009049410932,0,0.0002718171334,0.005682672173,0,0,0,0,0.03417045172,0.001064305916,0,0.03347019868,0.005735683176,0,0.0001722827011,0.003601782196,0,0,0,0,-0.003051207973,0.005417302092,0,0,0,0,0,0.4647887514,0.0005036197539,0,0,0.4551816347,0.0001440402614,0,0,0.0009168139342,-0.001348587278,0,0,0,0,0,0.4551816347,-0.002396820023,0,0,0.4647887514,-0.00115232115,0,0,0.1739040071,-0.7872175991,0,0,0,0,0,0.0001440402614,-0.00115232115,0,0,0.0005036197539,-0.002396820023,0,0,-0.7085619632,0.1064593478,0.0001984984026,0,-0.009475155145,0,0,0,0,0,0,0,0,0,0,-0.6859661909,0.06744465929,0.0007183155323,0,0.006423947178,0,0,0,0,0,0,0,0,0,0
1,1,1,1,1,1500,500,v1,0,0,0,0,0.000753821321,7.015245032e-07,0,7.549128909e-05,2.56203054e-05,0,9.353814318e-05,0.0004756141747,0,0,0,0,0.0002344314356,2.181676106e-07,0,2.347709037e-05,7.96767723e-06,0,2.908949453e-05,0.0001479115948,0,0,0,0,0,0,0,0,0.02739665945,0,0,0.5085903298,0,0,0,0,0,0,0,0,0.0004708109855,0,0,0.06277583346,0,0,0,0,0,0,0,0,0.3625872542,0,0,0.03631122982,-0.993121248,0,0,0,0.0008278190435,9.369808515e-05,0.0005008616299,0,0,0,0,0,0,0,0,-0.99214147,0,0,0,0.0002576130686,2.918636269e-05,0.0001558009916,0,0,0,0,0,0,0,0,0.0006566626221,0,0,0,0,0,-0.5343706455,0,0,0.5388032126,0.0007015510281,0,0,0.0538891891,0.09358335651,0.0001228844478,0,0,0,0,0,-0.0629794915,0,0,0.0538891891,0.04094277698,0,0,0.5388032126,0.7596281965,0.001085432086,0,0,0,0,0,-0.3962137114,0,0,0.09358335651,0.7596281965,0,0,0.0007015510281,0.04094277698
1,1,1,1,0,1500,500,v1,0.01384437299,0.0008543116882,0.03870506695,0.005081196947,0,0,0.01028948319,0,0,0.006868761048,0,0,0.002833690136,0.002457208303,0.0008759553175,0.00132354165,0,0,0.003708867613,0,0,0.0005722922682,0,0,0.01774138819,0.009525817911,0.00339580118,0.02069056706,0.002367693766,0.107269685,0.01437810441,0.02851692837,0,0.002218595767,0.01903652138,0,0.02157874534,0.01336137802,0.004130292855,0.02516581413,0.0466682016,0.1304714824,0.006240745972,0.01712828191,0,0.002698464887,0.02315400816,0,0.04351743615,0.02694563125,0.02336565596,0.05075140802,0.09411485473,0.005807660662,0.01258559106,0.03454227307,0,0.03526771604,0.06994850663,0,-0.168004664,0.01788256394,0.009680292856,0.04308500665,0,0,0,0.01080315767,0.01764125411,0.01898796908,0.001848045832,0.01112109216,0.009064411972,0.02872507129,0.001038840778,-0.05898628601,0.002585363923,0.003866215895,0.0009976441391,0,0,0,0.01112109216,0.05886773689,0.004395696943,0.002933138717,0.01080315767,0.02115980057,0.05585040486,0.002828422939,-0.2237514976,0.03195211613,0.01967143459,0.0002048592436,0.02373028599,0.05583824157,0,0.009064411972,0.02115980057,0,0,0.01764125411,0.05886773689,0,0,-0.09139457982,0.03956334511,0.01516672676,-0.00312709446,0.05101862408,-0.1027642895,0,0.02872507129,0.05585040486,0,0,0.01898796908,0.004395696943,0,0,0.2151169692,-0.08613162778,-0.03555586807,-0.05534634406,-0.1222528797,-0.0735746467,0,0.001038840778,0.002828422939,0,0,0.001848045832,0.002933138717,0,0
1,1,1,1,3,1500,500,v1,3.704809504e-05,0.0003950413076,2.388342377e-07,0.0002375918541,1.261515401e-05,0,0.000138161052,4.4824997e-06,0.0001627422251,3.83753622e-06,0,3.467974699e-05,0,0.0163144097,0,0,0.002512386989,0,0.01530660563,0.0008927179099,0.03241113413,0,0,0.006906688972,0.00843895013,0.003226660079,0,0.001205899212,0.01556031341,9.407460738e-06,0.00302733683,0.005442036638,0.006410266417,0,0.0001511570187,0.001366003306,0.0002088991733,0,0,2.985102941e-05,3.612351585e-05,2.328738457e-07,0,0.0002316624673,0,0,3.741765948e-06,0,0.1533339561,0,0.05862773772,0.02191093608,0.02651500007,0.2827276351,0,0.1700424278,0.009028556236,0.05500607604,0.09888066573,0.00320808613,-0.5970704863,0.0002728110963,0.0005325514938,1.077055807e-06,1.677866467e-05,0,0.0001961382642,0.2169209807,0,0.05873460072,0,0.03100882525,0,0.05516554082,0,-0.1113888092,0,0.03121840197,0,0.003198076607,0,-0.03912681338,0.03100882525,0.03962851107,0.4000272768,9.887790766e-06,0.2169209807,0.2541125335,0.139893741,0.0001561722184,-0.6766448709,0.00953934359,0.006046409515,0,0.02096464304,-0.0001142157763,0.007707202646,0,0.2541125335,0.009898971763,0,0,0.03962851107,0.003514393714,0,-0.3617330913,0.0002385857856,0,0,0.000267466107,2.43204785e-06,0,0.05516554082,0.139893741,0.003514393714,0.03860427891,0.05873460072,0.4000272768,0.009898971763,0.008230929801,0.07229506798,-0.1750644665,0,-0.1131982392,-0.1963676407,-0.3814445391,-0.01215709895,0,0.0001561722184,0,0.008230929801,0,9.887790766e-06,0,0.03860427891
1,1,1,1,1,1500,500,v1,0,0,0,0,0,0,0,0,0,0,0,0,0,0,0.1339596235,0,0,0,0,0,0,0.01673747089,0,0,0,0,0.7202304837,0,0,0,0,0,0,0.08998858344,0,0,0,0,0.03474291461,0,0,0,0,0,0,0.004340923831,0,0,0,0,0,0,0,0,0,0,0,0,0,0,0,0,0,0,0,0,0,0,0,0,0.827287282,0,0,0,0.1033657736,-0.7711024921,0,0,0.1506671201,0,0,0,0,0,0,0,0,0,0,0,0.189744009,0,0,-0.8101793812,0,0,0,0,0,0,0,0,0,0,0,-0.6595122611,0,0,0.03907688874,0,0,0,0,0,0,0,0,0,0,0,0,0,0,0,0,0,0,0.1033657736,0,0,0,0.827287282,0,0,0
1,1,1,1,1,1500,500,v1,0.0004351073782,0.09736567074,0.0001225726158,0.01646997619,6.541091095e-06,0.0009285919494,0.0171999137,0.001908149226,0.008919623018,2.954083991e-05,0.002960743924,0.01888665916,0,0.002087160702,0.0001036550453,0,3.988277707e-07,5.661872793e-05,0.003028050158,0.0001163449478,0.0005438532062,0.004077028206,0.0001805244541,0.001151569984,0.002434433264,0.07309902576,0.003630330344,0.006784520057,0.2079202331,0.000261748588,0.1060519759,0.03672968141,0.01904747415,0.1427905333,6.308320246e-05,0.04033165431,0.001786306406,0,0.002663816028,0.004978255849,0.0006817818306,0.0001920624345,0,0.02580726294,0.001455036505,0.1047749586,4.628836218e-05,0.004639271852,0.0001916436457,0,0.00575450722,0.0005340915183,7.314487323e-05,0.01636791284,0,0.00276872878,1.099607368e-06,0.008348631938,0.002891436851,0.0003207744575,-0.2985505028,0.004787455368,0.1131107824,0.0001163605906,-0.001799135802,-0.001025933969,0.0225103064,0.001445958444,0,0.09774634002,0.001840783019,0.003218980556,0,0.1416755382,0.06521323267,-0.2556822535,0,0.005089033592,0.004098794495,0.0001141135842,0.0001901583636,0.001658867387,0.003218980556,0.0003650309719,0.1412744007,6.978807971e-05,0.001445958444,0.01418453056,0.02504445182,1.676094667e-05,0.2636451667,-0.003359016086,-0.1786458989,-0.132449689,-0.2432062707,-0.0001792750472,-0.05760756109,0,0.01418453056,6.869954556e-06,0.001721684973,0,0.0003650309719,0.002144175029,0.006290724106,-0.1242896417,-0.0004648036767,0,0.08364821735,-0.0173048056,5.215105988e-06,-0.004505830447,0.1416755382,0.02504445182,0.002144175029,0.01540473958,0.09774634002,0.1412744007,6.869954556e-06,0.03475284154,-0.3216785471,0.0007138604268,0,0.01394228008,0.002817642541,0.0192162539,0.0002509922207,0.06521323267,1.676094667e-05,0.006290724106,0.03475284154,0.001840783019,6.978807971e-05,0.001721684973,0.01540473958
1,1,1,1,4,1500,500,v1,0,0,0,0,0,0,0,0,0,0,0,0,0,0,0.03508861259,0,0,0,0,0,0,0.04642570004,0,0,0,0,0.370155199,0,0,0,0,0,0,0.4897518872,0,0,0,0,0.02521571704,0,0,0,0,0,0,0.03336288412,0,0,0,0,0,0,0,0,0,0,0,0,0,0,0,0,0,0,0,0,0,0,0,0,0.4652640216,0,0,0,0.6158253556,-0.8013087366,0,0,0.08058248471,0,0,0,0,0,0,0,0,0,0,0,0.1390674287,0,0,-0.8597936806,0,0,0,0,0,0,0,0,0,0,0,-0.7792111959,0,0,0.05848494395,0,0,0,0,0,0,0,0,0,0,0,0,0,0,0,0,0,0,0.6158253556,0,0,0,0.4652640216,0,0,0
1,1,1,1,1,1500,500,v1,0.0003601384136,0.02865658724,0.04690897758,0.0004596983474,0,0.004704406829,0.08251795889,0,0.0005587495027,0.1244932115,0.003152785196,0.002384611613,0,0,0.01713141768,0,0,0.008065162495,0,0,0.0009579115278,0.07194517264,0.005405086303,0.004088141364,0.001135747067,0,0.01142089206,0.000432500663,0.03275212189,0.05361310258,0,0.09431123898,0.0006386047181,0.04796322558,0.1422854998,0.002725414913,0.000637134414,0,0.00640692244,0.0002426253737,0.0002309052781,0.03007602106,0,0.0002947388302,0.003016263542,0.02690653801,0.0798196986,0.002021430413,0.0005371505264,0,0,0.0002045507892,0.0001946698984,0.0154900858,0,0.0002484862131,0,0,0.04460441338,0,-0.05388183447,-0.0006403611872,0.007044868018,0.06526857685,0,-0.00167739303,-0.0002655613628,0.00126798466,0,0,0.01120385411,0.00052495828,0,0,0.05613183551,0.01059638068,0,0,-0.05824704015,0,-0.01140791797,-0.003409456944,0.00052495828,0.0004727758467,0.003852240421,-0.01282911091,0.00126798466,0.0005704824712,0.01124261342,-0.05344780421,0.1657674847,-0.001256878258,0,-0.01404406201,-0.06236011585,-0.103745828,-0.0006676476657,0,0.0005704824712,0,0.01181568124,0,0.0004727758467,0,0.008036681791,-0.1255353794,-0.0001226126701,0,0.02740064243,-8.647368613e-05,0.08266186127,-0.000149597676,0,0.01124261342,0,0.001087106763,0,0.003852240421,0,0.005426892199,-0.05742157366,0.0001841956353,0,0,3.132932788e-05,0.04525201196,0,0.05613183551,-0.05344780421,0.008036681791,0.005426892199,0.01120385411,-0.01282911091,0.01181568124,0.001087106763
1,1,1,1,2,1500,500,v1,0.008944720927,0,0.07867534383,0.01489220536,0,0.01406297205,0,0,0,0.01222607886,0.0002105072489,0,0,0,0,0,0,0.4671172772,0,0,0,0,0.006992232691,0,0,0,0,0,0,0.09657194243,0,0,0,0,0.01500719445,0,0,0,0,0,0.008904950231,0.07832553156,0,0.01482599051,0.0140004442,0,0.01217171834,0.0002095712756,0,0,0,0,0.05886164616,0,0,0.09799967263,0,0,0,0,-0.5902846522,0.02353655444,0,0.07759177711,0,0.01425267267,0,0,0,0,0,0,0,0,0,0.0284420646,0,0,0,0,-0.4739160502,0,0,0.06159888802,0,-0.1061769195,0,0.1025317582,0,-0.01380923396,0.1419714778,0,0,0,0,-0.06198070859,0,0,0.1025317582,0,0.6583551724,0,0.06159888802,0,0.009855793497,-0.5769058119,0,0,0,0.02343307318,0.06437970044,0.01418939192,0,0,0,0,0,0,0,0,0.04696962761,0,0,0,-0.1563900586,0,0,0,-0.01380923396,0.009855793497,0,0,-0.1061769195,0.6583551724,0
1,1,1,1,2,1500,500,v1,3.08055288e-05,0.0009164316458,0.0001649909697,3.086151629e-06,0.0001185457504,0.0002793297039,0.0005241369174,0.0003253725467,0,0.0006134013703,5.42984058e-05,0,0.01877750152,0.2577747046,0.005844431726,0.004002017157,0.007724478868,0.01820121251,0.02611086914,0.02120137882,0,0.002710124238,0.003538101423,0,5.162981416e-05,0.001525214162,3.458062363e-05,2.316049795e-05,0.0003533245451,6.361124649e-05,0.0001544940861,0.0002020777423,0,1.603539756e-05,0.0002364930992,0,0.00054162708,0.001165542583,0.0003627710559,0.0002429672289,0.0001245954569,0.0006673193434,0.0002484101206,1.248219029e-05,0.001129771617,0.0001682207403,0.002480951536,0.0002196143012,0.01219719285,0.02624748317,0.3603214844,0.005471510301,0.002805832412,0.08347052349,0.005594081719,0.0002810931871,0.0107973965,0.03649817829,0.0477394938,0.0296356165,-0.1692588069,3.350297151e-05,0.001433830272,5.131790215e-05,0.000441192737,0.0003319120091,0,0.01737448267,0.009550674667,0.1530616804,0.008078823146,0.007789593552,0.002287927336,0.01552012925,0.003757732199,-0.4483383477,0.01971511034,0.2754521158,-0.008341134201,0.02219190508,-0.02171234267,0,0.007789593552,0.003971095112,0.1231853582,0.0006596247346,0.01737448267,0.0003975454974,0.07040020961,0.002544667659,-0.2706706277,7.294069336e-05,0.001679269437,4.474421175e-05,0.0005548181263,7.066261365e-05,0,0.002287927336,0.0003975454974,0.005718467998,0.02517188789,0.009550674667,0.003971095112,0.01351007227,0.004891646159,-0.0594375661,0.0007673589391,0.001399981446,0.0004053531075,0.0001345066024,-0.002258175441,0.001338074615,0.01552012925,0.07040020961,0.01351007227,0,0.1530616804,0.1231853582,0.005718467998,0,0.3238765338,-0.01761635046,-0.02900749314,-0.3895192581,-0.003080436654,-0.1310456945,-0.0354521247,0.003757732199,0.002544667659,0.004891646159,0,0.008078823146,0.0006596247346,0.02517188789,0
1,1,1,1,1,1500,500,v1,0,0.1360088105,0,0,0,0,0.03668764391,0,0,0,0,0,0,0.0588504073,0,0,0,0,0.01491383346,0,0,0,0,0,0.04411780761,0.02043344743,0,0.05276781442,0.05947969272,0,0.005178231485,0.01604432667,0,0,0,0,0.07518420819,0,0,0.08992528325,0,0,0,0,0,0,0,0,0.08698036531,0,0.04028551777,0.104034267,0,0.1172670557,0,0,0,0.01020913075,0.03163215651,0,0.1089696284,0,-0.09628072592,0,0,0,0,-0.04813539243,0,0.02084904333,0,-0.03678340379,0,0.00410584709,0,0.03377394708,0,-0.05041054069,0,0,0,0,-0.03678340379,0,-0.007459088826,0,-0.04813539243,0,-0.01157426507,0,-0.1329353012,0.08986278087,0.02324092975,0,0.07249643058,0,0,0,0,0,0,0,0,0,0,0.01702234068,0.03959019017,0,0,0,0,0,0.00410584709,-0.01157426507,0,0,0.02084904333,-0.007459088826,0,0,0.07849906472,-0.07284044015,0,0.01053301736,0,0.03647319793,0,0,0,0,0,0,0,0,0
1,1,1,1,2,1500,500,v1,0,0,0,0,0.0687350127,0,0,0.007833961523,0,0,0,0,0,0,0,0,0.0280594749,0,0,0.003198033114,0,0,0,0,0,0,0,0,0,0,0,0,0,0,0,0,0,0,0,0,0,0,0,0,0,0,0,0,0,0,0,0,0,0,0,0,0.800893034,0,0,0.09128048379,-0.8609638671,0,0,0,0.07652034378,0,0,0,0,0,0,0,0,0,0,-0.8156223929,0,0,0,0.0311788699,0,0,0,0,0,0,0,0,0,0,0,0,0,0,0,0,0,0,0,1.056273076,0,0,0,0.1203922094,0,0,0,0,0,0,0,0,0,0,0.1203922094,0,0,0,1.056273076,0,0.1076992138,0,0,0,0,0,-0.8921427368,0,0,0,0,0,0,0,0
1,1,1,1,0,1500,500,v1,0,0,0,0,0.02394820206,0.002795154929,0,0.153408098,0.007540748054,0,0.008135735569,0.0381144176,0,0,0,0,0.0566214276,0.006608665738,0,0.3627072083,0.01782880898,0,0.01923555519,0.09011502121,0,0,0,0,0,0,0,0,0.01291473102,0,0,0.06527700539,0,0,0,0,0,0,0,0,0.002302362168,0,0,0.006701385167,0,0,0,0,0,0,0,0,0.01697925585,0,0,0.1087662171,-0.3413775515,0,0,0,0.1752303007,0.01021390944,0.04512401334,0,0,0,0,0,0,0,0,0.4051497458,0,0,0,-0.4159221137,-0.0226295772,-0.07740738896,0,0,0,0,0,0,0,0,-0.03228337566,0,0,0,0,0,0.04478176584,0,0,0.02357479301,0.002768982533,0,0,0.1501815899,0.00843622295,-0.01241566777,0,0,0,0,0,0.004945530768,0,0,0.1501815899,-0.002448105177,0,0,0.02357479301,-0.01629948001,-0.2406918129,0,0,0,0,0,0.1248542242,0,0,0.00843622295,-0.01629948001,0,0,0.002768982533,-0.002448105177
1,1,1,1,4,1500,500,v1,2.103535495e-05,0,0.002535960133,8.453628921e-05,0.007715292132,5.594750671e-06,0,0.004225549948,0.02900946883,0.002521006376,0.0001265619012,0.0582515263,0.0001730823826,0,0.000210876854,0.0002309936577,0.001264750014,9.171345518e-07,0,0.0006926846405,0.004755455204,0.0004010918736,2.074700007e-05,0.009549038126,0,0,0.01022850929,0,0,0.02016406878,0,0,0.2306617195,0.01945482341,0.02004516763,0.4631728108,0,0.01047144817,0.01275800583,0,0.0002086200501,0.02515061577,0.01397506827,0.0008383963537,5.548644974e-05,0.02426597498,0.02500231053,0.001255189192,0,3.606096112e-05,0,0,7.184335341e-07,0,4.812652323e-05,2.887220356e-06,0.000263505161,0,0,0.0001443178301,-0.6934666221,7.313426856e-05,0,0.004992017432,-0.01140784736,9.001360657e-07,0.08707399598,0,0.01530690371,0,0.005666316236,0,0.02043378983,0,0.01246641181,-0.6557354023,0.0003937289528,0,0.0005985966256,0.001496356707,-1.589081793e-06,0.01428100094,0,0.0002741319854,0,0.006359276765,0,0.001087954112,0,0.006802725832,0.05260667816,0,0,0.009076776777,0,0.01880838698,-0.6936221698,0.02043378983,0.001087954112,0.009300441302,8.051463357e-05,0.01530690371,0.0002741319854,0.004974849193,0.001820983798,0.03402912242,0,-0.02430452184,-0.02176385875,-0.0009846981894,-0.0325750729,-0.001266976678,0,0,0.004974849193,0.2953405848,0,0,0.009300441302,0.5930601725,-0.03473384744,0,8.366382068e-05,0,3.506521549e-06,0,0.0003946303278,0.01246641181,0.006802725832,0.001820983798,0.5930601725,0.005666316236,0.006359276765,8.051463357e-05,0.2953405848
1,1,1,1,2,1500,500,v1,0.0005409158673,0.009408387776,0.006499411388,0.0003273597526,0.0002517498491,0.005531726331,0.05954855828,0.0001397654751,0.0006610335139,0.0004473337086,0.003336268068,0.001073126329,0.004480617183,0,0.05411391449,0.001606652613,0.0006610095231,0.01452443287,0,0.0003669766254,0.001735649294,0.03097341448,0.008759905806,0.002817664939,0.03432768498,0,0.1187960843,0.01694689002,0.05423090869,0.03746327148,0,0.3432439758,0.003810264732,0.06799582685,0.002578477214,0.006185609837,0.01032365845,0.002958149553,0.03572656298,0.005096583251,0.0009376710451,0.01126665021,0.001060728582,0.0005674741302,0.009589179987,0.02044896685,0.0007754475166,0.005783379921,0.0001521704402,4.360304267e-05,0,7.512349628e-05,1.382124529e-05,0.0002403990031,1.563510999e-05,8.364552997e-06,6.432601864e-06,0,0.001521558676,3.571226196e-06,-0.4416102021,-0.0001950139843,0.06840388403,0.006100772963,0.0001239131257,0.005546805672,0.001443969921,0.03576781569,0.004386621539,0,0.0424674449,0.01766029202,0.001521516494,0,0.02499660738,-0.1199056765,-0.004652922301,0,0.07845392733,-0.0008811147499,-0.01489322406,0.002713727896,0.01766029202,0.001270499008,0.06690305739,0.03042265755,0.03576781569,0.000694109776,0.4234444886,0.002168260722,0.2389547552,-0.05114060889,0,-0.1779512204,-0.3970590901,-0.03786655588,-0.008964244267,0.001521516494,0.000694109776,0.0007272608339,0.004594355027,0.004386621539,0.001270499008,0.0003976654293,0.002446632954,-0.1963171636,0.01529547099,0.0006744255305,0.05452125834,-0.001129463292,0.01003850402,0.004652426397,0,0.4234444886,0.0003976654293,0.0028068083,0,0.06690305739,0.0007272608339,0.00440301137,-0.3705605191,0.0002263993961,3.973808036e-05,0,1.473808679e-05,0.001756842099,7.250782621e-06,0.02499660738,0.002168260722,0.002446632954,0.00440301137,0.0424674449,0.03042265755,0.004594355027,0.0028068083
1,1,1,1,4,1500,500,v1,0,0,0.0004444447727,0,0,0,0,0,0,0.0001093942773,0,0,0,0,0.3729996809,0,0,0,0,0,0,0.1863226456,0,0,0.0006453701268,0,0.2101559774,0.00119028192,0,0.07874144718,0,0,0,0.1049781533,0.01938117903,0,3.065155909e-05,0,0.009981262061,5.653189559e-05,0,0.003739789032,0,0,0,0.004985889394,0.0009205002365,0,0.001869256609,0,0,0.003447544678,0,0,0,0,0,0,0,0,-0.09341966128,0,0,0.0005524721403,0,0,0,0.001777921387,0,0,0.2295639517,0.003276628191,0,0,0.1153801449,0.3271877565,0,0,-0.5571504881,0,0,0,0.003276628191,0,0,0.1117831017,0.001777921387,0,0,0.02751768112,-0.5422005129,0.001792028291,0,0.3122829927,0,-0.09807413099,0,0,0,0,0,0,0,0,0,-0.3458459327,8.70829915e-05,0,0.01490476385,0,0.004654469657,0,0,0,0,0,0,0,0,0,0.001879111281,-0.005248811,0,0,0,0,0,0.1153801449,0.02751768112,0,0,0.2295639517,0.1117831017,0,0
1,1,1,1,0,1500,500,v1,0,0,0,0,0,0,0,0,0.001836496105,0,0,0.006104261105,0,0.008371422306,0.0002655438643,0,0,0,0.0005040908094,0,0.001368605994,0.0006229313151,0,0.004549058565,0,0.3983004223,0.01263420114,0,0,0,0.02398392709,0,0.0651163357,0.02963819011,0,0.2164377666,0,0,0.0224763529,0,0,0,0,0,0,0.05272659608,0,0,0,0,0.1462568441,0,0,0,0,0,0,0.008806953969,0,0,-0.2754756109,0,0,0,0,0,0.007934149796,0,0,0.3654125098,0.01415153456,0,0,0.02204063567,0.03339723751,-0.5732087201,0,0.008872304693,0.0008877402688,0,0,0.005905935774,0,0,0,0,0,0,0,0,0.1068384553,0,-0.4216150891,0.03861544147,0,0,-0.2813815467,0,0,0,0,0,0,0,0,0.03950318176,0,0,-0.07120236307,0,0,0,0.02204063567,0,0,0.09281109615,0.3654125098,0,0,0.3085010955,-0.4127427844,0,0,0.154440688,0,0,0,0.03339723751,0,0,0.3085010955,0.01415153456,0,0,0.09281109615
1,1,1,1,2,1500,500,v1,0.1931040252,0,0.1246203988,0.0799351923,0.1523791362,0.008407184897,0,0.02746068361,0.01031363233,0.02701569638,0.02380208964,0.01045871559,0.0001159981412,0,7.08824165e-05,0.0001437716315,0.0007925413448,4.372673182e-05,0,0.0001428261615,5.364238332e-05,1.027246663e-05,0.0001237973951,5.439697799e-05,0,0,0.001787776361,0,0,0.0163478345,0,0,0.001352953096,0.0002590892625,0.003543947361,0.001371985271,0,0.002642231457,0.001614575447,0,0.02287744793,0.01476404586,0.003274862196,0.009470093631,0.0009960172218,0.0002339885294,0.003200607479,0.002819884597,0,0.01128354355,0,0,0.09769722458,0,0.01398516777,0.04044165535,0.07709325934,0,0,0.01389319861,0.3051122358,-0.2720772144,0,-0.151405874,-0.1791203584,-0.03218473141,-0.0207240448,0,0.01276394441,0,0.0008796762346,0,0.01584691148,0,0.000116550388,-0.1556573772,0.0002592759063,0,7.31310599e-05,0.0009315521272,0.0001636742064,0.0001069872883,0,0.1084312936,0,0.1402662698,0,0.0449268436,0,0.0303985135,-0.1542914701,0,0,-0.0005626101392,0,0.01979635018,0.002688040295,0.01584691148,0.0449268436,0.1121401785,0.01106104797,0.01276394441,0.1084312936,0.02015945248,0.03132285395,-0.3236493017,0,0.005887079627,-0.0001746720028,0.03232950612,0.01783300154,0.003765122669,0,0,0.02015945248,0.01335661893,0,0,0.1121401785,0.01353690678,-0.4117901632,0,-0.02522025946,0,0.1375089497,0,0.08998905217,0.000116550388,0.0303985135,0.03132285395,0.01353690678,0.0008796762346,0.1402662698,0.01106104797,0.01335661893
1,1,1,1,1,1500,500,v1,0,0,0,0,0,0,0,0,0,0,0,0,0,0.05351632057,0,0,0,0,0.03724906112,0,0,0,0,0,0,0.5330943521,0,0,0,0,0.3710506233,0,0,0,0,0,0,0,0,0,0,0,0,0,0,0,0,0,0,0,0.00300091242,0,0,0,0,0,0,0.002088730484,0,0,0,0,0,0,0,0,0,0,0,0.7148651699,0,0,0,0.4975687476,0,-0.8990545118,0,0.09076523836,0,0,0,0,0,0,0,0,0,0,0,0,0.09585447407,0,-0.9041437477,0,0,0,0,0,0,0,0,0,0,0,0,0,0,0,0,0,0,0,0.4975687476,0,0,0,0.7148651699,0,0,0,-0.8133785093,0,0,0.0050892358,0,0,0,0,0,0,0,0,0,0,0
1,1,1,1,3,1500,500,v1,0,0.008877592112,0,0,0.01426220403,0,0.002531252211,0.02337827953,0.005254272936,0,0,0.01607875208,0.004042887948,9.790273964e-05,0.0002527059897,0.003116100628,0.004034908756,0,0.0003025441841,0.006613930394,0.001486482161,0.0009869480747,0,0.004548826912,0.0007912195153,4.891819358e-05,0.0001262673605,0.000606326775,0.00125492516,0,0.0001511695691,0.0003578146017,0.0007427373573,0.0004931395909,0,0.002272871998,0.003994599491,0.01019866961,0.0006374811595,0.003061138634,0,0,0.007860737469,0,0,0.002489694858,0,0,0.05678826653,0.1449869428,0.003511009728,0.04351794393,0,0.09006985177,0.1117502908,0,0.1447007913,0.01084990652,0.02568145827,0.2371902364,-0.4762749797,0,0.01122524634,0,0.03754298801,0,-0.02099071747,0.07790789086,0.1958914191,0.005045681342,0.000357599145,0.05964856367,0.1509593108,0.01561935806,0.00142198795,-0.6166113633,0.007118142258,0.0003753485068,0.0007381290396,0.01055850591,0,0.005728888669,0.05964856367,0,0.1197437017,0,0.07790789086,0,0.03415932549,0,-0.2282003421,0.001388963004,0.0001670530759,0.0005046607042,0.001608431405,0,0.002887026697,0.1509593108,0,0.1895803528,0,0.1958914191,0,0.310700611,0,-0.3467881225,0.007044509486,0.01804827945,-0.002429181141,0,0,0,0.01561935806,0.03415932549,0.310700611,0.004584128984,0.005045681342,0.1197437017,0.1895803528,0.01397807419,0.09507746691,-0.1001377755,-0.2564002421,-0.01431909454,0,-0.1154356959,-0.3816221366,0.00142198795,0,0,0.01397807419,0.000357599145,0,0,0.004584128984
1,1,1,1,2,1500,500,v1,0,0,0,0,0,0,0,0,0,0,0,0,0,0.02148414828,0,0,0,0,0.07812079272,0,0,0,0,0,0,0.1542276805,0,0,0,0,0.560803645,0,0,0,0,0,0,0,0,0,0,0,0,0,0,0,0,0,0,0,0.03998177094,0,0,0,0,0,0,0.1453819625,0,0,0,0,0,0,0,0,0,0,0,0.1391058116,0,0,0,0.505779146,0,-0.529519942,0,0.0995966362,0,0,0,0,0,0,0,0,0,0,0,0,0.2849072387,0,-0.7148305446,0,0,0,0,0,0,0,0,0,0,0,0,0,0,0,0,0,0,0,0.505779146,0,0,0,0.1391058116,0,0,0,-0.6152339086,0,0,0.1853106028,0,0,0,0,0,0,0,0,0,0,0
1,1,1,1,0,1500,500,v1,0,0,0.1036235389,0,0,0,0,0,0,0.06248588253,0,0,0,0,0.1128430583,0,0,0,0,0,0,0.2625801089,0,0,0.004238939269,0,0.004279339731,0.0003903883689,0,0.0128574927,0,0,0,0.009957807856,0.007753178346,0,0.04442135898,0,0.04484472985,0.004091019186,0,0.1347382594,0,0,0,0.104351426,0.08124832575,0,0.004848609518,0,0,0.000446536419,0,0,0,0,0,0,0,0,-0.1611642308,0,0,0.1258856138,0,0,0,0.05289465704,0,0,0.09653636247,0.00486792502,0,0,0.2224289519,0.1603699416,0,0,-0.3730134849,0,0,0,0.00486792502,0,0,0.03156145989,0.05289465704,0,0,0.02135646572,-0.3258201135,0.004607747374,0,0.01422836816,0,0.02055345423,0,0,0,0,0,0,0,0,0,-0.2024665815,-0.04838785984,0,0.1461415736,0,-0.181717685,0,0,0,0,0,0,0,0,0,-0.04378011247,0.005271724382,0,0,0,0,0,0.2224289519,0.02135646572,0,0,0.09653636247,0.03156145989,0,0
1,1,1,1,1,1500,500,v1,9.759655185e-05,0.0005919803524,0.0007025673042,0.0001631740279,0.001432620016,0.0001024874298,0.001216731383,0.001912991078,0.004480977943,0.0004447191443,8.11323474e-05,0.0008584233988,0.0001425494565,0,0.0002194127793,0.0004023186806,0.002028630909,0.0001451251313,0,0.00270885007,0.006345192904,0.0006281723836,0.000114885724,0.00121555208,0.1669954205,0,0.01251609271,0.03754181407,0.04781742323,0.05675012354,0,0.09828190961,0.3619525849,0.03583320814,0.03592234684,0.06933945494,0.00152876005,7.444014011e-05,0.0001145786061,0.0003436766432,7.21685723e-05,0.0005195191667,0.0002100931121,0.0001206603759,7.578517218e-05,0.0003280352054,0.0003288512259,5.999398102e-05,0.01172075701,0.0005707205618,0,0.002634913457,0.0005533048173,0.003356118372,0.001610750044,0.0009250836633,0.008121962722,0,0.006898023779,0.01084533376,-0.6663399211,0.0002206008598,0.001807269759,0.001146239853,0.003276716037,-1.354489236e-05,0.005332821214,0.2306085947,0.0004670590896,0,0.01818688813,0.05184895149,0.001208808884,0,0.05206454138,-0.4899277898,0.0003606103557,0,0.0008460417311,0.004372888066,-3.455617366e-05,0.00755227357,0.05184895149,0.0005866967067,0.06578861367,0.08326179472,0.2306085947,0.0009815705411,0.1352070918,0.05271047376,0.04440134279,-0.2044985112,0,-0.04811898849,-0.1460417278,-0.09264165412,-0.4311610319,0.001208808884,0.0009815705411,0.00684686347,3.250744567e-05,0.0004670590896,0.0005866967067,0.009007951115,1.726116374e-05,-0.3315101347,0.00186958812,0.0002068751324,0.0004386601807,0.000149425534,0.0008472351235,1.492199321e-05,0,0.1352070918,0.009007951115,0.526537057,0,0.06578861367,0.00684686347,0.1008768605,-0.3382762652,0.01432389257,-0.001684730805,0,-0.001415537893,0.01023732098,-0.01821948048,0.05206454138,0.05271047376,1.726116374e-05,0.1008768605,0.01818688813,0.08326179472,3.250744567e-05,0.526537057
1,1,1,1,2,1500,500,v1,0.01493049987,0,0,0.008476692148,0.00264423579,0.011081891,0,0.006055294587,0,0,0.01178366195,0,0.006839641883,1.118626576e-05,1.372508797e-05,0.002723870489,0.001410480248,0.005911268739,0.04749622484,0.003229996903,0,8.908263776e-05,0.006285605274,0,0.001551732218,4.479902124e-06,5.496655634e-06,0.0001211080399,0,0,0.01902140026,0,0,3.56760251e-05,0,0,0.005881022537,0.01038132583,2.083217406e-05,0.000458996149,0.01208817217,0,0.004134337374,0.006862979471,0.008972225141,0.0001352111564,0,0.009540399558,0.03914498456,0.0690996909,0.0001130128623,0.003055148498,0.08046072092,0,0.02751878125,0.04568103995,0.0142498322,0.4798459497,0,0.0326320868,-0.1270390316,0.02316130385,0,0,0.008032881429,-0.01457346928,0,0.04754082008,0.07823460517,0.0001459945186,1.718711705e-05,0.003706563686,0.0310008193,0.61991788,9.099778914e-05,-0.5848881196,0.009101307185,0.0474792463,-1.792747841e-06,0.004526672476,0.01104932612,0,0.003706563686,0.08032016566,0,0,0.04754082008,0.04561474404,0,0,-0.4682881166,0.001670423247,0.01901684954,-1.211412002e-05,0,0,0,0.0310008193,0.04561474404,0.01542822779,-0.005156002115,0.07823460517,0.08032016566,0.03512983564,-0.005709496755,-0.2339928086,0.006317943686,0.01440142679,-5.821640289e-05,0.0187902433,0,0.01076780908,0.61991788,0,0.03512983564,0,0.0001459945186,0,0.01542822779,0,0.1524982966,-0.04215328947,-0.09632635025,-0.4798720081,-0.1259081539,0,-0.04626492953,9.099778914e-05,0,-0.005709496755,0,1.718711705e-05,0,-0.005156002115,0
1,1,1,1,2,1500,500,v1,0.01403545783,0.007884238869,0,0.04136883867,0.01954714814,0.001291522841,0.1212558138,0.01608261732,0.05793575154,0,0.002577094828,0.1093984247,0.0002117152232,0.002073395428,0,5.73374914e-05,0.004347461135,0.0002872462682,0.0006023657218,0.003576918396,0.01288543098,0,0.0005731690129,0.02433119125,0,0.007773344232,0,0,0.00657412324,0,0.002258322771,0.1011068635,0.04830862902,0,0,0.09121980427,0,0.0001275433668,0,0,0.001880549104,0,3.454176129e-05,0.005542828275,0.0001730454504,0,0,0.0003452935721,0,0.00120035336,0.01175544739,0,0.01769847771,0.009941893423,0.0003250840889,0.05216541405,0.02464862706,0.003415208916,0.1529015543,0.02027991161,0.01391874765,0.01947862651,0.07631959832,0,0.002626525385,-0.003529339335,-0.1347771341,0,0.001602486298,0.01231290739,0,0,0.0004575216158,0.003903848353,0,-0.1072763022,4.851097005e-05,0.001350607058,0,0.006318032071,0.0003330335778,0.03581472684,0,0.008439573911,-0.005423756317,0,0,0.03459068891,-0.0755023661,0,-0.1499180194,0,-0.0002529841238,0,0.09434817426,0,0.07483780885,0.0004575216158,0.03459068891,0.0204468308,0.001515797892,0.001602486298,0.008439573911,0.01566323645,0.003027561529,-0.04004128621,0,3.943181332e-05,0,0.006745368206,0,0.0001673994783,0.003903848353,-0.0755023661,0.01566323645,0.01399567793,0.01231290739,-0.005423756317,0.0204468308,0.02219121954,0.2070218908,0,-0.001461281393,-0.01190879342,-0.05491083658,-0.1167170242,-0.03301793562,0,0,0.003027561529,0.02219121954,0,0,0.001515797892,0.01399567793
1,1,1,1,3,1500,500,v1,0,0.04164966109,0,0,0,0,0.1929855467,0,0,0,0,0,0,0,0,0,0,0,0,0,0,0,0,0,0,0,0,0,0.07120955964,0,0,0.329952644,0,0,0,0,0,0,0,0,0,0,0,0,0,0,0,0,0,0,0,0,0,0.06464892682,0,0,0,0,0.2995536617,0,-0.02680141939,0,0.2047388704,0,0,0,0,0,0,0,0,0,0,0,0,0,0,0,0,0,0,0,0,0,-0.03960020354,0,0,0,-0.2273059728,0,0.3294809279,0,0,0,-0.1515434768,0,0,0,0,0,0,0,0,0,0,0,0,0,0,0,0,0,0,-0.2273059728,0,0,0,-0.03960020354,0,0,0.05319539346,0,0,0,0,0.1247420574,0,0,0,0,0,0,0,0,0
1,1,1,1,4,1500,500,v1,0.02669645202,0,0,0.02916224082,0.005150491128,0.04313311984,0,0.003935070714,0,0,0.1413729878,0,0.005922338749,0.02340287753,0.002843840013,0.0007882273433,0.001917470504,0.01605798029,0.0211853674,0.001464983015,0,0.0004005494711,0.05263158937,0,0.02356451447,0.03465667521,0.004211364161,0.03001374028,0,0,0.03137282568,0,0,0.0005931626531,0,0,0.006025091514,0.002242415223,0.001076782401,0.007674061442,0.003763192062,0,0.0002984518564,0.004110775211,0.006080141814,0.0001516627585,0,0.01992825507,0.06387028117,0.02377120588,0.09393495431,0.08135054229,0.03989252852,0,0.003163803229,0.04357715861,0.007696382804,0.08503426624,0,0.005880179155,0.01772088324,0.01358501498,0,0,-0.001078764648,-0.1771312151,0,0.05289804512,0.02377710889,0.05492692323,0.003933943585,0.06652939608,0.003376506797,0.05066125231,0.0006199633497,-0.3016246992,0.005772534754,0.04329232846,-0.0001130077993,0.003231673169,0.05997556491,0,0.06652939608,0.03189492441,0,0,0.05289804512,0.04155848697,0,0,-0.2584573599,0.0494341968,0.05982501368,-0.003848199634,0,0,0,0.003376506797,0.04155848697,0.005323939208,0.03179825186,0.02377710889,0.03189492441,0.003957731841,0.1058227882,-0.2914552478,0.01340468328,0.00243298181,0.0009252694776,0.00781107985,0,0.02540829029,0.05066125231,0,0.003957731841,0,0.05492692323,0,0.005323939208,0,0.197710742,-0.1424571742,-0.02630792701,-0.1735094593,-0.07036503576,0,-0.008340689224,0.0006199633497,0,0.1058227882,0,0.003933943585,0,0.03179825186,0
1,1,1,1,4,1500,500,v1,0.02791245799,0,0.008918798417,0.02464047383,0.01026298264,0.008520608854,0,0.03972182866,0.006149235876,0.01259758466,0.02789385953,0.01899378411,0.0009873243153,0.09498356735,0.05758785605,0.05668721723,0.01732454875,0.01438331416,0.07187497459,0.06705290084,0.01038029007,0.1144562341,0.0470865582,0.03206268104,0.001361895892,0.04193942542,0.02542757301,0.03362463818,0,0.006647658256,0.03173596465,0,0.004583354924,0.0505374648,0.009389654718,0.01415708483,1.080119272e-05,3.457495612e-06,0.0002016660144,0.0002666769166,0.0001650016263,5.272256007e-05,0.0001985120814,0.0001456596282,5.03687034e-05,0.0004008124999,7.446932677e-05,0.0001648916834,5.421050334e-05,1.735295187e-05,0.001669406138,0.001338434583,0.0008281327295,0,0.000996319585,0.0007310564644,0.0003044917015,0.001263255604,0,0.001178504107,-0.1490176237,-0.05210084388,0,-0.01407658731,0.04180148924,0.02805508597,0.01893908031,0.001905949608,0.001442787662,0.07737721879,0.04822252658,0.04716502148,0.08280630578,0.05873354079,0.09597415004,0.2581591768,-0.05737466633,-0.165356737,-0.1703647892,-0.07832145016,-0.05588985305,-0.03634578279,0.04716502148,0.04013697793,0,0.00789503142,0.001905949608,0.03525766158,0,0.01262480956,-0.3619287734,-0.03434223363,0.07169053644,0.07363475452,0,0.0002735153968,0.01762933121,0.08280630578,0.03525766158,0.0110466493,0.009924556988,0.001442787662,0.04013697793,0.0415386529,0.03150870385,-0.2782906314,0.0002715167171,0.000201059918,0.0005989171693,0.0003070455338,0.0001231779314,0.0002125932431,0.05873354079,0,0.0415386529,0.0005775546636,0.07737721879,0,0.0110466493,-0.0009114977386,-0.2732242799,0.00135673604,0.001007544086,0.002925694145,0.001530705177,0,0.001463092853,0.09597415004,0.01262480956,0.03150870385,-0.0009114977386,0.04822252658,0.00789503142,0.009924556988,0.0005775546636
1,1,1,1,0,1500,500,v1,0.02054366863,0.0001934404206,0.001412346377,0.004547920324,0,0,0.001491294518,0,0,0.003395216165,0,0,0.06886808241,0.1524936572,0.03017409001,0.1194019487,0,0,0.1230978084,0,0,0.06084186357,0,0,0.0008472853318,0.0005540535642,0.0001096311966,0.001090412405,1.120941879e-05,8.184216078e-05,0.0004472499431,8.641702048e-05,0,0.0002210560884,0.0001967448155,0,0.0009097599528,0.0002686674733,0.0001177148577,0.001170814011,0.001278235855,8.787679608e-05,0.0004658096861,0.0002829735492,0,0.0002373556687,0.0002112518031,0,0.06629102166,0.01957685787,0.04334876983,0.08531311664,0.09314057022,0.0008770172169,0.0339419205,0.02061929152,0,0.03499252797,0.006761208251,0,-0.117607745,0.02479319778,0.001377389949,-0.00392411027,0,0,0,0.09675654128,0.07348985136,0.1631266039,0.04487808369,0.1245167589,0.1274088029,0.1320222094,0.09046886013,0.1331793206,-0.1879640426,-0.2752293886,-0.09091549813,0,0,0,0.1245167589,0.1065049166,0.0009588726693,0.00141097572,0.09675654128,0.02359655634,0.006718490918,0.003852089044,-0.4466566093,0.001932107257,0.0009965548166,0.000329805075,7.529107669e-05,0.000183191984,0,0.1274088029,0.02359655634,0,0,0.07348985136,0.1065049166,0,0,-0.466862244,0.002078060605,0.0007336913433,0.0003543966271,0.001541599963,0.0002322084516,0,0.1320222094,0.006718490918,0,0,0.1631266039,0.0009588726693,0,0,-0.4296655402,-0.1515257019,0.05329791515,0.07746695779,-0.1130691129,-0.006570923416,0,0.09046886013,0.003852089044,0,0,0.04487808369,0.00141097572,0,0
1,1,1,1,3,1500,500,v1,0.006387501314,0.00211539844,0.05486697529,0.005679072462,0,0.002033412218,0.008448079815,0,0.001786935789,0.05496490717,0.002086072787,0.001164732767,1.528242285e-05,0.0003142749947,1.322528209e-05,1.5925876e-06,0,4.476745458e-05,0.0002967688031,0,3.934104757e-05,2.117494534e-05,4.592682582e-05,2.564267137e-05,0.003146890528,0.001081029096,4.549173491e-05,0.000147635962,0.0001601978593,0.004155043239,0.00102081208,0.0006397680341,0.0001353235791,7.283663163e-05,0.004162459562,8.820451616e-05,0.1978654038,0.003305278038,0.002860360224,0.009282829817,0.03041471571,0.2612544989,0.0003444443901,0.02704146206,0.009682292258,0.004579711114,0.2617208112,0.009933040737,0.0116374061,0.0001943991323,0.003997715996,0.0005459674016,0.001788834185,0.0005924221159,2.025841391e-05,0.001590437083,0,0.003775029547,0.002365903852,0,-0.5837315755,0.01203742601,-0.01009498975,0.1096734954,0,0.003982151877,-0.002873086779,0.2742694505,0.004410734748,0.003913182452,0.004119896274,0.01287130351,0.0004726870179,0.00372483992,0.006589906581,-0.03391488769,1.524010017e-05,0.0005479529634,2.993606324e-05,0,8.690471219e-05,6.238472349e-05,0.01287130351,0.03321598373,0.00206247857,0.3032854563,0.2742694505,0.02950287691,0.008295820688,0.3036197914,-0.6321866369,0.003290054872,0.001808770678,0.0001150716818,0.000678565378,0.008315388332,0.000208252415,0.0004726870179,0.02950287691,0,0.01123438156,0.004410734748,0.03321598373,0,0.01138940057,0.1532339958,-0.2068574108,-0.003466272358,-0.007284876318,-0.05720272519,-0.5225923825,-0.01915157799,0.00372483992,0.008295820688,0,0.002360295503,0.003913182452,0.00206247857,0,0.00154337896,-0.259243387,0.01214018776,0.0001954177409,-0.007448738543,0.003352725298,0.002510891542,0,0.006589906581,0.3036197914,0.01138940057,0.00154337896,0.004119896274,0.3032854563,0.01123438156,0.002360295503
1,1,1,1,2,1500,500,v1,0.008275422269,0.0473726427,0.09085894632,0.001386819611,0.248880709,0.03312867939,0.03015293771,0.08958499739,0.001200336674,0.1835548334,0.094750027,0.007081849944,0.005409093185,2.528254755e-05,0.0002345832933,0.004131439965,0.002963788732,0.0003945119214,8.125839106e-05,0.001066820353,1.42941746e-05,0.000552676529,0.001128327959,8.433400545e-05,0,0.0006029305765,0.0055942717,0,0.01345333932,0.02580299864,0.001937825627,0.008563121656,0.0003408831691,0.01318006334,0.05212766941,0.002011171953,0,0.00295483719,0.0001281463298,0,5.38338282e-05,0.00059106167,0.002256890765,9.021631312e-06,0.000215510892,0.0003019118188,0.001194073129,0.0006163741873,0,0.005788970965,2.705812762e-05,0,0.0001054685752,0.0006037547049,0.004421588829,1.767473413e-05,0.003171934062,8.696512529e-05,0.0003842930639,0.001141742588,0.1153106863,-0.009651961732,-0.07720283527,-0.2737127172,-0.3383729071,-0.1278426806,-0.0080569111,0,-0.000499459232,0.0007584042148,0.007663763192,0,-0.0003790932259,0.002346500192,0.01831001521,-0.4853982459,-0.001119248762,6.394376304e-05,0.0006774395617,0.004025864058,0.001514343824,9.387908431e-05,0,0.01216144942,0.04981451494,0.09657736814,0,0.002038527667,0.03169490646,0.1949943343,-0.354926376,0,-0.002195011135,-0.01837970827,0.02188149701,0.07755002901,0.002169940758,-0.0003790932259,0.002038527667,0.3640223858,0.04877298879,-0.000499459232,0.01216144942,0.1310328357,0.1394950429,-0.3531880073,0,0.004051104887,0.0003864164559,6.266075358e-05,0.00178155334,0.0008163169875,0.002346500192,0.03169490646,0.1310328357,0.001279060265,0.0007584042148,0.04981451494,0.3640223858,0.007410576615,-0.398456894,0,-0.002346154488,6.113110074e-05,0.0001226494973,0.0009817239926,0.004310227742,0.01831001521,0.1949943343,0.1394950429,0.007410576615,0.007663763192,0.09657736814,0.04877298879,0.001279060265
1,1,1,1,4,1500,500,v1,0,0,0,0,0,0,0,0,0.06837319708,0,0,0.3213027292,0,0,0,0,0,0,0,0,0.02805636487,0,0,0.1318438656,0,0,0,0,0,0,0,0,0.07903212934,0,0,0.371391714,0,0,0,0,0,0,0,0,0,0,0,0,0,0,0,0,0,0,0,0,0,0,0,0,-0.05760502586,0,0,0,0,0,0.1333470845,0,0,0,0,0,0,0,0,-0.0768114008,0,0,0,0,0,0.1525534594,0,0,0,0,0,0,0,0,0.2859005439,0,0,0,0,0,-0.2101584853,0,0,0,0,0,0,0,0,0,0,0,0,0,0,0,0,0,0,-0.02402214985,0,0,0,-0.0895909374,0,0,0,0,0,0,0,0,0,0,-0.0895909374,0,0,0,-0.02402214985
1,1,1,1,4,1500,500,v1,0,0.0004427026036,0,0,0.0001620166466,0,0.0005088520613,5.0801316e-05,0.003412715582,0,0,0.002227278256,0.00140180965,0.005986027729,0.001547686498,0.0005626584695,0.0242724306,0,0.006212847793,0.0076107699,0.5112740195,0.01109830349,0,0.3336784092,2.046887956e-06,6.041613518e-05,1.562058195e-05,4.19398671e-06,0.0006693910803,0,6.270539815e-05,0.0007694127575,0.005160216704,0.0001120136147,0,0.00336776921,5.77437648e-06,3.99129921e-05,4.406646722e-05,1.183145279e-05,0,0,1.602027997e-05,0,0,0.0003159961836,0,0,8.455696599e-05,0.0005844650981,0.002495791269,0.0001732536413,0,0.02765255356,0.0002345926479,0,0.01012005342,0.00259036075,0.03178445024,0.003173204991,-0.9126219685,0,0.0009449429983,0,0.000211279016,0,0.00563612037,7.096006882e-05,0.0009789002018,0.005142264428,0.00222193399,0.0001364144439,0.0003866871036,0.005412402328,0.01596385049,0.03347062378,-0.001690386661,-0.0119606084,-0.01260514484,-0.03147380478,0,-0.8448548461,0.0001364144439,0,0.0396593551,0,7.096006882e-05,0,0.04551986584,0,-0.916975068,2.643691766e-06,0.0001218497628,0.0001273223537,0.001419829167,0,0.00852569136,0.0003866871036,0,0.02093935049,0,0.0009789002018,0,0.006586309669,0,-0.01357460218,-1.577658413e-06,4.971611787e-05,0.0003539662552,0,0,0,0.005412402328,0.04551986584,0.006586309669,0.7539428951,0.005142264428,0.0396593551,0.02093935049,0.4920966556,-0.04237611615,-0.0001393157086,0.000730279007,0.004802314137,0,-0.05915091967,0.01291208567,0.01596385049,0,0,0.4920966556,0.00222193399,0,0,0.7539428951
1,1,1,1,4,1500,500,v1,0.01773323417,0.0007052771821,0.02962315007,0.01493235154,0,0,0.01029428372,0,0,0.009401751149,0,0,0.001384987718,0.2441424234,0.00278797707,0.0002833068211,0,0,0.2990766044,0,0,0.002388128412,0,0,0.000317970791,0.01242979337,0.0001419416519,0.002545050843,0.0001519652285,0.006382864616,0.0152266056,0.002218096967,0,0.0001215845336,0.002025784043,0,0.001285379334,0.0002850431874,0.0005737912766,0.01028822726,0.01544601418,0.02580237714,5.830714473e-05,0.01300638741,0,0.0004914987518,0.00818911994,0,0.001988736017,0.000441018179,0.07774166198,0.01591792209,0.02389803843,0.0009504606457,9.021268329e-05,0.02012345336,0,0.09523421598,0.01387300171,0,-0.003888090588,0.002613481325,-0.004326427155,-0.02346930969,0,0,0,0.002203767877,0.001124093965,0.2313237541,0.003453786296,0.01013584679,0.0002293409438,0.2847972328,0.002941367093,0.1978624424,-0.001511440719,-0.5407611238,-0.004836261427,0,0,0,0.01013584679,-0.004457533797,0.0007653668541,0.02852588664,0.002203767877,0.001474963645,0.01170444283,0.005592393004,-0.4274317818,0.002327763167,0.0276305947,0.0001487144908,0.0021092014,0.00758628015,0,0.0002293409438,0.001474963645,0,0,0.001124093965,-0.004457533797,0,0,-0.0427154748,-0.0007903881027,0.0001949835256,0.0004241113496,0.01559998332,-0.006862490225,0,0.2847972328,0.01170444283,0,0,0.2313237541,0.0007653668541,0,0,-0.4969133719,-0.009763784831,0.0004141672545,0.1690498712,-0.01622508452,-0.006095980701,0,0.002941367093,0.005592393004,0,0,0.003453786296,0.02852588664,0,0
1,1,1,1,4,1500,500,v1,0.01829374419,0,3.661568224e-05,0.001265145566,0.04090503117,0.005889384535,0,0.02134562132,0.0184639303,4.955095342e-05,0.002132731955,0.006913839238,0.006205288258,0.0337317224,0.06205373133,0.0273131288,0.07403667914,0.01065958051,0.03593836142,0.03863482978,0.03341906958,0.002465083351,0.003860170423,0.01251380778,0.008668029152,0.02157859372,0.03969652784,0.002606543591,0,4.239571401e-05,0.02299020759,0,0.02137858591,0.001576943848,5.737290477e-05,0.008005235274,0.001700068539,0.0007785610065,0.007785716555,0.0005112237944,0.004154353919,8.315110425e-06,0.003426905594,0.0002873038118,0.001337429204,0.0003092874489,1.125260064e-05,0.0004843253117,0.01997962929,0.009149843044,0.04973821565,0.00600802948,0.04882300294,0,0.04027384888,0.003376466022,0.1091688195,0.05299195664,0,0.05696796247,-0.1441957583,0.01145932168,0,-5.016981143e-05,0.05893798786,0.001228945437,0.01344091282,0.01991013048,0.006982536125,0.005198748396,0.04394964518,0.005836095621,0.03819048997,0.008879097247,0.001874430329,-0.1247919659,0.00856403554,0.04606086736,-0.05844605524,0.08159331325,-0.01243498541,-0.03356374972,0.005836095621,0.05052352713,0,8.210068929e-05,0.01991013048,0.003603309817,0,0.00010634052,-0.1366476325,0.006032698534,0.03153911792,0.0218050437,0,-7.645679298e-05,0.009265922987,0.03819048997,0.003603309817,0.00115598729,0.01175873637,0.006982536125,0.05052352713,0.001186676907,0.00406609163,-0.1395882853,0.001314724138,0.003929336577,0.006091627873,0.003006487184,9.991316478e-07,0.0006561546315,0.008879097247,0,0.001186676907,0.01205293776,0.005198748396,0,0.00115598729,0.004232433155,0.2524378899,-0.02451157341,-0.04260872284,-0.08698521574,-0.05055036681,0,-0.1420930774,0.001874430329,0.00010634052,0.00406609163,0.004232433155,0.04394964518,8.210068929e-05,0.01175873637,0.01205293776
1,1,1,1,3,1500,500,v1,0,0,0,0,0,0.06880849647,0,0,0,0,0.4215811548,0,0,0,0,0,0,0.0655644848,0,0,0,0,0.4017054962,0,0,0,0,0,0,0,0,0,0,0,0,0,0,0,0,0,0,0,0,0,0.005940943166,0,0,0.03639942462,0,0,0,0,0,0,0,0,0,0,0,0,0.1334203581,0,0,0,0,-0.1713694975,0,0,0,0,0,0,0,0,0,-0.1292379589,0,0,0,0,0.09128881926,0,0,0,0,0,0,0,0,0,0,0,0,0,0,0,0,0,0,0,0.0169321325,0,0,0,0.03999157678,-0.0800806785,0,0,0,0,0,0.04213153913,0,0,0,0,0,0,0,0,0,0,0,0,0,0,0,0,0,0.03999157678,0,0,0,0.0169321325,0
1,1,1,1,0,1500,500,v1,0,0,0.0581555721,0,0,0,0,0,0,0.1181134502,0,0,0,0,0,0,0,0,0,0,0,0,0,0,0,0,0,0,0,0.1155209104,0,0,0,0,0.2346219426,0,0,0,0,0,0,0.1562486022,0,0,0,0,0.3173395226,0,0,0,0,0,0,0,0,0,0,0,0,0,-0.1267097639,0,0,0.1748019549,0,0,0,0,0,0,0,0,0,0,0,0,0,0,0,0,0,0,0,0,0,-0.02401910866,0,0,0,-0.04811917753,-0.2526015631,0,0,0,0,0.3006937542,0,0,0,0,0,0,0,0,0,0.4754957085,0,0,0,0,-0.4274035181,0,0,0,0,0,0,0,0,0,0,0,0,0,0,0,0,0,-0.04811917753,0,0,0,-0.02401910866,0,0
1,1,1,1,1,1500,500,v1,2.461190044e-06,0.0003436481522,0.0006749916581,4.616624508e-07,0.0002372300215,0.004704592143,0.003913165091,9.545758384e-05,5.547448641e-06,0.000141929783,0.0001043101938,0.0002029321598,0.0005442225276,0.003659896878,0,0.0009448328089,0.0024633817,0.04885219045,0.006657306664,0.0009912255779,5.760435959e-05,0,0.001083150526,0.00210723485,0.0612806111,0.02586375236,0,0.001007088294,0.02521731017,0.04953169076,0.04704584219,0.287152709,0.0004070783798,0,0.0104149763,0.01489140327,0.01752281804,0.001099714784,0,0.0002879707726,5.164291647e-05,0.01416328573,0.001909231161,9.68701927e-06,0.09871600922,0,0.002978099131,0.002188730869,0.03306677973,0.002075238494,0.01395598032,0.0005434209318,9.745378509e-05,0.01360716262,0.003602852355,1.828008096e-05,0.009393408521,0.02538575372,0.1549464865,0.003779758042,-0.2642933086,2.085956531e-06,0.004069144613,0.0007707594611,0.0003113397449,0.004594984977,0.000204374981,0.01648239214,0.001347805541,0.01253340091,0,0.000320242487,0.002396633123,0.0228774087,0,-0.1529920018,0.001204865626,0.0102008628,0,0.002873686172,0.04036347893,0.002004413449,0.000320242487,0.000115134953,0.0172072077,0.05317206082,0.01648239214,2.563345929e-05,0.1944572417,0.01117186792,0.2807480113,-0.05921825067,-0.06997849901,0,-0.3097023887,-0.05845463276,-0.0151168976,0.002396633123,2.563345929e-05,0.0101313587,0.07020858686,0.001347805541,0.000115134953,0.004035403027,0.001624282911,-0.04398732948,0.01708972456,0.0003880438197,0,-7.742624126e-06,0.01478792076,-0.09284704357,0.0228774087,0.1944572417,0.004035403027,0.0005134483538,0.01253340091,0.0172072077,0.0101313587,0.01884871538,-0.4027671235,0.03092676986,-0.004089201887,0.03617042979,-8.818894064e-05,0.1645236111,-0.01262953377,0,0.01117186792,0.001624282911,0.01884871538,0,0.05317206082,0.07020858686,0.0005134483538
1,1,1,1,1,1500,500,v1,0,0,0,0,0,0.4909746944,0,0,0,0,0.03324364023,0,0,0,0,0,0,0.2051543611,0,0,0,0,0.01389089468,0,0,0,0,0,0,0,0,0,0,0,0,0,0,0,0,0,0,0,0,0,0.2404553064,0,0,0.01628110326,0,0,0,0,0,0,0,0,0,0,0,0,0.4755246129,0,0,0,0,-0.5237982051,0,0,0,0,0,0,0,0,0,-0.2671968978,0,0,0,0,0.2189233057,0,0,0,0,0,0,0,0,0,0,0,0,0,0,0,0,0,0,0,0.06789599726,0,0,0,0.004514391455,-0.3048748994,0,0,0,0,0,0.2566013073,0,0,0,0,0,0,0,0,0,0,0,0,0,0,0,0,0,0.004514391455,0,0,0,0.06789599726,0
1,1,1,1,1,1500,500,v1,0.007593727865,0,0.000340316134,0.001182120728,0,0.07002074577,0,0,0,0.0001050421709,0.1945182977,0,0,0,0,0,0,0.0261134346,0,0,0,0,0.07254336968,0,0,0,0,0,0,5.705346303e-05,0,0,0,0,1.761015425e-05,0,0,0,0,0,0.01657141924,0.0007426551794,0,0.002579683988,0.1528028334,0,0.0002292283688,0.4244877244,0,0,0,0,0.02604092832,0,0,0.004053808841,0,0,0,0,-0.4892400961,0.008730985275,0,0.0003969764245,0,0.2638199595,0,0,0,0,0,0,0,0,0,-0.3118945034,0,0,0,0,0.09851263499,0,0,0.003065293511,0,0.0005296059268,0,0.0005975343548,0,0.0001730297253,-0.000533796645,0,0,0,0,6.537287671e-05,0,0,0.0005975343548,0,0.08458299668,0,0.003065293511,0,0.2354898059,0.3439787798,0,0,0,0.01637427922,-0.0009307730694,-0.5757144633,0,0,0,0,0,0,0,0,0.02510526449,0,0,0,-0.0275471498,0,0,0,0.0001730297253,0.2354898059,0,0,0.0005296059268,0.08458299668,0
1,1,1,1,3,1500,500,v1,0,0,0,0,0,0,0,0,0.06142644293,0,0,0.3479708915,0,0,0,0,0,0,0,0,0.07135667702,0,0,0.4042240659,0,0,0,0,0,0,0,0,0.01725802044,0,0,0.09776390218,0,0,0,0,0,0,0,0,0,0,0,0,0,0,0,0,0,0,0,0,0,0,0,0,-0.1241241842,0,0,0,0,0,0.1224223768,0,0,0,0,0,0,0,0,0.2362487366,0,0,0,0,0,-0.2379505437,0,0,0,0,0,0,0,0,-0.1155281671,0,0,0,0,0,0.1138263595,0,0,0,0,0,0,0,0,0,0,0,0,0,0,0,0,0,0,0.007965116855,0,0,0,-0.005412404331,0,0,0,0,0,0,0,0,0,0,-0.005412404331,0,0,0,0.007965116855
1,1,1,1,0,1500,500,v1,0.01085097823,0.0054867368,0,0.002085047804,0.02535625252,0.006267952022,0.01637574767,0.190928413,0.03474935899,0,0.004330086576,0.01091643215,0.002913095462,0.004396238281,0.0210841423,0.007259188301,0.007748269722,0.001915337562,0.0005614789715,0.05834319723,0.01061858041,0.01249706861,0.001323171817,0.003335802901,0.0001666216632,0.01048147275,0.05026862711,0.001483017397,0.003997374848,0,0.001338673239,0.01193058902,0.02531672626,0.02979540135,0,0.007953192013,0.0002544062902,0.01060454849,0.07675265443,0.002264345145,0.01207052111,0,0.02642564081,0.002319386603,0.006972407981,0.04549310923,0,0.00481674558,0.0001736461942,0.007238183793,0.01092335665,0.001545539289,0.008238790207,0.004165898454,0.01803694379,0.001583108091,0.019252167,0.001395109788,0.01243356559,0.1449656525,0.1840027968,-0.008921300185,-0.01235691899,0,-0.1655047809,-0.005761428202,-0.03579480896,0.0003616801351,0.009370236056,0.01281160976,0.04110277448,0.003468128954,0.02208295566,0.001559260762,0.01402697534,-0.2173348378,0.008461263934,0.003779073247,0.03096159008,0.06422728027,0.003084053475,0.01154482328,0.003468128954,0.009866854537,0.001921902006,0,0.0003616801351,0.002582264265,0.01017232247,0,-0.08530592416,-0.0004443620177,-0.008132196932,0.01060482503,0.002077903093,0,-0.001020267664,0.02208295566,0.002582264265,0.002221463412,0.005296980049,0.009370236056,0.009866854537,-0.008367735635,0.004905229234,0.04246983098,-0.001484117814,-0.02682634835,-0.07831958167,-0.007091737466,0,-0.004124098129,0.001559260762,0.01017232247,-0.008367735635,0.03045074098,0.01281160976,0.001921902006,0.002221463412,0.007454639043,-0.1522162419,-0.0006247262271,-0.002603710055,-0.005227456662,0.007713625119,0.002216199576,0.1053750153,0.01402697534,0,0.004905229234,0.007454639043,0.04110277448,0,0.005296980049,0.03045074098
1,1,1,1,4,1500,500,v1,0.0005750672599,0,0.006185080545,0.03954604895,0.01091224769,0.002827300369,0,0.001869398869,0.0001787459217,0.01225810889,0.0001282045931,0.0003749619428,2.314148674e-05,0,6.564086121e-06,1.790552625e-05,4.945622073e-05,1.281382123e-05,0,8.472443598e-06,8.101078724e-07,8.245551387e-06,5.810457053e-07,1.699393299e-06,0,0,0.0001794003891,0,0,0.000766127728,0,0,2.214073138e-05,0.0002253558379,0.001518375879,4.644543255e-05,0,0.05665088988,0.01606903325,0,0.006380296079,0.06862266017,0.04383313861,0.4387582438,0.03136852803,0.02018529876,0.1360021158,0.001422413203,0,0.00848524669,0,0,0.0009556493517,0,0.006565386617,0.0657178015,0.01813402215,0,0,0.003106575424,-0.6302297765,0.03996221569,0,0.01834439732,0.008911626985,0.002806549437,-0.0005440752622,0,0.07194391636,0,0.02380083735,0,0.05568834663,0,0.02987659761,-0.1595762988,4.080196831e-05,0,1.477552257e-05,5.505895354e-05,1.309436001e-05,2.328068254e-06,0,0.007287608306,0,0.09248435525,0,0.5002806374,0,0.1832053326,-0.2228014987,0,0,0.0004033880202,0,0.002278281549,5.971335267e-05,0.05568834663,0.5002806374,0.01055880391,0.04276156051,0.07194391636,0.007287608306,0.001755659653,0.002066587523,0.1453171636,0,-0.1000540288,-0.03620312029,-0.4448696536,-0.204415804,-0.03270507592,0,0,0.001755659653,0.0002311037678,0,0,0.01055880391,0.0004919469943,-0.4959539787,0,0.01492505149,0,0.0665286081,0,-0.01717632833,0.02987659761,0.1832053326,0.002066587523,0.0004919469943,0.02380083735,0.09248435525,0.04276156051,0.0002311037678
1,1,1,1,2,1500,500,v1,0,0,0,0,0,0.01921660387,0,0,0,0,0.008127729382,0,0.00953515811,0,0.1563924219,0.002465324065,0,0.165744531,0,0,0,0.01876283149,0.07010222531,0,0,0,0.1255768158,0,0,0,0,0,0,0.01506579798,0,0,0,0.009111075908,0.1494367698,0,0,0,0.002355677214,0,0.1583729379,0.01792834267,0,0.0669843844,0,0.0038308924,0,0,0,0,0.0009904808199,0,0,0,0,0,-0.1123461788,0,0,0,0,0.02711457761,0,0,0.004838177494,0,-0.1808797605,0,0.00120482977,0,-0.01916115153,0.1354093123,-0.005024292656,0,0.00347923427,0,-0.08976391848,0,0,0,0,0,0,0,0,0,0.05764651928,0,0,0.07571408877,0,0,0,0.00120482977,0,0,0.09127980758,0.004838177494,0,0,0.03656759444,0.01222676817,0,0.0002885426517,0.05416728505,0,0,-0.02258226039,0,0,0,0,0,0,0,0,-0.004735750008,0,0.0007070784924,0,0,0,0,-0.01916115153,0,0.03656759444,0,-0.1808797605,0,0.09127980758,0
1,1,1,1,0,1500,500,v1,0.04850352803,0,0,0.1191812418,0,0,0,0,0,0,0,0,0,0,0,0,0,0,0,0,0,0,0,0,0,0,0,0,0,0,0,0,0,0,0,0,0,0,0,0,0.226563999,0,0,0.5567054574,0,0,0,0,0,0,0,0,0.01418669722,0,0,0.03485907647,0,0,0,0,-0.7342408881,0.167464619,0,0,0,0,0,0,0,0,0,0,0,0,0,0,0,0,0,0,0,0,0,0.2459336079,0,0,0,0.6042307931,0,0,0,0,0,0,0,0,0,0,0.6042307931,0,0,0,0.2459336079,0,0,0.2163719505,0,0,0,-0.7831482199,0,0,0,0,0,0,0,0,0,0,-0.6156836011,0,0,0,0.04890733154,0,0,0,0,0,0,0,0,0,0
1,1,1,1,4,1500,500,v1,0,0,0,0,0.0402965757,0.141486525,0,0.0139166564,0.06301494073,0,0.388348462,0.06526544363,0,0,0,0,0.002334615859,0.008197140312,0,0.0008062731431,0.003650823363,0,0.02249929337,0.003781208133,0,0,0,0,0,0,0,0,0.07096026016,0,0,0.0734945206,0,0,0,0,0,0,0,0,0.02486371628,0,0,0.06824526914,0,0,0,0,0,0,0,0,0.006569471177,0,0,0.002268805017,0.05217366275,0,0,0,-0.05419171493,-0.5288328895,0.04340925444,0,0,0,0,0,0,0,0,-0.5283075511,0,0,0,0.00313061037,0.03038643906,0.007348813441,0,0,0,0,0,0,0,0,0.05075806793,0,0,0,0,0,-0.08971589641,0,0,0.0471173956,0.1627904089,0,0,0.01627122451,0.4465467601,-0.4984464507,0,0,0,0,0,0.0922216715,0,0,0.01627122451,0.03241119758,0,0,0.0471173956,0.0260255452,-0.05106110455,0,0,0,0,0,0.008802024583,0,0,0.4465467601,0.0260255452,0,0,0.1627904089,0.03241119758
1,1,1,1,4,1500,500,v1,1.076206348e-05,0,0.05278784035,5.668281395e-06,0.007695353984,0.001434602228,0,0.007023313278,0.05957362256,0.2631838017,0.001141404522,0.05632236874,2.349460148e-05,0.0001231170413,2.513744815e-05,2.186120504e-05,1.758269052e-05,3.277843625e-06,4.493982449e-05,1.604718172e-05,0.0001361164894,1.041791583e-05,2.607932334e-06,0.0001286878786,2.14700285e-05,0.0003890688259,7.943821045e-05,3.423830703e-05,0,0.0003811526018,0.0001420167717,0,0.0004301490853,3.292221968e-05,0.001900308672,0.0004066735302,0.004400132735,0.01521631548,0.0162803077,0.007016902451,1.592552287e-05,0.07811456983,0.01415844371,8.387828711e-06,0.002122900562,0.006747179518,0.3894550208,0.001689031464,0.0002881105059,0.0009963291142,0.005220990568,0.0004594505295,1.042766373e-06,0,0.0009270621198,5.492156076e-07,0.0007456243294,0.001905750798,0,0.0006805084293,-0.4384491699,-5.976150147e-06,0,0.2754438709,-0.01449613062,0.001590821521,-0.1158266998,0.006028849479,0.02116063602,0.006771191893,0.02424584288,0.009652080742,0.01969238175,0.002511331065,0.01004590133,-0.186087445,4.492623441e-05,0.00013982483,3.550250287e-05,2.852124264e-05,5.613142404e-06,0.0002642306924,0.009652080742,2.059991489e-05,0,0.03993663865,0.006028849479,9.890441731e-06,0,0.2037218399,-0.3204143744,5.483687946e-05,0.0004643148378,0.0001122204367,0,0.002278086467,0.000835807007,0.01969238175,9.890441731e-06,0.01028131463,0.001238358226,0.02116063602,2.059991489e-05,0.009350728596,0.0009655600243,0.2821916117,-0.01123920363,-0.02918012556,-0.02300888659,-1.579400733e-05,-0.4401609429,-0.003065713497,0.002511331065,0,0.009350728596,0.08846137469,0.006771191893,0,0.01028131463,0.08362861841,-0.05420480558,0.0007304132726,0.001899854115,-0.006792488308,1.443253064e-06,0,0.001379580578,0.01004590133,0.2037218399,0.0009655600243,0.08362861841,0.02424584288,0.03993663865,0.001238358226,0.08846137469
1,1,1,1,1,1500,500,v1,0.3036528019,0.03083696784,0,0.2518948445,0.2395787988,0.01094408534,0.004253786229,0.00170376608,0.00323279031,0,0.01252293791,0.001144191082,0.0006622534956,0.0008204850116,0.0003428175949,0.001679086607,0.01406518059,0.0006425048351,0.002431438276,0.000100024617,0.0001897904978,8.235805451e-05,0.0007351960357,6.717311496e-05,0.0001467502356,0.001387018965,0.0005795285704,3.146625356e-06,0.003060415161,0,0.004110313966,0.000422167054,0.0003208383045,0.0001392251923,0,0.0001135552546,0.0001182481803,0.0009020937339,0.000466971645,2.535482966e-06,0.02428296025,0,0.00228718084,0.0201439027,0.0008751929428,0.0001121846625,0,0.00100145298,9.225269993e-05,0.0007037789699,0.0008719321228,1.978086669e-06,0.01894463525,0.001923891709,0.001784370864,0.01571550113,0.01494711371,0.00258389746,0.0002653900377,0.0001062964897,0.1176586255,-0.5554936994,-0.03505115481,0,-0.2411658869,-0.02341182882,-0.004304002136,0.0001139673638,-0.0002828095885,-0.0002713089254,0.0003714588748,3.66112591e-06,-0.0008004431063,-0.0009103598547,9.593498863e-05,-0.2546647459,0.001376849037,0.002684101544,0.000216850512,0.01415167869,0.001373780723,0.0002546504272,3.66112591e-06,0.3906944635,0.03880186449,0,0.0001139673638,0.3240956243,0.005352188915,0,-0.03162675846,-9.211917828e-05,-0.004359768218,-0.0004615348335,0.00345255812,0,0.0004134778415,-0.0008004431063,0.3240956243,0.3157102208,0.01413446355,-0.0002828095885,0.3906944635,0.002246727579,0.01616255486,-0.5408729393,-4.947586087e-06,-0.001684699205,-6.691158646e-05,0.04439688078,0,0.001840035809,-0.0009103598547,0.005352188915,0.002246727579,0.00401888628,-0.0002713089254,0.03880186449,0.3157102208,0.001434924517,-0.7717902018,1.864777124e-05,0.001030018634,0.002463445856,0.03457009346,0.002162561132,0.01504290943,9.593498863e-05,0,0.01616255486,0.001434924517,0.0003714588748,0,0.01413446355,0.00401888628
1,1,1,1,1,1500,500,v1,0.008688178136,0,0.072453475,0.0162660445,0.1561603932,0.1207647594,0,0.07818022324,0.01232841535,0.09794369845,0.04435863849,0.002323358713,0.009749338122,0.0005279854551,0.004003724345,0.001592523983,0.01922491505,0.01486735653,0.002165682709,0.009624771811,0.001517751928,0.0209934385,0.005460994554,0.0002860288257,0.00578821263,0.002194242849,0.01663898774,0.01773445434,0,0.03706939416,0.009000311942,0,0.006307591018,0.08724615775,0.05011096519,0.001188700748,0.000849485971,0.005946338114,0.002441960508,0.00260273268,0.0006523741134,0.005440354788,0.0009713157897,0.001221377623,0.009067931347,0.01280436497,0.007354353518,0.003330782013,0.0003927578268,0.002749275344,0.0001488898401,0.00120336729,0.0003016236263,0,0.000449085555,0.0005647010513,0.0054213511,0.0006107140814,0,0.00271414813,0.1762520882,-0.02488631312,0,-0.1684018837,-0.2338123883,-0.1641457345,-0.01278171919,0.006818287312,0.003370169781,0.002106262775,0.01512276919,0.02085317916,0.000617132442,0.008813382178,0.07981131601,-0.4765466301,-0.009172693412,0.002419126006,0.02468554884,0.02857745014,0.02000467438,0.001725307871,0.02085317916,0.01159684243,0,0.04506664705,0.006818287312,0.02170720376,0,0.0606734325,-0.1189574851,-0.02336788865,-0.01039011803,-0.1030281423,0,0.08517703946,0.004973760726,0.000617132442,0.02170720376,0.1971081429,0.1445749226,0.003370169781,0.01159684243,0.09858635522,0.05322640107,-0.357833705,0.003339781435,0.003647251,0.01505320316,0.001829633239,0.012731458,0.01227351011,0.008813382178,0,0.09858635522,0.007685391152,0.002106262775,0,0.1971081429,0.001438584734,-0.2618161596,0.001580462904,0.002867240937,0.0006912287234,0.0008539824907,0,0.008105272792,0.07981131601,0.0606734325,0.05322640107,0.001438584734,0.01512276919,0.04506664705,0.1445749226,0.007685391152
1,1,1,1,1,1500,500,v1,0,0,0.02855590882,0,0,0,0,0,0,0.07243389186,0,0,0,0,0.003428477294,0,0,0,0,0,0,0.002790716147,0,0,0.01448263665,0,0.2744425458,0.0002628499326,0,0.06495101227,0,0,0,0.2233910796,0.1647524031,0,0.002933754775,0,0.05559396047,5.324563915e-05,0,0.01315715826,0,0,0,0.04525244004,0.03337397471,0,0.0001413787652,0,0,2.565927725e-06,0,0,0,0,0,0,0,0,-0.1805024444,0,0,0.09847650979,0,0,0,0.01708240921,0,0,0.3228822124,0.0003094274324,0,0,0.2627682753,-0.3966477618,0,0,0.006214102478,0,0,0,0.0003094274324,0,0,0.03475428044,0.01708240921,0,0,0.0882846211,0.2548530547,-0.01469266612,0,-0.4973729708,0,-0.2268415718,0,0,0,0,0,0,0,0,0,-0.6340747199,0.002956230723,0,0.1007252089,0,0.04633912741,0,0,0,0,0,0,0,0,0,-0.01173643539,0.0001418776181,0,0,0,0,0,0.2627682753,0.0882846211,0,0,0.3228822124,0.03475428044,0,0
1,1,1,1,1,1500,500,v1,0.02126596352,0.0005344314181,0.05345048217,0.02237939527,0,0,0.003536232642,0,0,0.04530768706,0,0,0.02016464253,0.08752925792,0.00964262983,0.001803112792,0,0,0.3528477223,0,0,0.001753944425,0,0,0.005828922865,0.02440024326,0.002688044194,0.003051533864,0.0005454750124,0.05455499328,0.09836219869,0.003609306038,0,0.0004889413168,0.04624393388,0,0.0006890345224,0.0006644833612,0.0003177525746,0.0003607205357,0.002565787101,0.006448922831,5.941778768e-05,0.002700125186,0,5.77975476e-05,0.005466475991,0,0.003772409237,0.003637993581,0.01579154592,0.001974916259,0.01404748042,0.000353024911,0.0003253076643,0.01478297075,0,0.06365883981,0.002335899746,0,0.02666484702,-0.03606417998,-0.0008174720498,-0.01772265667,0,0,0,0.00453449245,0.02426359077,0.07102474046,0.009567870537,0.002587871171,0.002183748624,0.2859666365,0.002124586418,0.2049262357,-0.02138709047,-0.4379654839,-0.008994442554,0,0,0,0.002587871171,0.009728054738,0.0001777594929,0.01363301852,0.00453449245,0.008480217624,0.001108668426,0.008781473649,-0.3741042947,-0.005583828541,0.1213682677,0.0008467729679,0.0002029420433,-0.009067936934,0,0.002183748624,0.008480217624,0,0,0.02426359077,0.009728054738,0,0,-0.07617954617,0.000992336268,0.0006503366042,0.0003526982896,0.005079960164,0.01184759881,0,0.2859666365,0.001108668426,0,0,0.07102474046,0.0001777594929,0,0,-0.3735242147,-0.0001567501395,0.003105194276,0.07860296522,0.01884537156,-0.0002430886046,0,0.002124586418,0.008781473649,0,0,0.009567870537,0.01363301852,0,0
1,1,1,1,2,1500,500,v1,0.01635162946,0,0.000724287893,0.04141590971,0.03583222598,0.005581151414,0,0.08141806487,0.006619462865,0.006601794831,0.0113895334,0.0386239749,0.002131073512,0.0009863331271,0.01496090817,0.01065175614,0.06675067072,0.0103969427,0.07222486192,0.1516710249,0.01233117882,0.01517632674,0.02121718572,0.0719513276,0.004746209817,0.000113833467,0.001726649952,0.005528142163,0,0.0001557182143,0.008335527024,0,0.001423150859,0.001751511576,0.001419352322,0.008303958217,0.03051513953,0.001581296107,0.01110127159,0.03554247199,0.02260256116,0.001001170033,0.00790380079,0.05724846168,0.007714724488,0.01126111617,0.009125541393,0.01574354568,0.004936650046,0.0002558174603,0.0001184010003,0.005749957191,0.003656576254,0,0.001278653781,0.009261488733,0.008012856883,0.008669987518,0,0.01820683152,-0.3337310229,0.007431164155,0,0.003115912935,0.1098225393,0.01603541597,0.03336264944,0.0339212505,0.002918890708,0.001156002756,0.01840734535,0.03936818084,0.01451971277,0.08321556415,0.02024539951,0.1906010189,-0.008908456333,-0.07240612696,-0.01974997162,-0.2127960042,-0.01668689813,-0.07799483647,0.03936818084,0.01202125564,0,0.00083312877,0.0339212505,0.04139159352,0,0.00525003731,-0.1967979636,0.005936444244,0.007903894973,0.002818649873,0,0.0005755143603,0.0091504271,0.01451971277,0.04139159352,0.03568676226,0.00711027871,0.002918890708,0.01202125564,0.0804469318,0.009982383479,0.01359206445,-0.06379238575,-0.004210505576,-0.008837174821,-0.05557447226,-0.007746871352,-0.010743626,0.08321556415,0,0.0804469318,0.007145343619,0.001156002756,0,0.03568676226,0.04607729621,-0.2865939086,0.008996320639,0.001493226252,0.008254520773,0.01253474202,0,0.02555100225,0.02024539951,0.00525003731,0.009982383479,0.04607729621,0.01840734535,0.00083312877,0.00711027871,0.007145343619
1,1,1,1,0,1500,500,v1,0.001738037304,0.01572252765,0.01222098341,0.002649080733,0,0.006640309107,0.0111169212,0,0.01351045301,0.01805260249,0.001744958218,0.002855520823,0,0,0.00152536223,0,0,0.0005659197781,0,0,0.001151427207,0.002039230031,0.0001487139155,0.000243361519,0.03767510552,0,0.01800332864,0.01884917914,0.01581498426,0.01229284913,0,0.01118229446,0.01358990147,0.02406833453,0.01815876115,0.002872312766,0.04268005562,0,0.02039498118,0.0213531987,0.001980505213,0.01392589291,0,0.003018645337,0.007566676949,0.02726569289,0.02057106212,0.001988391641,0.2462799122,0,0,0.123215957,0.01142825713,0.1033816065,0,0.01741871461,0,0,0.07309799027,0,-0.1693177252,0.003869002155,0.02588735787,0.00318400235,0,-0.00085461154,-0.003385430164,0.2491701776,0,0,0.01553331165,0.1249683044,0,0,0.01616774357,-0.04310596071,0,0,0.003239217011,0,0.0004302960405,0.0008561296813,0.1249683044,0.01196082367,0.107887662,-0.01226262597,0.2491701776,0.01805746469,0.07630273406,-0.01718937336,-0.472396527,0.05567491328,0,-0.003109723256,0.02639955069,0.01718386291,-0.008530411299,0,0.01805746469,0,0.007222794166,0,0.01196082367,0,0.002357059956,-0.3169007099,0.06323812788,0,-0.02126353061,0.004297778564,-0.0007331990226,-0.00596225391,0,0.07630273406,0,0.0134837052,0,0.107887662,0,0.003105862465,0.1793667302,-0.3683386961,0,0,-0.02817897294,-0.175080506,0,0.01616774357,-0.01718937336,0.002357059956,0.003105862465,0.01553331165,-0.01226262597,0.007222794166,0.0134837052
1,1,1,1,2,1500,500,v1,0,0,0,0,0.006789179231,0.002808282026,0,0.01322353028,0.1090084163,0,0.01096125106,6.488628987e-05,0,0,0,0,0.0151939497,0.006284838622,0,0.02959380613,0.2439570879,0,0.02453090301,0.0001452132859,0,0,0,0,0,0,0,0,0.1604790528,0,0,9.552372824e-05,0,0,0,0,0,0,0,0,0.0213871808,0,0,0.08347817494,0,0,0,0,0,0,0,0,0.09227376663,0,0,0.1797249573,-0.3811186873,0,0,0,0.01928622052,0.0128135895,0.1076265408,0,0,0,0,0,0,0,0,-0.0860892089,0,0,0,0.04297676204,0.026550217,-0.2248301097,0,0,0,0,0,0,0,0,-0.1172035689,0,0,0,0,0,0.1451410049,0,0,0.1055769481,0.01924093678,0,0,0.2049838591,0.07419291865,0.03936380653,0,0,0,0,0,-0.1016530435,0,0,0.2049838591,-0.04189206305,0,0,0.1055769481,-1.409153952e-05,0.06226298247,0,0,0,0,0,-0.2693035199,0,0,0.07419291865,-1.409153952e-05,0,0,0.01924093678,-0.04189206305
1,1,1,1,0,1500,500,v1,0,0,0,0,0,0,0,0,0.02840187153,0,0,0.02714577136,0,0.03154482177,0.07570449701,0,0,0,0.01601027367,0,0.1301007669,0.01862949879,0,0.1243469349,0,0.03172496294,0.07613681826,0,0,0,0.0161017026,0,0.1308437257,0.01873588518,0,0.1250570357,0,0,0.005799438103,0,0,0,0,0,0,0.001427136159,0,0,0,0,0.09438476924,0,0,0,0,0,0,0.04790409015,0,0,-0.04422656039,0,0,0,0,0,0.05551606068,0,0,0.04767745047,0.01717419334,0,0,0.02438777546,0.00737077569,-0.0808164734,0,0.04617486046,-0.02297280991,0,0,0.004497125582,0,0,0,0,0,0,0,0,-0.04892634081,0,0.04501388481,-0.0004811536031,0,0,-0.04872368599,0,0,0,0,0,0,0,0,-0.02345396354,0,0,0.007090650852,0,0,0,0.02438777546,0,0,-0.008349154662,0.04767745047,0,0,-0.008585095772,0.09118874527,0,0,-0.1392322291,0,0,0,0.00737077569,0,0,-0.008585095772,0.01717419334,0,0,-0.008349154662
1,1,1,1,1,1500,500,v1,0,0,0,0,0,0,0,0,0.02244757189,0,0,0.05058684454,0,0,0,0,0,0,0,0,0.0532326994,0,0,0.1199628317,0,0,0,0,0,0,0,0,0.2316758081,0,0,0.5220942444,0,0,0,0,0,0,0,0,0,0,0,0,0,0,0,0,0,0,0,0,0,0,0,0,-0.5805151446,0,0,0,0,0,0.07293256767,0,0,0,0,0,0,0,0,-0.6807374157,0,0,0,0,0,0.1731548391,0,0,0,0,0,0,0,0,0.2460874067,0,0,0,0,0,-0.7536699831,0,0,0,0,0,0,0,0,0,0,0,0,0,0,0,0,0,0,0.2339857252,0,0,0,0.5273881405,0,0,0,0,0,0,0,0,0,0,0.5273881405,0,0,0,0.2339857252
1,1,1,1,0,1500,500,v1,5.002679368e-05,0.002438858316,1.276644271e-05,0.0009617606541,8.05887812e-06,0,0.0004919454077,7.761077227e-06,0.0004098737365,7.106736995e-05,0,0.0002945592019,0.001849041288,0.01670799455,5.20238547e-05,0.03565211111,0.0002044034016,0,0.004664719025,0.0001968500531,0.0103959366,6.623309889e-05,0,0.007471127117,2.447757858e-05,0.0005876982593,1.829922123e-06,0.0004047562114,0.002175856159,1.138973216e-05,0.0001640799704,0.0004388948872,0.0003656736794,2.329727653e-06,6.340359077e-05,0.0002627944598,0.00489904629,0.01301726595,0.0003662483672,0.08100962313,0.008932836177,0.002279589254,0.2509911569,0.1717329801,0,0.0004662815637,0.0126898633,0,0.001489781874,0.003958502476,0.0357691514,0.02463472705,0.002716442473,0.1324294009,0.07632548338,0.05222336468,0.0004375950806,0.009986419411,0.02671251347,0.000421424566,-0.3137997611,0.00101135059,0.002922696482,8.361943555e-05,1.496960015e-05,0,0.0006975537626,0.005075421434,0.01078519129,0.02790769552,0.0004673520074,0.083885054,0.2081463825,0.007878501016,0.0005951657842,-0.2272059287,0.03742557627,0.01982470712,0.0001145056272,0.0001914767261,0,-0.01771021154,0.083885054,0.009236517589,0.191193035,0.003357099608,0.005075421434,0.1774284814,0.03855271018,0.0185769879,-0.2725122892,0.0004246412815,0.000737992539,4.005598864e-06,0.00260115001,7.249473444e-05,0.0006155571056,0.2081463825,0.1774284814,0.0003447997364,0,0.01078519129,0.009236517589,0.0003190746441,0,0.1990483379,-0.08531365133,-0.2633413365,-0.0008268564215,-0.1798234229,-0.01477883919,0,0.007878501016,0.03855271018,0.0003190746441,0.0143059081,0.02790769552,0.191193035,0.0003447997364,0.0102897429,-0.4633238499,0.02558202624,0.07996137831,-0.044420164,0.0543687395,-0.1586876775,-0.0006490292465,0.0005951657842,0.0185769879,0,0.0102897429,0.0004673520074,0.003357099608,0,0.0143059081
1,1,1,1,0,1500,500,v1,0.0002047192263,6.968558386e-05,2.939240827e-05,7.229824852e-06,0,0,0.0001643792869,0,0,1.321005313e-05,0,0,0.003041948252,0.06456120589,0.04527477401,0.009095890212,0,0,0.3918439536,0,0,0.007296539422,0,0,0.0004526539397,0.0223662339,0.01568474707,0.008692086553,0.006060048006,0.002556043808,0.1357482934,0.01429487011,0,0.00252777353,0.001148782168,0,0.0001426186062,0.0003320342876,0.004941825464,0.002738633557,0.005609209178,0.0008053379707,0.0009928332687,0.0001980937533,0,0.0007964307963,0.0003619491564,0,0.0005424217118,0.00126282686,0.02680177905,0.01041585205,0.0213335197,0.007261842492,0.003776045325,0.0007534104818,0,0.162669128,0.017129748,0,-0.02398691222,0.0002101789655,0.0002326886616,4.161245558e-05,0,0,0,0.000202865222,0.002210324317,0.02313973049,0.03717472958,0.001091499129,0.00659657681,0.1387680753,0.006009867515,0.3745991526,-0.01186691488,-0.4530381812,-0.05229359248,0,0,0,0.001091499129,0.02324607163,0.002300150301,0.002646958569,0.000202865222,0.0008519678764,0.004973784389,0.001234715562,-0.326065334,0.0004637969438,0.1573421548,0.01786110263,0.008825771774,-0.003455738354,0,0.00659657681,0.0008519678764,0,0,0.002210324317,0.02324607163,0,0,-0.06998326823,0.002526150126,0.001285848762,0.005642758466,0.005525117577,0.0008263431429,0,0.1387680753,0.004973784389,0,0,0.02313973049,0.002300150301,0,0,-0.2884933877,-0.003852856631,0.004709798681,0.1877574898,-0.02180065616,-0.01390775023,0,0.006009867515,0.001234715562,0,0,0.03717472958,0.002646958569,0,0
1,1,1,1,2,1500,500,v1,0,0.117121673,0.01339731801,0,0.05274578305,0.007906257958,0.01697905704,0.03317489143,0.0004219456668,0.1901800136,0.09292699381,2.913322153e-05,0,0.09000680232,0.003087571233,0,0.01160066061,0.001738865364,0.00428802745,0.007296330319,9.280075472e-05,0.00114192729,0.020437928,6.407424363e-06,0,0.0630850736,0.002164054865,0,0.01805441935,0.002065209549,0.00300544537,0.00261733809,6.504333329e-05,0.000800368031,0.02931643333,4.490914321e-06,0,0,0.0005665552252,0,0,0.0005406772629,0,0,0.0003190738556,0.0002095384444,0.007675118942,0.003750266481,0,0,0.1269059466,0,0,0.03631941832,0,0,0.01635646171,0.006045945068,0.00526520378,0.0102875303,0.1598051282,0,-0.1296810594,-0.2025185977,-0.08328339631,-0.1002683807,-0.000419134395,0,0,-0.03410865469,0.003085999464,0,0,-0.001314598542,0.001449316224,-0.1931975747,0,0.05995624026,-0.002359881129,0.01821886954,0.02154024839,5.129670662e-05,0,0,0.09764361556,0.01627741265,0,0,0.0153337801,0.2307192129,-0.3236959698,0,0.0562857608,-0.0007852282911,0.01870916697,0.02972771112,5.292305075e-05,0,0,0.03803374623,0.008836348268,0,0,0.02368195104,0.1035497214,-0.2546641281,0,0,0.0001215656272,0,0.008126469857,0.003804085932,-0.001314598542,0.0153337801,0.02368195104,0.0004411074133,-0.03410865469,0.09764361556,0.03803374623,3.126454309e-05,-0.05979441823,0,0,-0.09262649901,0,0.03565362849,0.02392072867,0.001449316224,0.2307192129,0.1035497214,3.126454309e-05,0.003085999464,0.01627741265,0.008836348268,0.0004411074133
1,1,1,1,0,1500,500,v1,0.009017045339,0.001917139508,0.09073035514,0.005352003453,0.3421306643,0.0761453079,0.01820737372,0.02070473111,0.02213253249,0.005592643984,0.04330418073,0.06458495643,0,0.007959717476,0.0004619593535,0,0.03501741642,0.007793548589,0.008356664883,0.002119149982,0.002265286885,0.009303828209,0.004432226304,0.006610335028,3.519910512e-05,0.003385818835,0.0001965032911,0.0006249878592,8.346643814e-05,0.003950124414,0.003554668045,0.0007926938159,0.0009635833211,0.003957562172,0.0002434867527,0.002811833072,0.000454601506,0,0.002537868271,0.008071808106,0.005070160002,0.05101642504,0,0.003009357591,0.04281545451,0.05111248475,0.003144666437,0.02434934247,5.20064577e-06,0,0.0005002526156,9.234156537e-05,5.800268107e-05,1.233211404e-05,0,3.44270809e-05,0.00220077587,0.0005251999807,0.0001171200156,0.0001331844157,0.1890267637,-0.01310278452,-0.0200309213,-0.09501614098,-0.3625359104,-0.1153476199,-0.08648097242,0.0006165213939,0,0.008166396019,0.002890506036,0.01098864001,0,0.00893105269,0.05684975383,-0.542960099,0,-0.01427095515,0.009373536651,0.03689618132,0.01176368275,0.008784801967,0.01098864001,0.006616833695,0.002725651586,0.05395042693,0.0006165213939,0.003956284112,0.02588022697,0.003320381416,-0.2056428047,0.0006270866125,0.002075396987,0.004041384261,0.0008357428577,0.004153988063,0.00373451663,0,0.003956284112,0.4573111703,0.03933628397,0,0.006616833695,0.02767886476,0.02351277239,-0.1933258197,-0.008457504446,0,-0.05324176078,0.005966635392,0.05268161393,0.06168456631,0.00893105269,0.02588022697,0.02767886476,0.02831105631,0.008166396019,0.002725651586,0.4573111703,0.08263142445,-0.3719970311,9.364357527e-05,0,0.0007972590369,8.740392414e-05,0.0001245927005,0.002313039064,0.05684975383,0.003320381416,0.02351277239,0.08263142445,0.002890506036,0.05395042693,0.03933628397,0.02831105631
1,1,1,1,4,1500,500,v1,0.0001365548027,0.03784767213,0.003048746837,0.0003068131365,0.001949027111,0.005249013644,0.0226795631,0.005169894213,0.0005939350012,0.002315565446,0.000129599572,0.0007037785655,0.0002724828231,0,0.003122374652,5.85161487e-05,0.004619529973,0.01244106648,0,0.0122535398,0.001407728258,0.007141527266,0.0003071733092,0.001668076426,0.005856886388,0,0.002603233427,0.01238067229,0.07479062827,0.006024616007,0,0.04481699078,0.001173672498,0.005954142142,0.004575779295,0.001390733911,0.03257367638,0.001263476613,0.0144781506,0.068856383,0.001500772854,0.03350652191,0.0002713337468,0.003371956293,0.05768802728,0.03311457426,0.02544866744,0.001424333056,0.01697059215,0.0006582599409,0,0.03587355567,0.0007818891463,0.2167092146,0.0001413624394,0.001756758873,0.01115979162,0,0.1298592497,0.02960191873,-0.3550616397,0.0002875655464,0.05988027142,0.004932182665,0.006222459947,0.004355705268,4.287069259e-05,0.01751928362,0.00103473209,0,0.01326932783,0.03782390428,0.0002045597625,0,0.03045100591,-0.11884876,0.0001470777823,0,0.00783389972,0.004596532813,0.01137588613,-0.001592740523,0.03782390428,0.001523414266,0.1559936149,0.03685853186,0.01751928362,0.003703610433,0.09323784669,0.02792132837,-0.429805229,0.01744113277,0,0.007359926036,0.1179268288,0.01014424256,-0.0002296701119,0.0002045597625,0.003703610433,0.01009166618,0.0609522399,0.00103473209,0.001523414266,0.02450180721,0.001557507171,0.09583501527,-0.08654900809,-0.001092242055,-0.04434071495,-0.003398259059,-0.05826299873,-0.05740475612,0,0.09323784669,0.02450180721,0.001445326506,0,0.1559936149,0.01009166618,0.001223983407,0.1154623599,0.03221241679,0.0001189697037,0,-0.0003739896237,-0.3439614079,-0.03388130836,0.03045100591,0.02792132837,0.001557507171,0.001223983407,0.01326932783,0.03685853186,0.0609522399,0.001445326506
1,1,1,1,2,1500,500,v1,0,0.08195477218,0,0,0,0,0.05747933626,0,0,0,0,0,0,0,0,0,0,0,0,0,0,0,0,0,0,0,0,0,0.1331584571,0,0,0.09339126357,0,0,0,0,0,0,0,0,0,0,0,0,0,0,0,0,0,0,0,0,0,0.3726538035,0,0,0,0,0.2613623674,0,-0.4072612238,0,0.1393724622,0,0,0,0,0,0,0,0,0,0,0,0,0,0,0,0,0,0,0,0,0,0.2362764529,0,0,0,0.1655566911,0,-0.4943625257,0,0,0,0.2264737645,0,0,0,0,0,0,0,0,0,0,0,0,0,0,0,0,0,0,0.1655566911,0,0,0,0.2362764529,0,0,0.3658462267,0,0,0,0,-0.6337349879,0,0,0,0,0,0,0,0,0
1,1,1,1,1,1500,500,v1,0,0,0,0,0.1773644227,0,0,0.0115822018,0,0,0,0,0,0,0,0,0.4859834596,0,0,0.0317355556,0,0,0,0,0,0,0,0,0,0,0,0,0,0,0,0,0,0,0,0,0,0,0,0,0,0,0,0,0,0,0,0,0,0,0,0,0.2753533153,0,0,0.01798104499,-0.2241316537,0,0,0,0.1885748587,0,0,0,0,0,0,0,0,0,0,0.4784288254,0,0,0,-0.5139856203,0,0,0,0,0,0,0,0,0,0,0,0,0,0,0,0,0,0,0,0.04997127343,0,0,0,0.003363919477,0,0,0,0,0,0,0,0,0,0,0.003363919477,0,0,0,0.04997127343,0,-0.3254107621,0,0,0,0,0,0.2898539667,0,0,0,0,0,0,0,0
1,1,1,1,1,1500,500,v1,0.00243077071,0.0005538347119,0,0.003162426442,0.006585004653,0.02221757106,0.00297069514,0.03968292857,0.001521329952,0,0.02805464427,0.002113535273,2.843549178e-05,0.003577352126,0,5.954150433e-05,0.002490731618,0.00840363973,0.0001053764129,0.01500978816,0.0005754323366,0,0.01061147155,0.0007994298269,0,0.008953387598,0,0,0.0005242962056,0,0.0002637358121,0.002812254552,0.001440190556,0,0,0.002000810892,0,0.001067486858,0,0,0.03451569604,0,0.002235226803,0.04490483179,0.3154781019,0,0,0.3983615445,0,4.197292955e-05,0.005280441425,0,0.001357136031,0.0003092142916,8.788774907e-05,0.001765630487,0.003676507638,0.0001555435294,0.001658584002,0.02215557888,-0.7303057673,0.00557474011,-0.0008701438613,0,-0.04229778247,0.0502341271,-0.001162608688,0,0.001488156055,0.0003037820959,0,0,0.003114345304,4.443258958e-05,0,-0.6920812475,8.759999923e-05,0.003210469442,0,0.01681494917,0.01894874744,0.001246425657,0,0.0460890778,2.127459678e-05,0,0,0.05997383415,-0.0005519005122,0,0.006952167552,0,-0.006655360065,0,-9.138304493e-05,0,-0.0008409404997,0.003114345304,0.05997383415,0.0007448307261,0.4271314406,0.001488156055,0.0460890778,0.004280757564,0.5394161381,0.07808536289,0,-0.003284484505,0,-0.07939494849,0,-0.7135479368,4.443258958e-05,-0.0005519005122,0.004280757564,0.0006288878704,0.0003037820959,2.127459678e-05,0.0007448307261,0.0005067974275,-0.1069063435,0,0.0001285502671,0.003212747494,0.003111600382,0.001315277516,0.02213244103,0,0,0.5394161381,0.0005067974275,0,0,0.4271314406,0.0006288878704
1,1,1,1,0,1500,500,v1,0.1167700995,0,0,0.01083755612,0,0,0,0,0,0,0,0,0.01559236936,0,0,0.009750743488,0,0,0,0,0,0,0,0,0.001157624778,0,0,0.00130050681,0,0,0,0,0,0,0,0,0.0223870726,0.1394422918,0,0.02515023947,0.1185512095,0,0.08720073179,0.01100286281,0,0,0,0,0.02444550323,0.1522636324,0,0.0274627358,0.1294516717,0,0.09521860263,0.01201454622,0,0,0,0,0.1143498419,0.01646509875,0,0,0,0,0,0.02150847932,0.02415932992,0,0,0.0211739972,0.01819571789,0,0,-0.05330081167,0.02506411323,0,0,0,0,0,0.0211739972,-0.1844861362,0,0,0.02150847932,-0.01173627475,0,0,-0.0304309159,0.001975931522,0,0,0,0,0,0.01819571789,-0.01173627475,0,0,0.02415932992,-0.1844861362,0,0,-0.0943510081,0.00423302312,0.06737500141,0,0.09686624172,0,0,0,0,0,0,0,0,0,0,0.2119794098,-0.03466393903,-0.1206758131,0,0.01748360019,0,0,0,0,0,0,0,0,0,0
1,1,1,1,0,1500,500,v1,4.05386346e-08,0,0,5.029839818e-05,0.01522256403,9.872344229e-06,0,0.04043429507,0,0,8.76834205e-05,0,0.0006434776936,0.0003026897049,0.0003713273485,0.0004857098096,0.01448569868,9.394462286e-06,1.607209739e-05,0.03847702747,0,1.271394682e-05,8.343900577e-05,0,0.006224803582,0.0001357118201,0.0001664857097,0.02357606575,0,0,7.205972171e-06,0,0,5.700335477e-06,0,0,0.003305126683,0.0001531849079,8.839738542e-05,0.01251796671,9.183394427e-09,0,0.0001156270267,1.139431641e-05,2.236425372e-06,3.02665468e-06,0,1.986330924e-05,0.09678332512,0.004485681236,0.002110049103,0.3665609695,2.689153953e-07,0,0.00338588175,0.0003336573558,0.1009797657,0.0001120385468,0,0.2682232529,-0.3162665254,4.027644016e-05,0,0,0.05558789196,-5.297690311e-05,0,0.130931043,0.005670195605,0.002657256577,0.0003387297468,0.4958572729,0.004252849418,0.0001418841966,1.142539506e-05,-0.3224512466,0.0007762861809,0.0002609641064,-0.0002722405308,0.05256508287,-1.290435461e-05,0,0.4958572729,3.413316636e-07,0,0,0.130931043,0.0004079124038,0,0,-0.4493779976,0.02936729902,3.39584886e-05,1.833215211e-05,0,0,0,0.004252849418,0.0004079124038,0.1069748863,1.061967549e-05,0.005670195605,3.413316636e-07,0.2835649625,7.827979921e-05,-0.441066711,0.01579165629,0.0002034783327,2.047161752e-05,5.378197465e-06,0,6.614941258e-06,0.0001418841966,0,0.2835649625,0,0.002657256577,0,0.1069748863,0,0.154632272,-0.4630178328,-0.007595127863,-0.002161016442,-0.0003178237947,0,-0.3685128736,1.142539506e-05,0,7.827979921e-05,0,0.0003387297468,0,1.061967549e-05,0
1,1,1,1,1,1500,500,v1,0.001114700668,3.229353337e-05,0.004199114883,0.00387344952,0.09957315376,0.0006694836754,0.0002070664476,0.05466969001,0.04444097236,0.0002679771976,0.002020906902,0.002956671153,0.01111289604,0.0008839454993,0,0.01321197451,0.03975629772,0.0002673028955,0.0002118942031,0.02182781593,0.01774382413,0,0.0008068819095,0.001180501914,0.003388491755,0.002702012681,0,0.01646164499,3.941314864e-05,0.005124875533,0.0006477105482,0.0002527174894,0.05423868083,0,0.0003270569683,0.003608515621,0.001869697339,0.0187436438,0,0.009083183925,0.0007506693842,0.002827796802,0.02228406918,0.002608484995,0.0004508482976,0,0.000180463046,0.001360933014,0.006169914873,0.06185315893,0.004919943573,0.02997408747,0.0024771743,7.176519513e-05,0.07353639916,0.008607880019,0.221279187,0.001179379864,0.0004601591237,0.1214912263,-0.3093806118,0.003273634127,0.0001926407163,-0.001687339262,0.1506035622,-0.001295768259,-0.007326696756,0.004135049727,0.04946323125,0.003274172404,0,0.01616438629,0.05747976789,0.000934318246,0,-0.3300129854,0.02343765915,0.001076380083,0,0.0604397127,0.0005642772489,0.0145696766,0.01616438629,0.001536632359,3.748313255e-05,0.007165210418,0.004135049727,0.005281000855,0.0002582334372,0.0004158799221,-0.01821871133,0.007079942658,-0.0001112611772,0,2.067766285e-05,-0.003117490278,-0.03332199262,0.05747976789,0.005281000855,0.1243439987,0.0004807602781,0.04946323125,0.001536632359,0.06831785127,0.001475301646,-0.1433212543,0.009207287613,0.03696603265,0,0.002238234708,-0.0002492306878,-0.0005725502731,0.000934318246,0.0002582334372,0.06831785127,0.03696823121,0.003274172404,3.748313255e-05,0.1243439987,0.002150287962,0.2944245025,-0.02982018764,-0.1316990246,-0.003770779343,-0.01005695764,-0.0004104627598,-0.3394845077,0,0.0004158799221,0.001475301646,0.002150287962,0,0.007165210418,0.0004807602781,0.03696823121
1,1,1,1,4,1500,500,v1,0,0,0,0,0,0,0,0,0,0,0,0,0.001484714233,0,0,0.002943775987,0,0,0,0,0,0,0,0,0,0,0,0,0,0,0,0,0,0,0,0,0,0.00280728008,0,0,0,0,0.005566056755,0,0,0,0,0,0,0.3309722062,0,0,0,0,0.6562259667,0,0,0,0,0,0,0,0,0,0,0,0,0,0.4900224161,0,0,0,0.9715763868,0,0,-0.9788231081,0.004423932279,0,0,0,0,0,0,0,0,0,0,0,0,0,0,0,0,0,0,0,0,0.9715763868,0,0,0,0.4900224161,0,0,0,-0.9827693192,0,0.008370142467,0,0,0,0,0,0,0,0,0,0,0,0,0.01279407475,0,-0.9871932505,0,0,0,0,0,0,0,0,0,0,0,0
1,1,1,1,0,1500,500,v1,0.007438840052,4.589481138e-05,0.002297944046,0.0003152113049,0,0.01165363242,0.001790653411,0,0.02478403862,0.03773404783,0.005491094681,0.2095090367,0,0,0.0009681523432,0,0,0.01612480937,0,0,0.03429298983,8.94915441e-05,0.007597876074,0.2898918685,0.003785857804,0,0.0002814366394,0.01424375225,1.846008933e-05,0.0009242929885,0,0.000720247473,0.009968786297,2.601470689e-05,0.01517761753,0.08426999515,0.008655705561,0,0.0006434559381,0.03256586272,0.006840905741,0.002113235197,0,0.0002898746055,0.0107169129,5.94781037e-05,0.0347009833,0.005049720234,0.02057006514,0,0,0.07739194833,0.01625723931,0.0001003009779,0,0.0006888796615,0,0,0.003913389832,0,-0.2057945339,-0.003264727187,-0.0003362010319,-0.02211572655,0,0.01131279791,0.1847801848,0.02047853369,0,0,0.001116021403,0.05852187016,0,0,9.903934835e-05,0.284365478,0,0,-0.0007355025833,0,-0.01498316656,-0.2691138791,0.05852187016,0.01079064138,0.0001101171826,0.002094179958,0.02047853369,0.0006173138897,0.004370292162,0.03565921941,-0.1944364296,0.01577305132,0,0.0002288723493,0.0005693240266,0.0118986399,0.09319278463,0,0.0006173138897,0,0.008527688896,0,0.01079064138,0,0.004246491415,-0.102692859,0.02298850034,0,-0.0003034102683,0.005038033666,-0.01495184624,-0.004845751568,0,0.004370292162,0,0.0003700462482,0,0.0001101171826,0,-0.01365868159,0.04076798104,-0.09142848755,0,0,-0.009378610001,-0.003220062559,0,9.903934835e-05,0.03565921941,0.004246491415,-0.01365868159,0.001116021403,0.002094179958,0.008527688896,0.0003700462482
1,1,1,1,4,1500,500,v1,0.4242703736,0,0,0.07032457737,0,0,0,0,0,0,0,0,0,0,0,0,0,0,0,0,0,0,0,0,0,0,0,0,0,0,0,0,0,0,0,0,0,0,0,0,0.4335167591,0,0,0.07185720419,0,0,0,0,0,0,0,0,2.66657234e-05,0,0,4.419954455e-06,0,0,0,0,-0.2037776998,0.1175736723,0,0,0,0,0,0,0,0,0,0,0,0,0,0,0,0,0,0,0,0,0,0.1029718867,0,0,0,0.02633415494,0,0,0,0,0,0,0,0,0,0,0.02633415494,0,0,0,0.1029718867,0,0,0.1176047567,0,0,0,-0.2038087844,0,0,0,0,0,0,0,0,0,0,-0.08623511193,0,0,0,3.108443268e-05,0,0,0,0,0,0,0,0,0,0
1,1,1,1,4,1500,500,v1,0,0,0,0,0.2787003552,0,0,0.06530253405,0,0,0,0,0,0,0,0,0.4105717067,0,0,0.09620143053,0,0,0,0,0,0,0,0,0,0,0,0,0,0,0,0,0,0,0,0,0,0,0,0,0,0,0,0,0,0,0,0,0,0,0,0,0.1208965847,0,0,0.02832738886,-0.349283168,0,0,0,0.3362098411,0,0,0,0,0,0,0,0,0,0,0.4851640594,0,0,0,-0.4982373862,0,0,0,0,0,0,0,0,0,0,0,0,0,0,0,0,0,0,0,0.01563885201,0,0,0,0.003971138555,0,0,0,0,0,0,0,0,0,0,0.003971138555,0,0,0,0.01563885201,0,-0.1620275448,0,0,0,0,0,0.1489542181,0,0,0,0,0,0,0,0
1,1,1,1,2,1500,500,v1,0,0.0002136380243,0.0004374104989,0,5.660503011e-05,0.001180476374,0.0003426508613,0.0006157564637,0.0001980195956,0.0003103863878,1.8078055e-05,1.650362056e-06,0,9.079993582e-05,1.881680247e-06,0,2.017250066e-05,0.0004206898291,0.0002762579235,0.0002194389376,7.056882429e-05,8.000834348e-06,6.442529502e-06,5.881443682e-07,0,0.08614317237,0.001785176437,0,0.07223016144,0.14788674,0.2620897659,0.1158488855,0.06694963318,0.00759050374,0.1049403961,0.0005579808095,0,0,0.0002101445653,0,0,0.01740869645,0,0,0.04698230819,0.0008935268673,0.01235320693,0.0007194966116,0,0,0.005744199231,0,0,0.004816451802,0,0,0.001276155778,0.01747667041,0.007725035668,0.01388217916,-0.5270121949,0,0.0005474711264,0.0007445060659,0.0006577611855,0.001182926217,0.0001978037607,0,0,0.1202972064,0.002374746931,0,0,0.3654959382,0.009971003766,-0.4601074366,0,0.0003660955688,9.275848283e-06,0.0002345978275,0.0004205657768,7.042970838e-05,0,0,0.1006282856,0.1947504477,0,0,0.1614741655,0.1382988771,0.06801964422,0,-0.3472782674,-0.009228898315,-0.1876902577,-0.2524144311,-0.06722417255,0,0,0.001787664717,0.06767901096,0,0,0.01943393777,0.001036293254,-0.2592860556,0,0,0.0009891220029,0,0.02963704194,-0.04741369528,0.3654959382,0.1614741655,0.01943393777,0.09960222678,0.1202972064,0.1006282856,0.001787664717,0.0008316816013,-0.5331625994,0,0,0.02305007763,0,0.01240782059,-0.01504009405,0.009971003766,0.1382988771,0.001036293254,0.0008316816013,0.002374746931,0.1947504477,0.06767901096,0.09960222678
1,1,1,1,3,1500,500,v1,0,0.003293650045,0.03872607552,0,0.005644763854,0.001328174099,0.0006529514975,0.0005292071914,0.0001248071406,0.01333158854,0.0007795274073,0.01856605916,9.095110839e-05,0.01913378621,0.0003476295394,0.0005924304068,0.008199396535,0.001929261593,0.01386916598,0.0007687087934,0.0001812907081,0.001183575682,0.001132315627,0.02696844104,0.0006405081219,0.02245060289,0.0004078906628,0.002902695702,0.005613589557,0.06600345821,0.01627336766,0.001112869205,0.0002127172139,0.00138874697,0.02272192406,0.03164338482,0.0007228925568,0.0001204437306,0.0004603550119,0.003276050757,0,0.07449305798,0.0007845372045,0,0.002554861262,0.001567372549,0.02564449883,0.001499490449,0.005947930351,0.0009910060825,0.2084823248,0.02695521145,0,0.05212929947,0.006455139987,0,0.08934087756,0.1511188603,0.01033440216,0.008375874724,-0.1921691988,0,0.003756167678,0.04874924768,0.00612161331,0.001251194069,0.0112523714,0.006927922808,0.00117334098,0.2503306513,0.0003486438984,0.03126480167,0.007658060951,0.1815011789,0.001326226699,-0.4140538164,0.0001042535419,0.03285773203,-0.0003836150402,0.008832868307,-0.001143035209,-0.008726180973,0.03126480167,0,0.06483402668,-0.0211886558,0.006927922808,0,0.0128985858,-0.006415638242,-0.4170560741,0.002950312385,0.03851424994,-0.0005755847135,0.006580411416,0.02422771442,-0.005006014777,0.007658060951,0,0.1133248738,0.002383057373,0.00117334098,0,0.01062151365,0.001380408175,0.03691127059,0.00323000661,0.0006352263659,-0.000157380644,0,-0.05457409942,-0.002617135893,0.1815011789,0.0128985858,0.01062151365,6.933744065e-05,0.2503306513,0.06483402668,0.1133248738,0.003650399087,0.1035828409,-0.03164213532,-0.006627081201,-0.3592598687,0,-0.06215832079,-0.09758540634,0.001326226699,-0.006415638242,0.001380408175,0.003650399087,0.0003486438984,-0.0211886558,0.002383057373,6.933744065e-05
1,1,1,1,4,1500,500,v1,0.01888909917,0.07952777325,0,0.002541308987,0.03121142246,0,0.1074857569,0.02127900207,0,0,0,0,0,0,0,0,0.02244227496,0,0,0.01530046303,0,0,0,0,0,0,0,0,0.0125415021,0,0,0.01695046636,0,0,0,0,0,0,0,0,0.118182212,0,0,0.0159000445,0,0,0,0,0,0,0,0,0.03892775151,0.1638954493,0,0.005237277007,0.06432231028,0,0.2215128841,0.04385300208,-0.5113992477,0.02138808563,0.1850131883,0,0.05088052849,0,0,0,0,0,0,0,0,0,0,-0.05495652184,0,0,0,0.03678908829,0,0,0,0.0906870877,0.1069157277,0,0,0.01217842617,0.1441437769,0,-0.1967913733,0,0,0,0.02941836987,0,0,0,0.01217842617,0.01625758159,0,0,0.0906870877,0.01099356877,0,0.06425466023,0,0,0,-0.1328316694,0,0,0,0.1441437769,0.01099356877,0,0,0.1069157277,0.01625758159,0,0.1906575916,0,0,0,0.04286657457,-0.3818045614,-0.1058370503,0,0,0,0,0,0,0,0
1,1,1,1,2,1500,500,v1,0,0,0.003663775939,0,0,0.0005121453017,0,0,0.00174311143,0.002246868727,0.0001067366137,0.008330596573,0.008629924129,0.1828913509,0.01699982682,0.009853193176,0,0.0003870164067,0.1694413094,0,0.001317229153,0.1564290989,8.06584002e-05,0.006295239927,1.832907139e-07,0.0008347030385,7.758599316e-05,6.514465693e-08,0,1.263583413e-05,0.0007733180115,0,6.0117396e-06,0.0007139312139,7.74912577e-06,2.873102456e-05,8.436344353e-05,0.01812840687,0.035710601,2.998421179e-05,0,0.005815910998,0.02069806086,0,0.000812984075,0.3286020026,0.0035666997,0.0001694346641,1.624161136e-06,0.0003490072555,0.007396404358,5.772546668e-07,0,0,0.0003984781161,0,0,0.006852464226,0,0,-0.006938350333,0,0,0.003611992737,0,0.0002399615365,-0.004518350802,0.0001170425731,0.01382736019,0.2618650927,0.02796119181,4.261013555e-05,0.01582336185,0.2425639716,0.2572383725,-0.3884622371,0.01798488425,-0.3521207012,0.1715102579,0,0.0003624634079,0.001310626261,4.261013555e-05,0,0,0.004079445362,0.0001170425731,0,0,0.00248495648,-0.5365271134,2.472501407e-07,0.001605853732,0.0007911917443,0,2.031126817e-05,3.456834107e-05,0.01582336185,0,0,2.057430668e-05,0.01382736019,0,0,6.240983667e-05,0.1952665773,-0.0001081532386,-0.03849582721,-0.3624344926,0,-0.008008571899,-0.0006577477071,0.2425639716,0,0,0.0008136974493,0.2618650927,0,0,0.003946036849,-0.3711336958,1.470849568e-06,0.0007437949339,0.01422880808,0,0,0,0.2572383725,0.00248495648,6.240983667e-05,0.003946036849,0.02796119181,0.004079445362,2.057430668e-05,0.0008136974493
1,1,1,1,4,1500,500,v1,0.01341734437,0.08895184848,0.02852658937,0.004272177176,0.01252703885,0.09358583794,0.0396770282,0.008133777388,0.008560162271,0.0007349048631,0.02315367548,0.007558204642,0.0001864710577,0.0007021677193,0,7.52954339e-07,0.001111852163,0.008306321831,0.001240766931,0.0007219230406,0.0007597673357,0,0.002055031876,0.0006708374002,0.01069608373,0.004783766326,0,0.01650623797,0.05378766555,0.01724954202,0.00845316425,0.02399202219,0.005176184117,0,0.0004443844356,0.004570317428,0.0421179409,0.005002451294,0,0.06499657005,0.0319474811,0.06792347647,2.019947467e-05,0.01017230354,0.2228333496,0,0.001749851429,0.0551302545,0.000569141808,6.759837051e-05,0.0002545456342,0.0008783018496,0.0004317078842,0.00286205774,2.729564952e-07,0.0001374588383,0.0004030619837,0.000449795393,0.001276622663,0.0002617072149,-0.2700274236,0.01721446922,-0.1222414218,0.02798484663,-0.02041780779,0.1162025505,-0.01518369032,0.04609304492,0.007055455705,0.005710792632,0,0.07105859948,2.850879046e-05,0.01010031643,0,-0.2050728609,0.0001790341956,0.001909389179,0,0.001736338738,0.01033812771,0.001338799377,0.07105859948,0.02723174678,0.04764626784,0.03311014471,0.04609304492,0.008694915578,0.02059587717,0.0009620739211,-0.2745164448,0.02679523792,-0.01314669013,0,0.07264615515,0.01752543973,0.008435873232,2.850879046e-05,0.008694915578,0.01644379168,0.1813678229,0.007055455705,0.02723174678,0.0105989498,0.04493759266,0.2183099706,-0.1063378624,-0.004968609918,0,-0.04172738217,-0.06822509897,-0.2774109554,0.01010031643,0.02059587717,0.0105989498,0.004665458119,0.005710792632,0.04764626784,0.01644379168,0.003448068525,-0.1883591399,0.001441528327,6.693271332e-05,0.0006965615871,0.0005618046513,0.004100502917,0.0006529747374,0,0.0009620739211,0.04493759266,0.003448068525,0,0.03311014471,0.1813678229,0.004665458119
1,1,1,1,1,1500,500,v1,0,0,0,0,0.009131108034,0,0,0.01330678064,0,0,0,0,0.04630795059,0.0208535334,0,0.01104963464,0.01400005855,0,0.1357773688,0.02040231124,0,0,0,0,0,0.08664982351,0,0,0,0,0.5641770543,0,0,0,0,0,0,0.06178790526,0,0,0,0,0.01474333822,0,0,0,0,0,0,0.0003380255852,0.0001522206822,0,0,0,8.065697501e-05,0,0.000102193639,0.0009911089555,0,0.0001489269792,-0.03054590549,0,0,0,0.01894486068,0,0,0,0.02321700664,0.09807637899,0,0,0.006109522893,0.6394663667,0,-0.6898449389,0.04319460374,0.1545929755,0,-0.03078987218,0,0,0,0,0,0,0,0,0,0,0.1557352652,0,-0.647430427,0,0,0,0,0.006109522893,0,0.007037767333,0,0.02321700664,0,0.01036379987,0,0.0436111453,0,-0.06316216503,0,0,0,0,0.6394663667,0,0.01036379987,0,0.09807637899,0,0.007037767333,0,-0.5246500269,0,0.000416541597,0.001142289572,0,0,0.0002439666881,0,0,0,0,0,0,0,0
1,1,1,1,4,1500,500,v1,0.005729594597,0.0003274759825,0,0.01437232286,0.02245226862,0,0.1049485907,0.07257116719,0,0,0,0,0,0,0,0,0.04357683769,0,0,0.140850888,0,0,0,0,0,0,0,0,0.0008536056427,0,0,0.2735611586,0,0,0,0,0,0,0,0,0.01109369637,0,0,0.02782783028,0,0,0,0,0,0,0,0,0.007326621547,0.0004187543375,0,0.01837836317,0.02871045626,0,0.1342012236,0.09279914456,-0.2253834357,0.007069448729,0.1027478682,0,0.08768007965,0,0,0,0,0,0,0,0,0,0,0.177734354,0,0,0,-0.1484798547,0,0,0,0.007613083172,0.0001789462134,0,0,0.02468827553,0.05323050137,0,0.2304402067,0,0,0,-0.2660465055,0,0,0,0.02468827553,-0.007013961271,0,0,0.007613083172,-0.03686778745,0,0.008636594883,0,0,0,-0.03017083402,0,0,0,0.05323050137,-0.03686778745,0,0,0.0001789462134,-0.007013961271,0,-0.2471997974,0,0,0,0.00156714616,0.1276923385,0.09005427431,0,0,0,0,0,0,0,0
1,1,1,1,1,1500,500,v1,0,0,0,0,0,0.1340654506,0,0,0,0,0.1039308703,0,0,0,0,0,0,0.1443669051,0,0,0,0,0.1119168139,0,0,0,0,0,0,0,0,0,0,0,0,0,0,0,0,0,0,0,0,0,0.2848765649,0,0,0.2208433954,0,0,0,0,0,0,0,0,0,0,0,0,-0.247653876,0,0,0,0,0.2376020573,0,0,0,0,0,0,0,0,0,-0.2651832373,0,0,0,0,0.2551314187,0,0,0,0,0,0,0,0,0,0,0,0,0,0,0,0,0,0,0,0.008491514098,0,0,0,0.006586212798,0.492733476,0,0,0,0,0,-0.5027852947,0,0,0,0,0,0,0,0,0,0,0,0,0,0,0,0,0,0.006586212798,0,0,0,0.008491514098,0
1,1,1,1,3,1500,500,v1,0,0,0.2112148374,0,0,0.004031537289,0,0,0.05577202304,0.01595864334,0.001679906239,0.0620985695,0.0001195631824,0.02202157887,0.0001315826025,4.793518758e-05,0,0.0002470946666,0.02154316221,0,0.003418291448,0.0003470733371,0.000102962181,0.00380604822,0.0004325063571,0.01458536974,8.71500141e-05,0.0002180830838,0,0.008574051808,0.014268504,0,0.002264008631,0.0002298742056,0.0006478249181,0.002520828359,0.0069481019,0.001272155324,0.001400042262,0.003503447901,0,0.1377399076,0.0005100316239,0,0.002629093583,0.003692869199,0.01040713846,0.001095520243,0.005614294367,0.001027943253,0.1893303018,0.002830900884,0,0,0.000412122291,0,0,0.1852171194,0,0,0.1596693175,0,0,-0.2176044592,0,-0.004909415067,-0.1177333741,0.004946751342,0.0006315767571,0.2290004707,0.00171829852,0.002492669151,0.0002231074556,0.224088971,0.004352217238,-0.465754778,0.0001508650425,0.04342396169,0.0003849419578,0,0.0003298424475,0.007186232008,0.002492669151,0,0,0.1019407136,0.004946751342,0,0,0.007522423459,-0.5333833841,0.0006128886605,0.02873884939,0.0002817752721,0,0.009161056189,0.004764670386,0.0002231074556,0,0,0.001859402011,0.0006315767571,0,0,0.0008706486375,-0.2130827037,-0.003864275897,-0.0009386800984,-0.004713727739,0,0.135467978,0.002759538855,0.224088971,0,0,0.07508869388,0.2290004707,0,0,0.08358501339,0.06812360862,-0.001708226429,0.0002180255818,-0.3742224393,0,0,0,0.004352217238,0.007522423459,0.0008706486375,0.08358501339,0.00171829852,0.1019407136,0.001859402011,0.07508869388
1,1,1,1,2,1500,500,v1,0.0001551101088,0.002147602238,0.01673400743,9.673882047e-05,0.007693470355,0.006291052772,0.002622809136,0.003040303001,0.003034962345,0.02477584103,0.004145551632,0.003037876074,0.07055582652,0.04739117349,0.001174608455,0.01712864923,0.04147199448,0.03391220006,0.04636562922,0.01638888869,0.01636009964,0.0006343365131,0.02234678064,0.01637580623,0,0.02210173401,0.0005477999747,0,0.005399025398,0.04206893134,0.02162345283,0.006593685223,0.00762982944,0.0002958343475,0.06228592642,0.007637154493,0,0.06420105722,0.001068814701,0,0.0007608202023,0.08208085862,0.01558591889,0.0004745071066,0.03085782144,0.0005772035675,0.1215263178,0.02033406755,0,0.02184362264,0.0146719975,0,0.0002588597465,0.00358408472,0.005302917826,0.0001614452258,0.01283945838,0.0143544957,0.004377146747,0.005073892799,-0.2201892279,8.564947516e-05,-0.001225467146,0.04041692169,0.006948440678,0.009885547289,0.004417309064,0,0.05795639625,0.02702620231,0.001149304082,0,0.01548806727,0.02990477799,0.0007266053572,0.0926170393,-0.0629517077,-0.08444580717,-0.001025132648,-0.05469044011,-0.0280499996,-0.02943858219,0,0.0009181431486,0.007214823582,0.03935696444,0,0.00060441873,0.008730293381,0.06294100386,-0.2410783199,0,0.02015133973,0.0005165288772,-0.006339471889,0.08369533337,0.006100322152,0.01548806727,0.00060441873,0.03590051208,0.02557187719,0.05795639625,0.0009181431486,0.01362656595,0.01624521007,0.06764179534,0,-0.01101624177,-0.0007420025224,-0.001164371509,-0.1923109005,-0.009713605877,0.02990477799,0.008730293381,0.01362656595,0.01365825566,0.02702620231,0.007214823582,0.03590051208,0.01472317081,-0.1946480771,0,0.02500497381,0.02634048058,6.368077904e-05,-0.003065138931,0.01472394739,0.0007266053572,0.06294100386,0.01624521007,0.01472317081,0.001149304082,0.03935696444,0.02557187719,0.01365825566
1,1,1,1,1,1500,500,v1,0,0,0,0,0.05331815658,0,0,0.4081297663,0,0,0,0,0,0,0,0,0.02336094312,0,0,0.1788189403,0,0,0,0,0,0,0,0,0,0,0,0,0,0,0,0,0,0,0,0,0,0,0,0,0,0,0,0,0,0,0,0,0,0,0,0,0.03886623909,0,0,0.2975059547,0.499256442,0,0,0,-0.4228287169,0,0,0,0,0,0,0,0,0,0,-0.1250179306,0,0,0,0.2014456555,0,0,0,0,0,0,0,0,0,0,0,0,0,0,0,0,0,0,0,-0.012633225,0,0,0,-0.1020083614,0,0,0,0,0,0,0,0,0,0,-0.1020083614,0,0,0,-0.012633225,0,-0.2213830614,0,0,0,0,0,0.2978107863,0,0,0,0,0,0,0,0
1,1,1,1,0,1500,500,v1,0,0.000546411507,0.0009814239277,0,0.0004701196526,0.00139753387,0.01613445529,0.00205300078,0.008600724201,0.06009837912,0.005828559843,0.01091352023,0,0.005582288475,0.01027281566,0,0.0002936053225,0.0008728062746,0.001491413804,0.001282167109,0.005371437652,0.0008799092637,0.003640129024,0.006815855515,0,0.03953517079,0.0727546639,0,0.00241683331,0.004340937204,0.01056256761,0.07136432613,0.03804187224,0.006231738682,0.2658212038,0.04827160278,0,0,0.03418324433,0,0,0.002039557454,0,0,0.002904301129,0.002927936637,0.1248941397,0.01211268886,0,0,0.03456739627,0,0,0.002113147182,0,0,0.001818102303,0.009235332818,0.06239707307,0.007939607342,-0.2905514134,0,0.01510106261,0.05856275567,0.0003149054829,0.000720127374,0.01620646652,0,0,0.05204358016,0.04772805889,0,0,0.009770730828,0.004146264472,-0.1751980229,0,0.005952441735,0.009166978928,0.0001961309979,-0.0001691631719,0.01097628128,0,0,0.002218543706,0.002043099049,0,0,0.06097326911,0.1243098355,0.2589347714,0,-0.04185345221,-0.07522813871,-0.05329851733,-0.2635275033,-0.08339693618,0,0,0.002305839402,0.002759593236,0,0,0.009342742821,0.01119493737,-0.2704749431,0,0,0.03147827755,0,0.1207294577,-0.009853984599,0.009770730828,0.06097326911,0.009342742821,0.03777758431,0.05204358016,0.002218543706,0.002305839402,0.04654369828,-0.07358742871,0,0,-0.00530853015,0,-0.003930420518,-0.008276757962,0.004146264472,0.1243098355,0.01119493737,0.04654369828,0.04772805889,0.002043099049,0.002759593236,0.03777758431
1,1,1,1,3,1500,500,v1,0.00746601657,0,0,0.01348200481,0,0,0,0,0,0,0,0,9.300149312e-05,0,0,0.0006885516717,0,0,0,0,0,0,0,0,0.488569419,0,0,0.1956513355,0,0,0,0,0,0,0,0,0.0105804077,2.113615931e-05,0,0.004237004644,0.004164948305,0,0.0001564849911,0.007520992295,0,0,0,0,0.1060257324,0.0002118043873,0,0.04245881001,0.04173673707,0,0.00156812821,0.07536748477,0,0,0,0,-0.1050442168,0.02078809349,0,0,0,0,0,0.5566219152,0.0001332222538,0,0,0.2231871686,0.0008364296498,0,0,-0.001171080517,0.0005246459152,0,0,0,0,0,0.2231871686,0.04500957083,0,0,0.5566219152,0.08137461414,0,0,0.1627297567,-0.6826024808,0,0,0,0,0,0.0008364296498,0.08137461414,0,0,0.0001332222538,0.04500957083,0,0,-0.6313764872,0.01481407808,0.0001734481712,0,0.01161368194,0,0,0,0,0,0,0,0,0,0,-0.634688537,0.1479156786,-0.001344528688,0,-0.1166578988,0,0,0,0,0,0,0,0,0,0
1,1,1,1,3,1500,500,v1,0.03298446896,0.003522681864,0.001342458179,0.01219120917,0.006831314241,0,0.0168876404,0.04034924115,0.022680883,0.001563205811,0,0.1518811935,0.002583466018,0.002697323876,8.956053439e-05,0.0053738945,0.000236248504,0,0.001788004942,0.00139540468,0.00078437684,0.003027265068,0,0.005252533186,0.009125592228,0.1012177645,0.003360781832,0.1027851246,0.004571533133,0.001742164714,0.0670953402,0.02191580466,0.02943394042,0.1135988916,0.002028638247,0.1971026437,0.0002308999971,0.002452953224,8.503607171e-05,0.002600717232,0.001083080691,4.408106536e-05,0.005102413481,0.0004003115305,0,0.002874332218,5.132955248e-05,0,0.0002219113944,0.002357463306,0.00246136083,0.002499475075,0.001040917928,0.0001111681595,0.00490378391,0.0003847279821,0.0002155813838,0.001631589505,0.0005329371125,0.001273334081,-0.2026019102,-0.04473732079,0.01362791959,0.001561683529,-0.04712202623,0,0.1363828907,0.01296030777,0.0001793879943,0.1440311657,0.004769960151,0.1461360293,0.002638644777,0.09549849288,0.1609701498,-0.3850195444,0.002345597247,0.004407978992,0.003103069834,0.001620193465,0,0.006016503617,0.1461360293,0.04591470656,0.001600612812,0.0005490659955,0.01296030777,0.01692636887,0.005969583985,0.000171305278,0.1782838963,-0.1115594479,-0.1681232021,-0.1165359552,-0.0193081069,-0.002128909493,-0.1938443551,0.002638644777,0.01692636887,0.009560625507,0,0.0001793879943,0.04591470656,0.05647343346,0,-0.2638371651,0.002818347662,-0.004274934377,0.00293947886,0.001456677225,8.697844615e-05,0,0.09549849288,0.005969583985,0.05647343346,0.01197363713,0.1440311657,0.001600612812,0.009560625507,0.06519380422,-0.3688483222,0.002676874665,5.064861716e-05,0.004028784042,0.00138659326,0.0006333894326,0.001479126778,0.1609701498,0.000171305278,0,0.06519380422,0.004769960151,0.0005490659955,0,0.01197363713
1,1,1,1,3,1500,500,v1,0,0,0,0,0.01591123407,0.07295170966,0,0.04841419026,0.0008857340835,0,0.01466194516,0.005649290772,0,0,0,0,0.01564914456,0.07175005066,0,0.04761671276,0.0008711442906,0,0.01442043391,0.005556235775,0,0,0,0,0,0,0,0,0.00262669463,0,0,0.016753292,0,0,0,0,0,0,0,0,0.4241312936,0,0,0.08524255011,0,0,0,0,0,0,0,0,0.03881210906,0,0,0.1180962347,-0.5279499435,0,0,0,0.06333423305,0.08759179164,0.006376338236,0,0,0,0,0,0,0,0,-0.5250825102,0,0,0,0.06199437216,0.08612416243,0.006316394125,0,0,0,0,0,0,0,0,0.01269273237,0,0,0,0,0,-0.01901567153,0,0,0.01071540661,0.4190820221,0,0,0.03245483309,0.0842347052,0.1737159541,0,0,0,0,0,-0.5092604397,0,0,0.03245483309,0.001292253672,0,0,0.01071540661,0.008192155015,0.1253286052,0,0,0,0,0,-0.1541087652,0,0,0.0842347052,0.008192155015,0,0,0.4190820221,0.001292253672
1,1,1,1,2,1500,500,v1,0.06320050699,0.02833736761,0.01229203626,0.007852923126,0.0103966811,0.002747414079,0.0102215796,0.003849398826,0.003528849724,0.0306139488,0.01022371428,0.009047686256,3.53219411e-05,0,0.003651623322,0.001487229901,0.001258949579,0.0003326884572,0,0.0004661294294,0.0004273136618,0.001060938498,0.001238004769,0.001095597786,0.0009558117944,0,0.004663301924,2.107524348e-05,0.004382083818,0.001900837578,0,0.00158066265,0.0005457004859,0.001354870451,0.004734133795,0.001399132061,0.001455063195,6.866913782e-05,0.007099095276,3.208352448e-05,0.01487822796,0.002893706496,0.002891313215,0.001848681063,0.0006467772951,0.002062563088,0.007206924923,0.002406796383,0.03167780816,0.001494978213,0,0.0006984821948,0.3239100906,0.1452323683,0.06294603953,0.04024716196,0.05328422315,0,0.0523868072,0.01972862532,-0.5849453941,0.07043915612,0.03806132598,-0.04253166527,0.01416288823,-0.01281132376,-0.01244538602,0.04369720131,0.002086664844,0,-0.001093038005,0.0009644001616,0.08783879677,0,-0.0003311585805,-0.1428991996,0.001517656572,0,0.003202484914,0.001714120409,0.001528163117,0.001476080376,0.0009644001616,0.3696530546,0.1681274592,0.01121909837,0.04369720131,0.04590988134,0.06067772733,0.02782860399,-0.236048574,0.0009711740606,0,0.004194227579,0.005950627569,0.006569710271,0.001911167717,0.08783879677,0.04590988134,0.06242252776,0.002659470507,0.002086664844,0.3696530546,0.02311812282,0.009902448885,-0.4275044358,0.001462962899,0.002932308118,-0.006447248103,0.01649409538,0.009930153411,0.002908547711,0,0.06067772733,0.02311812282,0.003803711024,0,0.1681274592,0.06242252776,0.009783495865,0.1537063128,-0.03220853794,-0.06440027264,0,-0.3639752087,-0.1965487447,-0.07290410895,-0.0003311585805,0.02782860399,0.009902448885,0.009783495865,-0.001093038005,0.01121909837,0.002659470507,0.003803711024
1,1,1,1,4,1500,500,v1,0,0,0.05648400345,0,0,0,0,0,0,0.4749521563,0,0,0,0,0.02959271421,0,0,0,0,0,0,0.001193157884,0,0,0.01885494429,0,0.0283947622,0.01042189028,0,0.00414479757,0,0,0,0.001144857283,0.03485200098,0,0.06199408567,0,0.09336051558,0.03426663843,0,0.01362788092,0,0,0,0.003764231778,0.1145915841,0,0.01182411337,0,0,0.006535665669,0,0,0,0,0,0,0,0,0.1669979048,0,0,-0.5310427082,0,0,0,0.04678062352,0,0,0.05309974238,0.02575848362,0,0,0.002167881812,-0.0671391519,0,0,0.03029406918,0,0,0,0.02575848362,0,0,0.0580275755,0.04678062352,0,0,0.4880396303,-0.5467715411,0.02910370856,0,0.02943831303,0,0.03898023095,0,0,0,0,0,0,0,0,0,-0.3849320669,-0.09575743845,0,-0.09657746499,0,0.1280176739,0,0,0,0,0,0,0,0,0,-0.06665372987,0.0182943251,0,0,0,0,0,0.002167881812,0.4880396303,0,0,0.05309974238,0.0580275755,0,0
1,1,1,1,1,1500,500,v1,0,0,0.2888486957,0,0,0,0,0,0,0.112829411,0,0,0,0,0.1537378008,0,0,0,0,0,0,0.02917222431,0,0,0.05409875655,0,0.1036691283,0.006730836159,0,0.01373353205,0,0,0,0.01967153849,0.005364560598,0,0.0418964989,0,0.0802860139,0.005212660839,0,0.01063586202,0,0,0,0.01523452004,0.004154555881,0,0.04866822222,0,0,0.006055182241,0,0,0,0,0,0,0,0,0.03384189723,0,0,-0.4015807173,0,0,0,-0.06875037223,0,0,-0.05486430186,-0.005817621488,0,0,-0.009988473146,0.2046849379,0,0,-0.1614497547,0,0,0,-0.005817621488,0,0,0.3966653445,-0.06875037223,0,0,0.154942886,-0.3903840991,-0.01497277811,0,0.1114966299,0,0.01906860479,0,0,0,0,0,0,0,0,0,-0.4227956704,0.04004242849,0,0.09318830827,0,0.01477329245,0,0,0,0,0,0,0,0,0,0.02506965037,0.02464234541,0,0,0,0,0,-0.009988473146,0.154942886,0,0,-0.05486430186,0.3966653445,0,0
1,1,1,1,0,1500,500,v1,0.0004241801935,0.05092305646,6.940484787e-05,0.002284629898,0.001176529445,0.002359173678,0.03639424494,0.0007302916732,0,0.00132509337,0.002669958238,0,3.59942465e-05,0,0,0.000593255748,9.927085812e-05,0.0001990576577,0,6.161909624e-05,0,0,0.0002252804183,0,0.008237632406,0,0,0.001340635883,0.0701818118,9.565329165e-05,0,0.05015830209,0,0,0.001826234715,0,6.97073988e-05,4.975087151e-06,0,1.134455091e-05,4.946943698e-06,8.094245796e-07,8.199918975e-05,2.664418483e-05,2.751354151e-05,0,1.545372084e-05,3.113802409e-05,0.0431849534,0.003082153552,0,0.007028147811,0.00306471819,0.3679210388,0.050799933,0.01650653876,0.008500470427,0,0.2629498176,0.005276385389,-0.5441761997,0.002691405855,0.08728279387,0.0001849845548,0.001896358796,-0.004045456586,0,0.05232941878,0.004551604122,0,0,0.008524690652,0.0749382855,0,0,-0.06943347162,0.0006259627772,0,0,0.0001475915684,0.0002011630191,0,0.008524690652,0.003925509978,0.3701377847,7.696136449e-05,0.05232941878,0.02119237549,0.2644683302,0.001249965324,-0.5931101463,0.00944115588,0,0,0.1202265145,-0.001082290787,0,0.0749382855,0.02119237549,0.01079911369,0.002868567056,0.004551604122,0.003925509978,0.00668795261,0.002842609613,-0.115246665,8.039205324e-05,8.672204961e-05,0,3.002967826e-05,1.268843924e-05,3.684245461e-05,0,0.2644683302,0.00668795261,0,0,0.3701377847,0.01079911369,0,0.222508926,-0.05009095425,-0.05370594365,0,-0.0194666925,-0.6305800515,-0.01370199457,0,0.001249965324,0.002842609613,0,0,7.696136449e-05,0.002868567056,0
1,1,1,1,2,1500,500,v1,0.002452827699,0.103271572,0,0.01758550481,0.004436296737,0.002242977679,0.05677797959,0.01941591265,0.03295109621,0,0.001384320394,0.0007447224782,0.003752202376,0.09475657002,0,0.1354636551,0.003477638521,0.0017582831,0.01229227025,0.01522024556,0.02583055379,0,0.001085176717,0.0005837922328,0,0.1016367922,0,0,0.08683328995,0,0.0131848052,0.04774032841,0.02770609603,0,0,0.0006261810642,0,0.0004736237176,0,0,0.0002427046406,0,0.01709897109,0.001740066628,0.0002219402087,0,0,0.0001369770016,0,0.001541724116,0.03893406444,0,0.0007900440442,0.03326327831,0.0556599999,0.005664206801,0.001428909913,0.005050710912,0.01828791506,0.006253772392,0.1051615027,-0.01837209005,-0.08582960009,0,-0.01702714719,-0.00221540368,-0.007528834709,0,0.003014594244,0.02588143143,0,0,0.1109749554,0.005588246208,0,0.07279311815,-0.1354638161,-0.04571348851,0,-0.003780762231,-0.001641534245,0.007126717714,0,0.002232993785,-0.002235207961,0,0,0.01607941847,0.008079734695,0,-0.03970676364,0,-0.01753098045,0,0.03195949088,0,0.007772998872,0.1109749554,0.01607941847,0.003251945079,0.003248271856,0.003014594244,0.002232993785,0.01685447707,0.002262049329,-0.1090375467,0,0.01562077834,0,0.001358523216,0,0.0001833904685,0.005588246208,0.008079734695,0.01685447707,-0.01114265064,0.02588143143,-0.002235207961,0.003251945079,8.632782564e-05,-0.2747790949,0,0.04385000471,0.04226468383,0.004805291995,0.04997375808,0.007403627996,0,0,0.002262049329,8.632782564e-05,0,0,0.003248271856,-0.01114265064
1,1,1,1,1,1500,500,v1,0.0003172638129,0,0.02118820726,0.001553413841,0.001386033944,0.02396184473,0,0.0003258123087,0.002528487194,0.006856888122,0.02617168558,0.008579876168,8.93241476e-05,0,0.0008240285284,0.00022307162,6.372795188e-05,0.001101732966,0,1.498040595e-05,0.0001162563954,0.0003132409687,0.001203338437,0.0003944910138,0,0,0.0008399959643,0,0,0.0009930823416,0,0,0.0001185091288,0.0003193107283,0.0003213794555,0.0004021351788,0,0.01495316157,0.1379451363,0,0.00244197256,0.1630851633,0.03734293654,0.01195659202,0.1844337896,0.05243758759,0.05277731642,0.2014428858,0,0.007671284181,0,0,0.001252782924,0,0.01915770635,0.00613398142,0.005473046677,0,0,0.001286538459,-0.610677588,0.001792411194,0,0.02781006632,0.0008761470853,0.04998091517,-0.008424769197,0,0.01204807844,0,0.2041942431,0,0.02722159084,0,0.07759021634,-0.5640072498,0.0003115310503,0,0.001131268196,7.383003149e-05,0.0022971496,0.0003584896368,0,0.001539853808,0,0.2113522797,0,0.007955596187,0,0.06841815533,-0.3849053881,0,0,0.00115602243,0,0.001313156123,0.0003072462023,0.02722159084,0.007955596187,0.005633691817,0.2389747236,0.01204807844,0.001539853808,0.001345506865,0.2611058691,0.1153812261,0,-0.05106536577,-0.1901435972,-0.01313736234,-0.215636846,-0.385665127,0,0,0.001345506865,0.00257509544,0,0,0.005633691817,0.009063454601,-0.06114880872,0,0.0245740551,0,0.005014651144,0,-0.005602776239,0.07759021634,0.06841815533,0.2611058691,0.009063454601,0.2041942431,0.2113522797,0.2389747236,0.00257509544
1,1,1,1,4,1500,500,v1,0,0,0.0482069607,0,0,0,0,0,0,0.1576423953,0,0,0,0,0,0,0,0,0,0,0,0,0,0,0,0,0,0,0,0.180347655,0,0,0,0,0.5897579085,0,0,0,0,0,0,0.005631012288,0,0,0,0,0.01841406826,0,0,0,0,0,0,0,0,0,0,0,0,0,-0.7457980022,0,0,0.2046687802,0,0,0,0,0,0,0,0,0,0,0,0,0,0,0,0,0,0,0,0,0,0.1905743122,0,0,0,0.6211195206,0.2286894138,0,0,0,0,-0.7698186358,0,0,0,0,0,0,0,0,0,-0.5651498556,0,0,0,0,0.02402063351,0,0,0,0,0,0,0,0,0,0,0,0,0,0,0,0,0,0.6211195206,0,0,0,0.1905743122,0,0
1,1,1,1,3,1500,500,v1,0,0,0,0,0,0,0,0,0,0,0,0,0,0.05624763813,0,0,0,0,0.07056750697,0,0,0,0,0,0,0.05198621428,0,0,0,0,0.06522118369,0,0,0,0,0,0,0,0,0,0,0,0,0,0,0,0,0,0,0,0.3353065314,0,0,0,0,0,0,0.4206709255,0,0,0,0,0,0,0,0,0,0,0,0.3409322696,0,0,0,0.4283632312,0,-0.6392957729,0,0.1264321056,0,0,0,0,0,0,0,0,0,0,0,0,-0.6291603344,0,0.1162966669,0,0,0,0,0,0,0,0,0,0,0,0,0,0,0,0,0,0,0,0.4283632312,0,0,0,0.3409322696,0,0,0,0.2427287724,0,0,-0.75559244,0,0,0,0,0,0,0,0,0,0,0
1,1,1,1,0,1500,500,v1,0,0,2.413942001e-05,0,0,0,0,0,0,3.099069199e-05,0,0,0,0,0.0002916219445,0,0,0,0,0,0,0.001584845291,0,0,0.0001699669777,0,2.382919885e-06,0.0006731014789,0,9.592707642e-06,0,0,0,1.295018921e-05,1.231531858e-05,0,0.1611158387,0,0.00225882781,0.6380492894,0,0.009093161263,0,0,0,0.01227579984,0.0116739905,0,0.03280543578,0,0,0.1299157498,0,0,0,0,0,0,0,0,-0.02073190271,0,0,5.494237856e-05,0,0,0,0.1922096756,0,0,0.002944062898,0.7610554939,0,0,0.01597461539,-0.01443129184,0,0,0.001818839663,0,0,0,0.7610554939,0,0,0.01358457445,0.1922096756,0,0,0.01743086587,-0.6696779189,0.000841965643,0,1.460300596e-05,0,2.182246454e-05,0,0,0,0,0,0,0,0,0,0.1653909023,-0.7989908088,0,-0.01444589484,0,-0.02075372522,0,0,0,0,0,0,0,0,0,-0.7981488432,0.1626387291,0,0,0,0,0,0.01597461539,0.01743086587,0,0,0.002944062898,0.01358457445,0,0
1,1,1,1,4,1500,500,v1,0,0,0,0,0.02594223648,0,0,0.05412417483,0,0,0,0,0.004901895789,0.09849221438,0,0.06945601749,0.02905441857,0,0.01579262921,0.06061722671,0,0,0,0,0,0.4763098522,0,0,0,0,0.07637339594,0,0,0,0,0,0,0.004106804272,0,0,0,0,0.05819019449,0,0,0,0,0,0,0.0004691863045,0.009427209405,0,0,0,0.006648001829,0,0.00278095167,0.001511595851,0,0.005801994537,-0.03907079465,0,0,0,0.02924659372,0,0,0,0.002775373586,0.5514539785,0,0,0.02999046177,0.08847535637,0,-0.4839105346,-0.03993624075,0.11311633,0,-0.04755720631,0,0,0,0,0,0,0,0,0,0,0.1240081658,0,-0.5506277227,0,0,0,0,0.02999046177,0,0.004452265197,0,0.002775373586,0,0.01028403619,0,-0.03303951198,0,0.01119562174,0,0,0,0,0.08847535637,0,0.01028403619,0,0.5514539785,0,0.004452265197,0,-0.4845626265,0,0.006896728782,0.01089183586,0,0,0.008486411655,0,0,0,0,0,0,0,0
1,1,1,1,2,1500,500,v1,0,0.01938293942,0,0,0,0,0.05412139103,0,0,0,0,0,0,0.05906401942,0,0,0,0,0.04632248323,0,0,0,0,0,0.3143541333,0.04518657641,0,0.01074713753,0.03081148382,0,0.03543874,0.08603237764,0,0,0,0,0.2149790682,0,0,0.007349703305,0,0,0,0,0,0,0,0,0.04584436761,0,0.006589860925,0.00156732701,0,0.004493444944,0,0,0,0.005168268689,0.01254667755,0,-0.08625966875,0,0.04588471741,0,0,0,0,0.08154172009,0,0.03118434954,0,0.002838792445,0,0.01982610577,0,0.01166338359,0,-0.04567035377,0,0,0,0,0.002838792445,0,0.01717017102,0,0.08154172009,0,0.04339225609,0,0.2530793841,-0.2804160676,-4.42930047e-05,0,-0.1032546202,0,0,0,0,0,0,0,0,0,0,-0.2330104397,0.1767567647,0,0,0,0,0,0.01982610577,0.04339225609,0,0,0.03118434954,0.01717017102,0,0,-0.2067438527,0.04740562792,0,0.01170767657,0,0.01699495149,0,0,0,0,0,0,0,0,0
1,1,1,1,3,1500,500,v1,0.02271103808,0.0006871102923,0,0.03353169834,0.02012941881,0,0.08352898619,0.01443807116,0,0,0,0,0,0,0,0,0.0005890540076,0,0,0.0004225061718,0,0,0,0,0,0,0,0,0.001873644154,0,0,0.2277707064,0,0,0,0,0,0,0,0,0.2218272826,0,0,0.3275167563,0,0,0,0,0,0,0,0,0.005835693866,0.0001765557921,0,0.008616106654,0.005172336264,0,0.02146311369,0.003709921274,-0.7310525012,0.05616513304,0.08308101111,0,-0.03427309957,0,0,0,0,0,0,0,0,0,0,-0.02564517393,0,0,0,0.00100531073,0,0,0,0.2896348641,0.001613769208,0,0,0.4275730583,0.1833376937,0,0.1046781776,0,0,0,-0.2279791532,0,0,0,0.4275730583,0.0215104095,0,0,0.2896348641,0.01544938532,0,0.07061477799,0,0,0,-0.5487533926,0,0,0,0.1833376937,0.01544938532,0,0,0.001613769208,0.0215104095,0,-0.6707541885,0,0,0,0.01444964498,0.02159716708,0.008627925626,0,0,0,0,0,0,0,0
1,1,1,1,4,1500,500,v1,0,0,0,0,0,0,0,0,0,0,0,0,0,0,0.001305133968,0,0,0,0,0,0,0.008054042086,0,0,0,0,0.01140045161,0,0,0,0,0,0,0.07035271423,0,0,0,0,0.1267440797,0,0,0,0,0,0,0.7821435784,0,0,0,0,0,0,0,0,0,0,0,0,0,0,0,0,0,0,0,0,0,0,0,0,0.1710584333,0,0,0,1.055631078,-0.8271406912,0,0,0.009347687121,0,0,0,0,0,0,0,0,0,0,0,-0.8995244488,0,0,0.08173144426,0,0,0,0,0,0,0,0,0,0,0,0.0910791314,0,0,-0.9088721348,0,0,0,0,0,0,0,0,0,0,0,0,0,0,0,0,0,0,1.055631078,0,0,0,0.1710584333,0,0,0
1,1,1,1,2,1500,500,v1,0,0,0.001500812184,0,0,0,0,0,0,0.002863743183,0,0,0,0,0.0007520381612,0,0,0,0,0,0,0.0005805442821,0,0,0.008330234744,0,0.01053877667,0.05587414742,0,0.2563650175,0,0,0,0.008135526697,0.4891775128,0,0.001668003603,0,0.002110230744,0.01118795353,0,0.05133322001,0,0,0,0.001629016259,0.09795040343,0,3.657210887e-07,0,0,2.453034597e-06,0,0,0,0,0,0,0,0,-0.5961887291,0,0,0.004357338389,0,0,0,0.009999718248,0,0,0.01144169713,0.0669994534,0,0,0.008817706182,-0.01473668606,0,0,0.001230417159,0,0,0,0.0669994534,0,0,0.3052131903,0.009999718248,0,0,0.5825338986,0.1709738665,-0.06406558351,0,-0.01840007664,0,-0.7451786466,0,0,0,0,0,0,0,0,0,-0.8220537594,0.01273001113,0,0.003663390584,0,0.1489899174,0,0,0,0,0,0,0,0,0,-0.05133557238,2.791280971e-06,0,0,0,0,0,0.008817706182,0.5825338986,0,0,0.01144169713,0.3052131903,0,0
1,1,1,1,0,1500,500,v1,0.00911222724,0.0005700337089,0.3130512394,0.001028831533,0,0.001317872565,0.001124083952,0,0.002239547829,0.05511578304,0.01626009978,0.03806860824,0.001027235656,0.0001875927061,0.197350766,0.003679077485,0,0.001549121424,8.312312113e-05,0,0.002632524278,0.01945142115,0.01911328121,0.04474855778,1.002096515e-05,5.369186302e-06,0.005648476699,1.431789729e-05,1.917807916e-05,0.01053222179,2.379109149e-06,3.781841437e-05,7.534681698e-05,0.000556729023,0.001854302357,0.001280771243,0.0001203712216,0.0003531634305,0.06784915725,0.0001719857081,0.003682495512,0.1265124051,0.001264866167,0.0004157784266,0.0005325876624,0.006687395034,0.0222737667,0.006571142586,0.0002805479802,0.0008231144104,0.0001503162968,0.0004008453382,0.008582754782,0.000536911494,0.002948010691,0.000969050544,0,6.660578658e-05,0.001058768253,0,0.150990596,-0.005658769399,-0.001293453634,-0.3658505806,0,-0.004865195174,-0.003826833442,0.0003641513051,0.0005432103728,0.0002037036286,0.1866702838,0.0004562835687,0.001174541692,8.185538463e-05,0.01847428077,0.07664178008,-0.00268729458,-0.0001864716052,-0.2126063118,0,-0.007457317845,-0.01252402735,0.0004562835687,0.001198296874,0.0005216166317,0.2641175883,0.0003641513051,0.0004540489174,0.001380448935,0.04700276635,-0.3811503732,1.390544684e-05,5.752110965e-06,0.00618712354,4.969371222e-05,0.01236105718,0.001343357595,0.001174541692,0.0004540489174,0,0.0006134789877,0.0005432103728,0.001198296874,0,0.007956855237,-0.5796921433,3.302599904e-05,0.001364570638,0.06965614527,0.003269634707,0.1460759533,0.006608956875,8.185538463e-05,0.001380448935,0,0.001372122851,0.0002037036286,0.0005216166317,0,0.02113913194,-0.005089406589,-0.0005938880298,0.0001775559028,-9.653181337e-06,0.001287570833,-2.428378835e-05,0,0.01847428077,0.04700276635,0.007956855237,0.02113913194,0.1866702838,0.2641175883,0.0006134789877,0.001372122851
1,1,1,1,2,1500,500,v1,0.01203504514,0.003291192715,0.02100225448,0.002198645804,0.00718132475,0.007688258088,0.004687794555,0.0004189497433,0,0.01267733793,0.020977291,0,0.0008059902556,0,0,0.002111077394,0.02531895914,0.02710623724,0,0.001477077252,0,0,0.07395894104,0,0.01273410259,0,0,0.009337494285,0.02593113803,0.1654756822,0,0.03693489205,0,0,0.09988409312,0,0.004187113641,0.0005922474201,0,0.003070271299,0.03117901502,0.05441023278,0.001551234809,0.005695999452,0.01991785752,0,0.03284299352,0.05434556028,0.01058288456,0.001496898966,0,0.007760077589,0.07880462414,0.02155049705,0.003920729246,0.01439657717,0.0470228064,0,0.03069534709,0.002743253279,-0.3588169933,0.01358044481,0.007715400461,0.03349269528,0.007100374285,0.02545429083,0,0.01199434331,0.001011512057,0,0,0.009574946803,0.003301823378,0,0,0.02245543364,-1.240979528e-05,0,0,0.002173710455,-0.0716772593,0,0.009574946803,0.0600845352,0.02091536917,0.1347800041,0.01199434331,0.0101934298,0.0327338077,0.08222608391,0.1091897016,-0.01311847213,0,0,-0.02957011872,-0.2613174808,0,0.003301823378,0.0101934298,0.03314299426,0.01227357124,0.001011512057,0.0600845352,0.002434163493,0.01842672305,-0.369859609,0.006489670598,0.00121439364,0,0.02400073051,0.08315406023,0.02575610561,0,0.0327338077,0.002434163493,0,0,0.02091536917,0.03314299426,0,0.01957372409,-0.00775072522,-0.004077540802,0,-0.084433152,-0.01391139967,-0.0329921899,0,0.08222608391,0.01842672305,0,0,0.1347800041,0.01227357124,0
1,1,1,1,1,1500,500,v1,0.0002106630649,0.001477903505,0,6.639273702e-05,0.05038907698,0,0.0006332216261,0.04378532929,0,0,0,0,0,0,0,0,0.3091752318,0,0,0.2686562276,0,0,0,0,0,0,0,0,0.006657993606,0,0,0.002852679842,0,0,0,0,0,0,0,0,6.698746769e-05,0,0,2.111182293e-05,0,0,0,0,0,0,0,0,0.0006894082188,0.004836532799,0,0.0002172744357,0.1649014449,0,0.002072257866,0.1432902625,-0.2772145212,0.0002514356364,0.001919876995,0,0.09403347657,0,0,0,0,0,0,0,0,0,0,0.3988512556,0,0,0,-0.5745386369,0,0,0,0.0006219519027,0.005225781266,0,0,0.0001955523627,0.001940250024,0,-0.001385400038,0,0,0,-0.003391954153,0,0,0,0.0001955523627,0.1408835556,0,0,0.0006219519027,0.1226475161,0,-0.0006273448939,0,0,0,8.234205069e-05,0,0,0,0.001940250024,0.1226475161,0,0,0.005225781266,0.1408835556,0,-0.4816434579,0,0,0,-0.0008787805298,-0.003305277032,0.3048177789,0,0,0,0,0,0,0,0
1,1,1,1,2,1500,500,v1,0.06042781093,0.0006211873281,0,0.008516983018,0.06144044782,0.003045521716,0.0003408509013,0.03243351313,0.003035209983,0,0.001430664543,0.001248672697,0.002461614561,0.0003571854777,0.01826730034,0.001247438899,0.08155424297,0.004042535933,0.008439297185,0.04305129119,0.004028848442,0.02038373742,0.001899022027,0.001657451404,0.0007842141313,4.069170839e-05,0.002081069094,0.0002621219909,9.393488465e-05,0,0.0009614316415,5.154288997e-05,0.0004589792592,0.002322180354,0,0.0001888221483,0.009129328322,0.003264647873,0.0242264992,0.00305145957,0.1063764132,0,0.001654381157,0.01499319751,0.005361300888,0.02703336504,0,0.002518525166,0.01253051221,0.004480911254,0.0006501896975,0.004188298421,0.146007559,0.001500932171,0.002270730393,0.02057899966,0.1484543238,0.01536217015,0.0008235745649,0.07836686469,-0.1833655197,0.06702414716,0.0004839441663,0,0.09029483751,0.001115289842,-0.001085996155,0.01662073977,0.002044150809,0.0005998027144,0.03207209592,0.00404954429,0.001517468837,0.01689887894,0.04056899497,-0.1685699366,0.001452542113,0.002487331418,-0.01352431138,0.09535944356,-0.001598333173,-0.003981599297,0.00404954429,-0.001900401349,0.001511135569,0,0.01662073977,-0.0009883701245,0.0008166799276,0,-0.08475831818,0.0002973649387,0.0004935132608,0.003375952848,9.864353945e-05,0,8.975805956e-05,0.001517468837,-0.0009883701245,0.008618460518,0.004343274097,0.002044150809,-0.001900401349,0.01634392272,0.00208849031,-0.09205205892,-0.001025163576,0.001657506895,-0.03827903544,0.06655955883,0,-0.003804799607,0.01689887894,0.0008166799276,0.01634392272,0.004996365113,0.0005998027144,0.001511135569,0.008618460518,0.002470390975,0.3251836708,-0.01305239074,-0.005484462107,-0.01464663245,-0.1316578585,-0.002134464704,-0.2022958697,0.04056899497,0,0.00208849031,0.002470390975,0.03207209592,0,0.004343274097,0.004996365113
1,1,1,1,0,1500,500,v1,0,0,0,0,0,0,0,0,0.002099758874,0,0,0.0003151166337,0,0.1428362614,0.1316807679,0,0,0,0.190253563,0,0.01129152971,0.05112152576,0,0.001694551159,0,0.09027974588,0.08322890944,0,0,0,0.1202498802,0,0.007136818223,0.03231139145,0,0.001071042091,0,0,0.004378016938,0,0,0,0,0,0,0.001699647635,0,0,0,0,0.05503994209,0,0,0,0,0,0,0.07331153159,0,0,-0.004692146236,0,0,0,0,0,0.002376763182,0,0,-0.004276178516,0.06692429229,0,0,-0.007831286134,0.02632533267,0.456972003,0,-0.322813899,-0.1780065058,0,0,-0.01256175578,0,0,0,0,0,0,0,0,-0.3778460538,0,0.2037365687,0.1098297211,0,0,0.00786960955,0,0,0,0,0,0,0,0,-0.06817678473,0,0,0.006010367759,0,0,0,-0.007831286134,0,0,0.003014101403,-0.004276178516,0,0,0.0004589731736,-0.1190773302,0,0,0.1271489732,0,0,0,0.02632533267,0,0,0.0004589731736,0.06692429229,0,0,0.003014101403
1,1,1,1,2,1500,500,v1,0.06042977332,0.1123622486,0.06870418887,0.163629127,0,0.003929649356,0.02035467926,0,0.01687222711,0.0307157202,0.01095718262,0.01575929991,0,0,0.000375844092,0,0,6.364590815e-05,0,0,0.0002732682027,0.0007496990332,0.0001774661745,0.0002552428637,0.04253806778,0,0.02197378257,0.06790174507,0.1063981814,0.06505744446,0,0.01927427479,0.01597666745,0.04383126914,0.02908536283,0.01492281323,0.0009781403445,0,0.0005052754949,0.001561364673,0.001315794787,0.001495961487,0,0.003562852225,8.556398366e-05,0.001007876825,0.0006688025174,0.0002385811327,0.005314992433,0,0,0.008484100948,0.00714972997,0.01329410475,0,0.01935972963,0,0,0.002408257591,0,0.07606683849,-0.2234597814,-0.05032743179,-0.0250848564,0,-0.01487124323,-0.004105641889,0.0544996977,0,0,0.03142728206,0.08708449971,0,0,0.0628904365,-0.08573539638,0,0,0.001083094961,0,0.000239422135,0.0005203034292,0.08708449971,0.07792125789,0.01613649887,0.016500065,0.0544996977,0.2109711886,0.003646854415,0.005976162836,-0.04384159155,-0.1092464183,0,-0.06545044654,0.02155571593,0.007956404174,-0.003116445457,0,0.2109711886,0,0.005668034352,0,0.07792125789,0,0.01580043516,-0.3903089056,0.002368332866,0,0.001488872641,0.004828524841,0.002144300305,0.0003195080483,0,0.003646854415,0,0.004889559061,0,0.01613649887,0,0.005163116813,-0.3542810576,0.01248862056,0,0,0.02603629237,0.01558281369,0,0.0628904365,0.005976162836,0.01580043516,0.005163116813,0.03142728206,0.016500065,0.005668034352,0.004889559061
1,1,1,1,2,1500,500,v1,0.01442836512,0,0.0008471854464,0.001824534717,1.842350261e-05,7.338573209e-05,0,0.0001529493995,7.125113701e-05,0.001767116753,0.0002056069515,9.814259021e-05,0.0470564941,0,0.004616868235,0.1467892798,0.0006330448684,0.002521586807,0,0.005255451937,0.002448240576,0.00170409977,0.00706480349,0.003372250349,0,0,0.0009571306161,0,0,0.006034822589,0,0,0.000507548817,0.0003532797514,0.01258784148,0.0006991068165,0,0.00352943384,0.0003462844246,0,0.03718475243,0.002183364561,0.01100980983,0.00470218706,0.0001891295553,0.000127814609,0.004554209602,0.0005298898055,0,0.04180333161,0,0,0.4404237641,0,0.130402425,0.05569365907,0.0005623747597,0,0,0.004668758357,-0.4812736696,0.01621326095,0,0.002282112454,0.0001588991708,0.0002494216933,0.0001667198938,0,0.01067700438,0,0.00502929027,0,0.03122314265,0,0.001884706603,0.06921966577,-0.0924417988,0,-0.006013785149,-0.002444375316,-0.009482098705,-0.005744103844,0,0.5831727617,0,0.005273755508,0,0.07375038191,0,0.009562385057,-0.003616442455,0,0,0.0009417318224,0,-0.01740276493,0.001170437294,0.03122314265,0.07375038191,0.0002718703051,0.003389901556,0.01067700438,0.5831727617,0.001778667664,0.00949474023,-0.5514072725,0,0.01439254054,0.0004627220784,0.04170715631,0.00522989211,0.0006429158199,0,0,0.001778667664,0.00278194947,0,0,0.0002718703051,0.003828470518,-0.02241431803,0,0.05011582686,0,-0.4958691799,0,0.000918450835,0.001884706603,0.009562385057,0.00949474023,0.003828470518,0.00502929027,0.005273755508,0.003389901556,0.00278194947
1,1,1,1,4,1500,500,v1,0,0,0,0,0.01918677386,0,0,0.01016891221,0,0,0,0,0.06612817223,0.3924044299,0,0.005658544209,0.04500250219,0,0.05958424641,0.02385114335,0,0,0,0,0,0.09590647242,0,0,0,0,0.0145628195,0,0,0,0,0,0,0.2365239007,0,0,0,0,0.02023919464,0,0,0,0,0,0,0.001203202428,0.007139800585,0,0,0,0.0001029572405,0,0.0008188207545,0.001084135664,0,0.0004339716737,-0.06553888438,0,0,0,0.02692692003,0,0,0,0.2508555553,0.4344862747,0,0,0.0214209334,0.06594528367,0,-0.1060539053,0.07063548819,-0.45155043,0,-0.06678181742,0,0,0,0,0,0,0,0,0,0,-0.4433627278,0,0.1097416875,0,0,0,0,0.0214209334,0,0.03784203825,0,0.2508555553,0,0.02007590836,0,0.07193852937,0,-0.2534561882,0,0,0,0,0.06594528367,0,0.02007590836,0,0.4344862747,0,0.03784203825,0,-0.5644843399,0,0.001303041177,0.008187702107,0,0,0.001242933017,0,0,0,0,0,0,0,0
1,1,1,1,2,1500,500,v1,0.3541866096,0,0,0.3238821846,0,0,0,0,0,0,0,0,0,0,0,0,0,0,0,0,0,0,0,0,0,0,0,0,0,0,0,0,0,0,0,0,0,0,0,0,0.1512262422,0,0,0.1382872315,0,0,0,0,0,0,0,0,0.01693327682,0,0,0.0154844552,0,0,0,0,0.3189784953,-0.6765411308,0,0,0,0,0,0,0,0,0,0,0,0,0,0,0,0,0,0,0,0,0,0.2804536487,0,0,0,0.2558903046,0,0,0,0,0,0,0,0,0,0,0.2558903046,0,0,0,0.2804536487,0,0,-0.6444446487,0,0,0,0.2868820131,0,0,0,0,0,0,0,0,0,0,-0.389659118,0,0,0,0.03209648209,0,0,0,0,0,0,0,0,0,0
1,1,1,1,2,1500,500,v1,0,0.0003872445009,0.3468699567,0,0.002501100426,0.03424840393,0.0002543978629,0.004841189625,0.0006231458787,0.04735041952,0.01157401186,0.001099154058,0.006339694915,0.0002222534888,0.000743248505,0.007609589964,0.004608649541,0.06310777825,0.0007365984298,0.008920611948,0.001148238967,0.00565452135,0.02132683835,0.002025354837,1.540881833e-05,1.554744589e-05,5.199295624e-05,8.200376771e-05,4.991582808e-05,0.04471154809,5.152775911e-05,3.279189235e-05,8.032352294e-05,0.000395554487,0.006103470533,0.0001416809919,9.833047471e-05,0.002830072928,0.0003317900153,0.0005233022569,0,0.2853241342,0.003396960712,0,0.02817164188,0.002524207869,0.03894894093,0.009520412047,3.129491632e-05,0.0009007064769,3.157646536e-05,0.0001665475569,0,0.0001013777714,0.001081125679,0,0.0006547697558,0.0001046515622,6.65994955e-05,0.001267387953,0.2198514069,0,-0.0006226152584,-0.3187523482,0.004109537195,0.04045207509,-9.326299799e-05,9.126240564e-05,0.004451722208,0.0002078601397,0.0007335856695,0.0005156968365,0.005137691842,0.0007020825144,0.005814939201,0.08959953613,-0.01314571249,-0.0005817794512,-0.004593370524,-0.0113632467,-0.07757429472,-0.0018316276,0.0005156968365,0,0.0003838889553,0.06228492,9.126240564e-05,0,0.0002533786004,0.007472758537,-0.1051389608,6.885254718e-05,1.382555517e-05,0.0004027750229,7.753972715e-05,0.05034416501,0.000205705452,0.005137691842,0,0.003062047367,0.0004037886805,0.004451722208,0,0.005318067003,0.0008251820436,-0.3211382581,-0.0004934297259,0.00511310601,-0.0001750877466,0,0.221903064,0.0363029059,0.0007020825144,0.0002533786004,0.005318067003,0.0007694563283,0.0002078601397,0.0003838889553,0.003062047367,0.00180932139,-0.01682392244,1.99376843e-05,0.001639663782,-3.867454044e-05,0,0.0001202304942,0.001666966596,0.005814939201,0.007472758537,0.0008251820436,0.00180932139,0.0007335856695,0.06228492,0.0004037886805,0.0007694563283
1,1,1,1,0,1500,500,v1,0.0270324317,0.0006836189437,0.0009947809958,0.03994187676,0.04393610744,0.05375611637,0.050576481,0.0365178583,0,0.008130261743,0.02506829766,0,0.008145190987,0,0,0.05318528314,0.002073685656,0.002537168036,0,0.001723560947,0,0,0.001183167383,0,0.009500959425,0,0,0.001616640813,0.000187672454,0.0002730951101,0,0.01388465371,0,0,0.002231983456,0,0.00351522353,0.01752878657,0,0.0005981347324,0.002745725022,0.0001010414121,0.1144569205,0.004056956905,0.00546009014,0,0.0008258029966,0.002546224954,0.01045893202,0.05215383476,0,0.001779645149,0.008169423965,0.0002065952868,0.3405465228,0.01207076481,0.01327785428,0,0.01528462998,0.01103599817,0.09713070329,-0.06652906616,-0.05004394842,-0.008546959181,-0.0799322323,-0.07862182171,0,0.002296799615,0.03953234347,0,0,0.0007694007638,0.2584518103,0,0,-0.3862932925,0.06085556171,0,0,0.003772229507,0.003685838311,0,0.0007694007638,0.02413724919,0.0004325721958,0.001039815156,0.002296799615,0.03567381635,0.03193679212,0.007609400273,-0.04298165387,-0.001836404653,0,0,0.01348450013,0.001943704959,0,0.2584518103,0.03567381635,0.04286987821,0.06856525275,0.03953234347,0.02413724919,0.03559440248,0.03195580822,-0.4634903156,0.003619639075,0.13099491,0,0.006762250299,0.0008371106024,0.00792194284,0,0.03193679212,0.03559440248,0,0,0.0004325721958,0.04286987821,0,0.02114743864,-0.003827368012,-0.390506574,0,0.01989277216,0.01497987209,0.02385048237,0,0.007609400273,0.03195580822,0,0,0.001039815156,0.06856525275,0
1,1,1,1,1,1500,500,v1,0.01673321135,0,0.3491940442,0.005987339855,0.0060784858,0.03328799511,0,0.06782731947,0.1626429395,0.0675365935,0.0311036214,0.0139795041,0.00190986728,0,0.02618300545,0.03857611626,0.001351490482,0.007401252555,0,0.01508072565,0.03616202981,0.007255085966,0.006915578923,0.003108202824,0,0,0.0002507213773,0,0,0.0007434577307,0,0,0.0003462778152,6.947274062e-05,0.000143789974,2.976330944e-05,0,0.0007150059964,0.009802254894,0,0.001392846884,0.02906637741,0.01444192208,0.0004983769994,0.002770841729,0.002716120656,0.005621642604,0.002589017807,0,0.000939608974,0,0,0.00183037826,0,0.01897852557,0.0006549308725,0.0006649009585,0,0,0.00741935594,0.1229251171,-0.02262159721,0,-0.4166443879,-0.07355778622,-0.06415592582,-0.1759014419,0,0.000375175137,0,0.02426520513,0,0.007058467231,0,0.006669074562,-0.2542337351,-0.03822132088,0,-0.0330049839,0.01636192719,0.01419544994,0.03886858064,0,0.02026978,0,0.4790791781,0,0.007256001266,0,0.09264586812,-0.5400095477,0,0,0.0003173360906,0,0.0008864726559,0.0003745025844,0.007058467231,0.007256001266,0.006074760919,0.03462422658,0.000375175137,0.02026978,0.06766334195,0.03233333728,-0.5383576844,0,0.01482203402,0.01206479472,0.001823330644,0.03460788544,0.005322099812,0,0,0.06766334195,0.1887347203,0,0,0.006074760919,0.01625281796,-0.1013934126,0,0.01844352533,0,0.002447745735,0,0.008037123712,0.006669074562,0.09264586812,0.03233333728,0.01625281796,0.02426520513,0.4790791781,0.03462422658,0.1887347203
1,1,1,1,4,1500,500,v1,0,0,0,0,0.3392193658,0,0,0.3527076324,0,0,0,0,0,0,0,0,0.03102485807,0,0,0.03225848916,0,0,0,0,0,0,0,0,0,0,0,0,0,0,0,0,0,0,0,0,0,0,0,0,0,0,0,0,0,0,0,0,0,0,0,0,0.1200088905,0,0,0.124780764,0.3079276213,0,0,0,-0.6917985253,0,0,0,0,0,0,0,0,0,0,-0.4470841348,0,0,0,0.06321323057,0,0,0,0,0,0,0,0,0,0,0,0,0,0,0,0,0,0,0,0.2822707989,0,0,0,0.2935355585,0,0,0,0,0,0,0,0,0,0,0.2935355585,0,0,0,0.2822707989,0,-0.6285852955,0,0,0,0,0,0.2447143906,0,0,0,0,0,0,0,0
1,1,1,1,3,1500,500,v1,1.428358919e-05,0.01852199373,0.001773678714,0.004785324086,0.004720870815,0,0.01386299504,0.001783775396,0.008541273001,0.004862899073,0,0.002337946585,0,0.01398383554,0,0,0.03607019682,0,0.08462883597,0.01362908077,0.06526028996,0,0,0.01786327074,0.001848461494,0.007557242129,0,0.003484788536,0.07648057738,0.007323832094,0.04573570697,0.05724275045,0.03526842198,0,0.02007976756,0.00965379361,0.004743756865,0,0,0.008943107331,0.0001513605823,0.01879534893,0,0.05070920413,0,0,0.05153125209,0,0.002380382093,0,0.00973194405,0.004487585084,7.595162021e-05,0.09848893118,0,0.02544550341,0.0251027793,0.05889679512,0.073715151,0.009485055164,-0.2436098935,0.003868545182,0.03120683791,0.005798951886,0.005414985811,0,0.008584713458,0.003045653575,0,-0.002088316663,0,0.00703404441,0,-0.005761505787,0,0.1186147514,0,-0.07547752607,0,-0.03673423236,0,-0.0707298504,0.00703404441,0.0001942107067,0.02420402126,0.0189138242,0.003045653575,0.05834049405,0.02943511182,0.04767601768,-0.2671750325,0.002066292748,0.04296897833,0,0.07230744841,0.006047942208,0.0234968421,0,0.05834049405,0.03647719678,0,0,0.0001942107067,0.009890469722,0,0.01101385712,-0.009197864926,0,0,-0.03571203328,-0.05624012205,0,-0.005761505787,0.02943511182,0.009890469722,0.04541276328,-0.002088316663,0.02420402126,0.03647719678,0.01255967889,0.0007114317316,0.0004117735391,0,0.03774176269,-0.00717964837,-0.1392737086,0.0004074689088,0,0.04767601768,0,0.01255967889,0,0.0189138242,0,0.04541276328
1,1,1,1,4,1500,500,v1,0,0,0,0,0,0,0,0,0,0,0,0,0,0,0,0,0,0,0,0,0,0,0,0,0.002936738454,0,0,0.02505138347,0,0,0,0,0,0,0,0,0.001754553735,0,0,0.01496694347,0,0,0,0,0,0,0,0,0.1002367363,0,0,0.8550536446,0,0,0,0,0,0,0,0,0,0,0,0,0,0,0,0.1433181425,0,0,0,1.222552396,0,0,0,0,0,0,0,0,0,0,1.222552396,0,0,0,0.1433181425,0,0,0,-0.9385684446,0.02798808365,0,0,0,0,0,0,0,0,0,0,0,0,0,-0.9273018526,0.01672149154,0,0,0,0,0,0,0,0,0,0,0,0,0,0.04470957522,-0.9552899384,0,0,0,0,0,0,0,0,0,0,0,0,0
1,1,1,1,2,1500,500,v1,1.679263898e-05,1.34991072e-06,0,5.4892206e-06,9.308089006e-06,0.0003220866182,9.635163633e-06,2.137451631e-06,1.271378238e-05,0,9.956181173e-05,3.036924875e-06,0.08551171169,0.001014654521,0,0.03484747021,0.0009317209102,0.03224021997,0.01149947081,0.0002139545914,0.001272623939,0,0.009965936272,0.0003039900464,0,0.0001159505522,0,0,1.544134006e-05,0,0.001314112304,0.0001102145764,0.0001454302379,0,0,3.473873421e-05,0,0.4192148641,0,0,0.008240533693,0,0.1708371543,0.002693686641,0.1580553022,0,0,0.04885726805,0,0.007521751098,8.925068403e-05,0,0.0001478555478,1.18856714e-05,0.003065240914,4.833139802e-05,8.195570689e-05,0.001011512406,8.483552811e-05,1.881979849e-05,-0.1778971958,2.221337379e-05,1.90935047e-07,0,1.127375251e-05,0.0004204021953,3.913930802e-06,0,0.4893746554,0.001201737045,0,0,0.1994994815,0.01365210145,0,-0.7827335806,0.1198750323,-0.01239304924,0,-0.001139385416,0.04194851685,-0.001354184175,0,0.01210175436,1.460923765e-05,0,0,0.003956252423,0.0001191908049,0,-0.01268142166,0,0.001413218696,0,-7.38263411e-05,0,0.0001571510517,0.1994994815,0.003956252423,0.001256949382,0.1884376458,0.4893746554,0.01210175436,0.0002881347715,0.05819458893,0.1730256838,0,-0.5896887114,0,-0.01092281712,0,-0.2067904094,0.01365210145,0.0001191908049,0.0002881347715,0.001421483465,0.001201737045,1.460923765e-05,0.001256949382,0.0003681953257,-0.4928958587,0,0.01056425445,0.001077271542,0.0001952658814,-1.556462241e-05,9.805555834e-05,0,0,0.05819458893,0.0003681953257,0,0,0.1884376458,0.001421483465
1,1,1,1,3,1500,500,v1,0,0,0,0,0,0,0,0,0.01898782452,0,0,0.05499185575,0,0.179089047,0.02252681312,0,0,0,0.0404064007,0,0.01621498898,0.02232137417,0,0.046961269,0,0.2053068945,0.02582463934,0,0,0,0.04632171977,0,0.01858879194,0.02558912503,0,0.05383619192,0,0,0.08877522224,0,0,0,0,0,0,0.08796561421,0,0,0,0,0.03777040047,0,0,0,0,0,0,0.008521827338,0,0,0.03986405848,0,0,0,0,0,-0.008160056259,0,0,0.1133210308,0.06111302205,0,0,0.02204326666,0.06106775981,-0.2712700816,0,0.04307735757,0.04338958218,0,0,0.04481042434,0,0,0,0,0,0,0,0,-0.004392832139,0,-0.1793311129,0.04867759331,0,0,-0.004946365835,0,0,0,0,0,0,0,0,0.09206717542,0,0,-0.1735210301,0,0,0,0.02204326666,0,0,-0.01044583639,0.1133210308,0,0,-0.037110167,-0.1362537553,0,0,0.04601089021,0,0,0,0.06106775981,0,0,-0.037110167,0.06111302205,0,0,-0.01044583639
1,1,1,1,2,1500,500,v1,0,0,0.002514341859,0,0,0,0,0,0,0.1275493216,0,0,0,0,0.007449698351,0,0,0,0,0,0,0.04752622482,0,0,0.012097645,0,0.003436668771,0.01438519944,0,0.0006113138611,0,0,0,0.0219246317,0.0310111642,0,0.1057135384,0,0.0300308379,0.1257030053,0,0.005341878631,0,0,0,0.1915852544,0.2709866174,0,0.0009742210431,0,0,0.001158437366,0,0,0,0,0,0,0,0,-0.243364207,0,0,0.1292044634,0,0,0,0.1387952734,0,0,0.02867107551,0.1650589422,0,0,0.1830431807,-0.1956643686,0,0,0.05452153073,0,0,0,0.1650589422,0,0,0.003334426089,0.1387952734,0,0,0.1679051894,-0.5412931704,0.02647177753,0,0.02534825881,0,0.03160107464,0,0,0,0,0,0,0,0,0,0.2692723404,-0.2311664909,0,-0.2210126275,0,-0.2749652818,0,0,0,0,0,0,0,0,0,-0.2046947136,0.002125236446,0,0,0,0,0,0.1830431807,0.1679051894,0,0,0.02867107551,0.003334426089,0,0
1,1,1,1,2,1500,500,v1,0,0,0,0,0,0,0,0,0.05934927616,0,0,0.5335760786,0,0.01207526725,0.0008316325496,0,0,0,0.06095214606,0,0.02660056185,0.007142003531,0,0.2391507428,0,0.001160880954,7.995072639e-05,0,0,0,0.005859761447,0,0.002557300389,0.0006866113771,0,0.02299125451,0,0,0.0009238422064,0,0,0,0,0,0,0.007933893765,0,0,0,0,0.002997642175,0,0,0,0,0,0,0.01513115362,0,0,0.2889473389,0,0,0,0,0,-0.5909957767,0,0,0.01187308043,0.0006227650864,0,0,0.0601300713,0.003547308429,-0.5422764728,0,-0.07241878847,-0.001585058555,0,0,0.2634497241,0,0,0,0,0,0,0,0,-0.3860730707,0,0.006983742787,0.0007611238895,0,0,0.02549761449,0,0,0,0,0,0,0,0,-0.0008239346637,0,0,-0.001956114343,0,0,0,0.0601300713,0,0,0.04523339689,0.01187308043,0,0,0.4078392589,-0.06543504569,0,0,0.01743294458,0,0,0,0.003547308429,0,0,0.4078392589,0.0006227650864,0,0,0.04523339689
1,1,1,1,3,1500,500,v1,0,0,0,0,0.00891438974,0,0,0.1779047819,0,0,0,0,0.004092609507,0.0004779278976,0,0.0009508899344,0.0004407156828,0,0.0005816947639,0.008795378001,0,0,0,0,0,0.01411079194,0,0,0,0,0.01717450232,0,0,0,0,0,0,0.1343539204,0,0,0,0,0.03121621801,0,0,0,0,0,0,0.1603472947,0.01872508122,0,0,0,0.0372556014,0,0.01726711706,0.02279063799,0,0.3446004476,-0.3484952318,0,0,0,0.1820834461,0,0,0,0.03883528463,0.01564686091,0,0,0.01041568711,0.02468231577,0,-0.2414304478,0.005031653068,0.00104799943,0,0.009218910319,0,0,0,0,0,0,0,0,0,0,-0.02955079974,0,0.002664681916,0,0,0,0,0.01041568711,0,0.01211688698,0,0.03883528463,0,0.2375007919,0,-0.1192757338,0,0.08644175257,0,0,0,0,0.02468231577,0,0.2375007919,0,0.01564686091,0,0.01211688698,0,0.2864884428,0,-0.1243073868,-0.03059879915,0,0,-0.3577141422,0,0,0,0,0,0,0,0
1,1,1,1,0,1500,500,v1,0,0,0,0,0.01741364171,0,0,0.008056981649,0,0,0,0,0.06202237019,0.04684448977,0,0.01093863206,0.01255363912,0,0.00997147681,0.005808345073,0,0,0,0,0,0.01978954682,0,0,0,0,0.004212469986,0,0,0,0,0,0,0.4602996732,0,0,0,0,0.08118117298,0,0,0,0,0,0,0.1092359908,0.08250417128,0,0,0,0.01926550545,0,0.02210991298,0.01756211744,0,0.01022986266,-0.0005747976536,0,0,0,0.008807704084,0,0,0,0.4335125819,0.02546859182,0,0,0.07650339811,0.005451134891,0,-0.4941896698,0.07275781597,0.05121072593,0,0.01783023028,0,0,0,0,0,0,0,0,0,0,-0.04408788422,0,0.02347473326,0,0,0,0,0.07650339811,0,-0.007792551945,0,0.4335125819,0,-0.00455680768,0,0.2009161456,0,-0.5409267988,0,0,0,0,0.005451134891,0,-0.00455680768,0,0.02546859182,0,-0.007792551945,0,-0.3668455886,0,0.1281583296,-0.0952986101,0,0,-0.01840502793,0,0,0,0,0,0,0,0
1,1,1,1,4,1500,500,v1,0,0.01000173456,0,0,0,0,0.03241056959,0,0,0,0,0,0,0,0,0,0,0,0,0,0,0,0,0,0,0,0,0,0.04433118704,0,0,0.1436549844,0,0,0,0,0,0,0,0,0,0,0,0,0,0,0,0,0,0,0,0,0,0.1814886109,0,0,0,0,0.5881129135,0,-0.5815035748,0,0.04232588069,0,0,0,0,0,0,0,0,0,0,0,0,0,0,0,0,0,0,0,0,0,0.1907486714,0,0,0,0.6180178695,0,-0.7270794126,0,0,0,0.1879017186,0,0,0,0,0,0,0,0,0,0,0,0,0,0,0,0,0,0,0.6180178695,0,0,0,0.1907486714,0,0,0.2302275993,0,0,0,0,-0.7694052931,0,0,0,0,0,0,0,0,0
1,1,1,1,0,1500,500,v1,0,3.849358751e-05,0,0,0,0,4.829013177e-05,0,0,0,0,0,0,0.21455451,0,0,0,0,0.1417723309,0,0,0,0,0,0.002024401182,0.008851156501,0,0.00654470095,0.0002331030304,0,0.005848626015,0.0002924273049,0,0,0,0,0.09091862632,0,0,0.2939314723,0,0,0,0,0,0,0,0,0.01998858064,0,0.08739476001,0.06462122422,0,0.002301618257,0,0,0,0.05774830294,0.002887375693,0,-0.003839348435,0,6.811754435e-05,0,0,0,0,0.1033541165,0,0.1774810375,0,0.3340880883,0,0.1175247816,0,0.1589667843,0,-0.3556373303,0,0,0,0,0.3340880883,0,0.002585246778,0,0.1033541165,0,0.003071599569,0,-0.5157875857,0.008550212927,0.01469409152,0,0.0004733699463,0,0,0,0,0,0,0,0,0,0,0.0928734206,-0.3845015564,0,0,0,0,0,0.1175247816,0.003071599569,0,0,0.1774810375,0.002585246778,0,0,-0.7163530999,0.08432320767,0,0.1442726926,0,-0.004312718384,0,0,0,0,0,0,0,0,0
1,1,1,1,0,1500,500,v1,0,0.02205637632,0.002176590234,0,0.006027102344,0.001628998203,0.009062006669,0.0004010695939,0.005416174973,0.00565064194,0.01352807926,0.005995693617,0,0.02226483177,9.043729843e-05,0,0.001217790398,0.0003291429706,0.004332353823,8.103706762e-05,0.001094351066,0.001313818653,0.002733380666,0.00121144419,0,0.008116943989,3.297013395e-05,0,0.001624692865,0.0001603296286,0.001579417877,0.0006675157045,0.0003989604052,0.0004789702672,0.0004162314566,0.0004416482789,0,0,9.335830926e-05,0,0,0.0004539897555,0,0,0.000339773874,0.001356253341,0.001178601977,0.002821665419,0,0,0.5687606014,0,0,0.1138434973,0,0,0.0311087551,0.1106710435,0.04677334648,0.002070111815,-0.1784486228,0,0.03077881767,-0.007635440282,0.006335294554,-0.01439432294,-0.01119678542,0,0,0.8075173007,8.806640874e-05,0,0,0.1571705754,0.0008930547777,-0.7184012059,0,0.02654349137,-0.0004692975818,0.001282635975,0.002909310177,0.002180496935,0,0,0.1346869801,0.002346573218,0,0,0.05549685912,0.006048309167,-0.7979545304,0,0.00967226247,0.0003495830905,0.002279911271,0.0004713432889,0.0008165548186,0,0,0.03575403551,0.001403285459,0,0,0.002375903765,0.01143004126,-0.01876882418,0,0,-0.0005343662999,0,0.001567508742,0.002929461602,0.1571705754,0.05549685912,0.002375903765,0.005824299745,0.8075173007,0.1346869801,0.03575403551,0.006475300745,0.0768924122,0,0,-0.6793410014,0,-0.1598479557,-0.03303789011,0.0008930547777,0.006048309167,0.01143004126,0.006475300745,8.806640874e-05,0.002346573218,0.001403285459,0.005824299745
1,1,1,1,1,1500,500,v1,0,0,0.003204074976,0,0,0.02186974771,0,0,0.07000496528,0.0002170106389,0.1089705282,0.02026703206,0.01242003271,0.0007631923758,0.007693494726,0.003395325043,0,0.01676151523,0.0001593601818,0,0.05365353581,0.003835861003,0.08351770636,0.01553315434,0.0539118113,0.001104420836,0.01113330813,0.04475773722,0,0.003553634369,0.0002306111943,0,0.07764239366,0.005550900337,0.0002406861483,0.02247813245,0.02157889248,0.007193968568,0.00445624907,0.01791485717,0,0.001422387639,0.001966650346,0,0.009708655082,0.002221818905,9.633771135e-05,0.04837537616,0.1062497801,0.03542153885,0.002176600417,0.08820886595,0,0,0.009683359189,0,0,0.0004544901774,0,0,0.1145144008,0,0,-0.002803541847,0,-0.0942432463,0.0244838451,0.05852931208,0.04857070735,0.004581546675,0.02294082011,0.06359892418,0.01284097833,0.0009204504138,0.01177168294,-0.1215883924,-0.001109311126,-0.0007179079765,-0.007531089239,0,0.06234300261,0.04926580409,0.06359892418,0,0,0.009089833305,0.05852931208,0,0,0.000602325423,-0.0884501031,0.06356386654,-0.0008567842715,-0.01249085255,0,-0.002706406826,-0.04648107302,0.01284097833,0,0,-0.005523309899,0.04857070735,0,0,-0.02619317109,-0.2143104194,0.03570821069,-0.001189873331,-0.003119726927,0,-0.0009514904795,0.05304456421,0.0009204504138,0,0,-0.03470272041,0.004581546675,0,0,-0.006200143805,0.09539820041,-0.1806909013,-0.03864193931,-0.002093305807,0,0,0,0.01177168294,0.000602325423,-0.02619317109,-0.006200143805,0.02294082011,0.009089833305,-0.005523309899,-0.03470272041
1,1,1,1,1,1500,500,v1,0.02263552991,0,0,0.0003891876889,0.004331129561,0.03719444137,0,0.01218858125,0,0,0.04709999361,0,0.03915125594,0.08459148832,0.03931723553,0.01125081625,0.002004670045,0.01721550496,0.04249439344,0.005641503767,0,0.02253840712,0.02180030521,0,0.002719583711,0.1230001849,0.0571691944,0.007708717974,0,0,0.06178893828,0,0,0.03277195258,0,0,0.001013729495,0.02121995449,0.02130991532,0.002873437853,0.00567846746,0,0.006097934868,9.763365982e-05,0.009330792158,0.01221580156,0,0.01181575082,0.001966010738,0.04115363967,0.08891790433,0.005572699324,0.01101272879,0,0.01182623716,0.0001893491552,0.002107198524,0.04466776133,0,0.005930037433,0.02631537547,-0.01807478981,0,0,-0.01441707568,-0.07378538739,0,0.00286643353,0.006149916686,-0.05455718987,0.02320135923,0.009822471079,0.005953407251,-0.02657349797,0.007827149374,-0.1957237606,0.004103357527,0.1153598198,0.03002950731,0.004074450043,0.009473492521,0,0.009822471079,0.03234536162,0,0,0.00286643353,0.0005738998272,0,0,0.2467892478,-0.008359782377,-0.1367326906,-0.07675459149,0,0,0,0.005953407251,0.0005738998272,0.003398552324,0.0290110514,0.006149916686,0.03234536162,0.009935428568,0.04467852241,-0.1648349811,0.001945860806,0.01202202074,0.02603941175,0.001355794774,0,0.01518551237,-0.02657349797,0,0.009935428568,0,-0.05455718987,0,0.003398552324,0,-0.03872303487,-0.002045348166,-0.0241942609,0.07545999608,-0.005227179269,0,0.001453305046,0.007827149374,0,0.04467852241,0,0.02320135923,0,0.0290110514,0
1,1,1,1,2,1500,500,v1,0.0001013849504,0,0,1.15042188e-05,0.0001607317451,0.002099388669,0,0.004482990697,0,0,0.0004585690389,0,0.001241995236,0.04251886411,0.0028637439,0.005321146018,0.003366691216,0.04397384838,0.05013616966,0.09390083701,0,0.09586136641,0.009605198737,0,0.03834534072,0.06214309007,0.004185480935,0.05710392806,0,0,0.07327609927,0,0,0.140105378,0,0,0.0008627854587,4.084334818e-05,9.417499024e-05,0.001284861155,6.983554482e-05,0,0.0001749873214,7.924286441e-06,0.00144609186,0.00315242688,0,0.0003158695501,0.02595107177,0.001228496203,0.04205673389,0.03864636765,0.002100530575,0,0.005263311397,0.0002383486232,0.003330099228,0.04959124825,0,0.09288024497,-0.09362163094,5.999056182e-05,0,0,0.004505400111,0.002528503065,0,0.02819264006,0.00114774104,-0.03169829131,0.002917325385,0.04023382308,0.004555738429,-0.03578657076,0.08272348103,-0.179553402,-0.001843188016,0.08072496556,0.06800346537,-0.01408912793,-0.05348838121,0,0.04023382308,0.002950780624,0,0,0.02819264006,0.000331746317,0,0,0.2533342666,-0.07905118031,-0.1037641555,-0.1282405358,0,0,0,0.004555738429,0.000331746317,0.002499792492,0.06060028687,0.00114774104,0.002950780624,0.05017642759,0.01323257172,-0.1650694043,0.00202295333,0.0001858899704,0.003143199391,5.529972988e-05,0,0.00173797239,-0.03578657076,0,0.05017642759,0,-0.03169829131,0,0.002499792492,0,-0.1111931529,0.03141058483,-0.002145021597,0.06802909803,-0.002303641586,0,-0.02553375223,0.08272348103,0,0.01323257172,0,0.002917325385,0,0.06060028687,0
1,1,1,1,2,1500,500,v1,8.338916881e-06,0.001109751174,0,1.540085646e-05,0.001252100044,0.0001150477018,0.001173505074,0.007014659832,3.79504026e-06,0,0.0001378341781,2.033663174e-05,1.147878776e-05,0.04060440913,0.02064953199,5.44373925e-05,0.03199956038,0.002940240995,0.03613604662,0.179271642,9.698875142e-05,0.1394271677,0.003522588411,0.0005197374431,5.76464709e-05,0.06393231899,0.03251303231,0.0001417749228,0.0446557982,0,0.05689680773,0.04722122131,0.0001527104058,0.2195303996,0,0.0008183352673,1.253899761e-05,3.931274623e-06,0.007072086597,3.083823502e-05,7.298808732e-05,0,1.864381014e-05,0.0001347991679,0.001006978703,0.04775125192,0,0.00120642203,1.126836681e-06,3.532901583e-07,0.001249708456,2.771326345e-06,6.559188914e-06,0.0008729032437,1.675455232e-06,1.211393859e-05,0.0009848713984,0.001112182741,0.0009230505089,0.005517560573,-0.2991033292,4.184960153e-07,0.002218315639,0,0.008225253049,0.0002321660355,1.701940859e-05,6.745235629e-05,1.735427193e-05,0.03324433395,0.006887198738,0.0001690189873,7.575652544e-05,0.02985791654,0.04862959438,-0.2899400592,-5.345009037e-05,0.07213080716,0.1549341373,-0.2111547896,-0.00621147255,0.0003606711232,0.0001690189873,0.0001068783821,0.06375832542,0,6.745235629e-05,0.0001871048593,0.06737385012,0,0.2883398052,-0.0001740743356,-0.1165431,-0.2465009033,-0.09140249865,0,-0.0006694178488,7.575652544e-05,0.0001871048593,0.04464631202,0.002758430548,1.735427193e-05,0.0001068783821,0.2500651591,0.003281588415,-0.09776947412,1.362631593e-05,-9.418212055e-06,0.0545555705,-0.0001965150498,0,0.00195262721,0.02985791654,0.06737385012,0.2500651591,6.932251837e-05,0.03324433395,0.06375832542,0.04464631202,0.0003682684568,-0.3369454229,2.80045739e-06,7.944375212e-07,0.002344125789,1.077262003e-07,0.001762732815,0.006455223063,0.04862959438,0,0.003281588415,0.0003682684568,0.006887198738,0,0.002758430548,6.932251837e-05
1,1,1,1,1,1500,500,v1,0,0,0,0,0,0,0,0,0,0,0,0,0,0.03969957034,0,0,0,0,0.03487842017,0,0,0,0,0,0,0.1060878867,0,0,0,0,0.09320448191,0,0,0,0,0,0,0,0,0,0,0,0,0,0,0,0,0,0,0,0.3865354183,0,0,0,0,0,0,0.3395942226,0,0,0,0,0,0,0,0,0,0,0,0.36132138,0,0,0,0.3180303089,0,-0.5274527142,0,0.07455158833,0,0,0,0,0,0,0,0,0,0,0,0,-0.6514119948,0,0.1985108693,0,0,0,0,0,0,0,0,0,0,0,0,0,0,0,0,0,0,0,0.3180303089,0,0,0,0.36132138,0,0,0,0.2730624578,0,0,-0.7259635833,0,0,0,0,0,0,0,0,0,0,0
1,1,1,1,2,1500,500,v1,0.0005675797526,0,0,0.01362333477,0,0,0,0,0,0,0,0,0.3258960541,0,0,0.1357357564,0,0,0,0,0,0,0,0,0.006038512017,0,0,0.05461817456,0,0,0,0,0,0,0,0,0.01761734727,0.04448997891,0,0.1593484199,0.005226294552,0,0.01853008302,0.1254441512,0,0,0,0,0.004413854483,0.01114653017,0,0.039923192,0.001309397112,0,0.004642531522,0.03142880825,0,0,0,0,-0.09794546276,0.01415754562,0,0,0,0,0,0.01066950013,0.405336393,0,0,0.0964597609,0.168805706,0,0,0.07877428856,-0.4615356888,0,0,0,0,0,0.0964597609,0.005063698841,0,0,0.01066950013,0.1206181767,0,0,-0.1319152658,0.06049575852,0,0,0,0,0,0.168805706,0.1206181767,0,0,0.405336393,0.005063698841,0,0,-0.294508438,-0.1759423053,0.0629891066,0,-0.1305071857,0,0,0,0,0,0,0,0,0,0,-0.6303427632,0.04402703964,0.01578518201,0,0.03256172296,0,0,0,0,0,0,0,0,0,0
1,1,1,1,2,1500,500,v1,0.012387415,0,0.001696240474,0.000652358222,0.006804056413,0.002663162998,0,0.01300539677,0.0001464230388,0.04105853365,0.005370383051,6.691123907e-06,0.004728698432,0.0009861035435,0.01296806243,0.003877047256,0.04349463896,0.01702415531,0.0003596218408,0.08313644139,0.0009360029991,0.002453547916,0.03432994345,4.277272275e-05,0.3307421003,0.0004656217016,0.006123303514,0.004258549954,0,0.005119952601,0.0001698074553,0,0.0004419650573,0.001158524542,0.1239315706,2.019656869e-05,0.134827182,0.0009102072487,0.002496167728,0.00173600001,0.01524218342,0.002087151228,0.0007462765002,0.0008026988419,0.003276907966,0.0004722731065,0.05052076651,0.006608026251,0.0148581674,0.0001003062697,2.091746162e-05,0.0001913099302,0.001679712574,0,8.224084349e-05,8.845867425e-05,0.0009226185699,7.628383552e-06,0,0.00176350986,-0.2494856299,0.0007974631973,0,0.0410680042,0.0194674307,0.007918534667,3.832029541e-05,0.2711953556,0.005554058158,0.001053248517,0.007732232183,0.003452636894,0.004559642318,0.000457170035,0.002174692256,0.04677563659,-0.008492354766,-0.0008937960501,-0.01180804271,-0.1262279674,-0.05109480806,-0.0005659042562,0.003452636894,0.01178780046,0,0.002232412292,0.2711953556,0.001113313505,0,0.04823048272,0.2323094951,-0.3328662076,-0.0001398202852,0.002319631806,0,-0.1265028353,8.933251354e-05,0.004559642318,0.001113313505,0.05359925084,0.01663442718,0.005554058158,0.01178780046,0.102541921,0.03349683506,-0.4618097912,0.1347565657,0.001573152134,0.002883794614,-0.01106131316,0.05179290125,0.009755431881,0.000457170035,0,0.102541921,0.0006212980961,0.001053248517,0,0.05359925084,3.60790739e-05,-0.3230868461,0.01501098184,0.0001767356247,2.667063393e-05,0.001663107316,0,0.002666422202,0.002174692256,0.04823048272,0.03349683506,3.60790739e-05,0.007732232183,0.002232412292,0.01663442718,0.0006212980961
1,1,1,1,1,1500,500,v1,0,0,0,0,0.03331250272,0,0,0.0001572740575,0,0,0,0,0.03526131749,0.01152551939,0,0.1476262536,0.07843771814,0,0.02761487529,0.0003703179644,0,0,0,0,0,0.0006086843594,0,0,0,0,0.00145839351,0,0,0,0,0,0,0.1279039449,0,0,0,0,0.5354870879,0,0,0,0,0,0,2.767478631e-05,9.045784698e-06,0,0,0,0.0001158642193,0,6.156171247e-05,2.167348889e-05,0,2.906434377e-07,-0.07813058925,0,0,0,0.03294538112,0,0,0,0.1382334455,0.01629002526,0,0,0.578562204,0.0389633813,0,-0.6242842816,0.1814856423,-0.03889713417,0,-0.07818880851,0,0,0,0,0,0,0,0,0,0,-0.03886972178,0,0.002034117362,0,0,0,0,0.578562204,0,0.0674588834,0,0.1382334455,0,0.0003189284978,0,0.1816291591,0,-0.6594929262,0,0,0,0,0.0389633813,0,0.0003189284978,0,0.01629002526,0,0.0674588834,0,-0.5601137246,0,0.0001435169029,2.741244566e-05,0,0,5.821943098e-05,0,0,0,0,0,0,0,0
1,1,1,1,4,1500,500,v1,0,0,0,0,0.01498849625,0,0,0.1678997589,0,0,0,0,0.04701064136,0.0892675088,0,0.2890909545,0.019228919,0,0.07038613301,0.2154005852,0,0,0,0,0,0.03084360861,0,0,0,0,0.02431973702,0,0,0,0,0,0,0.002374925657,0,0,0,0,0.01460455559,0,0,0,0,0,0,0.0009386990658,0.001782475727,0,0,0,0.005772510245,0,0.0003839592012,0.001405456199,0,0.004301075719,-0.2170050913,0,0,0,0.1722705018,0,0,0,0.06547689156,0.08491953255,0,0,0.4025818783,0.0680511933,0,0.2560266381,-0.3356693063,-0.1574235274,0,-0.2216880567,0,0,0,0,0,0,0,0,0,0,-0.1542386148,0,0.05225813114,0,0,0,0,0.4025818783,0,0.007031653208,0,0.06547689156,0,0.0600702308,0,-0.3289593879,0,0.01692020826,0,0,0,0,0.0680511933,0,0.0600702308,0,0.08491953255,0,0.007031653208,0,-0.4733320493,0,0.006709918419,0.003184912421,0,0,0.004682964933,0,0,0,0,0,0,0,0
1,1,1,1,3,1500,500,v1,0,0,0,0,0.2224285074,0,0,0.2710512177,0,0,0,0,0.000680995071,0.02981411983,0,0.01305166492,0.01522537235,0,0.02708328721,0.01855362769,0,0,0,0,0,0.0305890756,0,0,0,0,0.0277872607,0,0,0,0,0,0,0.0006342198265,0,0,0,0,0.01215519027,0,0,0,0,0,0,0.002158550347,0.09450182747,0,0,0,0.04136986749,0,0.04825986879,0.08584590625,0,0.05880944108,0.1405459852,0,0,0,-0.4931585458,0,0,0,0.00126129256,0.05119265569,0,0,0.02414476247,0.04657989144,0,-0.5387217969,0.013600586,0.05664858736,0,0.03374101125,0,0,0,0,0,0,0,0,0,0,-0.1232126505,0,0.05803095227,0,0,0,0,0.02414476247,0,0.2384158007,0,0.00126129256,0,0.2905030406,0,-0.02970387283,0,0.01276650283,0,0,0,0,0.04657989144,0,0.2905030406,0,0.05119265569,0,0.2384158007,0,-0.3183708948,0,-0.04330445879,-0.1798612378,0,0,0.1068049739,0,0,0,0,0,0,0,0
1,1,1,1,2,1500,500,v1,0.166063202,0,0.0596933222,0.07753745469,0,0.03394821633,0,0,0,0.02054255496,0.003001262669,0,0,0,0,0,0,0.0002401445469,0,0,0,0,2.123047811e-05,0,0,0,0,0,0,0.007476844582,0,0,0,0,0.0025730431,0,0,0,0,0,0.02898165471,0.01041778812,0,0.01353197886,0.005924705006,0,0.003585124386,0.0005237858681,0,0,0,0,0.3858011953,0,0,0.1801364923,0,0,0,0,-0.4895921382,0.2413726483,0,-0.07993130234,0,-0.03691525939,0,0,0,0,0,0,0,0,0,-0.03048435671,0,0,0,0,0.0002554474652,0,0,0.2852667006,0,0.06246618527,0,0.1330032002,0,0.02151962487,-0.06598407334,0,0,0,0,0.009993533275,0,0,0.1330032002,0,0.04165934181,0,0.2852667006,0,0.003684021896,-0.4279070383,0,0,0,0.04246286036,0.01394722894,0.006430902653,0,0,0,0,0,0,0,0,0.2838355086,0,0,0,-0.5626821097,0,0,0,0.02151962487,0.003684021896,0,0,0.06246618527,0.04165934181,0
1,1,1,1,1,1500,500,v1,0,0,0,0,0,0,0,0,0.004207159291,0,0,0.01501864373,0,0.04521228201,0.09654028601,0,0,0,0.0695806466,0,0.01745911315,0.2805084354,0,0.0623252371,0,0.001803658865,0.003851292943,0,0,0,0.002775788889,0,0.0006964984472,0.01119035588,0,0.002486347988,0,0,0.0005859817294,0,0,0,0,0,0,0.001702634463,0,0,0,0,0.1512639498,0,0,0,0,0,0,0.2327916877,0,0,-0.07610691876,0,0,0,0,0,0.01884042137,0,0,0.1554687362,0.1374844342,0,0,0.2388203654,0.399935978,-0.3368217894,0,0.1130965735,-0.3754178516,0,0,-0.07926310593,0,0,0,0,0,0,0,0,-0.701000921,0,0.004574559342,0.01486400061,0,0,0.003156187147,0,0,0,0,0,0,0,0,-0.3605538509,0,0,0.002273577,0,0,0,0.2388203654,0,0,0.01883593131,0.1554687362,0,0,0.06706381483,0.1176711328,0,0,-0.380530535,0,0,0,0.399935978,0,0,0.06706381483,0.1374844342,0,0,0.01883593131
1,1,1,1,2,1500,500,v1,0.007664354059,0,0,0.003037927152,0.01820671067,0.006451683726,0,0.004773151047,0,0,0.002647286504,0,0.02561371897,0.00689748595,0.02475186166,3.374046389e-05,0.04449243604,0.01576622657,0.05316288423,0.01166433199,0,0.1404210245,0.0064692754,0,0.1397341333,0.004771900156,0.01712412513,0.006559570364,0,0,0.03677977417,0,0,0.09714773086,0,0,0.0340325548,0.004315838758,0.004170618253,0.001597597756,0.003155897023,0,5.685172151e-06,0.00125090584,0.002656564311,0.02366054303,0,0.001090054495,0.1330056163,0.01686710849,0.004542122288,0.006243712102,0.01233383832,0,2.221872059e-05,0.004888774977,0.02929909345,0.03500874422,0,0.007681178722,-0.05921423802,-0.00405843352,0,0,0.005038790451,0.001064192924,0,0.04544031239,0.01908153785,-0.001694821595,0.01020860849,0.002835091914,3.059171767e-05,-0.01183762085,0.081317638,0.1503347746,-0.01676287252,-0.03744702162,-0.1445672273,-0.03910490776,-0.02028571654,0,0.002835091914,0.01550433498,0,0,0.04544031239,0.005606674448,0,0,-0.12643494,-0.04280289697,0.0291253773,0.05593298743,0,0,0,3.059171767e-05,0.005606674448,0.03173724828,0.0176485797,0.01908153785,0.01550433498,0.007762902955,0.00749479196,-0.2094749506,0.0350334856,0.004235673513,0.02761674218,0.003350999439,0,0.00245927583,-0.01183762085,0,0.007762902955,0,-0.001694821595,0,0.03173724828,0,-0.06339180625,-0.02441419151,-0.00021422062,0.0173432726,-0.01336657221,0,0.007732683154,0.081317638,0,0.00749479196,0,0.01020860849,0,0.0176485797,0
1,1,1,1,4,1500,500,v1,0,0,0,0,0,0,0,0,0,0,0,0,0,0,0,0,0,0,0,0,0,0,0,0,0.2741971678,0,0,0.03655211575,0,0,0,0,0,0,0,0,0.08125660536,0,0,0.01083198951,0,0,0,0,0,0,0,0,0.5269204826,0,0,0.07024163899,0,0,0,0,0,0,0,0,0,0,0,0,0,0,0,0.257478014,0,0,0,0.03426890952,0,0,0,0,0,0,0,0,0,0,0.03426890952,0,0,0,0.257478014,0,0,0,-0.504453314,0.3099553647,0,0,0,0,0,0,0,0,0,0,0,0,0,-0.2865582389,0.09206028957,0,0,0,0,0,0,0,0,0,0,0,0,0,0.4020156542,-0.5965136036,0,0,0,0,0,0,0,0,0,0,0,0,0
1,1,1,1,0,1500,500,v1,0.000824776151,0.002314178799,3.337169524e-06,0.001294995909,0.0006050885723,0.0003044191785,0.001696961099,0.001085005136,0.02375287312,3.785091995e-05,3.140207314e-05,0.01752528125,8.591746469e-05,0,0.01345677931,0.0002152602074,0.0002814605143,0.0001416023744,0,0.0005046965314,0.01104878887,0.003793873785,1.460685933e-05,0.008151987825,0.0009434356524,0,0.2576076322,0.0004082642327,0.02060691749,2.97162765e-05,0,0.01511081917,0.2115106649,0.07262739622,0.000337048626,0.1560562326,0.0002653572167,0.0004626128244,0.07245649886,0.0001148312131,0.002065717056,8.358204824e-06,0.001159044123,0.003243419602,0.0007624418921,0.02042768223,9.480062053e-05,7.864897403e-05,0.0009396362573,0.001638123087,0,0.0004066200748,0.007314753551,0.02052392951,0.004104202989,0.01148502647,0.005366393994,0,0.01504996503,0.009622665695,-0.3857128736,0.002031178023,0.003929521144,3.86040129e-05,0.001605946857,9.754646374e-06,0.04082087908,0.0004092765021,0.001651931768,0,0.257600823,0.000265899969,0.004121498505,0,0.07275103874,-0.5810446646,0.000277377092,0,0.01709975608,0.0007278192009,1.755504331e-05,0.01907227969,0.000265899969,0.006604834455,0.005196635494,3.127399292e-05,0.0004092765021,0.01046915762,0.003607742665,0.0003563136077,0.1737931111,-0.0003000532649,0,-0.3297219435,-0.01036732034,-0.0003233053871,-0.3669493023,0.004121498505,0.01046915762,0.006616976625,0.0005196319225,0.001651931768,0.006604834455,0.01186514025,6.356329866e-05,-0.3350201844,0.00026535849,0.001437491154,0.09238761338,0.004756024708,2.630964072e-05,-0.0004161065038,0,0.003607742665,0.01186514025,0.2649994365,0,0.005196635494,0.006616976625,0.1955847787,0.004363342969,-0.0004154228722,-0.005563821762,0,-0.01816986411,0.0005682137374,-0.01465517731,0.07275103874,0.0003563136077,6.356329866e-05,0.1955847787,0.257600823,3.127399292e-05,0.0005196319225,0.2649994365
1,1,1,1,2,1500,500,v1,0.03289462019,0.01184125332,0.0727654848,0.01434974969,3.489355246e-05,0.03322877926,0.01137716328,7.989955661e-07,0.001082230698,0.02916065538,0.01150427214,0.001031990968,0.001671570282,0.0007632644455,0,0.0001026810149,0.0001185187792,0.1128642421,0.0004388151698,2.713853203e-06,0.003675884286,0,0.0390751928,0.00350524097,0.00032450359,4.594511014e-05,0,0.001538503599,0.002421050896,0.01487755877,2.641471305e-05,0.002326163508,0.0002212718139,0,0.005962158646,0.0002109998486,0.0019544504,0.0006060299023,0,0.009266242555,0.04050757748,0.08960594456,3.722713073e-05,0.01767078003,0.04091907255,0,0.03590944356,0.01416676016,0.00670279324,0.002078381284,0.0009490205443,0.03177860536,0.1389208529,0.05000808644,0.0001276705514,0.06060199068,0.0001473627614,0.0005456098653,0.04804813726,3.374325189e-06,-0.4128552822,0.04526860335,0.02139858851,0.0579296141,3.22270698e-05,0.04338267712,0.001787867837,0.008549819842,0.002954179009,0.001253994056,0,0.03583363093,0.0002051547756,0.0008787249655,0,0.09361624408,-0.001100398372,-0.0001502700665,0,-6.507046003e-05,-0.145952575,-0.00693767105,0.03583363093,0.09793319631,0.05382806718,0.01702173488,0.008549819842,0.04268953069,0.0513263224,0.01619214823,-0.1539847545,0.001695699277,6.032343969e-05,0,0.004672672044,0.0191499618,0.0003542537237,0.0002051547756,0.04268953069,0.000205203983,0.05807671221,0.002954179009,0.09793319631,4.3307065e-06,0.02011298792,-0.2126784362,0.004245285868,0.000587089459,0,0.05691206517,-0.09922216467,0.05044343118,0.0008787249655,0.0513263224,4.3307065e-06,0.003607563762,0.001253994056,0.05382806718,0.000205203983,0.003585760475,0.1335568145,-0.03552995231,-0.001592913607,-0.001331866053,-0.1959291532,-0.09617418688,-0.0001068464027,0,0.01619214823,0.02011298792,0.003585760475,0,0.01702173488,0.05807671221,0.003607563762
1,1,1,1,1,1500,500,v1,0.0006815555974,0.008770321261,0.0001558694955,0.001161258849,0.004763103364,0.003483639331,0.004826523972,0.004275602436,0.0001044347436,0.000571248778,0.001461558177,8.331824411e-05,1.16848321e-05,0.0005323684602,0.000384953065,0.0003610137157,0.00018791911,0.0001374403099,0.001100669116,0.0001686856956,4.120272554e-06,0.0001497391631,5.766297532e-05,3.287161559e-06,0,0.03127985374,0.02261831132,0,0.02033053645,0.0003613220504,0.06467094039,0.01118839534,0.0002420908309,0.008798077782,0.001324215358,0.0001931405417,0,0.001086327914,0.03578872649,0,0.002499888808,0.0005717162459,0.03356310757,0.004259400129,0.0127776971,0.01392110997,0.00209529264,0.005360872895,0,0.002727581309,0.1242703574,0,0.006276787977,0.08077029557,0.08427115212,0.01069461627,0.04386581234,0.2569283394,0.04444988458,0.03937617132,-0.2056988812,0.001763697538,0.0134449055,0.0005671889653,0.008848359078,0.004714063648,-2.661598833e-05,0,0.002385511508,0.1387795645,0.01955886943,0,0.07459057587,0.2872650255,0.0074435665,-0.4432038497,0.000371832817,0.001622879606,0.0005286335242,0.0003540606129,0.0001936391575,4.043901103e-06,0,0.004651566227,0.07751792375,0.0003095621538,0,0.007998618151,0.04272115465,0.001212071542,-0.5377020083,0,0.09451861395,0.02860672212,0.03139891463,-4.997244112e-05,-0.0002985574251,0.07459057587,0.007998618151,0.05819442382,0.01356291142,0.002385511508,0.004651566227,0.05220453249,0.005726465654,-0.06482766699,0,0.03362432952,-0.04713697954,0.006012764592,-0.001531638988,-0.0177672876,0.2872650255,0.04272115465,0.05220453249,0.0002787560326,0.1387795645,0.07751792375,0.05819442382,0.0002029382361,0.1919603567,0,-0.08531355396,-0.3801712195,-0.01620991837,-0.1250032058,-0.08280172407,0.0074435665,0.001212071542,0.005726465654,0.0002029382361,0.01955886943,0.0003095621538,0.01356291142,0.0002787560326
1,1,1,1,1,1500,500,v1,0.0002266668146,0,3.588956568e-06,7.6114441e-05,1.505220935e-05,7.315857999e-05,0,0.0006404320105,4.189539182e-05,7.595817993e-06,3.69725489e-05,5.499476842e-06,1.181327588e-05,9.480065239e-06,0.0001446552036,1.509605278e-05,1.7591063e-05,8.549822553e-05,6.054662662e-05,0.0007484535714,4.896188061e-05,1.166049744e-05,4.320870258e-05,6.427072687e-06,0.08241832231,0.006066119635,0.09256220804,0.08285301643,0,0.002683858914,0.03874267437,0,0.03132980816,0.007461338157,0.005680231409,0.004112565772,0.06627174924,0.006078195372,0.07442834638,0.06662128244,0.1362963057,0.002158064129,0.00776725771,0.0457681339,0.04399075447,0.00599958744,0.004567417305,0.0222318465,0.0141086989,0.001293996754,0.001038422684,0.01418311158,0.02901633895,0,0.001653583942,0.009743651374,0.001926881133,0.006632126353,0,0.08198373603,-0.3353581859,0.0003007274159,0,-6.061519196e-06,0.0006473610893,0.0001092330559,4.541734482e-05,0.01196007965,0.007148917143,0.00753084997,0.03180073106,0.01262078076,0.009066879244,0.04791888786,0.002634947046,-0.2542343697,2.629681017e-05,6.940558057e-05,0.0001556234516,0.0007556607769,0.0001280216689,5.485688887e-05,0.01262078076,0.1615126267,0,0.003410002785,0.01196007965,0.05416812662,0,0.008835963242,0.1670326577,-0.1188978115,-0.04430412004,-0.08488465617,0,-0.003320625329,-0.03502788653,0.009066879244,0.05416812662,0.002816556477,0.06537788116,0.007148917143,0.1615126267,0.119819397,0.03306028996,-0.1384598194,0.07447953191,-0.01336142795,0.06177191397,-0.1814616899,-0.004837290495,-0.06586270363,0.04791888786,0,0.119819397,0.04630288069,0.00753084997,0,0.002816556477,0.006088537738,-0.2817460651,0.02803103935,0.002524600217,0.007268222578,0.03737379343,0,-0.08316032372,0.002634947046,0.008835963242,0.03306028996,0.006088537738,0.03180073106,0.003410002785,0.06537788116,0.04630288069
1,1,1,1,1,1500,500,v1,0,0,0,0,0,0,0,0,0,0,0,0,0.3630986804,0,0,0.1454750588,0,0,0,0,0,0,0,0,0,0,0,0,0,0,0,0,0,0,0,0,0,0.01867403447,0,0,0,0,0.007481729925,0,0,0,0,0,0,0.3321821208,0,0,0,0,0.1330883756,0,0,0,0,0,0,0,0,0,0,0,0,0,0.01973566652,0,0,0,0.03755429483,0,0,0.1870785231,-0.2252718303,0,0,0,0,0,0,0,0,0,0,0,0,0,0,0,0,0,0,0,0,0.03755429483,0,0,0,0.01973566652,0,0,0,-0.06433976218,0,0.0261464547,0,0,0,0,0,0,0,0,0,0,0,0,-0.1991253755,0,0.160932068,0,0,0,0,0,0,0,0,0,0,0,0
1,1,1,1,2,1500,500,v1,0.0200407859,0.009872805797,0.06509979462,0.245326325,0.004241794686,0.007452317691,0.00242481471,0.004466931933,0,0.01032618181,0.05002915746,0,0.0006464513124,0.002180419477,0.0003139007005,0.003331627261,0.0002003069449,0.0003519149556,0.001988242738,0.0002109384246,0,1.610372781e-05,0.002362487679,0,0.1056055568,0.06705436647,0.009653377632,0.0211617383,0.01433751775,0.09453943284,0.06114436172,0.003521372206,0,0.0004952373969,0.01499592091,0,0.002466953606,0.0004644051677,0.0002255036144,0.0004943397695,0.0006798644522,0.002208448133,0.00239341291,0.008322460425,0.0002528127345,1.156878216e-05,0.0003503058199,0.001697191213,0.02090863912,0.003936061072,0.0132759638,0.004189771472,0.005762183952,0.002838657296,0.02028534573,0.07053692504,0.001219612913,0.01210585344,0.0006971896449,0.001284345016,-0.01505918895,-0.2643363922,0.006099928639,0.06361002973,-0.008278374176,-0.05736700346,0,0.1227329886,0.004218348654,0.07721854973,0.01358447949,0.02465951509,0.02173310723,0.07048607984,0.0006975674964,-0.1952478779,0.003844172696,0.00414948916,0.000323633179,0.0003900652899,0.002690888868,0,0.02465951509,0.02034563236,0.004413835472,0.04372576234,0.1227329886,0.2492933307,0.0008443508111,0.006537272667,0.1329835489,-0.1257432805,-0.127693425,-0.0100788795,-0.01308212276,-0.09965277643,0,0.02173310723,0.2492933307,0.004265183805,0.01025885081,0.004218348654,0.02034563236,0.004460437348,0.06885184202,-0.4105499491,0.002942525773,0.002821776185,0.0002338816668,0.008989596927,0.002534056697,0.001935652799,0.07048607984,0.0008443508111,0.004460437348,0,0.07721854973,0.004413835472,0.004265183805,0,-0.5098960395,0.02453908534,-0.02396691947,0.02507418287,0.07558748616,0.003476736603,0.00207122812,0.0006975674964,0.006537272667,0.06885184202,0,0.01358447949,0.04372576234,0.01025885081,0
1,1,1,1,2,1500,500,v1,0,0,0.002407550205,0,0,0.0005104769408,0,0,0.0002562821862,0.0002635077935,0.003632277698,0.0005975605253,0.2995898945,0.008799055675,0.01009373083,0.02342059208,0,0.0158891629,0.006805437427,0,0.007977068266,0.004303360011,0.1130586858,0.01859973639,0.0006147175709,0.001015840705,0.00116530944,0.007332681322,0,0.00865146761,0.0007856798055,0,0.0009209432179,0.000496817889,0.0009469082457,0.00214731785,0.0002407695263,0.01354698334,0.0004564226161,0.002872028216,0,0.003388563882,0.001059042299,0,0.0007184829295,0.0001945911642,0.0003708803206,0.005112335764,0.00564218852,0.3174597509,0.009323899352,0.06730305482,0,0,0.02481757718,0,0,0.007211366306,0,0,-0.1523545049,0,0,0.002182650582,0,0.004102652458,0.0008436312799,0.007176345478,0.03525779362,0.001533813759,0.01261756247,0.08554092814,0.007900814537,0.001245724664,0.005389632393,-0.05522431561,0.03850296829,0.002085919049,-0.01425086472,0,-0.1288856769,-0.02648715168,0.08554092814,0,0,0.004886898926,0.007176345478,0,0,0.0005081159682,-0.107571393,0.007888376854,0.001797908434,0.001629358746,0,-0.008653786009,0.003025449028,0.007900814537,0,0,0.02200463845,0.03525779362,0,0,0.1565115969,-0.2520160656,0.003098589191,0.01445789108,0.0006167093762,0,0.002874458832,0.005772200996,0.001245724664,0,0,0.01018151953,0.001533813759,0,0,0.02374558757,0.06783165079,-0.07279848172,-0.0817332645,-0.005736853113,0,0,0,0.005389632393,0.0005081159682,0.1565115969,0.02374558757,0.01261756247,0.004886898926,0.02200463845,0.01018151953
1,1,1,1,0,1500,500,v1,0,0,0,0,0.2059921921,0,0,0.2601657721,0,0,0,0,0,0,0,0,0.2153309526,0,0,0.2719605193,0,0,0,0,0,0,0,0,0,0,0,0,0,0,0,0,0,0,0,0,0,0,0,0,0,0,0,0,0,0,0,0,0,0,0,0,0.02057039337,0,0,0.0259801705,-0.07466216865,0,0,0,0.02523275989,0,0,0,0,0,0,0,0,0,0,0.07172129405,0,0,0,-0.1211507032,0,0,0,0,0,0,0,0,0,0,0,0,0,0,0,0,0,0,0,0.02772799741,0,0,0,0.04641611518,0,0,0,0,0,0,0,0,0,0,0.04641611518,0,0,0,0.02772799741,0,-0.09591794347,0,0,0,0,0,0.04648853445,0,0,0,0,0,0,0,0
1,1,1,1,2,1500,500,v1,0,1.535427715e-05,0.01319217137,0,0.05974853439,2.629212298e-05,0.0005356994061,0.06232357933,0.0002929214466,0.01980346724,6.427745248e-05,0.003486373555,0.001804236909,0.001858695894,0.007834186164,0.0004752041491,0.168472472,7.413569215e-05,0.006590037453,0.1757333059,0.0008259482967,0.02056182247,0.0001812426267,0.009830500062,0.0005375267077,0.0007355460021,0.003100240513,1.247748201e-05,1.713296654e-05,0.0147203954,0.002607890681,0.0005977565672,0.0003268544195,0.008136977307,0.02209756528,0.003890246404,0.0008985222809,0.001193503964,0.00518231957,2.085718799e-05,0,0.02460641129,0.0003143478735,0,4.904081168e-05,0.0136016598,0.0369379874,0.000119892123,0.001163551864,0.001545541821,0.001592192369,2.700925786e-05,0,3.708670634e-05,0.0004070684301,0,0.1443165528,0.005645144735,0.001293927833,0.1505363139,-0.1303978505,0,-0.0002583899143,0.01721156598,0.1214106172,-6.217094713e-05,-0.000816886079,0.002431814609,0.0002400970514,4.763419221e-05,0.009447049337,5.917737224e-05,6.587127194e-05,0.001645893085,0.03260931187,0.238250828,-0.0004742250883,-0.002859277364,-0.01942025421,-0.2083480694,-0.0002306383683,-0.008654995649,5.917737224e-05,0,5.853695832e-05,0.007561431717,0.002431814609,0,0.002090622448,0.02110999259,-0.06272941965,-0.0001002172979,0.00074845848,-0.000650861203,-0.0001567902041,0.002042638876,-0.001237513606,6.587127194e-05,0,-0.03701659303,0.0001865680871,0.0002400970514,0,-0.0211352784,0.0004503019361,-0.001825172005,-0.0006422862843,-0.0005069017595,-0.007966458751,0,-0.03836848768,-0.0001317706999,0.001645893085,0.002090622448,-0.0211352784,0.00122974939,4.763419221e-05,5.853695832e-05,-0.03701659303,0.01483434359,-0.09118708148,-0.0009181577379,0.0007771479659,0.0009818007017,0,-0.00101759282,0.1257053666,0.03260931187,0.02110999259,0.0004503019361,0.01483434359,0.009447049337,0.007561431717,0.0001865680871,0.00122974939
1,1,1,1,3,1500,500,v1,0.0131096098,0.1046841474,0,0.008567414499,0.1080593104,0,0.09032046553,0.08165612219,0,0,0,0,0,0,0,0,0.004816011767,0,0,0.003639268509,0,0,0,0,0,0,0,0,0.2208783423,0,0,0.1905716882,0,0,0,0,0,0,0,0,0.003523383862,0,0,0.002302607816,0,0,0,0,0,0,0,0,0.005415224911,0.04324218735,0,0.003538966997,0.0446363758,0,0.03730893921,0.03372993353,-0.2289943412,-0.02158136019,0.1939091654,0,-0.1891112982,0,0,0,0,0,0,0,0,0,0,-0.1120221452,0,0,0,0.008371907796,0,0,0,0.006240802656,0.1086519109,0,0,0.00407632231,0.09422235539,0,0.2744392498,0,0,0,-0.4096887611,0,0,0,0.00407632231,0.08840164925,0,0,0.006240802656,0.06707370723,0,-0.01267410506,0,0,0,0.005796021742,0,0,0,0.09422235539,0.06707370723,0,0,0.1086519109,0.08840164925,0,-0.4123043211,0,0,0,0.008907255129,0.08053008465,0.07708915288,0,0,0,0,0,0,0,0
1,1,1,1,2,1500,500,v1,0.007532736913,0,0,0.2639883011,0.006329648222,3.303292984e-05,0,0.06766347231,0,0,0.009109396686,0,0.007625855046,0.01556460967,0.0004903009188,0.06357506534,0.01068091412,5.574115249e-05,0.04001641137,0.1141781836,0,9.634934873e-05,0.01537157836,0,6.929418544e-05,0.0004034586895,1.270935605e-05,3.944793687e-05,0,0,0.001037287104,0,0,2.497523728e-06,0,0,0.00121151941,0.003456073485,0.0002222066896,0.0006896962698,0.005760710765,0,0.02881251955,0.2018868129,2.526215329e-05,4.366597941e-05,0,0.006966471836,0.0004756646242,0.001356917505,0.002769511247,0.0002707873388,0.002261760148,0,0.01131232085,0.0792644461,0.001900523842,0.007120377812,0,0.0203164596,0.1317769248,-0.2152850639,0,0,0.04619316726,0.002735697182,0,0.001014466045,0.006659826707,0.01857799716,0.0006449498709,0.0005366993214,0.05505675909,0.04771616289,0.0001251928332,0.1030503795,-0.06022119942,-0.05538781277,-0.0004563682073,-0.1045343707,-0.01053017177,0,0.0005366993214,0.001221072331,0,0,0.001014466045,-0.01269058469,0,0,-0.04726733072,9.399772709e-05,0.001428551445,1.136213199e-06,0,0,0,0.05505675909,-0.01269058469,0.004623266847,3.403844424e-05,0.006659826707,0.001221072331,0.04989729666,0.008783823532,-0.1896116043,-0.001754072166,0.006629517742,-5.819647568e-05,0.1419542983,0,0.001915899956,0.04771616289,0,0.04989729666,0,0.01857799716,0,0.004623266847,0,-0.2408829802,0.0006259641948,0.01244729107,0.009763154658,0.08097710771,0,0.02199416118,0.0001251928332,0,0.008783823532,0,0.0006449498709,0,3.403844424e-05,0
1,1,1,1,0,1500,500,v1,0.00394041252,0.01026322422,0,0.004638257572,0.0008248110221,0.02202232456,0.0031480837,0.008973115328,0.008641700713,0,0.00793575542,0.01712509378,0.007526848603,0.07306120542,0,0.005121189737,0.00247824516,0.06616875598,0.1024923115,0.02696081773,0.02596504216,0,0.02384394356,0.05145442973,0,0.01562998318,0,0,0.006596982094,0,0.02192617951,0.002023521201,0.005554701294,0,0,0.01100764581,0,0.0250495115,0,0,0.03940193782,0,0.01704342786,0.04638000095,0.2202110207,0,0,0.07935314894,0,0.0009878762345,0.009589063405,0,0.001553892098,0.00404727752,0.0006721407458,0.001829085597,0.0003252622213,0.01345180754,0.001241439154,0.003538526215,-0.3721687192,0.008464944177,-0.007014630378,0,0.008941596707,0.02990594273,0.0235257054,0,0.02492071038,0.07177176613,0,0,0.01687374901,0.1006294298,0,-0.1961843972,0.01192936093,-0.1748078558,0,-0.0283292904,0.08861718782,-0.07387564131,0,0.05076239672,0.00551236581,0,0,0.05975045064,0.001712228294,0,-0.2065126811,0,0.03703192825,0,-0.0006197097682,0,0.0155509354,0.01687374901,0.05975045064,0.001989876418,0.1976604947,0.02492071038,0.05076239672,0.02163100321,0.07130042324,0.1438340774,0,-0.04137509871,0,-0.08547405284,0,-0.2978304095,0.1006294298,0.001712228294,0.02163100321,0.0178084311,0.07177176613,0.00551236581,0.001989876418,0.0343900697,-0.2712528078,0,0.001582764908,0.02284179692,0.003333877034,0.002817944083,0.003640440601,0,0,0.07130042324,0.0343900697,0,0,0.1976604947,0.0178084311
1,1,1,1,2,1500,500,v1,1.667538257e-05,0.000404222144,0,1.431310446e-05,6.264634144e-06,0,0.00031959021,1.01533974e-05,0,0,0,0,0,0,0,0,2.406180646e-06,0,0,3.89981406e-06,0,0,0,0,0,0,0,0,0.5555577558,0,0,0.4392407058,0,0,0,0,0,0,0,0,1.515766276e-05,0,0,1.30103888e-05,0,0,0,0,0,0,0,0,9.50474745e-05,0.002304012743,0,8.158280184e-05,3.570758582e-05,0,0.001821621916,5.78730219e-05,-0.9909044256,3.019698513e-05,0.0007237897895,0,1.614062997e-05,0,0,0,0,0,0,0,0,0,0,-7.570251657e-05,0,0,0,6.063538611e-06,0,0,0,9.426531248e-05,0.8292735495,0,0,8.05353156e-05,0.655648637,0,0.004849386925,0,0,0,-0.9947975113,0,0,0,8.05353156e-05,3.996314696e-05,0,0,9.426531248e-05,6.449531989e-05,0,-0.0001440439786,0,0,0,2.751022616e-05,0,0,0,0.655648637,6.449531989e-05,0,0,0.8292735495,3.996314696e-05,0,-0.9939938094,0,0,0,-0.0001742409638,0.004125597135,-9.184314642e-05,0,0,0,0,0,0,0,0
1,1,1,1,3,1500,500,v1,0.01827506265,0.006395719513,0.023448857,0.003184325071,0.01051601609,0,0.01430828086,0.007355507936,0.006107807961,0.08740103633,0,0.01492831052,0,0.007582533421,0,0,0.0193972365,0,0.01560481804,0.01356754553,0.01126611015,0,0,0.02753590022,0.01215965237,0.003428968715,0,0.002967375674,0.005334911485,0.01955957829,0.007056801456,0.0119350781,0.005094753572,0,0.07290450927,0.01245226828,0.03412761422,0,0,0.008328318045,0.04278400666,0.0548964495,0,0.007454868288,0,0,0.2046157976,0,0.03341911733,0,0.009424044731,0.008155420304,0.04189580113,0.01466226398,0,0.007300103558,0.02410809347,0.01939463964,0.03280190611,0.01686259049,-0.2857966375,0.01833415004,0.009605237075,0.1057394165,0.005643114649,0,0.002141552751,0.02766240419,0,0.007553458583,0,0.007206375285,0,0.01944593183,0,-0.02720386899,0,-0.001409794721,0,-0.005953114209,0,-0.02962333977,0.007206375285,0.0290569105,0.008228556581,0.01826631478,0.02766240419,0.005278857424,0.02034050395,0.06604282081,-0.2636705093,0.01286247629,0.005560165663,0,0.01241038459,0.08885811868,0.004776786701,0,0.005278857424,0.02127561092,0,0,0.0290569105,0.01395267472,0,0.1818142722,-0.01859146318,0,0,-0.01476163871,-0.2508036253,0,0.01944593183,0.02034050395,0.01395267472,0.008589667961,0.007553458583,0.008228556581,0.02127561092,0.02546783251,0.02369951744,-0.0175168661,0,-0.02214996453,-0.02646302328,-0.04106166197,-0.02317552421,0,0.06604282081,0,0.02546783251,0,0.01826631478,0,0.008589667961
1,1,1,1,3,1500,500,v1,0.6148235571,0,0,0.04104013531,0.01788630235,0.09117409858,0,0.1089602712,0,0,0.03109381895,0,0.005050789688,0.002880499024,0.0001176560701,0.005129951601,0.000337609052,0.001720937082,0.003684752337,0.002056656156,0,0.000940164439,0.00058690469,0,0.006750517249,0.00521148164,0.0002128667443,0.0008338963859,0,0,0.006666559854,0,0,0.00170097253,0,0,0.0007975990755,0.001079693173,2.515100876e-05,9.852800339e-05,0.002480761904,0,0.001096615394,0.0001655935317,0.0003678799027,0.0002009763203,0,0.0001254609727,0.004670363386,0.006322173156,0.00360557749,0.0005769334415,0.01452616975,0,0.006421261685,0.0009696374924,0.0004225919148,0.004612277238,0,0.002574357109,0.02626619679,-0.655768521,0,0,-0.1268333777,-0.1220032982,0,0.005332139893,0.0005081558772,-0.001733600533,0.000164714791,0.0006194955168,0.0006021400127,-0.002181491787,0.001204129316,-0.2537287706,0.003183363921,0.006086507507,5.76786064e-05,0.002385745013,0.00229072159,0,0.0006194955168,0.8966335669,0,0,0.005332139893,0.05985183849,0,0,0.01397534227,-0.005203953781,-0.009958958526,-0.00108268807,0,0,0,0.0006021400127,0.05985183849,0.02568876162,0.1333502427,0.0005081558772,0.8966335669,0.1565011237,0.04548295027,-0.7682801745,0.0004136642632,0.002127465964,0.0001124467245,0.002636559963,0,0.000490444632,-0.002181491787,0,0.1565011237,0,-0.001733600533,0,0.02568876162,0,-0.7809314933,0.000822532578,-0.006051027136,0.00648251257,0.01547501635,0,0.002987709329,0.001204129316,0,0.04548295027,0,0.000164714791,0,0.1333502427,0
1,1,1,1,3,1500,500,v1,0,0,0,0,0,0.02245871234,0,0,0,0,0.005835669097,0,0.004911516298,0,0.1591472069,0.0168304288,0,0.01917108948,0,0,0,0.1693742756,0.004981413571,0,0,0,0.03934486067,0,0,0,0,0,0,0.04187322797,0,0,0,0.006764411157,0.2191863117,0,0,0,0.02317979488,0,0.02640348188,0.2332715948,0,0.006860677537,0,9.156361902e-05,0,0,0,0,0.0003137635869,0,0,0,0,0,0.01359157449,0,0,0,0,-0.004766179939,0,0,0.003359351213,0,0.03548996086,0,0.01094376162,0,0.03852850205,-0.3794150394,0.01241018078,0,0.2967631791,0,0.02018602606,0,0,0,0,0,0,0,0,0,-0.1304588317,0,0,0.0811131896,0,0,0,0.01094376162,0,0,-0.01227946227,0.003359351213,0,0,-0.0009586295666,0.4060662076,0,-0.02230539914,-0.4272220108,0,0,-0.006594451568,0,0,0,0,0,0,0,0,-0.009895218365,0,0.0003598098293,0,0,0,0,0.03852850205,0,-0.0009586295666,0,0.03548996086,0,-0.01227946227,0
1,1,1,1,4,1500,500,v1,0.002758482455,0.0001567445827,0.01014052273,0.003356989083,0.01955345413,3.30385096e-05,0.001019262228,0.01003822096,0.005869729239,0.007183208731,1.703063546e-05,0.00072360236,0.001909549567,0,0.02936356803,0.000254724597,0.0309506001,5.229570652e-05,0,0.01588921122,0.009291025574,0.004341848122,2.6957303e-05,0.001145369362,7.731442056e-06,0,0.003932654683,8.512375037e-05,3.322883494e-05,0.002149725051,0,0.0002160769816,0.001244344529,0.0005815025385,0.001522793663,0.0001533990072,8.634780726e-06,0.0002856266534,0.00439214452,9.506957611e-05,0.0006531059019,0.002400898086,3.810120221e-05,0.0007948099793,7.822288511e-06,0.000649445068,0.001700716279,4.032220149e-06,0.0007776662174,0.02572412736,0,0.008562162721,0.05882006879,0.003342318572,0.003431473101,0.07158223118,0.416945018,0,0.02173407855,0.2140484332,-0.737691098,0.006091580465,0.00111197612,-0.01711142252,0.02958616113,-2.340921976e-05,0.005759012974,0.001136645543,0.03517623508,0,0.03147722276,0.01247631682,0.004678854539,0,0.004649424453,-0.6130979022,0.002145508691,0,-0.03350080214,0.04677850008,-5.268185115e-05,-0.009532854124,0.01247631682,0.08289286496,0.004696565007,0.008420026172,0.001136645543,0.1009357421,0.03063252204,0.005929469774,-0.07843335363,8.183179349e-05,0,0.004486149829,0.0002464302952,0.003566305749,0.001370737919,0.004678854539,0.1009357421,0.5492804525,7.430065144e-05,0.03517623508,0.08289286496,0.2819121224,3.707709748e-05,-0.2026944666,9.835405396e-05,0.0003187494438,0.004930220854,0.001443730179,0.003978786164,1.839238134e-06,0,0.03063252204,0.2819121224,0.003185122807,0,0.004696565007,0.5492804525,0.000419532039,0.08790282299,-0.009255494053,-0.02903431796,0,-0.1300877153,-0.02491113145,-0.6304930459,0.004649424453,0.005929469774,3.707709748e-05,0.000419532039,0.03147722276,0.008420026172,7.430065144e-05,0.003185122807
1,1,1,1,2,1500,500,v1,0,0,0,0,0.1092549728,0.03439790636,0,0.01755406937,0.0005591123993,0,0.01254939886,0.002682851365,0,0,0,0,0.1372098458,0.04319923665,0,0.02204559745,0.0007021714811,0,0.01576039092,0.003369307708,0,0,0,0,0,0,0,0,0.001220870295,0,0,0.005858238062,0,0,0,0,0,0,0,0,0.003320459678,0,0,0.001211404335,0,0,0,0,0,0,0,0,0.5075549707,0,0,0.08154919575,-0.4809952619,0,0,0,0.1265277249,0.03621963848,0.003209094844,0,0,0,0,0,0,0,0,-0.4246995734,0,0,0,0.158442528,-0.05263269328,0.003850934389,0,0,0,0,0,0,0,0,0.007060029227,0,0,0,0,0,-0.006791813433,0,0,0.3920576407,0.01284399579,0,0,0.06304579261,0.005013103415,-0.01641305481,0,0,0,0,0,0.004508322017,0,0,0.06304579261,-7.933285606e-05,0,0,0.3920576407,-0.0003229908492,0.2849702533,0,0,0,0,0,-0.5883725405,0,0,0.005013103415,-0.0003229908492,0,0,0.01284399579,-7.933285606e-05
1,1,1,1,4,1500,500,v1,0.006429021096,0,0,0.0004487891367,0,0,0,0,0,0,0,0,0.002161448169,0,0,0.001234550807,0,0,0,0,0,0,0,0,0.004661188875,0,0,0.004838371995,0,0,0,0,0,0,0,0,0.008160526321,0.01038275947,0,0.008470727763,0.1145126547,0,0.005930303704,0.007993757478,0,0,0,0,0.04329735516,0.05508787138,0,0.04494319288,0.6075705032,0,0.03146444918,0.04241252868,0,0,0,0,-0.5269297041,0.006869868676,0,0,0,0,0,0.04575030851,0.06375114868,0,0,0.04733900865,0.03641093592,0,0,-0.07015689411,0.003382170926,0,0,0,0,0,0.04733900865,0.729198189,0,0,0.04575030851,0.05089156359,0,0,-0.07151050126,0.009450956467,0,0,0,0,0,0.03641093592,0.05089156359,0,0,0.06375114868,0.729198189,0,0,-0.8041376504,0.01655749753,0.01627199448,0,0.1224140554,0,0,0,0,0,0,0,0,0,0,0.1749465435,-0.08806799879,-0.08642888862,0,-0.6493437594,0,0,0,0,0,0,0,0,0,0
1,1,1,1,0,1500,500,v1,0,0.3110352254,0,0,0,0,0.4124033316,0,0,0,0,0,0,0,0,0,0,0,0,0,0,0,0,0,0,0,0,0,0.03501239099,0,0,0.04642312352,0,0,0,0,0,0,0,0,0,0,0,0,0,0,0,0,0,0,0,0,0,0.08389245578,0,0,0,0,0.1112334727,0,0.2760999527,0,-0.722851268,0,0,0,0,0,0,0,0,0,0,0,0,0,0,0,0,0,0,0,0,0,0.2882091423,0,0,0,0.3819178321,0,-0.5281530577,0,0,0,0.08140174271,0,0,0,0,0,0,0,0,0,0,0,0,0,0,0,0,0,0,0.3819178321,0,0,0,0.2882091423,0,0,-0.6414495252,0,0,0,0,0.19469821,0,0,0,0,0,0,0,0,0
1,1,1,1,2,1500,500,v1,0.0003112515741,0.001972610435,0.0001097910334,9.452377817e-05,0,0,0.003580905635,0,0,0.001041940503,0,0,0.001428686518,0.008385190593,9.040024905e-05,0.003755136756,0,0,0.005674066572,0,0,0.0002846369019,0,0,6.517427358e-05,0.003856390588,4.157552124e-05,8.419182742e-05,0.008016235008,0.0004461655024,0.002609531254,0.01455197671,0,0.0001309059177,0.004234206505,0,0.002722627355,0.02744839955,0.001736799587,0.003517077519,0.05283876709,0.0186383727,0.07214493362,0.01604656912,0,0.005468538625,0.1768821626,0,0.001102290256,0.01111283309,0.06522300189,0.001423933493,0.02139244579,0.135578308,0.02920879246,0.006496657266,0,0.0441349127,0.2461170836,0,-0.589325854,0.0004054854048,0.005528604115,0.00114810939,0,0,0,0.002300588766,0.02232690248,0.07849991628,0.002131959113,0.002725442222,0.05874224927,0.05378005423,0.006990963306,-0.1673334975,0.005164227684,0.01369715807,0.0001574158483,0,0,0,0.002725442222,0.04718839436,0.1878826137,0.02704057758,0.002300588766,0.01426593117,0.3408985474,0.2560894172,-0.672828308,0.0001490049283,0.006458069218,0.0001652410041,0.02250216756,0.004660438274,0,0.05874224927,0.01426593117,0,0,0.02232690248,0.04718839436,0,0,0.07983960678,-0.005035215138,-0.09924442379,-0.006404605126,-0.0677951023,-0.194561878,0,0.05378005423,0.3408985474,0,0,0.07849991628,0.1878826137,0,0,-0.1181700249,0.001535522884,0.04003409489,-0.1083418745,0.02642006656,-0.3805515459,0,0.006990963306,0.2560894172,0,0,0.002131959113,0.02704057758,0,0
1,1,1,1,1,1500,500,v1,0.02636584332,2.142441012e-06,0,0.1476094114,2.440059607e-05,0.05799112316,3.267838674e-06,1.260835648e-05,0.01761771657,0,0.03821781809,0.02742999358,0.002803249716,3.902715162e-06,4.590919437e-08,0.001909413245,3.730911294e-06,0.008866985699,1.923844462e-07,1.927848789e-06,0.002693792297,2.75778598e-07,0.005843598606,0.004194113643,1.031069062e-05,6.105063689e-06,7.181629812e-08,2.198006244e-05,5.124443443e-07,0,3.009492745e-07,7.816249958e-07,0.00421393129,4.314037369e-07,0,0.006560901795,3.254742815e-05,0.01384248468,2.267002173e-07,6.938376193e-05,0.01990711932,0,0.009428708202,0.1114501869,0.04378529425,1.361798414e-06,0,0.02885576826,8.836228506e-05,0.0375806522,5.232019833e-05,0.0001883684241,0.0540453932,4.391631455e-06,0.02559778911,0.3025736208,5.001697812e-05,2.579125548e-06,6.69850093e-06,2.58449379e-05,-0.1533120129,0.1628344598,-9.83585087e-07,0,-2.270435113e-05,-0.07879401211,-0.04292575807,0.0001111977025,0.03297952931,7.5171677e-05,2.917501866e-07,0.0002145473313,0.02261821098,3.772432387e-06,1.578868893e-06,-0.117779876,0.004133950503,2.120371677e-06,2.889747396e-08,4.36957463e-06,0.01412141424,0.005196350983,0.0002145473313,0.01326481835,5.752278744e-06,0,0.0001111977025,0.06924766891,9.369473138e-06,0,-0.03800737568,-7.182368235e-07,-2.039892186e-06,-2.897360277e-07,-1.041373396e-07,0,0.007163726317,0.02261821098,0.06924766891,7.25443445e-05,0.02659778665,0.03297952931,0.01326481835,3.912769729e-05,0.01324593025,-0.3031720394,3.446885334e-05,0.0182037424,-9.86240833e-07,0.1279703231,0,0.03811011988,3.772432387e-06,9.369473138e-06,3.912769729e-05,0.01807012289,7.5171677e-05,5.752278744e-06,7.25443445e-05,0.02777839827,0.3131568841,-0.0002509139724,-0.0594028531,-5.270988585e-05,-0.3458131077,-8.993445505e-06,-5.611325133e-05,1.578868893e-06,0,0.01324593025,0.02777839827,2.917501866e-07,0,0.02659778665,0.01807012289
1,1,1,1,0,1500,500,v1,0.0142109821,0.1202865388,0.0174562202,0.004788940746,0.01902291171,0.01040717295,0.1247398687,0.01808038038,0,0.0187971275,0.008555860784,0,0.000131712932,0,0,0.0003143588733,0.001861742343,0.00101853359,0,0.001769498289,0,0,0.0008373485901,0,0.01646264264,0,0,0.007298086047,0.01534062903,0.002226262398,0,0.01590858021,0,0,0.002397273732,0,0.02700445986,0.0002815450636,0,0.0119713995,0.002972940219,0.003651844659,0.0006719627881,0.001001847335,0.002177182605,0,0.003932362727,0.001789887739,0.137122081,0.001429617374,0,0.06078785575,0.01509586755,0.1277765072,0.003412063647,0.005087137165,0.02020742504,0,0.1325071358,0.01920620443,-0.06375865819,-0.001131552232,0.02684067528,-0.03329549923,0.003794360132,-0.01860744159,0,0.141028733,0.001644484428,0,0,0.0625558002,0.003925115074,0,0,-0.0287267885,0.0002791741379,0,0,0.003547601251,0.001759673793,0,0.0625558002,0.002281158569,0.02797310265,0.02003802624,0.141028733,0.001956509185,0.02879370037,0.01905376741,-0.2570570797,0.02315207074,0,0,0.03111403503,0.003162220724,0,0.003925115074,0.001956509185,0.005709277202,0.01083619814,0.001644484428,0.002281158569,0.003714620484,0.008880813666,-0.2307396008,0.03805415465,0.0006252222023,0,0.002817977768,0.004072082699,0.003703093275,0,0.02879370037,0.003714620484,0,0,0.02797310265,0.005709277202,0,0.1290937187,-0.1969292476,-0.004617462674,0,-0.004511537374,-0.09579924564,-0.01362455983,0,0.01905376741,0.008880813666,0,0,0.02003802624,0.01083619814,0
1,1,1,1,0,1500,500,v1,0,0,0,0,0.001400223507,0.2128002208,0,0.0005464383802,0.01525766043,0,0.2235197529,0.01766928714,0,0,0,0,0.001370120202,0.2082252442,0,0.0005346905408,0.01492963709,0,0.2187143178,0.0172894164,0,0,0,0,0,0,0,0,0.02042999595,0,0,0.02365916231,0,0,0,0,0,0,0,0,0.007694777409,0,0,0.008082391731,0,0,0,0,0,0,0,0,0.005665641801,0,0,0.002211021393,-0.004689110578,0,0,0,0.001475107354,-0.09559788289,0.0129856118,0,0,0,0,0,0,0,0,-0.09684066827,0,0,0,0.001383790095,-0.01420317869,0.02383378236,0,0,0,0,0,0,0,0,0.03681939416,0,0,0,0,0,-0.02412130908,0,0,0.00482231893,0.07920938704,0,0,0.001820373058,0.06193446005,-0.1098010616,0,0,0,0,0,0.01570516354,0,0,0.001820373058,-0.01077556882,0,0,0.00482231893,-0.008271558792,0.002858897449,0,0,0,0,0,-0.007287358773,0,0,0.06193446005,-0.008271558792,0,0,0.07920938704,-0.01077556882
1,1,1,1,0,1500,500,v1,0.003507420652,5.5015827e-06,0.004446391191,0.0009748484247,0,0,0.0001418368444,0,0,0.0008046313737,0,0,0.1290895302,0.0630420495,0.04109792812,0.0009757326488,0,0,0.09825671032,0,0,8.505395661e-05,0,0,0.001026742477,0.1481262675,0.09656543122,0.0007099067673,6.925594228e-05,0.05597280428,0.2308681249,0.001785494256,0,0.000199846376,0.01012899506,0,0.0001557737116,0.04601775362,0.01465056328,0.0001077045262,0.006698690153,0.008491994502,0.0003478285541,0.001861826166,0,3.031998036e-05,0.001536735053,0,4.442814739e-05,0.01312470198,0.006409567921,3.071835751e-05,0.001910530284,2.996772101e-06,9.920401914e-05,0.0005310105694,0,0.009989888709,7.726007615e-05,0,-0.06307419535,0.0038448805,0.00014538322,0.005226846889,0,0,0,0.001268797258,0.1052363943,0.1180310604,0.06148844158,0.0008808206436,0.0008292834292,0.1842379544,0.000128385207,-0.3853397741,-0.1286147534,0.1599361114,0.04071740627,0,0,0,0.0008808206436,0.001703578045,9.035645466e-05,0.06436627886,0.001268797258,0.0006209749269,0.002338735529,0.01166570333,0.2472448043,-0.001706449486,-0.37781524,-0.09636111598,-0.001842260792,-0.06585076567,0,0.0008292834292,0.0006209749269,0,0,0.1052363943,0.001703578045,0,0,-0.2275002099,0.0002121379312,0.04491509605,0.0145658255,-0.007587885893,0.00993593069,0,0.1842379544,0.002338735529,0,0,0.1180310604,9.035645466e-05,0,0,-0.3085129783,6.123295485e-05,0.01298920559,0.01636645198,0.002193303418,7.748291762e-05,0,0.000128385207,0.01166570333,0,0,0.06148844158,0.06436627886,0,0
1,1,1,1,3,1500,500,v1,0,0,0,0,0,0.3205258652,0,0,0,0,0.01154749804,0,0.0007453244939,0,0.01496567173,0.008240798299,0,0.06871445067,0,0,0,0.01038229995,0.002475556798,0,0,0,0.001635206708,0,0,0,0,0,0,0.001134409923,0,0,0,0.003847791342,0.07726135741,0,0,0,0.04254371432,0,0.3547432971,0.05359937073,0,0.01278024014,0,0.001232277364,0,0,0,0,0.01362486982,0,0,0,0,0,-0.1316692117,0,0,0,0,0.1438230791,0,0,0.002991955412,0,0.0909670033,0,0.0309331006,0,0.06308793011,-0.2176178223,0.008472993233,0,0.02516382477,0,0.07081487842,0,0,0,0,0,0,0,0,0,-0.1054223173,0,0,0.002719028313,0,0,0,0.0309331006,0,0,-0.01805168617,0.002991955412,0,0,-0.0001791149284,0.2646993839,0,-0.04479527909,-0.130586142,0,0,-0.2024840902,0,0,0,0,0,0,0,0,-0.03632228586,0,0.01370558187,0,0,0,0,0.06308793011,0,-0.0001791149284,0,0.0909670033,0,-0.01805168617,0
1,1,1,1,4,1500,500,v1,0.0005677636484,0.001452807182,0.0001714300217,0.0008589317927,0,0.001272706355,0.0001208415045,0,0.0002001113602,0.004152623597,0.0009024041188,0.001888486563,0,0,0.001448991739,0,0,0.02154516417,0,0,0.003387609475,0.0003930534789,0.01527645777,0.03196947424,0.00134185918,0,0.008548267412,0.006256307492,0.1450914307,0.0171206664,0,0.01206840591,0.01998506334,0.0023188029,0.4147213109,0.1886026038,8.383271474e-07,0,5.340534045e-06,3.908631018e-06,3.542484482e-05,1.069614431e-05,0,5.359188732e-05,7.940879145e-05,1.448673191e-06,0.000259097332,5.63042843e-05,0.0004272681417,0,0,0.001992102387,0.0180548938,0.04619929341,0,0.02731404581,0,0,0.003842761926,0,-0.7931246588,0.001377753542,0.001565104597,0.004322719821,0,0.002144654569,0.002074288187,0.001356000524,0,0,0.0106830832,0.00635344342,0,0,0.002913962398,-0.2147989687,0,0,0.001736156014,0,-0.03664908084,0.03507439664,0.00635344342,0.02600485414,0.1458686149,0.02540499617,0.001356000524,0.03928615955,0.01213901124,0.6153973738,0.09708785383,-0.007521337944,0,-0.01080755773,-0.1565605499,-0.4317940487,-0.2083515134,0,0.03928615955,0,0.03017792519,0,0.02600485414,0,0.02137703232,-0.5198056284,4.705177211e-06,0,6.70464277e-06,8.679194057e-05,0.0002697470848,0.0001344544856,0,0.01213901124,0,0.02459557047,0,0.1458686149,0,0.2322086725,-0.1610475323,0.002377003461,0,0,-0.04499188782,0.04965702794,0,0.002913962398,0.6153973738,0.02137703232,0.2322086725,0.0106830832,0.02540499617,0.03017792519,0.02459557047
1,1,1,1,4,1500,500,v1,0.1150783027,0,0,0.2984690054,0,0,0,0,0,0,0,0,0,0,0,0,0,0,0,0,0,0,0,0,0,0,0,0,0,0,0,0,0,0,0,0,0,0,0,0,0.1122923803,0,0,0.2912433906,0,0,0,0,0,0,0,0,0.05090050981,0,0,0.1320164113,0,0,0,0,0.1856924466,-0.0546847088,0,0,0,0,0,0,0,0,0,0,0,0,0,0,0,0,0,0,0,0,0,-0.0413077499,0,0,0,-0.1552038573,0,0,0,0,0,0,0,0,0,0,-0.1552038573,0,0,0,-0.0413077499,0,0,0.1281524374,0,0,0,0.002855300132,0,0,0,0,0,0,0,0,0,0,-0.05182940833,0,0,0,0.1828371465,0,0,0,0,0,0,0,0,0,0
1,1,1,1,3,1500,500,v1,0,0,0,0,0,0,0,0,0,0,0,0,0.1239873492,0,0,0.2939153356,0,0,0,0,0,0,0,0,0,0,0,0,0,0,0,0,0,0,0,0,0,0.09134419086,0,0,0,0,0.2165338535,0,0,0,0,0,0,0.08135798534,0,0,0,0,0.1928612855,0,0,0,0,0,0,0,0,0,0,0,0,0,-0.07585359137,0,0,0,-0.1992308868,0,0,0.5178862003,-0.3344965497,0,0,0,0,0,0,0,0,0,0,0,0,0,0,0,0,0,0,0,0,-0.1992308868,0,0,0,-0.07585359137,0,0,0,-0.07484947063,0,0.2582391225,0,0,0,0,0,0,0,0,0,0,0,0,-0.07625742703,0,0.259647079,0,0,0,0,0,0,0,0,0,0,0,0
1,1,1,1,3,1500,500,v1,0.001424559323,0,0.001131315228,7.544097077e-05,0.006730573127,0.1182958751,0,0.003364120623,0.001187362767,0.001627155973,0.1806503744,0.003873230647,3.259963547e-06,0.005878652504,1.338635908e-05,2.17159848e-05,0.001028826628,0.01808255314,0.0008236076526,0.0005142350898,0.0001814987236,0.0002376912501,0.02761398056,0.0005920569839,0.03339105031,0.02455744436,5.592008849e-05,0.008044720376,0,0.0007224023691,0.003440533199,0,0.000758191576,0.000992929867,0.001039021928,0.002473254956,0.07772285542,3.169835983e-05,0.0001301626907,0.01872533607,0.002117360152,0.001681503708,0.0002111560729,0.0001121299076,0.1758262839,0.002311198473,0.002418484903,0.2685054233,0.000598656849,2.441552116e-07,0.0004402821152,0.0001442310711,1.630887272e-05,0,1.626420292e-06,8.636756436e-07,7.70540466e-05,6.168415622e-05,0,3.851367519e-05,-0.368797831,0.0006496277135,0,0.0005657112688,-0.009911870441,0.2585204212,-0.003249606356,0.07455028761,4.169959878e-05,0.02747295684,0.000155884006,0.01697054817,0.0002758355588,0.004111520527,0.002994406565,-0.1949266922,1.712914022e-05,0.004897492797,0.0001611386924,0.001264533871,0.04559755263,0.000538158643,0.01697054817,0.001719631358,0,0.001206159043,0.07455028761,0.0001043081141,0,0.00168149247,-0.09068758165,0.02856613763,-0.02638238907,-0.0001943699933,0,-0.0001087478944,0.0003164006156,0.0002758355588,0.0001043081141,0.0085081426,0.065371023,4.169959878e-05,0.001719631358,0.004304511272,0.09684747935,0.3344819847,-0.09027148172,-0.0002304052102,-0.002066962415,-0.001879936842,-0.002382064383,-0.4122636424,0.004111520527,0,0.004304511272,0.000751942675,0.02747295684,0,0.0085081426,0.002840627972,-0.09328116203,0.0006914535589,1.585964664e-06,0.0004285780174,1.434947973e-05,0,0.0001055673237,0.002994406565,0.00168149247,0.09684747935,0.002840627972,0.000155884006,0.001206159043,0.065371023,0.000751942675
1,1,1,1,4,1500,500,v1,0,0,0,0,0,0,0,0,0,0,0,0,0,0,0,0,0,0,0,0,0,0,0,0,0.3404807654,0,0,0.485954947,0,0,0,0,0,0,0,0,0.05239643634,0,0,0.07478339463,0,0,0,0,0,0,0,0,0.01910979287,0,0,0.02727466373,0,0,0,0,0,0,0,0,0,0,0,0,0,0,0,0.4034670843,0,0,0,0.5758556105,0,0,0,0,0,0,0,0,0,0,0.5758556105,0,0,0,0.4034670843,0,0,0,0.1735467549,-0.8264285425,0,0,0,0,0,0,0,0,0,0,0,0,0,-0.7800525258,0.1271707379,0,0,0,0,0,0,0,0,0,0,0,0,0,-0.6992578042,0.04637601704,0,0,0,0,0,0,0,0,0,0,0,0,0
1,1,1,1,3,1500,500,v1,0,0,0,0,0,0,0,0,0,0,0,0,0,0,0.1636894341,0,0,0,0,0,0,0.550573306,0,0,0,0,0.05132798299,0,0,0,0,0,0,0.1726428919,0,0,0,0,0.01415516171,0,0,0,0,0,0,0.04761122319,0,0,0,0,0,0,0,0,0,0,0,0,0,0,0,0,0,0,0,0,0,0,0,0,0.1473238705,0,0,0,0.4955924613,0.2856267198,0,0,-0.7142376125,0,0,0,0,0,0,0,0,0,0,0,-0.652485101,0,0,0.2238742082,0,0,0,0,0,0,0,0,0,0,0,-0.4903634048,0,0,0.06175251155,0,0,0,0,0,0,0,0,0,0,0,0,0,0,0,0,0,0,0.4955924613,0,0,0,0.1473238705,0,0,0
1,1,1,1,4,1500,500,v1,0,0,0,0,0.262497647,0,0,0.05673575302,0,0,0,0,0,0,0,0,0.1648240437,0,0,0.03562476213,0,0,0,0,0,0,0,0,0,0,0,0,0,0,0,0,0,0,0,0,0,0,0,0,0,0,0,0,0,0,0,0,0,0,0,0,0.3949533187,0,0,0.08536447546,-0.2554004792,0,0,0,0.2966859792,0,0,0,0,0,0,0,0,0,0,-0.157539593,0,0,0,0.1988250928,0,0,0,0,0,0,0,0,0,0,0,0,0,0,0,0,0,0,0,-0.05137089935,0,0,0,-0.01055735124,0,0,0,0,0,0,0,0,0,0,-0.01055735124,0,0,0,-0.05137089935,0,0.4955110719,0,0,0,0,0,-0.4542255723,0,0,0,0,0,0,0,0
1,1,1,1,3,1500,500,v1,0,0,0.332635731,0,0,0,0,0,0,0.007875483092,0,0,0,0,0,0,0,0,0,0,0,0,0,0,0,0,0,0,0,0.5535921233,0,0,0,0,0.01310684632,0,0,0,0,0,0,0.09064373538,0,0,0,0,0.002146080949,0,0,0,0,0,0,0,0,0,0,0,0,0,-0.4654888661,0,0,0.3321742242,0,0,0,0,0,0,0,0,0,0,0,0,0,0,0,0,0,0,0,0,0,0.1953513813,0,0,0,0.004620581787,0.4249289291,0,0,0,0,-0.558243571,0,0,0,0,0,0,0,0,0,-0.2260693468,0,0,0,0,0.09275470491,0,0,0,0,0,0,0,0,0,0,0,0,0,0,0,0,0,0.004620581787,0,0,0,0.1953513813,0,0
1,1,1,1,4,1500,500,v1,0,0,0,0,0.08694794076,0,0,0.1414551279,0,0,0,0,0,0,0,0,0.2901975811,0,0,0.4721208528,0,0,0,0,0,0,0,0,0,0,0,0,0,0,0,0,0,0,0,0,0,0,0,0,0,0,0,0,0,0,0,0,0,0,0,0,0.003532116501,0,0,0.00574638096,-0.7529881852,0,0,0,0.2283550977,0,0,0,0,0,0,0,0,0,0,0.2376329265,0,0,0,-0.762266014,0,0,0,0,0,0,0,0,0,0,0,0,0,0,0,0,0,0,0,0.29957959,0,0,0,0.4873700407,0,0,0,0,0,0,0,0,0,0,0.4873700407,0,0,0,0.29957959,0,-0.533910916,0,0,0,0,0,0.00927782869,0,0,0,0,0,0,0,0
1,1,1,1,3,1500,500,v1,0.2910242603,0,0.0279717988,0.07235669505,0,0.1021151209,0,0,0,0.1038119335,0.09865899457,0,0,0,0,0,0,0.004634458347,0,0,0,0,0.004477603284,0,0,0,0,0,0,0.0293753098,0,0,0,0,0.1090207937,0,0,0,0,0,0.03881533028,0.003730735739,0,0.009650566636,0.01361959358,0,0.01384590577,0.01315863308,0,0,0,0,0.05104184875,0,0,0.01269041791,0,0,0,0,0.1256148002,-0.362106548,0,0.009069011044,0,-0.1999956844,0,0,0,0,0,0,0,0,0,-0.1739258788,0,0,0,0,0.00873615419,0,0,0.3019904402,0,0.007017742004,0,0.07509799135,0,0.009236871224,0.02663678298,0,0,0,0,-0.03747319179,0,0,0.07509799135,0,0.1261885065,0,0.3019904402,0,0.1215960807,-0.5187975501,0,0,0,0.04774155113,0.01756777193,0.02606980566,0,0,0,0,0,0,0,0,-0.3143649969,0,0,0,0.0629727093,0,0,0,0.009236871224,0.1215960807,0,0,0.007017742004,0.1261885065,0
1,1,1,1,4,1500,500,v1,9.1816986e-05,0,0,4.677502427e-05,0.0001242203391,0.0257752798,0,0.0008805596971,0,0,0.02507238308,0,0.0001538722338,0.0009681457561,0.001920605935,0.0003979172076,2.660615514e-06,0.0005520682827,0.0003319909695,1.886028333e-05,0,7.195209895e-07,0.000537013277,0,0.0001292370904,0.02425432997,0.04811569931,0.0002951714802,0,0,0.008317155212,0,0,1.802569437e-05,0,0,0.0010469529,0.03122833045,0.3897864828,0.002391191539,0.0003991176637,0,0.0807571954,0.0002033255416,0.1120421166,0.0001460266006,0,0.1089867071,0.0003678459022,0.0109720441,0.06903479382,0.0008401428654,0.0001402296103,0,0.02837396354,7.143823501e-05,0.000189718379,0.0236730141,0,0.001344855114,-0.2206236737,6.594402044e-05,0,0,-0.0001338958034,0.05064473997,0,0.0008279660809,0.02978792088,0.06565491544,0.5093698531,0.001879258425,0.07773688662,0.02257739539,0.0001918863936,-0.6448175549,0.0005388518896,0.001293072168,0.001919154183,1.556179307e-05,0.001087838802,0,0.001879258425,0.0002886625062,0,0,0.0008279660809,0.0001558961844,0,0,-0.4805858599,0.000414001768,0.0317932665,0.04804441087,0,0,0,0.07773688662,0.0001558961844,0.0001727793746,0.1284577921,0.02978792088,0.0002886625062,0.0009944753327,0.1250007213,0.1426928615,-0.003385692457,-0.1108883621,-0.3896713908,-0.0005070587699,0,-0.2207049211,0.02257739539,0,0.0009944753327,0,0.06565491544,0,0.0001727793746,0,-0.0807943108,0.001166874351,0.0386663051,-0.09190787926,0.000144742289,0,-0.0006598357951,0.0001918863936,0,0.1250007213,0,0.5093698531,0,0.1284577921,0
1,1,1,1,0,1500,500,v1,0,0.001920609729,5.116636939e-07,0,0.01377068909,0.007509808253,0.005036475442,0.1104785087,0.01412519149,0.0002547350556,0.002656584085,0.0008012306477,0,0.002656612079,0.0001064456651,0,0.03244475699,0.01769366095,0.0001557919534,0.2602954975,0.03327999074,0.0002195199664,0.006259107623,0.001887758375,0,0.003365173156,0.0001348364323,0,0.0057320141,1.527048137e-06,0.0001973441676,0.01503124128,0.04215629837,0.0002780694645,0.0007602507206,0.00239125383,0,0,1.210225531e-05,0,0,1.370603338e-07,0,0,0.002011666722,2.495814814e-05,6.823636728e-05,0.0007116242675,0,0,0.003539120724,0,0,0.006028304919,0,0,0.04322268679,0.0002075449913,0.01580821404,0.3467639091,-0.1496353641,0,0.006283026471,-7.412940265e-05,0.1238768286,0.00867108462,0.01365681957,0,0,0.003739401208,0.0002676061193,0,0,0.0001996401989,0.0005111012459,-0.1776575541,0,0.0005918912721,-0.0002369712629,0.2185387448,-0.02229912169,-0.006694186488,0,0,0.005957462981,2.099447635e-06,0,0,0.01188309354,0.001071898381,-0.001310252964,0,-0.001848291796,-0.0002701702357,-0.004731046133,-0.0006324744326,-0.01622903513,0,0,-0.002343436855,0.01231957388,0,0,-0.05151611419,0.004558425237,-0.01484178225,0,0,-1.199674467e-05,0,-9.39471866e-06,0.002376037665,0.0001996401989,0.01188309354,-0.05151611419,0.01293948061,0.003739401208,0.005957462981,-0.002343436855,0.0009601224692,0.3427111535,0,0,-0.001369627085,0,-0.01344568472,-0.3065092057,0.0005111012459,0.001071898381,0.004558425237,0.0009601224692,0.0002676061193,2.099447635e-06,0.01231957388,0.01293948061
1,1,1,1,0,1500,500,v1,0,0,0,0,0,0,0,0,0.04442218547,0,0,0.003183029313,0,0,0,0,0,0,0,0,0.2652968786,0,0,0.0190095947,0,0,0,0,0,0,0,0,0.6234178973,0,0,0.04467041458,0,0,0,0,0,0,0,0,0,0,0,0,0,0,0,0,0,0,0,0,0,0,0,0,-0.3837002805,0,0,0,0,0,0.04760068831,0,0,0,0,0,0,0,0,-0.6202524541,0,0,0,0,0,0.2841528616,0,0,0,0,0,0,0,0,0.3317535505,0,0,0,0,0,-0.6678531421,0,0,0,0,0,0,0,0,0,0,0,0,0,0,0,0,0,0,0.4704310363,0,0,0,0.03371835206,0,0,0,0,0,0,0,0,0,0,0.03371835206,0,0,0,0.4704310363
1,1,1,1,0,1500,500,v1,0,0.03682473751,0,0,0,0,0.0007618091697,0,0,0,0,0,0,0,0,0,0,0,0,0,0,0,0,0,0,0,0,0,0.7020881503,0,0,0.01452439928,0,0,0,0,0,0,0,0,0,0,0,0,0,0,0,0,0,0,0,0,0,0.240818978,0,0,0,0,0.004981925687,0,-0.4712977914,0,0.03758180323,0,0,0,0,0,0,0,0,0,0,0,0,0,0,0,0,0,0,0,0,0,0.6373492235,0,0,0,0.0132247591,0,0.2825869345,0,0,0,-0.7163029228,0,0,0,0,0,0,0,0,0,0,0,0,0,0,0,0,0,0,0.0132247591,0,0,0,0.6373492235,0,0,-0.6787211195,0,0,0,0,0.2450051314,0,0,0,0,0,0,0,0,0
1,1,1,1,0,1500,500,v1,0,0.001930193996,0.006684571122,0,0.001297896625,0.0006688090488,0.001417562664,0.001025137585,6.318924155e-05,0.0009440976449,0.00228248064,0.00203621886,0,0.09686139125,0.01398274107,0,0.02073648689,0.01068555832,0.07364940433,0.01637861729,0.001009574148,0.0009184241601,0.03646718002,0.03253265699,0,0.002894466004,0.0004178400511,0,0.000921539148,0.003191437747,0.002200832492,0.0006767918109,3.016865659e-05,2.744486193e-05,0.0004507437808,0.000972158963,0,0,0.02392125559,0,0,0.1827091439,0,0,0.01828053386,0.001571212609,0.02580498723,0.06238696186,0,0,0.1305654388,0,0,0.04156938206,0,0,0.02795198865,0.09927657104,0.03052916138,0.02207774764,-0.3573383218,0,0.003270907733,0.007568683756,0.002287017183,0.002931818458,0.002054561475,0,0,0.05769838745,0.02202213298,0,0,0.04022123411,0.00127150134,-0.3317134908,0,0.1379643172,0.002921378035,0.02435213541,0.04222556882,-0.03245925756,0,0,0.05758653471,0.2586243537,0,0,0.04229704443,0.03647930044,-0.3852379116,0,0.005075874973,0.0004339856334,0.001568815032,0.003620881816,0.0009795242902,0,0,0.01271163995,0.01101808685,0,0,0.008994407123,0.03698887564,0.05970231597,0,0,-0.01888445319,0,-0.207925335,-0.07716202895,0.04022123411,0.04229704443,0.008994407123,0.001335880653,0.05769838745,0.05758653471,0.01271163995,0.04280187703,0.174519068,0,0,-0.2083199397,0,-0.07142877561,-0.04110985068,0.00127150134,0.03647930044,0.03698887564,0.04280187703,0.02202213298,0.2586243537,0.01101808685,0.001335880653
1,1,1,1,3,1500,500,v1,0.0176725107,0.04375561913,0.01835205031,0.06412072627,0.07671695741,5.888144873e-05,0.1874090057,0.09118492272,0.0819499977,0.0287810876,0.001035427082,0.04786790187,0.0004552291661,0,0.0007013843495,0.0002558221026,0.005846474474,4.487259383e-06,0,0.006949054564,0.006245275958,9.003798547e-06,7.890821282e-05,0.003647934901,0.003053002537,0,0.0009757729297,0.001109032212,0.004639051731,0.001945718343,0,0.01986944967,0.008688490444,1.252617469e-05,0.003051424181,0.005075043559,0.02911216419,0.006039070513,0.00930456539,0.01057527056,0.01786656082,0.018553562,0.003393736235,0.06482479345,5.952798687e-05,0.0001194443993,0.02909711364,0.00104679642,0.004268936814,0.0008855545834,0,0.001550731904,0.00261990894,0.00648666959,0.0004976492114,0.00950574974,0.01137311195,0,0.02778295273,0.01351795442,0.1204507953,-0.01530606979,-0.2306751445,-0.00205684783,-0.1677162775,-0.0002082400899,-0.1296573691,0.03261617556,0.00703032167,0,0.01143307517,0.01187485062,0.003951312827,0,0.000146921451,-0.2757349606,0.0006906568617,0,0.0006773773538,0.01265769479,7.531870081e-05,0.009800263813,0.01187485062,0.001736689554,0.0489220644,0.00452036721,0.03261617556,0.008553829859,0.209429999,0.009401945217,-0.3729972982,0.004063369575,0,0.0009593782144,0.02431630772,0.004904203769,0.01366948678,0.003951312827,0.008553829859,0.08934255718,1.939480568e-05,0.00703032167,0.001736689554,0.1062299653,0.0003154890028,0.01293117258,-0.03945370534,-0.00936989485,-0.009356753362,-0.003598502455,-0.01212889755,-9.03344833e-05,0,0.209429999,0.1062299653,0.1005445246,0,0.0489220644,0.08934255718,0.05873690325,-0.4243915687,0.005729651661,0.001358148328,0,0.01204422592,0.03412412753,0.0246769012,0.000146921451,0.009401945217,0.0003154890028,0.05873690325,0.01143307517,0.00452036721,1.939480568e-05,0.1005445246
1,1,1,1,2,1500,500,v1,0.01370199523,0.007107729483,0,0.03845363349,0.05923294798,0,0.01578958783,0.5079576724,0,0,0,0,0,0,0,0,0.02435112033,0,0,0.2088253046,0,0,0,0,0,0,0,0,0.02212702288,0,0,0.04915445529,0,0,0,0,0,0,0,0,0.002436793873,0,0,0.006838681296,0,0,0,0,0,0,0,0,0.0009392132915,0.0004872045196,0,0.002635832452,0.004060165773,0,0.001082308854,0.03481833044,0.2155978893,-0.05209347346,0.02253641579,0,-0.5664984265,0,0,0,0,0,0,0,0,0,0,-0.5276344145,0,0,0,0.2329225095,0,0,0,0.01549114322,0.02159187221,0,0,0.04347374509,0.04806176744,0,0.02410558465,0,0,0,-0.07054134434,0,0,0,0.04347374509,0.04618351068,0,0,0.01549114322,0.3958843479,0,-0.04853950709,0,0,0,0.009229582715,0,0,0,0.04806176744,0.3958843479,0,0,0.02159187221,0.04618351068,0,-0.424444737,0,0,0,0.003553966509,0.001569168852,0.03886401187,0,0,0,0,0,0,0,0
1,1,1,1,1,1500,500,v1,0,0,0,0,0,0.3577669443,0,0,0,0,0.1233026734,0,0,0,0,0,0,0.3035272956,0,0,0,0,0.1046092368,0,0,0,0,0,0,0,0,0,0,0,0,0,0,0,0,0,0,0,0,0,0.0823963428,0,0,0.02839750711,0,0,0,0,0,0,0,0,0,0,0,0,0.3832190324,0,0,0,0,-0.3578922505,0,0,0,0,0,0,0,0,0,-0.2471875983,0,0,0,0,0.2725143805,0,0,0,0,0,0,0,0,0,0,0,0,0,0,0,0,0,0,0,-0.03354814132,0,0,0,-0.004442032241,-0.08537787004,0,0,0,0,0,0.1107046521,0,0,0,0,0,0,0,0,0,0,0,0,0,0,0,0,0,-0.004442032241,0,0,0,-0.03354814132,0
1,1,1,1,2,1500,500,v1,0,0.01315651581,0.0003873045841,0,0.001024104058,0.0008511991943,0.00313306338,0.003395406058,0.0004763752409,0.0004315054527,0.0009318915638,0.001582054811,0.006072052817,0.01776982398,0.03829668501,0.0006196918956,0.003390694841,0.002818226033,0.0002700368631,0.0112418125,0.001577225536,0.07016434152,0.00308538951,0.005238007839,0.00285161368,0.06559860217,0.1413750078,0.0004567287767,0.1608040452,0.004733787025,0.0009968607891,0.03829351726,0.00582244318,0.2590167877,0.005274027206,0.01933648824,0.0004561196436,0.003585379134,0.02261313258,7.305441419e-05,0,0.0007571759339,0.0003659109133,0,0.001664084473,0.04143010175,0.0008435881152,0.001821837112,0.0002945444474,0.002315299353,0.006775708844,4.717571883e-05,0,0.01660952147,0.0002362911339,0,0.001292886246,0.000102966195,0.003955354458,0.004286550529,-0.2163290879,0,0.01591791871,0.0006170445592,0.003671185187,0.001131450647,0.001996583668,0.003206981594,0.002103782568,0.06162002217,0.1205828452,0.0005411553038,0.0002249032865,0.0009362453106,0.2208322414,-0.4056149017,-0.003790940918,0.01774407501,0.108019722,-0.01293952302,-0.004162425467,0.006511261707,0.0005411553038,0,0.1961916912,0.005457355847,0.003206981594,0,0.04672239916,0.006071843036,0.243688827,-0.003187114539,-0.06621681196,-0.3994593953,-0.1980526478,-0.009706866826,-0.02485750384,0.0002249032865,0,0.001838673736,0.001535312361,0.002103782568,0,0.00546438125,0.001686206956,-0.3092571243,0.0004298730292,0.001215565441,0.06382961572,0,0.00140368967,0.0008832952796,0.0009362453106,0.04672239916,0.00546438125,0.005643872747,0.06162002217,0.1961916912,0.001838673736,0.01888061497,-0.2452084236,0.0002584835817,0.001022918245,0.006768558616,0,0.0201920021,0.004399634495,0.2208322414,0.006071843036,0.001686206956,0.01888061497,0.1205828452,0.005457355847,0.001535312361,0.005643872747
1,1,1,1,2,1500,500,v1,6.225165193e-05,3.933461259e-06,2.390193518e-05,0.001874489111,0.008888378805,0.03846522015,0.04141042393,0.005419755215,9.87087685e-07,3.028824147e-06,0.002094767505,7.139630878e-07,0,2.3029124e-07,0.00267867285,0,0.002399763085,0.01038518018,3.656076048e-07,0.001463273425,2.665026592e-07,0.0010937534,0.0005655638492,1.92762066e-07,0.01249104215,4.712963309e-06,0.0548196573,0.008534011205,2.17338833e-05,0.0001320673665,7.482243904e-06,0.2288084875,5.45403835e-06,0.02238391544,1.673541602e-05,3.944920113e-06,0.0003519242439,0,0.001544496144,0.00024043834,9.690894071e-06,3.720883137e-06,0,0.0002918071223,0.005987991682,0.0006306473406,4.715057843e-07,0.0003260984948,0.02010136358,0,7.584394309e-06,0.01373346274,0.0005535287454,3.497551966e-05,0,0.01666756742,0.07903361623,1.204089325e-05,0.3682128794,0.04819133647,-0.2610450498,0.001862523674,0.04124178166,4.550517135e-06,0.01424643848,-0.0398201588,2.445142537e-07,0.01082288952,0,3.015529051e-06,0.07568020406,0.007439945839,0,4.759635644e-06,0.03093728021,-0.2213158555,0,2.102990844e-07,0.003706672876,0.003844131284,0.01003281732,4.848128251e-08,0.007439945839,0.0007225426009,1.432634431e-05,0.0001494136564,0.01082288952,0.02176288734,0.1436236284,1.900841479e-05,-0.339409984,0.01918287668,5.047570217e-06,-0.07693824959,0.2181492617,-0.0001183066208,-6.36096876e-06,0,0.02176288734,0.1015346726,0.03367017335,0,0.0007225426009,0.06191871713,0.001840040208,-0.1311681251,0.0005741905888,0,0.002153254074,0.0002957506556,1.474722763e-06,0.00611386574,4.759635644e-06,0.1436236284,0.06191871713,5.26525861e-06,3.015529051e-06,1.432634431e-05,0.1015346726,3.836701231e-06,0.299402215,-0.03193229087,0,-1.044131243e-05,-0.01714856096,-0.3551496797,-0.1270594962,0.03093728021,1.900841479e-05,0.001840040208,3.836701231e-06,0.07568020406,0.0001494136564,0.03367017335,5.26525861e-06
1,1,1,1,4,1500,500,v1,0.0002634720308,7.240562919e-05,0.008430780734,0.0005289906232,0,0,0.0004705060623,0,0,0.001300335425,0,0,0.00364069491,0.01244647526,0.01232382418,0.0204121104,0,0,0.01967812263,0,0,1.122942199e-05,0,0,0.02648741152,0.01541257975,0.01526069983,0.05916928375,0.0002348341407,0.02734366335,0.02436759227,0.001525998573,0,1.390549198e-05,0.004217395188,0,0.1140110815,0.01940531914,0.06568738855,0.254685288,0.003678162982,0.1176966888,0.1087988767,0.00738489669,0,5.985410005e-05,0.01815314366,0,0.006113663877,0.001040579539,0.003557438294,0.01365709565,0.000197235671,5.420299383e-05,0.00583416764,0.0003960034021,0,0.005624380039,0.0003522217468,0,-0.1158976155,0.0007817461254,0.0003645121566,0.009713382413,0,0,0,0.1219092307,0.02207160558,0.0001855354367,0.05726066944,0.2725424252,0.1237497932,0.001199863727,5.584008663e-05,-0.1908573273,0.02378547405,0.01850852395,0.01221445758,0,0,0,0.2725424252,0.004817090972,0.0001592394179,0.122858336,0.1219092307,0.009664607879,0.001087886957,0.01896980164,-0.4989325984,0.08498109637,-0.02844802253,0.01501071886,-0.001577523807,0.03148044205,0,0.1237497932,0.009664607879,0,0,0.02207160558,0.004817090972,0,0,0.2051579041,-0.3676889366,-0.1278579698,-0.06543618279,-0.01102850101,-0.1357459163,0,0.001199863727,0.001087886957,0,0,0.0001855354367,0.0001592394179,0,0,-0.4081796018,0.019740069,0.006858230029,0.00901589908,0.0005922889924,0.0003815940658,0,5.584008663e-05,0.01896980164,0,0,0.05726066944,0.122858336,0,0
1,1,1,1,0,1500,500,v1,0.03150077187,0.01070559208,0,0.008334205477,0.021153039,0,0.008045266555,0.005785201058,0,0,0,0,0,0,0,0,0.1345630962,0,0,0.03680202011,0,0,0,0,0,0,0,0,0.01100522296,0,0,0.008270439563,0,0,0,0,0,0,0,0,0.06299392934,0,0,0.0166663964,0,0,0,0,0,0,0,0,0.2372665683,0.08063545566,0,0.06277396444,0.1593265395,0,0.06059765121,0.04357464026,-0.3861463745,0.03932488217,0.01843359007,0,0.02690476703,0,0,0,0,0,0,0,0,0,0,-0.09732366683,0,0,0,0.08019758138,0,0,0,0.2147654796,0.08825120048,0,0,0.05724029746,0.06627859689,0,-0.1218359506,0,0,0,0.01881608567,0,0,0,0.05724029746,0.01883906748,0,0,0.2147654796,0.006850060637,0,-0.2586459529,0,0,0,0.07730876807,0,0,0,0.06627859689,0.006850060637,0,0,0.08825120048,0.01883906748,0,0.2609856738,0,0,0,-0.2979708351,-0.1402695406,-0.1242284338,0,0,0,0,0,0,0,0
1,1,1,1,0,1500,500,v1,0.0006057368044,0,0.01474263554,0.02278232598,0.09742571196,0.005889089836,0,0.0154669622,9.320797505e-06,0.04719130614,0.0002837376858,2.769713359e-05,0.001542113122,0.01533282952,0.1475107185,0.0002519205722,0.1811182231,0.01094804919,0.02077430578,0.02875368991,1.732772846e-05,0.0661738828,0.0005274794964,5.149005863e-05,0.001530231663,0.002331604222,0.02243138578,0.00823266465,0,0.004167697755,0.003159068521,0,2.634960807e-06,0.01006280702,0.0133408372,7.829894538e-06,0.0005581640528,8.553688651e-05,0.008182024655,0.00300292928,6.246111437e-05,0.001520200585,1.397335973e-05,0.002349220748,0.0006072589797,0.003670488125,0.004866175455,2.925787556e-05,0.006578103064,0.001008073616,0.01002301367,0.03539027316,0.000736119866,0,0.0001646795417,0.0276861545,0.1183963093,0.01358008647,0,0.01879618022,-0.09276422922,-0.008152182273,0,-0.05519268132,0.09968599457,0.003610894298,1.133817985e-05,0.007211566385,0.001374599755,0.01010109155,0.1756426451,0.03637166268,0.0002239696156,0.01491441603,0.07875337884,0.2643804795,-0.001318205742,-0.03223930104,-0.212480852,-0.1783970088,-0.01095400623,-6.014328981e-05,0.03637166268,0.0008390617022,0,0.0171172225,0.007211566385,0.02983645416,0,0.05581510925,-0.3096058638,0.008201518526,0.00368028692,0.0317062032,0,0.002017657734,4.979154832e-06,0.0002239696156,0.02983645416,-0.02866730799,0.009697867873,0.001374599755,0.0008390617022,-0.005998380782,0.0004955343089,-0.2970805025,0.003300973626,7.26319886e-05,0.01117729947,0.001842571397,0.004553469123,0.0005475104746,0.01491441603,0,-0.005998380782,1.629595853e-05,0.01010109155,0,-0.02866730799,4.944297412e-05,-0.1033227211,-0.04055797818,0.0001798608401,0.01188200906,-0.01414073304,0,0.1018214734,0.07875337884,0.05581510925,0.0004955343089,4.944297412e-05,0.1756426451,0.0171172225,0.009697867873,1.629595853e-05
1,1,1,1,2,1500,500,v1,0.0001075203603,0.0004284088777,6.180106879e-05,3.29329315e-05,0,6.020965558e-05,0.0002473991339,0,3.476973291e-05,0.0001628891395,0.0001690593808,3.137821264e-05,0,0,0.2620858315,0,0,0.02281264987,0,0,0.01317379639,0.2780116858,0.06405438503,0.01188879378,0.0002368204064,0,0.01257791839,2.697384355e-05,0.007789925124,0.001123752853,0,0.004498554604,0.0006322315668,0.01334222562,0.00296187653,0.0005705622356,0.001489986668,0,0.07913562432,0.0001697094768,0.01230067072,0.007070238558,0,0.003767631963,0.006888175833,0.08394436358,0.01863503492,0.01934093011,0.001099482495,0,0,0.0001252310527,0.009076841032,0.03616616675,0,0.002780189567,0,0,0.02088537096,0,-0.1565092328,0.0001364196807,0.0006642264105,0.0002080175451,0,0.0002285736826,6.46105554e-05,0.0006367201626,0,0,0.2555941128,8.588355411e-05,0,0,0.2709087005,0.2158022318,0,0,-0.5391706751,0,-0.0867725372,-0.02486839784,8.588355411e-05,0.00799410134,0.04169539103,0.008449400736,0.0006367201626,0.002740766427,0.02406577305,0.02185439454,-0.4824529721,0.0002290859408,0,0.02589100113,0.01204214647,0.003960033261,0.001180107992,0,0.002740766427,0,0.02378126343,0,0.00799410134,0,0.06679446884,-0.5919377596,-0.001110016686,0,0.1622777977,-0.01024612426,-0.02437058099,0.026160142,0,0.02406577305,0,0.01862426561,0,0.04169539103,0,0.01681125379,0.001715737571,0.0003991949359,0,0,0.002953126067,-0.05654714894,0,0.2709087005,0.02185439454,0.06679446884,0.01681125379,0.2555941128,0.008449400736,0.02378126343,0.01862426561
1,1,1,1,1,1500,500,v1,0,0.001310620549,0,0,0,0,0.0004876424585,0,0,0,0,0,0,0.0003587906143,0,0,0,0,6.368094593e-05,0,0,0,0,0,0.1024346042,0.01031190888,0,0.07732330168,0.002062216919,0,0.001830237709,0.0007672888455,0,0,0,0,0.231542236,0,0,0.174780879,0,0,0,0,0,0,0,0,0.2086921566,0,0.02100866714,0.1575323759,0,0.004201397559,0,0,0,0.003728781475,0.001563213575,0,-0.005752632263,0,-0.0007963450887,0,0,0,0,-0.109097415,0,0.01554836766,0,-0.07317695701,0,0.002757517336,0,-0.01261980517,0,0.0004158818405,0,0,0,0,-0.07317695701,0,0.006891619397,0,-0.109097415,0,0.002931846644,0,-0.08310244659,0.1752124286,0.01199324362,0,-0.001339877918,0,0,0,0,0,0,0,0,0,0,0.2956267035,-0.1741104552,0,0,0,0,0,0.002757517336,0.002931846644,0,0,0.01554836766,0.006891619397,0,0,0.01137487571,0.1204142748,0,-0.0246130488,0,-0.004412754344,0,0,0,0,0,0,0,0,0
1,1,1,1,4,1500,500,v1,0.02688724391,0.0105143458,0.002555055674,0.03258691585,0.03699594054,0.0304844059,0.04411429899,0.006911797397,0.003273101573,0.01031770913,0.08016151833,0.01719225242,0,0.001363086151,0.004127908598,0,0.009285296341,0.007651021665,0.00389320867,0.001734733221,0.0008214879152,0.007485943201,0.02011905745,0.004314937156,0.01242837204,0.01449336799,0.04389106171,0.005660003295,0.02805885638,0.006818487958,0.04139555368,0.1177245645,0.008734683901,0.07959623793,0.02753410665,0.04587969149,0.001970235927,0,0.006957930321,0.0008972648874,0.01137464853,0.001080916302,0,0.01378589474,0.0128964279,0.01261817454,0.004364906842,0.0339123303,0.002636258416,0,0.003074277406,0.001200578103,0.01521975744,0.005951736563,0,0.01844610614,0.02094187277,0.008780665435,0.02497128126,0.003912482818,-0.07602126393,-0.05293704668,0.04646506487,0.009539676279,-0.03951205328,-0.101910909,0.0171511506,0.01223616386,0,0.01531637875,0.04973699183,0.005726247941,0,0.04429251954,0.08997294611,-0.2805490349,0,0.00491757775,0.01084215213,0.008886245445,0.0224507409,0.004780753999,0.005726247941,0.01101233105,0.01883004281,0.00569191165,0.01223616386,0.01550884694,0.07895975043,0.0221466776,0.1609005709,-0.01747583807,-0.05500529609,-0.1219515089,-0.140953944,-0.03218849966,-0.05222708675,0,0.01550884694,0.02294462377,0.01863241874,0,0.01101233105,0.004214224403,0.05245447143,-0.2632232923,0.002206542673,0,0.01796939811,0.01814267504,0.004089763873,0.03206890814,0.04429251954,0.07895975043,0.004214224403,0.007723625185,0.01531637875,0.01883004281,0.02294462377,0.03771914798,-0.2252660723,0.003294354176,0,0.01034845286,0.0171135863,0.02929568369,0.01251990906,0.08997294611,0.0221466776,0.05245447143,0.03771914798,0.04973699183,0.00569191165,0.01863241874,0.007723625185
1,1,1,1,3,1500,500,v1,0.000265537505,0.003024805521,0.0004872586624,3.416613488e-05,0.0004374364121,0.002689131362,8.979149289e-05,0.0006004073975,0,0.0004559166825,0.0002831068321,0,4.500203907e-06,1.595401767e-05,1.505421699e-05,1.207096979e-06,9.049933394e-07,5.563427973e-06,2.144144056e-05,1.242156987e-06,0,7.196345841e-05,5.85707523e-07,0,0.1009622301,0.05118415451,0.04829738719,0.01823907644,0.02007674829,0.003234115202,0.06878906802,0.000595979209,0,0.2308753099,0.003026086938,0,0.09280379463,0.01327102467,0.04439462951,0.0167652349,0.001620050627,0.002972776677,0.003559708433,0.0002084484007,0.01640645434,0.2122190132,0.002781558513,0.00172724151,0.01318465171,0.00188541685,0.006684135733,0.002381839922,0.0002301608825,0.002621821381,0.000505728414,2.961430159e-05,0.0003791583063,0.008983160355,7.782888992e-05,0.0005204172438,-0.03781030737,3.304028138e-06,0.002594568442,0.0006240746027,-0.000666935483,0.002397982505,0,0.01601313327,0.01732729872,0.06694701101,0.01626602482,0.002122807783,0.004628546517,0.08975709599,0.07602518962,-0.1968264023,5.132734951e-06,3.71824592e-05,8.667339095e-05,1.284500125e-06,5.242738693e-06,0,0.002122807783,0.002075642189,0.0220839722,-0.0001976568212,0.01601313327,0.0002471734294,0.0006722324379,0.0003194424828,0.1582557475,-0.0495788245,-0.1195145761,-0.1610646685,-0.02011699711,-0.001320183391,0,0.004628546517,0.0002471734294,0.000716807279,0.02041368348,0.01732729872,0.002075642189,0.0007389454751,0.002215727776,-0.1916208951,0.02206629103,-0.01634956528,0.09945051869,-0.001643111553,0.0006149183461,-0.01748949941,0.08975709599,0.0006722324379,0.0007389454751,0,0.06694701101,0.0220839722,0.000716807279,0,-0.1831622463,0.01542190605,0.001707202406,0.01500798895,9.126377818e-05,0.002351625564,-0.0003048508525,0.07602518962,0.0003194424828,0.002215727776,0,0.01626602482,-0.0001976568212,0.02041368348,0
1,1,1,1,3,1500,500,v1,0,0,0,0,0,0,0,0,0.03947030303,0,0,0.02804346679,0,0.07014769033,0.05842766244,0,0,0,0.00342186739,0,0.03916154708,0.07392068768,0,0.02782409712,0,0.09313741891,0.07757634851,0,0,0,0.004543327016,0,0.05199608709,0.09814695283,0,0.03694297813,0,0,0.04456829345,0,0,0,0,0,0,0.05638628627,0,0,0,0,0.1871553783,0,0,0,0,0,0,0.009129607589,0,0,0.008324848026,0,0,0,0,0,-0.01754402253,0,0,0.04149654475,-0.0274896255,0,0,0.002079644785,-0.03572429638,-0.1929325307,0,0.0712811585,0.08278140587,0,0,0.04274261357,0,0,0,0,0,0,0,0,0.06238517364,0,0.08507437133,-0.109169132,0,0,-0.03441776551,0,0,0,0,0,0,0,0,-0.02638772615,0,0,0.06853034078,0,0,0,0.002079644785,0,0,0.007572932369,0.04149654475,0,0,0.006255829312,0.1563555297,0,0,-0.1854063226,0,0,0,-0.03572429638,0,0,0.006255829312,-0.0274896255,0,0,0.007572932369
1,1,1,1,1,1500,500,v1,0.2427471329,0,0,0.02174824274,0,0,0,0,0,0,0,0,0,0,0,0,0,0,0,0,0,0,0,0,0,0,0,0,0,0,0,0,0,0,0,0,0,0,0,0,0.3108677004,0,0,0.0278513123,0,0,0,0,0,0,0,0,0.364159749,0,0,0.03262586266,0,0,0,0,-0.0294714832,0.2395356315,0,0,0,0,0,0,0,0,0,0,0,0,0,0,0,0,0,0,0,0,0,-0.2938140236,0,0,0,-0.021282199,0,0,0,0,0,0,0,0,0,0,-0.021282199,0,0,0,-0.2938140236,0,0,0.07950358793,0,0,0,0.1305605603,0,0,0,0,0,0,0,0,0,0,0.3700961916,0,0,0,-0.1600320437,0,0,0,0,0,0,0,0,0,0
1,1,1,1,0,1500,500,v1,0.0001202140141,0.001240213636,0.0006262775461,4.263294894e-05,0,0,0.0009570286719,0,0,0.0004974714045,0,0,0.1075403802,0.0003409915415,0.002330714904,0.02495542569,0,0,4.088367602e-05,0,0,0.0001382717274,0,0,0.007719686334,0.0001560446175,0.001066582221,0.002090806635,0.004170159389,0.002105828475,1.870919601e-05,0.003217963411,0,6.327593559e-05,0.001672723947,0,0.02221087017,0.1415932901,0.003068741166,0.006015611608,0.001162993188,0.006058832035,0.03285761892,0.0004124463321,0,0.0001820557895,0.004812715545,0,0.06097946573,0.3887413288,0.001232630057,0.01651573212,0.003192972752,0.03294098757,0.09020988515,0.001132362522,0,0.0001477879706,0.02541938637,0,-0.06071283302,0.0001624093775,0.002190865192,0.001116281611,0,0,0,0.04679070011,0.2085925555,0.001212327533,0.0007470562011,0.01265734943,0.04850950506,0.0001469311071,6.836372921e-05,-0.305927976,0.1322338975,0.0003230102646,0.0005199113711,0,0,0,0.01265734943,0.002855044233,0.04125791733,0.004991279399,0.04679070011,0.001013076815,0.03181411865,0.00393347896,-0.1168262804,0.008824905487,0.0001128833776,0.001045831815,0.007368309805,0.003728002571,0,0.04850950506,0.001013076815,0,0,0.2085925555,0.002855044233,0,0,-0.4109329539,0.0279406176,0.174251155,-0.002109356472,0.001539064863,-0.01079412309,0,0.0001469311071,0.03181411865,0,0,0.001212327533,0.04125791733,0,0,0.3549471104,-0.07639755609,-0.4778864258,-0.001342066069,-0.004280221603,-0.05827386569,0,6.836372921e-05,0.00393347896,0,0,0.0007470562011,0.004991279399,0,0
1,1,1,1,4,1500,500,v1,0.1265970393,0,0,0.2319227659,0,0,0,0,0,0,0,0,0,0,0,0,0,0,0,0,0,0,0,0,0,0,0,0,0,0,0,0,0,0,0,0,0,0,0,0,0.0794763376,0,0,0.1455987607,0,0,0,0,0,0,0,0,0.1470369325,0,0,0.2693681641,0,0,0,0,0.02054475476,0.1467876947,0,0,0,0,0,0,0,0,0,0,0,0,0,0,0,0,0,0,0,0,0,-0.08838394238,0,0,0,-0.1626147322,0,0,0,0,0,0,0,0,0,0,-0.1626147322,0,0,0,-0.08838394238,0,0,-0.05335056011,0,0,0,0.2206830099,0,0,0,0,0,0,0,0,0,0,0.3674707043,0,0,0,-0.200138255,0,0,0,0,0,0,0,0,0,0
1,1,1,1,1,1500,500,v1,0.277478515,0,0,0.01807660919,0,0,0,0,0,0,0,0,0.0003050541466,0,0,0.02624738344,0,0,0,0,0,0,0,0,0.01878158752,0,0,0.01255456804,0,0,0,0,0,0,0,0,0.07221897353,0.0001720427965,0,0.04827483386,0.1517827601,0,0.01480285811,0.009888036328,0,0,0,0,0.08492482703,0.0002023111659,0,0.05676807236,0.1784866776,0,0.01740720067,0.01162768915,0,0,0,0,0.3237278279,-0.2663553453,0,0,0,0,0,0.01543999333,1.502338264e-05,0,0,0.009065219789,-0.00023582643,0,0,0.01771300262,-0.01756580059,0,0,0,0,0,0.009065219789,-0.08313012928,0,0,0.01543999333,-0.002928595894,0,0,-0.04664695384,0.03031014508,0,0,0,0,0,-0.00023582643,-0.002928595894,0,0,1.502338264e-05,-0.08313012928,0,0,-0.1570578868,0.03449484417,0.01016721404,0,0.1535787069,0,0,0,0,0,0,0,0,0,0,-0.05537023556,-0.08114179805,0.007545788589,0,0.1701491214,0,0,0,0,0,0,0,0,0,0
1,1,1,1,4,1500,500,v1,0,0,0.006997876428,0,0,0,0,0,0,0.002509141498,0,0,0,0,0.03420121512,0,0,0,0,0,0,0.1606708354,0,0,0.06699074051,0,0.01967929383,0.08629099546,0,0.005530501192,0,0,0,0.09244959771,0.001983003014,0,0.1275564608,0,0.03747116471,0.164305901,0,0.01053057711,0,0,0,0.1760324397,0.003775818035,0,0.001321810286,0,0,0.001702628222,0,0,0,0,0,0,0,0,-0.003991695037,0,0,-0.001701468799,0,0,0,0.09231340643,0,0,-0.009989142819,0.1149754941,0,0,-0.07389696862,0.06334060639,0,0,-0.00741653205,0,0,0,0.1149754941,0,0,0.005924477295,0.09231340643,0,0,0.002615268475,-0.3534644442,0.147585041,0,0.1112088347,0,0.00670887924,0,0,0,0,0,0,0,0,0,0.2593900524,-0.2887829397,0,-0.04786822823,0,-0.01070057428,0,0,0,0,0,0,0,0,0,-0.1411978986,0.00300529867,0,0,0,0,0,-0.07389696862,0.002615268475,0,0,-0.009989142819,0.005924477295,0,0
1,1,1,1,3,1500,500,v1,0.07959448152,0.008876108809,0.01204326528,0.7451777728,0,0,0.0004824967405,0,0,0.03749469515,0,0,0.000896652442,0.0006657512259,2.013772054e-05,0.0001322012729,0,0,0.0005120839754,0,0,0.0001840845362,0,0,0.00442303036,0.02450108945,0.0007411118044,0.01342657871,0.00242244273,0.003286814196,0.01884580125,0.0001316816576,0,0.006774710301,0.01023294708,0,0.000327144729,0.002440717773,5.481554516e-05,0.0009930825916,0.001606696568,0.0002431057108,0.0003598562623,0.01504218066,0,0.0005010842308,0.0007568690301,0,9.217443704e-05,0.0006876827493,0.0005105943082,0.0002798052993,0.0004526936813,5.048287639e-05,0.0001013910525,0.004238199216,0,0.0003927400402,2.744200621e-06,0,0.03750423757,-0.8246850653,-0.009267884732,-0.04829334598,0,0,0,0.005940248348,0.001296239727,0.03493571595,0.000754713432,0.01807717388,0.0001471128829,0.02686839959,0.007882520564,-0.04952441384,0.0002440909893,0.001171632571,0.0001855555251,0,0,0,0.01807717388,0.1162924827,0.009624942146,0.01247068809,0.005940248348,1.088744833,0.0005281980168,0.03945193376,-0.05217528719,-0.01767320588,-0.04327140803,-0.00636324452,0.002446923074,0.01267986682,0,0.0001471128829,1.088744833,0,0,0.001296239727,0.1162924827,0,0,-0.8782541084,0.001298159922,-0.00180520779,0.0004195329793,0.01663790486,0.0009983981148,0,0.02686839959,0.0005281980168,0,0,0.03493571595,0.009624942146,0,0,-0.8749040658,0.0003634311467,0.0005988817244,0.0008970318083,0.004688943349,5.220155507e-05,0,0.007882520564,0.03945193376,0,0,0.000754713432,0.01247068809,0,0
1,1,1,1,0,1500,500,v1,0.09360678912,0.0005917254679,0.001732506926,0.01355825032,0.01249104736,0,0.002047439465,0.1186329598,0.004699563335,0.004781323493,0,0.002649456863,0.004072941517,8.887088845e-05,0.002798296459,0.003493229177,0.007674613985,0,6.606519556e-06,0.07288917783,0.002887454786,0.004313309988,0,0.00162785058,0.0007277916891,3.515429449e-05,0.001106910705,0.0005949617165,0.0001438125583,0.0004210673138,2.613313967e-06,0.0004976083054,0.0011421787,0.001706198421,0.001162049634,0.0006439222074,0.004833931792,0.01070090393,0.007352008724,0.003951686176,0.1511044745,0.002796694034,0.00917781649,0.02188636433,0,0.01133242783,0.007718236899,0,0.004700713549,0.0104059979,0.0002270570973,0.003842781724,0.1469401889,0.0009288669426,0.008924885203,0.02128319839,0.01960794592,1.687906107e-05,0.003213988478,0.1862252694,-0.1807667362,0.1007604787,0.001144509158,0.001236141825,0.1071284119,0,-0.005421149577,0.007459212128,0.009678441321,0.0002189214498,0.007912613447,0.004924733712,0.008122520135,1.774218231e-05,0.01169489634,-0.1080125566,0.004584643996,4.136102743e-05,0.001088621622,0.0619924442,0,-0.0009162667261,0.004924733712,-0.06996388245,0.0005971384188,0.002833901373,0.007459212128,-0.003558040937,0.002042237851,0.007738667325,-0.03878772464,-4.795228634e-05,1.089244569e-05,0.001878986844,0.0003556908792,-4.068558142e-05,-0.0001065032393,0.008122520135,-0.003558040937,0.001407062947,0,0.009678441321,-0.06996388245,0.01311455246,0,0.09663363301,-0.004977961954,-0.00633324165,-0.01603928166,-0.05226802062,-0.008243835375,0,1.774218231e-05,0.002042237851,0.01311455246,0.005990497232,0.0002189214498,0.0005971384188,0.001407062947,0.00367538208,0.2123912579,-0.003230049658,-0.01011870999,-0.000210029228,0.0005221575116,-0.003259784215,-0.1788019331,0.01169489634,0.007738667325,0,0.00367538208,0.007912613447,0.002833901373,0,0.005990497232
1,1,1,1,2,1500,500,v1,0.004248703753,0.0004702260628,0.0004967183561,0.001329102244,0.001834821079,6.201506018e-05,0.0001337015187,0.0002359036611,0,0.0006027058108,0.001217216241,0,0.01609001553,0,0,0.002087779262,0.06896514385,0.002330950737,0,0.008866875419,0,0,0.04575132374,0,0.00404714483,0,0,0.003900460662,0.0009912492327,0.001047095702,0,0.0002818464102,0,0,0.001270520117,0,0.0542979624,0.01210685919,0,0.05232999443,0.1201620708,0.01404821558,0.001570940034,0.03758974202,0.001753913307,0,0.01704575854,0.03442537599,0.07497702242,0.01671768539,0,0.07225956541,0.1659250896,0.01836378956,0.002169223318,0.05190557445,0.07165546708,0,0.005221459945,0.009212771325,-0.1763518482,0.005541894667,0.0005884182405,0.001037161802,0.002010957838,0.001213369682,0,0.03503417969,0.001063428942,0,0,0.02777999464,0.0002700967665,0,0,-0.009335309326,-0.00981072934,0,0,0.006721346901,-0.02830268153,0,0.02777999464,0.09132412328,0.02528283344,0.01873622391,0.03503417969,0.02396089032,0.007154429066,0.02272403506,-0.1023513679,0.007757214362,0,0,0.001243129625,0.00220989352,0,0.0002700967665,0.02396089032,0.01819160559,0.001855181559,0.001063428942,0.09132412328,0.005910607726,0.0338001395,-0.339751525,0.0759472033,0.01257542434,0,0.1077648315,-0.03088722801,0.003319097809,0,0.007154429066,0.005910607726,0,0,0.02528283344,0.01819160559,0,0.2103396913,-0.1255805339,-0.003653712141,0,-0.1901634019,-0.02345638952,-0.0248004469,0,0.02272403506,0.0338001395,0,0,0.01873622391,0.001855181559,0
1,1,1,1,0,1500,500,v1,0,0,0.2040982172,0,0,0,0,0,0,0.09190865516,0,0,0,0,0,0,0,0,0,0,0,0,0,0,0,0,0,0,0,0.2377350695,0,0,0,0,0.1070558617,0,0,0,0,0,0,0.2476717089,0,0,0,0,0.1115304876,0,0,0,0,0,0,0,0,0,0,0,0,0,0.03701626473,0,0,0.2367023938,0,0,0,0,0,0,0,0,0,0,0,0,0,0,0,0,0,0,0,0,0,-0.2815769963,0,0,0,-0.1290009918,0.2086900908,0,0,0,0,0.06502856785,0,0,0,0,0,0,0,0,0,0.3017309617,0,0,0,0,-0.02801230305,0,0,0,0,0,0,0,0,0,0,0,0,0,0,0,0,0,-0.1290009918,0,0,0,-0.2815769963,0,0
1,1,1,1,0,1500,500,v1,8.689013896e-05,0.0003389352018,3.369804491e-05,0.0004770253068,0,0.00213167071,3.717362043e-05,0,0.007332947886,5.123798077e-06,0.004258864293,0.002155239977,0,0,0.01798535591,0,0,0.01584468857,0,0,0.05450573349,0.0162652761,0.03165609871,0.01601987872,0.04978052791,0,0.1197985057,0.04172594535,0.01678079884,0.001668401836,0,0.00184047878,0.3630567811,0.1083412406,0.0002536810115,0.1067066753,0.0001989040299,0,0.0004786692019,0.0001667209857,1.718899679e-05,6.666298301e-06,0,9.436728453e-05,0.0004216966554,0.000432890334,1.013612704e-06,0.0008425076255,0.006581660807,0,0,0.005516735774,0.0005687775483,0.002218649152,0,0.003122578554,0,0,0.0002433362513,0,-0.464774656,0.0005144178899,0.0003742435152,3.858748758e-05,0,0.006271560459,0.009463093668,0.06444629079,0,0,0.1521153857,0.05404202532,0,0,0.1375581897,-0.6775729545,0,0,0.03395213251,0,-0.04700320862,0.06996295488,0.05404202532,0.0006702197964,0.02132157141,0.002407562731,0.06444629079,0.003731013736,0.002353217797,0.0003675221495,0.1294842973,-0.09137901609,0,-0.22797433,-0.01854991402,-0.001896166533,-0.4674915082,0,0.003731013736,0,0.0197703337,0,0.0006702197964,0,0.03944951722,-0.3189981436,0.000364612892,0,0.0009064812693,9.574065774e-05,7.522431008e-06,0.001251747799,0,0.002353217797,0,0.4496456471,0,0.02132157141,0,0.1324525432,-0.1085799153,0.01202219251,0,0,-0.003544314234,0.002392477775,0,0.1375581897,0.0003675221495,0.03944951722,0.1324525432,0.1521153857,0.002407562731,0.0197703337,0.4496456471
1,1,1,1,4,1500,500,v1,0,0.01431189581,0,0,0,0,0.1045213242,0,0,0,0,0,0,0,0,0,0,0,0,0,0,0,0,0,0,0,0,0,0.02080796881,0,0,0.1519628485,0,0,0,0,0,0,0,0,0,0,0,0,0,0,0,0,0,0,0,0,0,0.08531696111,0,0,0,0,0.6230790016,0,-0.5352456139,0,0.118817391,0,0,0,0,0,0,0,0,0,0,0,0,0,0,0,0,0,0,0,0,0,0.07528371307,0,0,0,0.5493586136,0,-0.5891461043,0,0,0,0.1727178813,0,0,0,0,0,0,0,0,0,0,0,0,0,0,0,0,0,0,0.5493586136,0,0,0,0.07528371307,0,0,0.2915352724,0,0,0,0,-0.7079634957,0,0,0,0,0,0,0,0,0
1,1,1,1,0,1500,500,v1,6.105848333e-06,0.006859741338,0,5.503710073e-06,0.001573378415,0.000466786087,0.002677109804,0.0006883968054,1.342662214e-05,0,0.01565175377,0.0008455470798,0.000224349535,0.004474319324,0.005404098404,0.0007657227072,0.01883643506,0.005588347808,0.0127348752,0.008241464099,0.0001607430823,0.001906646488,0.1873822856,0.01012286206,0.0008031125512,0.001173536382,0.001417401314,0.01235337011,0.02153985857,0,0.003340136966,0.008406230455,4.216012349e-05,0.0005000803161,0,0.002655051206,0.004652347706,0.0003408713562,0.008210858793,0.07156179168,0.0001110649108,0,0.001163420899,0.0001001120622,0.008490802962,0.0028969134,0,0.2847041952,0.004100737132,0.0003004555799,0.005992141713,0.06307699143,9.789638104e-05,0.1099837099,0.001025478658,8.824216867e-05,0.02522631491,0.0170549242,0.04292267792,0.01103721421,-0.2741588732,1.097731152e-05,0.008809286138,0,0.002177107284,0.01602986286,0.0007999648797,0.0026213549,0.0001382529192,0.004287661535,0.005394006657,0.05362156338,0.0002510582313,0.01709679844,0.001890041463,-0.3128159611,0.0006150194331,-0.002721068021,0.003368302707,-0.001658889102,0.1719002932,-0.01002063699,0.05362156338,0.0001370285112,0.123411157,0,0.0026213549,0.0001161246417,0.04789161283,0,-0.2264091591,0.01245068253,0.004064629828,0.001362273361,0.0285014374,0,0.002369938522,0.0002510582313,0.0001161246417,0.03248195511,0.003868390318,0.0001382529192,0.0001370285112,0.01270127865,0.1386138658,0.2014895396,-0.04581005819,-0.0008073839544,-0.009586608137,-0.0001349539663,0,-0.2829183265,0.01709679844,0.04789161283,0.01270127865,0.0001742264382,0.004287661535,0.123411157,0.03248195511,0.01010187394,0.00549678657,-0.004135903151,-6.717624543e-05,-0.01559986846,-4.479211408e-05,-0.1515125699,-0.03064037401,0.001890041463,0,0.1386138658,0.01010187394,0.005394006657,0,0.003868390318,0.0001742264382
1,1,1,1,4,1500,500,v1,0,0.06445144887,0.04344069599,0,0,0,0.009788831094,0,0.04370877098,0.1479097753,0,0.2553994897,0,0,0,0,0,0,0,0,0.03038835,0,0,0.1775654842,0,0,0,0,0.01179771728,0.007951738227,0,0.00179182724,0.008000808852,0,0.02707460799,0.04675039934,0,0,0,0,0,0.004896367561,0,0,0,0,0.01667147842,0,0,0,0,0,0,0.08890881407,0,0,0,0,0.01350339486,0,0.2305160848,0,0.02350753207,-0.1902549174,0,0,-0.2779185289,0,0,0,0,0,0,0,0,-0.2235176421,0,0,0,0,0,0.1752838227,0,0,0.0378570209,0.04602069452,0,0,0.00850595354,0.1564903458,-0.316182255,0,0,0,0.01355907775,0.03407246168,0.05440088694,0,0,0,0,0,0,0,0,-0.1561824556,0,0,0,0,0.02117509555,0,0,0.00850595354,0,0.01364458398,0,0.0378570209,0,0.05870614501,0.03706660983,0,0,0,0,-0.06797525933,0,0,0.1564903458,0,0.05870614501,0,0.04602069452,0,0.01364458398
1,1,1,1,1,1500,500,v1,0,0,0.2174772193,0,0,0,0,0,0,0.5662698798,0,0,0,0,0,0,0,0,0,0,0,0,0,0,0,0,0,0,0,0.04539637336,0,0,0,0,0.1182036398,0,0,0,0,0,0,0.01461032982,0,0,0,0,0.03804255791,0,0,0,0,0,0,0,0,0,0,0,0,0,0.2151484807,0,0,-0.7835608332,0,0,0,0,0,0,0,0,0,0,0,0,0,0,0,0,0,0,0,0,0,0.2366317869,0,0,0,0.6159867434,-0.7311314034,0,0,0,0,0.1627190506,0,0,0,0,0,0,0,0,0,-0.6208417831,0,0,0,0,0.05242943019,0,0,0,0,0,0,0,0,0,0,0,0,0,0,0,0,0,0.6159867434,0,0,0,0.2366317869,0,0
1,1,1,1,4,1500,500,v1,0.1147669317,0.0009646568887,0,0.01192697701,0.02453183307,0.09728544854,0.001296384956,0.0006232793875,0.08851028899,0,0.2258634697,0.04589604248,7.951553954e-05,4.804111311e-06,0.001262446578,5.989398523e-06,5.836670797e-05,0.0002314638025,0.0001375015814,1.482920819e-06,0.0002105857388,0.002483438182,0.0005373796218,0.000109196932,0.003423380535,0.0003736910809,0.09820026966,0.01434768972,0.0001785285752,0,0.01069565446,0.0002399213252,0.01638055558,0.1931759359,0,0.008493957973,0.0003141901469,0.0005676610099,0.00901259934,0.001316798614,0.001949346417,0,4.275828391e-05,0.0002025828309,0.001652418844,0.01772925185,0,0.003836350236,5.770334138e-05,0.0001042551377,6.298810135e-06,0.0002418397924,0.0003580118691,3.009217121e-06,7.852874691e-06,3.720583335e-05,7.652628924e-05,0.0001802823245,4.044032496e-06,1.944300638e-06,0.03438602213,-0.1262560465,-0.002156313293,0,-0.02512229619,-0.32303256,-0.1342558875,0.004473346885,0.000366875652,0.0005044883524,0.1318703205,0.0191116936,3.683692503e-05,0.01484599176,0.2594210761,-0.7273252143,3.724719381e-05,0.0001197473977,0.003743739102,5.88687814e-05,0.000767713984,0.0003192667161,0.0191116936,0.168119538,0.001146177565,0,0.004473346885,0.01746156944,0.001555982153,0,-0.1034277992,-0.01761601261,-0.0105371034,-0.2913230477,0.000347955709,0,0.02479440748,3.683692503e-05,0.01746156944,0.03654949324,0.1430451301,0.000366875652,0.168119538,0.0009285339647,0.3321358768,-0.7528793885,0.001594381446,-0.0004133584119,0.02671837556,0.002140971462,0,0.005477507558,0.01484599176,0.001555982153,0.0009285339647,0.1078105663,0.0005044883524,0.001146177565,0.03654949324,0.05590275345,-0.1778019567,0.0002982710434,0.0001069695,0.0001837025569,0.0003943365521,6.917771639e-06,7.807608352e-05,0.2594210761,0,0.3321358768,0.05590275345,0.1318703205,0,0.1430451301,0.1078105663
1,1,1,1,4,1500,500,v1,0,0,0,0,0,0,0,0,0,0,0,0,0.1343764241,0,0,0.0115372328,0,0,0,0,0,0,0,0,0,0,0,0,0,0,0,0,0,0,0,0,0,0.09460975707,0,0,0,0,0.008122963535,0,0,0,0,0,0,0.6919449157,0,0,0,0,0.0594087068,0,0,0,0,0,0,0,0,0,0,0,0,0,0.6941102473,0,0,0,0.05961141602,0,0,-0.6482445192,0.1457634112,0,0,0,0,0,0,0,0,0,0,0,0,0,0,0,0,0,0,0,0,0.05961141602,0,0,0,0.6941102473,0,0,0,-0.6051987839,0,0.1027176758,0,0,0,0,0,0,0,0,0,0,0,0,0.2484810872,0,-0.7509621949,0,0,0,0,0,0,0,0,0,0,0,0
1,1,1,1,2,1500,500,v1,0,0,0,0,0,0,0,0,0,0,0,0,0,0.1937047175,0,0,0,0,0.2469969057,0,0,0,0,0,0,0.03321804675,0,0,0,0,0.04235702085,0,0,0,0,0,0,0,0,0,0,0,0,0,0,0,0,0,0,0,0.212614345,0,0,0,0,0,0,0.2711089642,0,0,0,0,0,0,0,0,0,0,0,-0.002537493355,0,0,0,-0.001886610017,0,-0.1956099319,0,0.1985593333,0,0,0,0,0,0,0,0,0,0,0,0,-0.07261471189,0,0.07556411321,0,0,0,0,0,0,0,0,0,0,0,0,0,0,0,0,0,0,0,-0.001886610017,0,0,0,-0.002537493355,0,0,0,0.2741234461,0,0,-0.2711740453,0,0,0,0,0,0,0,0,0,0,0
1,1,1,1,2,1500,500,v1,0.03378729018,0,0.005946876747,0.01936166474,0,0.06229664788,0,0,0,0.03284683672,0.001620802141,0,0,0,0,0,0,0.04529546559,0,0,0,0,0.001178474125,0,0,0,0,0,0,0.01172517414,0,0,0,0,0.06476254629,0,0,0,0,0,0.1511357297,0.02660129154,0,0.08660769515,0.2786624581,0,0.1469289371,0.0072500965,0,0,0,0,0.01525194839,0,0,0.008740064971,0,0,0,0,-0.5498707627,0.05268270819,0,0.0387508211,0,0.06386039684,0,0,0,0,0,0,0,0,0,-0.221912863,0,0,0,0,0.04637178431,0,0,0.1536471658,0,0.0134001339,0,0.08800425106,0,0.07350208453,-0.1341994021,0,0,0,0,0.07626459004,0,0,0.08800425106,0,0.2566295961,0,0.1536471658,0,0.006682021652,0.3017423155,0,0,0,-0.2375956687,-0.1729502232,-0.2857732599,0,0,0,0,0,0,0,0,-0.1849129604,0,0,0,0.02381201463,0,0,0,0.07350208453,0.006682021652,0,0,0.0134001339,0.2566295961,0
1,1,1,1,1,1500,500,v1,6.616023833e-05,0,0,1.337683363e-05,1.520273889e-06,4.195413893e-07,0,8.513880926e-08,0,0,8.216492256e-06,0,0.1271829719,0.1542870241,0.0006977731199,0.4771745054,0.004468197627,0.001233063235,0.06839419101,0.00025022927,0,0.01149668527,0.02414887966,0,0.02983642908,0.06506775325,0.0002942731539,0.001683534181,0,0,0.0288440092,0,0,0.00484851843,0,0,1.368006487e-08,2.459272709e-08,1.349248539e-10,7.719039283e-10,3.759978134e-08,0,9.226881716e-08,7.602240138e-09,2.384311922e-10,2.223055798e-09,0,4.669546543e-09,1.240767222e-07,2.23053399e-07,2.70588465e-07,7.001085901e-09,3.41025987e-07,0,8.368682828e-07,6.895150328e-08,7.836321583e-09,1.199496799e-07,0,4.388519025e-10,-0.02984877437,-7.837012484e-05,0,0,1.546975019e-06,8.172779632e-06,0,0.04466276148,0.1902067353,0.1338403601,0.0006007586441,0.002505748098,0.7139153574,0.05927823599,0.009975572102,0.09858673864,-0.6027492102,-0.222381542,-0.01199090889,-0.004682033436,-0.02516719776,0,0.002505748098,9.728430188e-05,0,0,0.04466276148,1.960371387e-05,0,0,-0.2343719152,-0.03144581852,0.09363542123,0.004940019457,0,0,0,0.7139153574,1.960371387e-05,0.006648844458,0.001826421276,0.1902067353,9.728430188e-05,0.000371872985,0.03591210883,-0.6664817317,1.436416839e-08,1.163495562e-07,2.325012989e-09,4.399607829e-08,0,3.958624496e-09,0.05927823599,0,0.000371872985,0,0.1338403601,0,0.006648844458,0,-0.7676998315,1.304037245e-07,1.058513911e-06,3.903351699e-07,4.007847942e-07,0,8.17689565e-09,0.009975572102,0,0.03591210883,0,0.0006007586441,0,0.001826421276,0
1,1,1,1,2,1500,500,v1,0,0,0.06088481444,0,0,0,0,0,0,0.5123284054,0,0,0,0,0,0,0,0,0,0,0,0,0,0,0,0,0,0,0,0.02194934461,0,0,0,0,0.1846974952,0,0,0,0,0,0,0.02338253717,0,0,0,0,0.1967574032,0,0,0,0,0,0,0,0,0,0,0,0,0,0.4261865315,0,0,-0.5724142821,0,0,0,0,0,0,0,0,0,0,0,0,0,0,0,0,0,0,0,0,0,0.02334479797,0,0,0,0.1959968265,-0.3526282072,0,0,0,0,0.2064004569,0,0,0,0,0,0,0,0,0,-0.366013825,0,0,0,0,0.2197860747,0,0,0,0,0,0,0,0,0,0,0,0,0,0,0,0,0,0.1959968265,0,0,0,0.02334479797,0,0
1,1,1,1,0,1500,500,v1,0.0003182527332,0,0,0.005025757758,0.006966568848,0.003045767806,0,0.01052005138,0,0,0.001122152074,0,0.001023507739,7.771324504e-05,0.002026025229,0.006015194455,0.001964824266,0.0008590166298,0.0002496484318,0.002967034804,0,0.001880431528,0.0003164874523,0,0.1479538802,0.003583941385,0.09343523954,0.5589266206,0,0,0.01151316415,0,0,0.08672082051,0,0,0.002334879688,0.0007448951266,0.001474513832,0.008820494681,6.532522643e-05,0,0.004377777385,0.001031597624,0.0006251807158,0.001368552701,0,0.0002303352986,0.00356955016,0.001138791233,8.64665295e-05,0.01348471974,9.98688171e-05,0,0.006692719993,0.001577100304,0.00218613359,0.0002777677536,0,0.003301228796,0.01459115614,-0.005083817869,0,0,-0.01724383317,-0.003943601139,0,0.2130688839,-0.0006396940691,0.00512129952,0.1348766106,0.8049194098,-0.005510940782,0.01646110525,0.125188123,-0.2046209782,0.001727888694,0.0003256385669,0.00390406809,0.004800317152,0.001061834697,0,0.8049194098,0.0002265551837,0,0,0.2130688839,0.003588246787,0,0,0.03563207593,-0.7068626868,-0.01507012189,-0.1801228931,0,0,0,-0.005510940782,0.003588246787,0.004224468661,0.002260478778,-0.0006396940691,0.0002265551837,0.006368263907,0.0008521307374,-0.8724805284,0.01115222168,0.004058434969,0.002842335152,0.001067630153,0,0.000806693428,0.01646110525,0,0.006368263907,0,0.00512129952,0,0.004224468661,0,-0.7211283306,0.01705159926,-0.001685900423,0.000356213473,0.001472986402,0,0.00538169432,0.125188123,0,0.0008521307374,0,0.1348766106,0,0.002260478778,0
1,1,1,1,0,1500,500,v1,2.61352503e-06,0.03491208602,4.013478288e-05,2.602666835e-05,0.3325297576,0.0310931183,0.02478029529,0.02891839196,2.804422808e-05,0.0005588299323,0.002886016196,1.968487044e-05,0,0.01642103063,0.006790400137,0,0.2276010967,0.02128178806,0.009842419602,0.0197932894,1.919496503e-05,0.002055604249,0.001975343368,1.347337493e-05,0.00939334368,0.01717351113,0.00710156475,0.01135981776,0.02499069408,2.872919368e-05,0.01029344055,0.0177381775,2.007455883e-05,0.002149800656,0.0004000204363,1.409078148e-05,0.004720094616,0,0.003568490485,0.005708235157,9.400688775e-07,1.443623453e-05,0,9.361632514e-06,0.0111840034,0.001080260965,0.0002010076893,0.001038082274,0.002960716885,0,0.005412971792,0.003580535898,5.896656795e-07,0.007876893731,0,5.872158445e-06,0.07502563901,0.003244421185,0.005590950724,0.006524591518,0.3359739506,-2.426383089e-05,-0.04369830596,-0.0004286225444,-0.3331401472,-0.02228676187,-3.252359888e-05,0.009164903408,0,0.01396315972,0.01025398712,0.01205397088,0,0.008508639314,0.002914298767,-0.2812137338,0,-0.009564738305,-0.005127334191,0.2178017941,0.02031336137,1.199018398e-05,0.01205397088,2.641017303e-06,0.0231513272,4.958284663e-05,0.009164903408,2.778436581e-05,0.02053555345,0.0006602130502,-0.03499984936,-0.01770418928,-0.01349382506,-0.004054508777,0.002730263783,-2.181858652e-06,-1.848761947e-05,0,2.778436581e-05,0.04464840971,-0.0003111520626,0,2.641017303e-06,0.006304800959,0.0003273190722,-0.02456244839,-0.001189644996,0,0.0004029857097,-1.543248545e-07,-4.239286138e-05,0.001962622499,0.008508639314,0.02053555345,0.006304800959,3.810455661e-05,0.01396315972,0.0231513272,0.04464840971,2.042699492e-05,-0.1982832109,0.004747918083,0,0.008077363995,4.134566987e-06,0.01184345507,0.08136954596,0.002914298767,0.0006602130502,0.0003273190722,2.042699492e-05,0.01025398712,4.958284663e-05,-0.0003111520626,3.810455661e-05
1,1,1,1,4,1500,500,v1,0.0005497877521,0.004884586114,0.01305319846,0.007093712404,0.007439832982,0.006739112098,0.004020008289,0.02295015077,0,0.01034259617,0.001014604925,0,0.002968050431,0.003659015828,0.01168971578,0.003064369624,0.004824035357,0.004369683448,0.0009358490495,0.01488102475,0,0.01118086899,0.0006578763315,0,0.03782500836,0.03539647119,0.1130836015,0.17723269,0.03063872907,0.08187662205,0.009053186835,0.02521563586,0,0.1081611356,0.06487427889,0,0.007109755763,0.005396878051,0.02125569359,0.0333134398,0.0006482069537,0.01538989179,0.005572017575,0.008363579746,0.007945501344,0.02033044514,0.01219405621,0.001196232482,0.002570465563,0.001951190679,0.00240543001,0.01204416194,0.0002343531491,0.002082109201,0.002014510733,0.003023773873,0.003171311622,0.0006152253761,0.00171357328,0.009782757224,-0.1576109702,-0.002421544293,0.007738165182,0.02286418174,-0.01959461652,-0.001291833939,0,0.04220284854,0.004238446005,0.04442721674,0.1204847343,0.1977439379,0.003569142565,0.01126383719,0.115289368,-0.2396207204,-0.0001073864168,0.004080267325,0.02240180157,0.00519497872,0.002630484695,0,0.1977439379,0.0004556874888,0.03626778574,0.08072469292,0.04220284854,0.005457853623,0.02981259306,0.06389819672,0.1856749361,-0.2147049143,-0.04412168511,-0.2207692163,-0.05539807389,-0.1454245216,0,0.003569142565,0.005457853623,0.001869787683,0.002401589955,0.004238446005,0.0004556874888,0.003795026577,0.0007917130375,-0.5172444969,0.04018074087,-0.007750443256,0.04118467986,-0.003886848993,0.02614508009,-0.003467519424,0.01126383719,0.02981259306,0.003795026577,0,0.04442721674,0.03626778574,0.001869787683,0,-0.2907913607,0.01455964843,0.00265277063,0.002914048471,0.002366032538,0.003606322859,0.01062309492,0.115289368,0.06389819672,0.0007917130375,0,0.1204847343,0.08072469292,0.002401589955,0
1,1,1,1,2,1500,500,v1,0,0.03626184193,0.003255887341,0,0.001485504585,0.001844440281,0.0293039307,0.000723198051,0.001013814263,0.002675438636,0.0020792299,0.007259966223,0.02002279206,0.1418548171,0.0001639691176,0.04577465316,0.004462811631,0.005541140445,0.3178128887,0.002172660189,0.003045740909,0.106574304,0.006246504704,0.02181067768,0.003762287562,0.01917434306,2.216350615e-05,0.0007209424502,0.01472518722,0.001322148797,0.04295838155,0.01189972276,0.0004116890935,0.01440551902,0.001086440531,0.002948122769,0.00307823741,0.002214374988,1.813379032e-05,0.0005898624133,0,0.001081758856,0.005062343292,0,0.0006128097806,0.01178634191,0.000888906505,0.000690817931,0.003620668714,0.002604580861,0.01845258846,0.0006938049609,0,0.01417090635,0.005954403622,0,0.0005805261188,0.04134135564,0.01145179714,0.0002826213812,0.01523948892,0,-0.06184306252,-0.005069499858,0.00193306739,0.003644333444,0.007979858727,-0.0004851063498,0.022807772,0.1562058627,0.0001849704745,-0.0001363205962,0.05211880891,0.3496938788,0.1202984963,0.1823947082,-0.06573055143,-0.4590259932,-0.1063667091,-0.006295189423,-0.01155810002,-0.02429353353,-0.0001363205962,0,0.01096343597,0.001448213723,-0.0004851063498,0,0.008690499773,0.001068305636,-0.552299682,0.0007212141737,0.06204387869,0.01438821727,0.02489065291,0.001987228662,0.003345347739,0.05211880891,0,0.003796613139,0.00470744643,0.022807772,0,0.001793491682,0.005253222625,-0.1583594143,-0.001394154551,0.007242270553,0.01165618072,0,0.001404591622,0.001273320534,0.3496938788,0.008690499773,0.001793491682,0.002407714239,0.1562058627,0.01096343597,0.003796613139,0.01704477642,-0.4974578771,0.001087225006,0.008537226883,0.05971562129,0,0.02384978575,0.0006353854917,0.1202984963,0.001068305636,0.005253222625,0.01704477642,0.0001849704745,0.001448213723,0.00470744643,0.002407714239
1,1,1,1,0,1500,500,v1,0,0,0,0,0.04843846813,0,0,0.7628843659,0,0,0,0,0,0,0,0,0.001525959321,0,0,0.02403318176,0,0,0,0,0,0,0,0,0,0,0,0,0,0,0,0,0,0,0,0,0,0,0,0,0,0,0,0,0,0,0,0,0,0,0,0,0.009738647699,0,0,0.1533793772,0.1886078285,0,0,0,-0.8112150238,0,0,0,0,0,0,0,0,0,0,-0.6481652416,0,0,0,0.025558046,0,0,0,0,0,0,0,0,0,0,0,0,0,0,0,0,0,0,0,0.05575931883,0,0,0,0.8781514766,0,0,0,0,0,0,0,0,0,0,0.8781514766,0,0,0,0.05575931883,0,-0.7856569786,0,0,0,0,0,0.1630497826,0,0,0,0,0,0,0,0
1,1,1,1,2,1500,500,v1,0.006786777802,0.00413569734,0,0.03150253968,0.001953484436,0,0.01205510093,0.03661155274,0,0,0,0,0,0,0,0,0.0005576267182,0,0,0.01045085368,0,0,0,0,0,0,0,0,0.07432934521,0,0,0.2166618311,0,0,0,0,0,0,0,0,0.06009349788,0,0,0.2789391161,0,0,0,0,0,0,0,0,0.01939657663,0.01181980208,0,0.09003409904,0.005583048636,0,0.03445341748,0.1046356325,-0.5716796404,0.03812148017,0.01613021087,0,0.03804572502,0,0,0,0,0,0,0,0,0,0,-0.07136536248,0,0,0,0.01089241804,0,0,0,0.05087447354,0.08727309201,0,0,0.2357760273,0.2544403265,0,0.06203432982,0,0,0,-0.2898432761,0,0,0,0.2357760273,0.004601144978,0,0,0.05087447354,0.08610827156,0,0.1456878504,0,0,0,-0.3367881846,0,0,0,0.2544403265,0.08610827156,0,0,0.08727309201,0.004601144978,0,-0.5234416272,0,0,0,0.1075663701,0.04590411892,-0.1094110876,0,0,0,0,0,0,0,0
1,1,1,1,2,1500,500,v1,0,0,0,0,0.0266653318,0,0,0.2966441647,0,0,0,0,0,0,0,0,0.02563018358,0,0,0.2851284377,0,0,0,0,0,0,0,0,0,0,0,0,0,0,0,0,0,0,0,0,0,0,0,0,0,0,0,0,0,0,0,0,0,0,0,0,0.03018066331,0,0,0.3357512189,0.1714813462,0,0,0,0.1473114407,0,0,0,0,0,0,0,0,0,0,0.1350117997,0,0,0,0.1837809869,0,0,0,0,0,0,0,0,0,0,0,0,0,0,0,0,0,0,0,-0.03264655183,0,0,0,-0.4455426299,0,0,0,0,0,0,0,0,0,0,-0.4455426299,0,0,0,-0.03264655183,0,0.3310924275,0,0,0,0,0,-0.01229964098,0,0,0,0,0,0,0,0
1,1,1,1,0,1500,500,v1,0,0.0008355414116,0,0,0,0,0.003779603603,0,0,0,0,0,0,3.391585475e-05,0,0,0,0,0.001134054755,0,0,0,0,0,0.08875825266,4.563454363e-05,0,0.01259225017,0.001538889627,0,0.00152589612,0.006961226216,0,0,0,0,0.1817805916,0,0,0.02578945188,0,0,0,0,0,0,0,0,0.5378801623,0,0.0002765479829,0.07630976683,0,0.009325760453,0,0,0,0.009247019047,0.04218543488,0,-0.04285516728,0,0.0045862089,0,0,0,0,0.4013485972,0,0.0002961806579,0,0.05693863151,0,0.009927686447,0,-0.007963830169,0,0.001147918764,0,0,0,0,0.05693863151,0,0.01040708522,0,0.4013485972,0,0.04699635238,0,-0.4617855417,0.1011549832,0.001531127234,0,0.008489747817,0,0,0,0,0,0,0,0,0,0,-0.5125025969,0.2069777774,0,0,0,0,0,0.009927686447,0.04699635238,0,0,0.0002961806579,0.01040708522,0,0,0.3238877637,-0.6136575806,0,-0.009494957402,0,-0.0513449151,0,0,0,0,0,0,0,0,0
1,1,1,1,2,1500,500,v1,0.04893465728,0.05187337469,0,5.749278749e-05,0.005675820462,0.001015924327,0.002884646356,0.003390854789,0.00122464694,0,0.001531401373,0.003140675333,0.007376445718,0.005425192472,0,0.0001049589562,0.001966056485,0.0003519076449,0.04430508578,0.001174563588,0.0004242074032,0,0.0005304645593,0.001087903528,0,0.01380287967,0,0,0.04571580753,0,0.1127218566,0.002542227846,0.001079276684,0,0,0.002767865208,0,0.006500925627,0,0,0.0149386702,0,9.250123896e-05,1.755127835e-05,0.0003101392615,0,0,0.0004675030197,0,0.04723279979,0.03473855019,0,0.1085376543,0.1150557646,0.000672072371,0.0001275196893,0.01258903758,0.2836939803,0.006398180073,0.007520956424,-0.1755947644,0.04498437377,0.05040242,0,0.007907150772,-0.001863653696,-0.002306176677,0,0.05009848766,0.02394978642,0,0,0.0007490218273,0.1916735991,0,-0.2501294096,0.007267302617,0.04944434938,0,0.002560958707,5.606838786e-05,0.0008788223499,0,0.06824918359,0.02586025739,0,0,8.743621929e-05,0.002097130911,0,-0.3340493862,0,0.1230363476,0,0.04719850161,0,-0.0006967970487,0.0007490218273,8.743621929e-05,0.008123788772,0.0009922698847,0.05009848766,0.06824918359,0.004772545265,0.001337137068,-0.1015314189,0,0.00645410832,0,0.01381363955,0,0.0002546473396,0.1916735991,0.002097130911,0.004772545265,0.0009787953969,0.02394978642,0.02586025739,0.008123788772,0.002207431665,0.3530691518,0,-0.0476197506,-0.3162296209,-0.1043557599,-0.1162391804,-0.01906566551,0,0,0.001337137068,0.002207431665,0,0,0.0009922698847,0.0009787953969
1,1,1,1,2,1500,500,v1,0.003511614397,0.001296764987,0.0008859318353,0.006765421791,9.138689607e-05,0.002164281598,4.276076704e-05,0.0001991300024,0.003163706135,0.01008005013,0.003997920326,0.001230509263,0.0128246851,0.0008179268526,0,0.03860286535,0.0003786448054,0.008967302969,0.01837420073,0.0008250585615,0.01310823483,0,0.01656464798,0.005098388941,0.002223927183,0.00128469111,0,0.0261961487,0.008439050869,0.005765442387,0.02885975959,0.0002782773222,0.02058867818,0,0.06559866792,0.008007873719,0.004178256377,0.03784473636,0,0.04921664081,0.04293521787,0.01083196276,0.1139143184,0.08271832432,0.0264618752,0,0.123245066,0.04888110163,0.001472219023,0.01333468695,0.0008504535156,0.01734160577,0.01512833077,0.005586572854,0.04013799332,0.02914600725,0.0003937024501,0.0191048913,0.0001842169882,0.0008578688326,-0.240426908,0.009964473106,0.0002052363325,0.01071942911,3.650080572e-05,0.005797217123,0.002589006873,0.001924997419,0.01966610522,0.0008161860608,0,0.01964193078,0.05613123838,0.01309347433,0,-0.1983262532,0.04620007461,0.006495689751,0,-0.0008417333509,0.02042724868,0.0007794067531,0.01964193078,0.03706509674,0.01003931228,0.007213320158,0.001924997419,0.07085864073,0.0002786892944,0.0930261624,-0.1331810314,0.02044238096,-0.02351992232,0,-0.006845312821,0.04911625084,-0.02109351707,0.05613123838,0.07085864073,0.0005504061458,0.02430891677,0.01966610522,0.03706509674,0.001098110491,0.04564625846,0.2702083421,-0.0499243735,-0.1478323453,0,-0.1232501499,-0.1266620017,-0.07286124928,0.01309347433,0.0002786892944,0.001098110491,0.01814371599,0.0008161860608,0.01003931228,0.0005504061458,0.008443939187,-0.2688694816,0.01510404044,0.05110070819,0.007751125631,0.04133651869,-0.0002385912338,-0.0002937785467,0,0.0930261624,0.04564625846,0.008443939187,0,0.007213320158,0.02430891677,0.01814371599
1,1,1,1,2,1500,500,v1,0.002980270423,0.00353845319,0.0001719903688,0.0008811534522,0,0,0.002680730412,0,0,0.0003532812386,0,0,0.004083025385,0.1617931498,0.131112948,0.004839461254,0,0,0.08554400206,0,0,0.06746502902,0,0,0.01196870224,0.09481545439,0.07683597087,0.0004209067422,0.007977999979,0.0003877793729,0.05013125362,0.006044128896,0,0.03953645374,0.0007965281898,0,0.007390115236,0.001477424269,0.04744262724,0.0002598902759,0.004148970976,0.000239435671,0.001751137167,0.001226694085,0,0.02441191562,0.0004918189953,0,0.0101283011,0.002024839583,0.08023588958,0.0003561848341,0.005686247911,0.006751240392,0.002399968598,0.001681208839,0,0.04242268052,0.005114736431,0,-0.01566024821,-0.001802391626,-0.00128552714,-0.0001570842235,0,0,0,0.01012477881,0.002542063842,-0.004962334192,0.01347127893,0.0005209332813,0.003247399495,-0.004801919385,0.01107395932,0.4067774688,-0.008026212411,-0.2290274167,-0.1834374718,0,0,0,0.0005209332813,0.011499441,0.007441369877,0.0003359103262,0.01012477881,0.003146082765,0.00520457078,0.000730502069,-0.246807299,-0.006736877651,0.1327885569,0.1016667361,-0.006224484022,-0.0007793318412,0,0.003247399495,0.003146082765,0,0,0.002542063842,0.011499441,0,0,-0.1025847696,0.0003392962559,0.00218509789,0.06540724343,-0.003367242385,0.0002254744674,0,-0.004801919385,0.00520457078,0,0,-0.004962334192,0.007441369877,0,0,-0.1211572008,-0.0006995600015,0.001981472294,0.1027483623,-0.004594048499,-0.0009206159411,0,0.01107395932,0.000730502069,0,0,0.01347127893,0.0003359103262,0,0
1,1,1,1,4,1500,500,v1,0,0.3958927801,0,0,0,0,0.1091976917,0,0,0,0,0,0,0,0,0,0,0,0,0,0,0,0,0,0,0,0,0,0.2807403068,0,0,0.0774355962,0,0,0,0,0,0,0,0,0,0,0,0,0,0,0,0,0,0,0,0,0,0.107172592,0,0,0,0,0.0295610333,0,0.4532088901,0,-0.4677756263,0,0,0,0,0,0,0,0,0,0,0,0,0,0,0,0,0,0,0,0,0,0.01588048748,0,0,0,0.005969617481,0,-0.3315331267,0,0,0,0.3169663905,0,0,0,0,0,0,0,0,0,0,0,0,0,0,0,0,0,0,0.005969617481,0,0,0,0.01588048748,0,0,-0.1508092359,0,0,0,0,0.1362425,0,0,0,0,0,0,0,0,0
1,1,1,1,1,1500,500,v1,0.01662090377,0.01962496114,0.001225113188,0.02488737534,0.3070234661,0.0711724578,0.006389938375,0.01378879234,0.02356218684,0.006778991825,0.02892316283,0.006437973331,8.484603624e-05,0.0002282294272,0,0.001544254662,0.0110959353,0.002572197485,0.0005845899837,0.0004983317715,0.0008515456624,0,0.001045293207,0.0002326706049,0.01478952831,0.002171598095,0,0.006622160193,0.00674852658,0.0004212853649,0.005562361131,0.002197337802,0.008102438676,0,0.002331123419,0.002213855805,0.0002422810932,1.322527074e-05,0,0.0001084837986,9.363107162e-05,6.901469516e-06,0.0002407087816,0.0001401988517,0.000400938095,0,3.818831262e-05,0.0001629337831,0.03338453393,0.001822344014,0.004901967715,0.01494826117,0.01290166577,0.01523350914,0.03316788107,0.01931835976,0.2383212248,0.01255596731,0.004960070185,0.01070329223,0.2468421426,-0.02357903333,-0.01821296199,-0.007152404223,-0.2784852294,-0.09984954284,-0.02713234207,0.02802276574,0.00257539842,0.003837164926,0,0.01264160124,0.04689632155,0.01041102164,0,-0.2506937103,0.001593530908,0.0007963681175,0,0.01155878674,0.003584592819,0.001041902226,0.01264160124,0.009547430087,-0.00157591231,0.001395516163,0.02802276574,0.01075981516,-0.0001951149544,0.006964432972,-0.1001324617,0.01976494331,0.003055984189,0,0.008683844594,0.001536265997,0.004850846871,0.04689632155,0.01075981516,0.1017876014,0.1021137327,0.00257539842,0.009547430087,0.007253935867,0.04144323177,-0.1763402516,0.0003483260696,0.0002494384438,0,0.0002325120601,4.283879532e-05,0.0005603087632,0.01041102164,-0.0001951149544,0.007253935867,0.02550857336,0.003837164926,-0.00157591231,0.1017876014,0.006350816105,-0.2739934972,-0.04722284733,-0.03482411606,-0.01335114336,0.009808357763,0.01070980227,0.1942320845,0,0.006964432972,0.04144323177,0.006350816105,0,0.001395516163,0.1021137327,0.02550857336
1,1,1,1,3,1500,500,v1,0.002476020734,0.0009111082841,0.01402418423,0.02421635606,0.004219663184,0,0.002494210553,0.01066487606,0.004457229808,0.014081896,0,0.01571849572,0,0.005528429883,0,0,0.01581735966,0,0.0003249829215,0.03997716713,0.01670787546,0,0,0.0589206032,0.005300413502,0.0004148522996,0,0.001165442486,0.0002562818761,0.003944804704,2.438665501e-05,0.0007015861572,0.001253755714,0,0.003961038209,0.004421390566,0.01474596905,0,0,0.003242309081,0.001937607214,0.01097460944,0,0.01895048194,0,0,0.01101977173,0,0.186223487,0,0.01457532356,0.04094638344,0.02446960051,0.009004147432,0,0.2393213233,0.04170137632,0.0008567950274,0.02464936378,0.1053970401,-0.4176165003,0.02650294057,0.00333420792,-0.02000760612,0.01486923332,0,0.01999842648,0.2492482501,0,0.01310819865,0,0.05479762415,0,0.0008162507367,0,-0.1206939899,0,0.005350153944,0,0.05534640652,0,-0.07532460536,0.05479762415,0.0301042609,0.01175734377,0.002138446816,0.2492482501,0.2943680243,0.03219748476,-0.0002452130931,-0.3134298539,0.006447342178,0.0004304338913,0,0.0009527561265,0.007727554693,0.005659096009,0,0.2943680243,0.03254464261,0,0,0.0301042609,0.08201333594,0,-0.4700102922,0.01790883599,0,0,0.02080929764,0.01101789561,0,0.0008162507367,0.03219748476,0.08201333594,0.01646088614,0.01310819865,0.01175734377,0.03254464261,0.05803973812,0.1519516085,-0.2270534277,0,-0.01506355408,-0.2636270956,-0.03359018313,-0.1465876256,0,-0.0002452130931,0,0.05803973812,0,0.002138446816,0,0.01646088614
1,1,1,1,2,1500,500,v1,0.000898035951,0.004753873175,0.002261573661,0.003716802627,0,0,0.1302983077,0,0,0.002336438429,0,0,0.07861356101,0.05595411636,0.002206495976,0.09750052001,0,0,0.01420413467,0,0,0.006621832857,0,0,0.002383891378,0.0259915489,0.001024951367,0.01991974277,0.01374769023,0.00654022793,0.00659803934,0.3768087002,0,0.003075943358,0.006756728792,0,0.0002332221373,0.003572571233,0.0001002735908,0.001948798937,0.0002540733874,0.0006398470799,0.004430883788,0.00105156217,0,0.0003009273371,0.000661027908,0,0.0005494194042,0.008416182016,0.005990315434,0.004590936192,0.0005985403046,0.003168452994,0.0104381752,0.002477246232,0,0.001520661083,0.08684372682,0,-0.3094643697,-0.003177308327,0.1340296256,0.004299849172,0,0,0,0.002302842352,0.09986426744,0.03576060931,0.001801707051,0.01952872395,0.1238651116,0.008991153083,0.005607215187,0.06574927028,-0.1759256991,-0.06884228433,-0.004907995915,0,0,0,0.01952872395,0.0005148990363,0.008731288098,0.005513784085,0.002302842352,0.001536459773,0.2394995489,0.005672325309,0.1702771868,-0.02136669921,0.03153529176,-0.0004008702965,-0.3893164898,-0.01300121593,0,0.1238651116,0.001536459773,0,0,0.09986426744,0.0005148990363,0,0,-0.1896905096,0.002047192456,0.007992395107,0.000369584718,0.0005658208847,0.00124396049,0,0.008991153083,0.2394995489,0,0,0.03576060931,0.008731288098,0,0,-0.4824581539,0.004765129208,0.01878038506,0.007472484335,0.0012439149,0.08979963952,0,0.005607215187,0.005672325309,0,0,0.001801707051,0.005513784085,0,0
1,1,1,1,1,1500,500,v1,8.234740986e-05,0.002662017605,0.0002827264316,0.0001807271387,0,0.001829371522,0.0008960622823,0,0.000237346882,0.000657173701,0.0007873961946,0.0002461433794,0,0,0.001381830736,0,0,0.000951399688,0,0,0.0001234367906,0.0002773555537,0.0004095004678,0.0001280115775,0.03381829581,0,0.03390043122,0.01321841104,0.03396427808,0.003607263575,0,0.01143272249,0.003028272799,0.006804359336,0.008384779383,0.003140505972,0.1922260937,0,0.1926929584,0.07513458198,0.005972030681,0.02050399553,0,0.0131067634,0.1326703884,0.03867656202,0.04765980511,0.05710385111,0.02182554594,0,0,0.00853085676,0.0006780704299,0.02191975953,0,0.00148815523,0,0,0.007378414671,0,-0.2838720677,0.0002618107884,0.003519675685,0.0009335156908,0,0.002612223042,0.0004521543559,0.2047607461,0,0,0.2359988605,0.08000354275,0,0,0.0473770821,-0.3832753763,0,0,0.001657754451,0,0.001360421082,0.0002468645845,0.08000354275,0.007805471889,0.01464115251,0.02494704899,0.2047607461,0.01715793604,0.005002238683,0.05794562285,-0.5023663746,0.04691979335,0,0.0406402601,-0.04348971095,0.01187752067,-0.006069495573,0,0.01715793604,0,0.1947486723,0,0.007805471889,0,0.08383517485,0.1387194134,-0.2671078102,0,-0.2312153104,-0.01901504,-0.0680728175,-0.1896952089,0,0.005002238683,0,0.003968124413,0,0.01464115251,0,0.00408759054,-0.2789112815,0.0303451572,0,0,0.002110957278,0.02687444116,0,0.0473770821,0.05794562285,0.08383517485,0.00408759054,0.2359988605,0.02494704899,0.1947486723,0.003968124413
1,1,1,1,2,1500,500,v1,0,0.2618711949,0,0,0,0,0.03072958967,0,0,0,0,0,0,0,0,0,0,0,0,0,0,0,0,0,0,0,0,0,0.08742586953,0,0,0.01025909359,0,0,0,0,0,0,0,0,0,0,0,0,0,0,0,0,0,0,0,0,0,0.5456806961,0,0,0,0,0.06403355622,0,-0.511594964,0,0.2923515708,0,0,0,0,0,0,0,0,0,0,0,0,0,0,0,0,0,0,0,0,0,0.2943487028,0,0,0,0.03451638508,0,-0.3169247353,0,0,0,0.09768134211,0,0,0,0,0,0,0,0,0,0,0,0,0,0,0,0,0,0,0.03451638508,0,0,0,0.2943487028,0,0,0.3900329128,0,0,0,0,-0.6092763059,0,0,0,0,0,0,0,0,0
1,1,1,1,0,1500,500,v1,0,0,0,0,0,0,0,0,0,0,0,0,0,0,0,0,0,0,0,0,0,0,0,0,0.1097588245,0,0,0.04142212202,0,0,0,0,0,0,0,0,0.4061200351,0,0,0.1532665252,0,0,0,0,0,0,0,0,0.21013078,0,0,0.07930171306,0,0,0,0,0,0,0,0,0,0,0,0,0,0,0,0.1279364355,0,0,0,0.04855396901,0,0,0,0,0,0,0,0,0,0,0.04855396901,0,0,0,0.1279364355,0,0,0,-0.2686666562,0.1510063876,0,0,0,0,0,0,0,0,0,0,0,0,0,0.4395197506,-0.557180019,0,0,0,0,0,0,0,0,0,0,0,0,0,-0.4061736315,0.2885133627,0,0,0,0,0,0,0,0,0,0,0,0,0
1,1,1,1,2,1500,500,v1,0.00462731802,0.0008820022038,0.003628317489,0.001019168203,0.0002567303921,0.007867143964,0.0004971638893,5.695651126e-05,0,0.002990006622,0.0002357029728,0,1.171855213e-05,0,0,3.8826107e-05,5.512752275e-06,0.0001689305868,0,1.223022854e-06,0,0,5.061232091e-06,0,0.04399706638,0,0,0.03611814833,0.001716005124,0.007059178963,0,0.000967271712,0,0,0.005817294631,0,0.2714591365,0.006551072671,0,0.2228467069,0.0555467945,0.04355469087,0.02170512582,0.01223419841,0.0944379935,0,0.03589234254,0.002829402374,0.05111029517,0.001233435213,0,0.04195755249,0.01045834412,0.001993440373,0.004086638607,0.002303453477,0.0005802442742,0,0.001123655434,0.0001287291671,-0.2198080325,0.005597046628,0.00112115355,0.006564611232,0.0001276997836,0.008078885845,0,0.2644450245,0.007961183084,0,0,0.2168871751,0.02637460979,0,0,-0.1125320063,4.998928265e-05,0,0,4.240390891e-06,0.0001733982707,0,0.2168871751,0.0608876363,-0.0005339909165,0.04931186771,0.2644450245,0.01339991599,-0.0002851656842,0.0405769172,-0.4730583999,0.08000924632,0,0,1.885078619e-05,0.01276241772,0,0.02637460979,0.01339991599,0.000556724408,0.1295415903,0.007961183084,0.0608876363,0.0001387054226,0.003883752967,0.2240557413,-0.4938578413,-0.02822036839,0,-0.06770191728,-0.07925288577,-0.09720251321,0,-0.0002851656842,0.0001387054226,0,0,-0.0005339909165,0.000556724408,0,-0.502851896,0.09296046196,0.00527985049,0,0.01257983582,-0.0005938999367,-0.0005955600619,0,0.0405769172,0.003883752967,0,0,0.04931186771,0.1295415903,0
1,1,1,1,4,1500,500,v1,0.00249661403,0.008748207719,0.01206318075,0.01002171364,0.03290227086,1.219946888e-05,0.00436841698,0.06497414192,0,0.01150719028,0.003834861283,0,0.01228923855,0.1527720508,0.2000925514,0.01637328314,0.1023234875,3.79393935e-05,0.01185403431,0.2020644965,0,0.05481953271,0.01192611848,0,0.003816247444,0.01228554428,0.01609093998,0.01167952831,0.002187857539,0.003016906068,0.0009532716396,0.001092506526,0,0.004408449012,0.002877857248,0,0.0002772872872,7.180735003e-05,0.00116916242,0.000848630695,4.536749422e-05,0.0002192074051,9.567086432e-05,0.0001821106628,2.216839797e-07,0.0003203164589,0.0002091041635,6.968560018e-05,0.00139273234,0.0003606671608,0.00448358632,0.004262421928,0.0002278675557,0.0007984545012,0.0004805265616,0.0009146881996,0.003003011258,0.0003478946952,0.0003987082054,0.005930231396,-0.2950595944,-0.01165033118,-0.01188732854,-0.0231996649,0.09678650752,0.003093030288,0,0.003197138247,0.0174917388,0.2033837271,0.2743714156,0.009664707592,0.02355561397,0.01577701449,0.07517572371,0.1496654927,-0.0283662501,-0.1640881265,-0.2548449681,-0.3032294756,-0.01162102168,0,0.009664707592,0.003047880627,0.008272267767,0.01326083874,0.003197138247,0.01243440289,0.00421317231,0.01267622558,-0.439651547,-0.01510604075,0.0131556704,0.02038207709,0.00239496966,0.005496717592,0,0.02355561397,0.01243440289,0.09967820115,4.611328529e-05,0.0174917388,0.003047880627,0.1966028904,0.01264408515,-0.3083905371,0.001062813219,0.0001633191999,0.001431464387,0.0002095897361,0.000411571077,6.785911684e-05,0.01577701449,0.00421317231,0.1966028904,0,0.2033837271,0.008272267767,0.09967820115,0,-0.4205546747,0.00546866364,0.0008380290503,0.004825295427,0.001119219111,0.001168732159,0.008922240409,0.07517572371,0.01267622558,0.01264408515,0,0.2743714156,0.01326083874,4.611328529e-05,0
1,1,1,1,1,1500,500,v1,0.1407310444,0.001179949891,0.001037898243,0.1946578069,0.01515395206,0,0.04121895147,0.07466915719,0.007554756409,0.001333495139,0,0.001423262119,0.00279342417,0.0002188692192,0.008846855518,0.003187576555,0.0001367600197,0,0.000590511728,0.0006738674746,6.817948419e-05,0.007023622315,0,1.284452759e-05,0.01350118209,0.004176691186,0.168824943,0.004991733983,0.0002032097246,0.0001787457398,0.01126876195,0.007098684308,0.001301072173,0.1340321016,0.0002296531251,0.0002451126997,0.001471917137,0.005811605561,0.01840552368,0.0005442055918,0.002642301676,1.948710236e-05,0.006631623593,0.003654805887,0,0.01461236104,2.503709438e-05,0,0.005765116732,0.02276254799,0.001783481778,0.002131511812,0.01034920868,8.677223781e-05,0.02597434542,0.01431492442,0.001114405232,0.004811854816,0.003031197076,0.005491088998,0.05030954309,-0.3352834703,-0.0423333483,-0.002279255987,-0.08907819569,0,-0.008670236162,0.009459752854,0.02105270762,0.003248146682,0.211282255,0.003539270762,0.02417246741,0.008734188939,0.1677731879,-0.4032668052,0.005849709471,0.0008052794145,0.01583499376,0.000807639305,0,8.046377523e-05,0.003539270762,0.1915768772,0.001336060541,0.001285653678,0.009459752854,0.2650028813,0.04660192576,0.001628917753,0.01468234597,-0.01811744993,-0.01478827354,-0.3012060572,0.007272729559,0.0003073585211,0.001408820438,0.02417246741,0.2650028813,0.02070774373,0,0.02105270762,0.1915768772,0.1020909576,0,-0.6504541437,0.001981626366,0.01163238535,0.03266743423,0.006294533783,2.884984529e-05,0,0.008734188939,0.04660192576,0.1020909576,0.009047109816,0.003248146682,0.001336060541,0.02070774373,0.001724318131,-0.4649568324,0.007469807811,-0.04763221151,0.005994770386,0.02460243154,0.003101961282,0.006404755603,0.1677731879,0.001628917753,0,0.001724318131,0.211282255,0.001285653678,0,0.009047109816
1,1,1,1,2,1500,500,v1,6.143138279e-05,4.818449543e-05,0.0007140450071,0.0003062417301,0,0,1.757582451e-06,0,0,0.0002649456451,0,0,0.002776294782,0.001023089307,0.002515296166,0.00198706037,0,0,0.001615205348,0,0,0.0003343854536,0,0,0.01772178832,0.04153378383,0.1021120703,0.5106783203,0.006198250244,0.09185173778,0.06557158723,0.0002260879928,0,0.01357485905,0.03408149021,0,0.001414320566,0.00899484826,0.00814924535,0.04075564148,0.0006306557993,0.007330400265,0.006437827362,0.003143883701,0,0.001083367096,0.002719937269,0,0.0004847475935,0.003082915678,0.001136081833,0.01396868546,0.000216152468,0.0001695419692,0.002206516256,0.001077542174,0,0.001793592641,6.184229743e-06,0,-0.1241751887,0.0003383054929,4.166665436e-05,0.0009750906773,0,0,0,0.0237129223,0.004610118573,0.05898674913,0.1365845918,0.6835352332,0.003332742326,0.09307207483,0.01818563512,-0.2198227122,0.004527450866,0.002616191827,0.002831129009,0,0,0,0.6835352332,0.0005605728449,0.008535913774,0.1254358495,0.0237129223,0.002807841347,0.0003162840695,0.04657372931,0.08532641825,-0.5280894395,-0.1069035025,-0.1151935345,-0.006114367318,-0.1256515649,0,0.003332742326,0.002807841347,0,0,0.004610118573,0.0005605728449,0,0,-0.7396876233,0.04214078835,-0.01490924938,0.009182254233,-0.003622419805,0.01000342191,0,0.09307207483,0.0003162840695,0,0,0.05898674913,0.008535913774,0,0,-0.6099745721,0.01444987878,0.005086557915,0.002914761653,0.001038504845,0.0001712354302,0,0.01818563512,0.04657372931,0,0,0.1365845918,0.1254358495,0,0
1,1,1,1,0,1500,500,v1,0.01216803503,0.03601771532,0.007481004427,0.008095971,0.06446812305,0.009966663036,0.01498043287,0.06910416271,0,0.001515008904,0.01866723157,0,0.0001307310508,0.0006949154324,0.01155894795,0.0004344292217,0.002837193876,0.0004386253856,0.007021799855,0.003041222514,0,0.0008877158542,0.000821530899,0,0.000595040583,0.005518369032,0.09179036385,0.002706062124,0.01258748402,0.0026144641,0.05576057324,0.005235367031,0,0.007049409828,0.0005294658531,0,0.00165845041,0.002893433058,0.2558308978,0.007542123962,0.01185220422,0.007286829139,0.009615098048,0.007885833776,0.009707970546,0.01964756179,0.00147568567,0.01818270906,0.0008110074901,0.0014149328,0.007521232578,0.003688213399,0.005795908237,0.01715604635,0.004701929275,0.003856292729,0.03070761422,0.07599858539,0.007135516462,0.03291586398,0.06346558947,-0.01353532365,-0.04110986543,-0.001497551617,-0.1242274688,-0.0124160092,0,0.001287256256,0.003047197299,0.008263592732,0.229648169,0.006619611534,0.01015678684,0.07629114437,0.01755658813,-0.354070061,0.0005414621792,0.007225052711,0.01237371986,0.005731834825,0.001234276176,0,0.006619611534,0.01024828069,0.01816734115,0.00248455354,0.001287256256,0.008928113105,0.00802725717,0.0006433056321,-0.356525648,0.002937224973,-0.002697522745,0.09642995885,0.01104718044,0.002816259011,0,0.01015678684,0.008928113105,0.0539722478,0.01273908248,0.003047197299,0.01024828069,0.05529907352,0.02347168852,0.0974840969,-0.007494373126,-0.01046631273,-0.2736068512,-0.007440921716,-0.003403946845,-0.01295878097,0.07629114437,0.00802725717,0.05529907352,0,0.008263592732,0.01816734115,0.0539722478,0,-0.1794890329,-0.0007140970427,0.001122194462,-0.06089735469,0.008191982849,0.01259961945,0.04564808625,0.01755658813,0.0006433056321,0.02347168852,0,0.229648169,0.00248455354,0.01273908248,0
1,1,1,1,2,1500,500,v1,0,0,0,0,0,0.008082819189,0,0,0,0,0.148620488,0,0.0002534020543,0,0.001970719092,0.03874053969,0,0.002121013417,0,0,0,0.01027886515,0.03899951758,0,0,0,0.01861253788,0,0,0,0,0,0,0.09707916651,0,0,0,0.00037957615,0.002951980669,0,0,0,0.05803025135,0,0.00317710963,0.01539692356,0,0.05841817967,0,0.003229018618,0,0,0,0,0.4936578918,0,0,0,0,0,0.1024756579,0,0,0,0,-0.1562282111,0,0,0.003892865745,0,0.02044374592,0,0.5951306878,0,0.1068690553,-0.6302493872,0.03898651372,0,0.01223140107,0,0.04105469127,0,0,0,0,0,0,0,0,0,0.0305518708,0,0,-0.1154270717,0,0,0,0.5951306878,0,0,0.004146959894,0.003892865745,0,0,0.07648186995,-0.6761171976,0,0.058398977,0.01832046971,0,0,0.06142096648,0,0,0,0,0,0,0,0,0.09738549074,0,-0.4967345204,0,0,0,0,0.1068690553,0,0.07648186995,0,0.02044374592,0,0.004146959894,0
1,1,1,1,2,1500,500,v1,0,0,0.07825246189,0,0,0,0,0,0,0.264652887,0,0,0,0,0,0,0,0,0,0,0,0,0,0,0,0,0,0,0,0.03558121963,0,0,0,0,0.1203370766,0,0,0,0,0,0,0.1143705799,0,0,0,0,0.386805775,0,0,0,0,0,0,0,0,0,0,0,0,0,-0.3297080232,0,0,0.3304017167,0,0,0,0,0,0,0,0,0,0,0,0,0,0,0,0,0,0,0,0,0,0.0003104709485,0,0,0,-0.001351012608,-0.1550499439,0,0,0,0,0.1557436377,0,0,0,0,0,0,0,0,0,0.4861453542,0,0,0,0,-0.4854516605,0,0,0,0,0,0,0,0,0,0,0,0,0,0,0,0,0,-0.001351012608,0,0,0,0.0003104709485,0,0
1,1,1,1,2,1500,500,v1,0,0,0,0,0.08863331716,0,0,0.04306142451,0,0,0,0,0.01312680936,0.002041941669,0,0.007276105398,0.02628723847,0,0.007796088445,0.01277133668,0,0,0,0,0,0.003726390482,0,0,0,0,0.01422727702,0,0,0,0,0,0,0.02296498962,0,0,0,0,0.01272934499,0,0,0,0,0,0,0.1411866764,0.02196230247,0,0,0,0.07825886017,0,0.2827349533,0.08385158847,0,0.1373633554,-0.3803745588,0,0,0,0.130886619,0,0,0,0.1577189199,0.02426976854,0,0,0.08742789528,0.09263454021,0,-0.5600548448,0.02034942141,0.009835279903,0,0.03901479258,0,0,0,0,0,0,0,0,0,0,-0.09582090471,0,0.01788469875,0,0,0,0,0.08742789528,0,0.2518071508,0,0.1577189199,0,0.1224247594,0,-0.19900533,0,0.03557411972,0,0,0,0,0.09263454021,0,0.1224247594,0,0.02426976854,0,0.2518071508,0,0.2535449303,0,-0.2193547512,-0.1056561846,0,0,-0.4193893513,0,0,0,0,0,0,0,0
1,1,1,1,4,1500,500,v1,0.01729613608,0,0,0.02900442508,0,0,0,0,0,0,0,0,0.1251576516,0,0,0.0273337938,0,0,0,0,0,0,0,0,0.001902340753,0,0,0.000144653002,0,0,0,0,0,0,0,0,0.0006230500203,0.001497021692,0,4.737639966e-05,0.001094328268,0,0.0003269419145,0.00183511289,0,0,0,0,0.09117871523,0.2190779393,0,0.006933182108,0.1601467655,0,0.04784550637,0.26855506,0,0,0,0,-0.4255980427,0.04616774784,0,0,0,0,0,0.1328817603,0.1380612958,0,0,0.01008577212,0.03029650657,0,0,-0.2633224375,0.1510839027,0,0,0,0,0,0.01008577212,0.2126011043,0,0,0.1328817603,0.3565443381,0,0,-0.09734999493,0.002038305808,0,0,0,0,0,0.03029650657,0.3565443381,0,0,0.1380612958,0.2126011043,0,0,-0.5923868761,0.0006683853003,0.001823217123,0,0.002914753847,0,0,0,0,0,0,0,0,0,0,0.2046963074,-0.09801838021,-0.2651456547,0,-0.4285127966,0,0,0,0,0,0,0,0,0,0
1,1,1,1,2,1500,500,v1,0,0.02482195583,0,0,0,0,0.007966683922,0,0,0,0,0,0,0.0007501111698,0,0,0,0,0.02175350425,0,0,0,0,0,0.03206740833,0.008141098278,0,0.1941986867,0.06692054271,0,0.2360948925,0.02147835631,0,0,0,0,0.004372598636,0,0,0.02648024761,0,0,0,0,0,0,0,0,0.02036577569,0,0.005170351769,0.1233341607,0,0.04250074555,0,0,0,0.1499421335,0.01364074647,0,-0.0260013384,0,0.02522888333,0,0,0,0,0.01033642056,0,0.003473407731,0,0.0659735152,0,0.09686870421,0,-0.0892524404,0,0.02235769941,0,0,0,0,0.0659735152,0,0.001073318008,0,0.01033642056,0,8.536460654e-05,0,0.4137552206,-0.2166261861,-0.2377018698,0,-0.07796765161,0,0,0,0,0,0,0,0,0,0,-0.08158148581,0.03070819445,0,0,0,0,0,0.09686870421,8.536460654e-05,0,0,0.003473407731,0.001073318008,0,0,-0.4540009301,0.1350447005,0,0.1484494293,0,0.05196631323,0,0,0,0,0,0,0,0,0
1,1,1,1,1,1500,500,v1,0,0,0,0,0,0,0,0,0.1116815971,0,0,0.6095083625,0,0,0,0,0,0,0,0,0.004791246838,0,0,0.02614848901,0,0,0,0,0,0,0,0,0.03838454919,0,0,0.2094857553,0,0,0,0,0,0,0,0,0,0,0,0,0,0,0,0,0,0,0,0,0,0,0,0,0.2787243217,0,0,0,0,0,-0.7211514918,0,0,0,0,0,0,0,0,-0.4733630456,0,0,0,0,0,0.0309358762,0,0,0,0,0,0,0,0,-0.6902156159,0,0,0,0,0,0.2477884455,0,0,0,0,0,0,0,0,0,0,0,0,0,0,0,0,0,0,0.102806058,0,0,0,0.5608346968,0,0,0,0,0,0,0,0,0,0,0.5608346968,0,0,0,0.102806058
1,1,1,1,0,1500,500,v1,0.03140130014,0.2690988398,0,0.03986061137,0.02067951158,0,0.4446161496,0.07513739078,0,0,0,0,0,0,0,0,0.00159494845,0,0,0.005795120667,0,0,0,0,0,0,0,0,0.02077956969,0,0,0.03433285804,0,0,0,0,0,0,0,0,0.007822700956,0,0,0.009930087012,0,0,0,0,0,0,0,0,0.001388644277,0.01190022586,0,0.001762736244,0.0009144998862,0,0.01966204166,0.003322763937,0.1188438482,-0.07105156149,-0.7134430351,0,-0.09563820796,0,0,0,0,0,0,0,0,0,0,-0.09143638445,0,0,0,0.00732160822,0,0,0,0.03325057622,0.3545364534,0,0,0.04222569147,0.5857485484,0,-0.6819043897,0,0,0,0.05504772223,0,0,0,0.04222569147,0.02720088537,0,0,0.03325057622,0.09897127944,0,-0.0679088707,0,0,0,0.01759135902,0,0,0,0.5857485484,0.09897127944,0,0,0.3545364534,0.02720088537,0,-0.8001721162,0,0,0,0.003142690763,0.03153864527,0.004201823485,0,0,0,0,0,0,0,0
1,1,1,1,2,1500,500,v1,0,0.0585518681,0,0,0,0,0.6912550005,0,0,0,0,0,0,0,0,0,0,0,0,0,0,0,0,0,0,0,0,0,0.003589628158,0,0,0.04237863786,0,0,0,0,0,0,0,0,0,0,0,0,0,0,0,0,0,0,0,0,0,0.01594776986,0,0,0,0,0.1882770955,0,0.2501376872,0,-0.7497251326,0,0,0,0,0,0,0,0,0,0,0,0,0,0,0,0,0,0,0,0,0,0.05852162796,0,0,0,0.6908595395,0,-0.5455466684,0,0,0,0.04595922279,0,0,0,0,0,0,0,0,0,0,0,0,0,0,0,0,0,0,0.6908595395,0,0,0,0.05852162796,0,0,-0.7037659094,0,0,0,0,0.2041784643,0,0,0,0,0,0,0,0,0
1,1,1,1,0,1500,500,v1,3.068675417e-05,0.03407013772,0.001451709791,0.0004812120713,0.03719176354,0.002369712732,0.02717620047,0.0009388964896,0,0.004952997357,0.01994084264,0,0.0765001835,0.003093117905,0.01420503397,0.04471399775,0.2851234964,0.01816694652,0.001024026583,0.007197869215,0,0.1071067313,0.1528726318,0,0.00342176393,6.875648123e-05,0.0003157616947,0.003757940856,0.005806003492,0.0002473906089,2.276294235e-05,0.00463118512,0,0.002380860408,0.0008440564634,0,0.01238833132,0.006156620904,0.001143199991,0.01360544368,1.893289934e-05,0.0008956657716,0.003598515986,0.000296894864,0.001462048816,0.008619790314,0.003055865729,0.01230296187,0.009680398383,0.004810861244,0.0001945166713,0.01063146533,1.479440639e-05,0.01642557113,0.002811925789,0.0002319973922,0.01793053972,6.439788216e-05,0.0131019316,0.000452651856,-0.3901602798,-0.0003050569126,-0.05827995532,-0.003677597626,0.03770612673,0.02221716933,0,0.0006376335891,0.09828023845,0.004322804205,0.01923056207,-0.0002723592992,0.05744714525,0.001445116158,0.144344987,0.1205790634,-0.1211200845,-0.004041066667,-0.1205291844,-0.2909876739,-0.1702692941,0,-0.0002723592992,3.420277328e-05,0.01769454092,0.0006486146331,0.0006376335891,0.000507407284,0.01417045483,0.001212665996,-0.1560401301,0.006445000153,8.685491779e-05,0.002681625499,0.01028210223,0.0009212012396,0,0.05744714525,0.000507407284,0.3439499634,0.02146678234,0.09828023845,3.420277328e-05,0.008676653947,0.1803881041,-0.3675300498,-0.01515030174,0.009697614587,0.008797192651,-9.618557641e-05,0.00151554264,0.01348220049,0.001445116158,0.01417045483,0.008676653947,0,0.004322804205,0.01769454092,0.3439499634,0,-0.4257626242,0.008461785373,0.007604214089,0.0001089314974,4.016911752e-05,0.02675452255,0.01819713558,0.144344987,0.001212665996,0.1803881041,0,0.01923056207,0.0006486146331,0.02146678234,0
1,1,1,1,1,1500,500,v1,0,0,0,0,0,0,0,0,0.19116796,0,0,0.1125700724,0,0.04036433367,0.02232761591,0,0,0,0.0605374521,0,0.1151500531,0.006058975122,0,0.06780660219,0,0.0410336681,0.02269785966,0,0,0,0.06154130371,0,0.1170595085,0.006159447007,0,0.0689309932,0,0,0.04924098573,0,0,0,0,0,0,0.01336237191,0,0,0,0,0.001596462237,0,0,0,0,0,0,0.002394335479,0,0,0.3387127659,0,0,0,0,0,-0.276068959,0,0,0.01304969428,0.02498227342,0,0,0.0167524318,0.007546250873,-0.1686066519,0,0.009819070555,0.01021362793,0,0,0.1696639944,0,0,0,0,0,0,0,0,-0.1345656579,0,-0.03361071707,0.02021764405,0,0,0.1690487712,0,0,0,0,0,0,0,0,0.03043127198,0,0,-0.05211695482,0,0,0,0.0167524318,0,0,-0.06051795112,0.01304969428,0,0,-0.03344775915,-0.02379164651,0,0,0.00392356248,0,0,0,0.007546250873,0,0,-0.03344775915,0.02498227342,0,0,-0.06051795112
1,1,1,1,3,1500,500,v1,0.0007571624947,2.616069703e-06,0.0005030493204,0.004445928535,0.000144225492,0.001084773463,1.33388176e-06,9.467608682e-05,0,0.0004657811128,0.002517005815,0,0.0008383886285,0.007741989063,0.005485646749,0.004343564185,0.02833787484,0.213139676,0.004611294948,0.01860225306,0,0.1085115382,0.494549159,0,0.0004120255197,0.00132401437,0.0009381407112,0.0004269403759,8.790522812e-05,0.01690347364,0.0007886113926,4.482112242e-05,0,0.01855735455,0.01565118656,0,7.502389109e-06,2.610724192e-06,1.708218622e-05,7.77396708e-06,0.0004632654976,0.0003077878202,1.352576563e-05,0.002720215686,0.0006637123756,0.0003379026007,0.0002849854827,0.001540015465,9.33318411e-05,3.247814688e-05,0.000299915158,9.671034782e-05,0.005763153735,1.991225395e-05,0.0001682643476,0.03384025202,0.001097774505,0.0001786359089,1.015286111e-05,0.000720628461,-0.8141803286,0.004669251562,2.900258798e-06,0.0008921040095,0.0002373687625,0.003586197411,0,0.0004571320943,0.001196239742,0.009193538186,0.006782152265,0.0004743448136,0.006203258462,0.005479329885,0.1342613582,0.03030210572,-0.005145299548,-0.01231870693,-0.1137688564,-0.04688794162,-0.7057298753,0,0.0004743448136,0.006768018356,9.802461551e-05,0.0235355599,0.0004571320943,0.03799829769,5.012162668e-05,0.02153176834,-0.1235886553,-0.0008138237897,0.002096216595,0.01938541596,-0.0001273885888,-0.03152731792,0,0.006203258462,0.03799829769,0.04063021035,0.3165012083,0.001196239742,0.006768018356,0.0266660711,0.7334094925,-0.8657613896,1.510372468e-05,1.60387929e-05,0.0003544339399,0.003169725616,0.0005903282565,0.00220320912,0.005479329885,5.012162668e-05,0.0266660711,0,0.009193538186,9.802461551e-05,0.04063021035,0,-0.05508655491,0.0001777354592,0.0001962619085,0.0004405783156,-0.03768318793,2.572416857e-05,0.001786385316,0.1342613582,0.02153176834,0.7334094925,0,0.006782152265,0.0235355599,0.3165012083,0
1,1,1,1,3,1500,500,v1,0,0.3173197143,0,0,0,0,0.03477645669,0,0,0,0,0,0,0.4885135831,0,0,0,0,0.01525039221,0,0,0,0,0,0.008921292878,0.04920409831,0,0.001955173839,0.02628071564,0,0.00153605104,0.002880218682,0,0,0,0,0.02442960389,0,0,0.005353946238,0,0,0,0,0,0,0,0,0.002317235506,0,0.0127803767,0.0005078409939,0,0.00682620874,0,0,0,0.0003989771504,0.0007481141005,0,0.0367243913,0,-0.3520624482,0,0,0,0,0.01807893855,0,0.6398148877,0,0.004318200872,0,0.01997672403,0,0.0638649426,0,-0.5037260164,0,0,0,0,0.004318200872,0,0.4262894766,0,0.01807893855,0,0.04671760709,0,-0.8597609192,0.009774544509,0.05070365182,0,0.02915216569,0,0,0,0,0,0,0,0,0,0,0.0125852428,-0.02751666919,0,0,0,0,0,0.01997672403,0.04671760709,0,0,0.6398148877,0.4262894766,0,0,-0.7936747711,0.002810698296,0,0.0131612908,0,0.007572225629,0,0,0,0,0,0,0,0,0
1,1,1,1,2,1500,500,v1,0,0,0,0,0,0,0,0,0.02221749831,0,0,0.0625906032,0,0,0,0,0,0,0,0,0.1684376014,0,0,0.4745183695,0,0,0,0,0,0,0,0,0.07131867303,0,0,0.2009172546,0,0,0,0,0,0,0,0,0,0,0,0,0,0,0,0,0,0,0,0,0,0,0,0,-0.3705573574,0,0,0,0,0,0.08477002441,0,0,0,0,0,0,0,0,0.3567744834,0,0,0,0,0,-0.6425618164,0,0,0,0,0,0,0,0,-0.5577917922,0,0,0,0,0,0.2720044589,0,0,0,0,0,0,0,0,0,0,0,0,0,0,0,0,0,0,0.1123143292,0,0,0,0.3163666697,0,0,0,0,0,0,0,0,0,0,0.3163666697,0,0,0,0.1123143292
1,1,1,1,1,1500,500,v1,0,0,0,0,0.02123437211,0,0,0.01847573027,0,0,0,0,0,0,0,0,0.2425535124,0,0,0.2110424197,0,0,0,0,0,0,0,0,0,0,0,0,0,0,0,0,0,0,0,0,0,0,0,0,0,0,0,0,0,0,0,0,0,0,0,0,0.2709468766,0,0,0.2357470889,-0.1154812136,0,0,0,0.03969874775,0,0,0,0,0,0,0,0,0,0,-0.2203540587,0,0,0,0.1445715928,0,0,0,0,0,0,0,0,0,0,0,0,0,0,0,0,0,0,0,0.06386151942,0,0,0,0.04981217975,0,0,0,0,0,0,0,0,0,0,0.04981217975,0,0,0,0.06386151942,0,0.1842703405,0,0,0,0,0,-0.2600528063,0,0,0,0,0,0,0,0
1,1,1,1,4,1500,500,v1,0.002389379904,0.04854240751,0.01312690648,0.003012848072,0.002404338454,0.001777428116,0.01527524861,0.000912581916,0.01296296092,0.01067187883,0.004623097043,0.005007882528,0.000324561254,0.3289179245,0.009593012054,0.0005660988446,0.005626118087,0.004159156734,0.2185838845,0.002135428818,0.03033314581,0.06682293673,0.01081798191,0.01171837452,0,0.005432156786,0.0001584308475,0,0.001875941573,0.0005072947729,0.003609964198,0.0005903183498,0.0005009590283,0.001103596497,0.0004124192059,0.0001935317078,0,0.0001626653942,0.004807878539,0,0.00280218591,0.01539480278,0.0002837205323,0.003533368806,0.002084509046,0.03349068693,0.01251562736,0.005421815666,0,4.285099123e-05,0.04342619128,0,0.0007381806341,0.01499680528,7.47405808e-05,0.000930796353,0.0007428019637,0.02885907052,0.004719171148,0.0002819351985,-0.0421805093,-0.001147485143,-0.06115199733,-0.001351660682,0.002000349828,0.003060535713,0.01322990271,0,0.000276553236,0.4200330549,0.00806453348,0,0.000482029782,0.2791352606,0.05077483123,0.1369739633,-0.0007663118388,-0.5471720992,-0.06980271844,-0.006859926752,-0.01125894296,-0.0386769276,0,0.001006214997,0.04716364466,0.007548521526,0,0.001613523998,0.01515507079,0.0112461413,-0.5983778088,0,0.009032844747,0.00125225454,0.002337943944,0.0008937022492,0.0006880821903,0.000482029782,0.001613523998,0.004153314045,0.001258222969,0.000276553236,0.001006214997,0.001764356483,0.003263871566,-0.07750990927,0,0.000158390881,0.02932422078,-0.002107525739,-0.01207181678,0.00518367756,0.2791352606,0.01515507079,0.001764356483,0.02698028632,0.4200330549,0.04716364466,0.004153314045,0.01015812774,-0.6056758182,0,0.0001021989465,0.07202704213,0.00150851822,0.01726824303,0.0009144632376,0.05077483123,0.0112461413,0.003263871566,0.01015812774,0.00806453348,0.007548521526,0.001258222969,0.02698028632
1,1,1,1,0,1500,500,v1,0,0.0007364682387,0.0003934009738,0,1.059843319e-05,0.003487209507,7.941424156e-05,0.002399494381,0.01503327369,0.003242167584,0.0005807002788,0.009256918641,0.00684370183,0.007276448822,0.07943491151,0.03345854798,0.0001177629007,0.0387476054,0.007147081478,0.02666162192,0.1670399658,0.0419000136,0.006452364051,0.1028568631,0.002201590156,0.006274438537,0.06849625169,0.007453511413,0.007056287066,0.003769273483,0.006162885846,0.0007608877832,0.1440375689,0.03613013249,0.03106402148,0.0886928612,2.527651504e-05,6.775279117e-05,0.0007864072844,8.557396243e-05,0,4.327512894e-05,0.0003312403244,0,0.0003836021034,0.0004148110104,0.0003566468554,6.387853898e-05,0.001058356817,0.002836887453,0.003016272024,0.003583080434,0,0.00339212523,0.01386941415,0,4.881570002e-05,0.002962645989,0.0003657768771,0.01105191643,-0.1555301677,0,0.0006978626346,0.003313961303,0.002202336361,0.003977526764,0.02418652795,0.002686033685,0.00679834159,0.000128067519,0.02156912718,0.009580723939,0.03161912889,-0.0001984459657,0.02091148198,0.1925719133,-0.03835541878,-0.005347919143,-0.07511015915,-0.0246724401,-0.04467238908,-0.1430517418,0.009580723939,0,0.007593108186,0.0050137266,0.002686033685,0,0.0008130025498,0.04117856043,-0.1890410425,-0.008149194802,0.000924147574,0.0456104276,-0.006581141355,-0.03447866877,0.08958185362,0.03161912889,0,0.0001161113413,0.05175470244,0.00679834159,0,0.02270301823,0.00863065729,-0.1355676248,6.564535171e-05,0.0003531932091,0.001179325424,0,0.000369849357,0.0004379558405,-0.0001984459657,0.0008130025498,0.02270301823,0.02937339728,0.000128067519,0.007593108186,0.0001161113413,0.0145516431,-0.07886292909,-9.428896651e-05,0.01239057862,0.004470690528,0,0.0002792048979,0.00725735073,0.02091148198,0.04117856043,0.00863065729,0.0145516431,0.02156912718,0.0050137266,0.05175470244,0.02937339728
1,1,1,1,0,1500,500,v1,0,0,0,0,0,0.5344938352,0,0,0,0,0.2700282027,0,0,0,0,0,0,0.03331235625,0,0,0,0,0.01682952186,0,0,0,0,0,0,0,0,0,0,0,0,0,0,0,0,0,0,0,0,0,0.09655576516,0,0,0.04878031889,0,0,0,0,0,0,0,0,0,0,0,0,0.1954574822,0,0,0,0,-0.8044382453,0,0,0,0,0,0,0,0,0,-0.659117045,0,0,0,0,0.05013628191,0,0,0,0,0,0,0,0,0,0,0,0,0,0,0,0,0,0,0,0.6069189315,0,0,0,0.3065522156,-0.7543019636,0,0,0,0,0,0.1453212005,0,0,0,0,0,0,0,0,0,0,0,0,0,0,0,0,0,0.3065522156,0,0,0,0.6069189315,0
1,1,1,1,3,1500,500,v1,0,0,0,0,0,0,0,0,0,0,0,0,0.1532991624,0,0,0.0340012862,0,0,0,0,0,0,0,0,0,0,0,0,0,0,0,0,0,0,0,0,0,0.6207038097,0,0,0,0,0.13767021,0,0,0,0,0,0,0.04446363354,0,0,0,0,0.009861898175,0,0,0,0,0,0,0,0,0,0,0,0,0,0.6341909034,0,0,0,0.1407030959,0,0,-0.7037938542,0.187197855,0,0,0,0,0,0,0,0,0,0,0,0,0,0,0,0,0,0,0,0,0.1407030959,0,0,0,0.6341909034,0,0,0,0.2415187261,0,-0.7581147256,0,0,0,0,0,0,0,0,0,0,0,0,-0.5709168709,0,0.054320871,0,0,0,0,0,0,0,0,0,0,0,0
1,1,1,1,3,1500,500,v1,0,0.1040295806,0,0,0,0,0.2175826041,0,0,0,0,0,0,0.09765985851,0,0,0,0,0.003370745781,0,0,0,0,0,0.1143408028,0.06862955189,0,0.06124939283,0.03044400183,0,0.002368760062,0.06367501585,0,0,0,0,0.09488263423,0,0,0.05082615825,0,0,0,0,0,0,0,0,0.03051959223,0,0.01831844703,0.01634855142,0,0.008126045114,0,0,0,0.0006322641562,0.01699599331,0,0.1167972102,0,-0.3190300735,0,0,0,0,-0.01454116367,0,0.02465776294,0,-0.006537076657,0,0.00107029146,0,0.0565695442,0,-0.07372158054,0,0,0,0,-0.006537076657,0,0.09823681264,0,-0.01454116367,0,0.2051124826,0,-0.2458972471,-0.08930723531,0.03792388987,0,0.09194785543,0,0,0,0,0,0,0,0,0,0,-0.04261428135,0.05666644156,0,0,0,0,0,0.00107029146,0.2051124826,0,0,0.02465776294,0.09823681264,0,0,-0.295520701,0.04669295394,0,0.01864565431,0,0.0248493548,0,0,0,0,0,0,0,0,0
1,1,1,1,2,1500,500,v1,0,0,0,0,0,0,0,0,0,0,0,0,0,0,0.1120984177,0,0,0,0,0,0,0.1940007399,0,0,0,0,0.1504830446,0,0,0,0,0,0,0.2604302772,0,0,0,0,0.1036345658,0,0,0,0,0,0,0.1793529547,0,0,0,0,0,0,0,0,0,0,0,0,0,0,0,0,0,0,0,0,0,0,0,0,-0.1140302265,0,0,0,-0.192024963,-0.01114858093,0,0,0.2151853743,0,0,0,0,0,0,0,0,0,0,0,0.478113029,0,0,-0.2740762353,0,0,0,0,0,0,0,0,0,0,0,-0.05889086059,0,0,0.2629276547,0,0,0,0,0,0,0,0,0,0,0,0,0,0,0,0,0,0,-0.192024963,0,0,0,-0.1140302265,0,0,0
1,1,1,1,4,1500,500,v1,0.001202469998,0,0.2431649459,0.007430655453,0.000210272056,0.004135171513,0,5.913978622e-05,0.08053324028,0.1377406814,0.01778698918,0.1488963272,0.003287838168,0.001432099503,0.001023060967,0.001291301122,2.557630961e-06,5.029789928e-05,0.0004225931386,7.193430795e-07,0.0009795610159,0.0006179787683,0.000216350927,0.001811091135,0.006029009703,0.01196724587,0.00854914209,0.003309822062,0,0.02471600689,0.003531371935,0,0.008185637589,0.005164099176,0.01400037171,0.01513426466,0.01333570961,0.06077173,0.01891005022,0.007321073947,0.0002703471127,0.05466992204,0.02386814652,0.001670608207,0.0009296961098,0.01142259349,0.03096775436,0.0039989864,0.001787866262,0.008147427393,0.003548814183,0.0009815076586,3.624437665e-05,0,0.003199908754,0.0002239718874,6.337937421e-06,0.00104720693,0,1.782568123e-06,0.1568022292,-0.008245385468,0,-0.3804760381,-0.0002345589334,-0.02172998785,-0.2292624407,0.008148095344,0.07384790473,0.01035157423,0.01407944178,0.004433976742,0.02900683881,0.003088868171,0.008495501224,-0.323777386,0.004549068654,0.001676069942,0.001606118277,2.245731363e-06,0.0002648563392,0.002765527095,0.004433976742,0.001342321726,0,0.2455862108,0.008148095344,0.008187074608,0,0.1391035412,-0.5609193738,0.008915129169,-0.01512641335,0.01309725241,0,0.03867836416,0.02307101496,0.02900683881,0.008187074608,0.0002634764782,0.004722921924,0.07384790473,0.001342321726,7.579905089e-05,0.02029907888,-0.3290186524,-0.02005013445,-0.08443637168,-0.02975333267,0.001634914084,0.08533783957,0.00478379764,0.003088868171,0,7.579905089e-05,0.1071251826,0.01035157423,0,0.0002634764782,0.1980136654,-0.1113154359,0.002746957227,0.01131747408,0.004490048478,0.0002575405046,0,6.129515619e-06,0.008495501224,0.1391035412,0.02029907888,0.1980136654,0.01407944178,0.2455862108,0.004722921924,0.1071251826
1,1,1,1,0,1500,500,v1,0,0,0,0,0,0,0,0,0,0,0,0,0,0,0,0,0,0,0,0,0,0,0,0,0.01844298381,0,0,0.2297808396,0,0,0,0,0,0,0,0,0.0554644861,0,0,0.6910311433,0,0,0,0,0,0,0,0,0.0003923436703,0,0,0.004888203499,0,0,0,0,0,0,0,0,0,0,0,0,0,0,0,0.05509843734,0,0,0,0.6853176143,0,0,0,0,0,0,0,0,0,0,0.6853176143,0,0,0,0.05509843734,0,0,0,-0.7395571662,0.2459464646,0,0,0,0,0,0,0,0,0,0,0,0,0,0.2512015884,-0.7448122901,0,0,0,0,0,0,0,0,0,0,0,0,0,-0.4988658257,0.005255123797,0,0,0,0,0,0,0,0,0,0,0,0,0
1,1,1,1,2,1500,500,v1,0,0.001731172631,0.005800436155,0,0.0009573673748,0.00401489126,0.006796340782,0.001558454731,0.04863826855,0.02678432561,0.02798728559,0.01992041426,0,0.002261547483,0.01537343745,0,0.001286117595,0.005393564087,0.03428981412,0.002093612236,0.06534015532,0.02227297382,0.03759783483,0.02676088193,0,0.00346695585,0.0235675038,0,0.00356520933,0.01194552682,0.05256633901,0.01399651146,0.1001665609,0.03414450391,0.05516014166,0.04102447411,0,0,0.03539707325,0,0,0.01794151351,0,0,0.01241858782,0.05128313613,0.08284744922,0.08656836297,0,0,0.0007517498298,0,0,0.0007730544094,0,0,0.000427511998,0.01139810777,0.003034903114,0.0006959273037,-0.190084113,0,0.002013455695,0.02989914435,-0.001276782744,0.02826544874,0.05865501159,0,0,0.002795655824,0.01247363447,0,0,0.04769527786,0.02840574261,-0.2215868934,0,0.006632960724,0.02989035264,-0.002361414781,0.03075539971,0.05815927894,0,0,0.003616565252,0.006393906628,0,0,0.01431779369,0.02806832394,0.03765229995,0,-0.04787901653,0.01761059224,-0.0149669642,0.02855277899,-0.1148440208,0,0,0.002127476039,0.006598670179,0,0,0.00342339237,0.04720102973,0.1649737168,0,0,-0.07475386287,0,-0.08142674368,-0.09488731507,0.04769527786,0.01431779369,0.00342339237,-0.002116584572,0.002795655824,0.003616565252,0.002127476039,-0.0008388199691,-0.05783776185,0,0,0.007585433353,0,0.0009972692016,-6.238141342e-05,0.02840574261,0.02806832394,0.04720102973,-0.0008388199691,0.01247363447,0.006393906628,0.006598670179,-0.002116584572
1,1,1,1,0,1500,500,v1,0,0,0.0001581722137,0,0,0,0,0,0,0.01860294728,0,0,0,0,0,0,0,0,0,0,0,0,0,0,0,0,0,0,0,0.008219116423,0,0,0,0,0.9666665592,0,0,0,0,0,0,5.356292752e-05,0,0,0,0,0.006299641978,0,0,0,0,0,0,0,0,0,0,0,0,0,-0.9685321127,0,0,0.0187610787,0,0,0,0,0,0,0,0,0,0,0,0,0,0,0,0,0,0,0,0,0,0.01201102596,0,0,0,1.412645523,0.025114268,0,0,0,0,-0.9748853021,0,0,0,0,0,0,0,0,0,-0.9561242237,0,0,0,0,0.006353189295,0,0,0,0,0,0,0,0,0,0,0,0,0,0,0,0,0,1.412645523,0,0,0,0.01201102596,0,0
1,1,1,1,3,1500,500,v1,3.178855177e-05,0.0002063439818,0.001435804221,0.0001879196029,0,0.001079764863,0.0004706264917,0,0.02452461978,0.00461499415,0.0002463238381,0.0145682009,0.07063722758,0.03436594735,0.07457787002,0.1346421846,0,0.002567967791,0.007689737451,0,0.05832606322,0.08926239616,0.0005858235472,0.03464705321,1.385937571e-06,0.0005203425819,0.001129200398,6.350277154e-07,7.430417819e-06,5.170310845e-05,0.0001164320541,1.69471939e-05,0.0008831281157,0.00135154213,0.0001661852915,0.0005245988694,7.319139421e-05,0.05648212719,0.05963309836,3.353582789e-05,6.045170064e-05,0.002730442316,0.1076610345,0.0003573632312,0.002053368859,0.0713749702,0.008776248972,0.0004684294845,4.798824743e-05,0.03703274578,0.0180169216,2.198790751e-05,3.963541342e-05,0.0002572790696,0.07058841301,0.0002343067153,0,0.004031473232,0.0005867985335,0,-0.09597100062,-7.856006865e-06,-0.0004461872887,-0.0004154801038,0,4.277125422e-05,0.0305591736,0.0001039712811,-0.03155482543,0.02514502486,0.04142549424,4.199049168e-05,-0.05889142542,0.00578311855,0.0474028646,0.2980717889,-0.1224045244,-0.04022919624,-0.1228097968,0,-0.0007415296934,-0.0883070465,4.199049168e-05,5.688194223e-05,0.0004900704967,0.003041510629,0.0001039712811,0.0003506915842,0.001118111367,0.008980397701,-0.150057926,1.286338624e-06,0.0006243256456,0.002461291688,6.783724834e-06,0.0001946643764,0.001378469993,-0.05889142542,0.0003506915842,0,0.0004091875098,-0.03155482543,5.688194223e-05,0,0.0003569135229,-0.1427345372,-8.509730787e-05,0.08168586747,0.06112959934,-0.0002058359398,-0.007793789825,0.0001880244174,0.00578311855,0.001118111367,0,0.05181829809,0.02514502486,0.0004900704967,0,0.03273580628,-0.08106043272,-1.349687928e-05,0.1010161575,0.01898610833,-5.802373739e-05,-0.0006327176783,0,0.0474028646,0.008980397701,0.0003569135229,0.03273580628,0.04142549424,0.003041510629,0.0004091875098,0.05181829809
1,1,1,1,4,1500,500,v1,0,0,0,0,0,0.05841742813,0,0,0,0,0.2373306202,0,0,0,0,0,0,0.05516600541,0,0,0,0,0.2241211689,0,0,0,0,0,0,0,0,0,0,0,0,0,0,0,0,0,0,0,0,0,0.08394087289,0,0,0.3410239044,0,0,0,0,0,0,0,0,0,0,0,0,-0.09576830961,0,0,0,0,0.261415891,0,0,0,0,0,0,0,0,0,-0.08814235529,0,0,0,0,0.2537899368,0,0,0,0,0,0,0,0,0,0,0,0,0,0,0,0,0,0,0,-0.04826650197,0,0,0,-0.2002048704,0.5152058279,0,0,0,0,0,-0.3495582464,0,0,0,0,0,0,0,0,0,0,0,0,0,0,0,0,0,-0.2002048704,0,0,0,-0.04826650197,0
1,1,1,1,0,1500,500,v1,0,0,0,0,0,0,0,0,0,0,0,0,0.04275253513,0,0,0.3733443245,0,0,0,0,0,0,0,0,0,0,0,0,0,0,0,0,0,0,0,0,0,0.02132258467,0,0,0,0,0.1862033666,0,0,0,0,0,0,0.03867147427,0,0,0,0,0.3377057149,0,0,0,0,0,0,0,0,0,0,0,0,0,-0.01155228047,0,0,0,-0.2121583577,0,0,0.3018035177,-0.1526630924,0,0,0,0,0,0,0,0,0,0,0,0,0,0,0,0,0,0,0,0,-0.2121583577,0,0,0,-0.01155228047,0,0,0,-0.05010539672,0,0.1992458221,0,0,0,0,0,0,0,0,0,0,0,0,0.04658272979,0,0.1025576957,0,0,0,0,0,0,0,0,0,0,0,0
1,1,1,1,3,1500,500,v1,0,0.1170777413,0,0,0,0,0.1076327557,0,0,0,0,0,0,0.006385983177,0,0,0,0,0.01476728299,0,0,0,0,0,0.0303516433,0.05942766369,0,0.02709773679,0.1826884146,0,0.1374236516,0.1679504344,0,0,0,0,0.002752977916,0,0,0.002457839604,0,0,0,0,0,0,0,0,0.007224206042,0,0.01414479219,0.006449721089,0,0.04348294212,0,0,0,0.03270916058,0.0399750528,0,-0.2545138354,0,0.2134971074,0,0,0,0,0.03045913369,0,0.05833423532,0,0.0272575725,0,0.1350474001,0,-0.1499694766,0,0.02104838623,0,0,0,0,0.0272575725,0,0.03181308126,0,0.03045913369,0,0.02971201121,0,0.3832588271,-0.05729724659,-0.1964946725,0,-0.3378825317,0,0,0,0,0,0,0,0,0,0,-0.04365210662,0.00517430222,0,0,0,0,0,0.1350474001,0.02971201121,0,0,0.05833423532,0.03181308126,0,0,-0.3519546519,0.01364514,0,0.04652519577,0,0.08336869623,0,0,0,0,0,0,0,0,0
1,1,1,1,4,1500,500,v1,0,0,0,0,0.0001073200614,0,0,0.006842062011,0,0,0,0,0.00251630948,0.01555316532,0,0.03232215107,0.000144044575,0,0.02808867143,0.009183389404,0,0,0,0,0,0.02119235406,0,0,0,0,0.03827292116,0,0,0,0,0,0,0.01458959308,0,0,0,0,0.1874042264,0,0,0,0,0,0,0.01844893651,0.1140318239,0,0,0,0.2369777317,0,0.001056097924,0.2059389434,0,0.0673302586,-0.05855968416,0,0,0,0.006508623562,0,0,0,0.002411661749,0.1158541262,0,0,0.02876391811,0.2093621903,0,-0.3762791198,0.03465451641,0.04346075609,0,0.008518189816,0,0,0,0,0,0,0,0,0,0,-0.275793367,0,0.05898248962,0,0,0,0,0.02876391811,0,0.001237567513,0,0.002411661749,0,0.07683902334,0,-0.1872839266,0,0.166500207,0,0,0,0,0.2093621903,0,0.07683902334,0,0.1158541262,0,0.001237567513,0,0.3186247822,0,-0.2219384429,-0.3192541233,0,0,-0.06707787398,0,0,0,0,0,0,0,0
1,1,1,1,0,1500,500,v1,0.3352974129,0,0,0.1210740646,0,0,0,0,0,0,0,0,0,0,0,0,0,0,0,0,0,0,0,0,0,0,0,0,0,0,0,0,0,0,0,0,0,0,0,0,0.212287837,0,0,0.07665597857,0,0,0,0,0,0,0,0,0.1871175732,0,0,0.06756713377,0,0,0,0,0.5304750231,-0.4451869079,0,0,0,0,0,0,0,0,0,0,0,0,0,0,0,0,0,0,0,0,0,-0.09437504715,0,0,0,-0.03355712543,0,0,0,0,0,0,0,0,0,0,-0.03355712543,0,0,0,-0.09437504715,0,0,-0.1945591781,0,0,0,0.2798472936,0,0,0,0,0,0,0,0,0,0,-0.1653396143,0,0,0,0.2506277297,0,0,0,0,0,0,0,0,0,0
1,1,1,1,2,1500,500,v1,0,0,0.08177462144,0,0,0.08666475153,0,0,0.009147303089,0.02347698939,0.0123257584,0.02831278072,0.006600406061,0.0008400765958,0.003636381597,0.0002315678485,0,0.03407659679,0.01796249398,0,0.003596721315,0.007546579967,0.004846490548,0.01113259077,0.03413931255,0.0009798014006,0.004241198719,0.006701796705,0,0.03750174116,0.0209500858,0,0.004194941985,0.00880175648,0.01076651856,0.01298420654,0.09042396976,0.02039006557,0.01123356026,0.01775088651,0,0.09932995292,0.0007153625963,0,0.1052698935,0.02331299907,0.02851701677,0.01497184554,0.05533142206,0.01247690548,0.001588016887,0.01086196277,0,0,0.000437738244,0,0,0.0339549321,0,0,-0.06322263311,0,0,0.01969726938,0,0.01186291765,-0.02899022456,0.03240323816,0.01889665849,0.001840286816,0.009267022893,0.01072683154,0.0005936033672,0.0387503933,0.02104971207,-0.1503513255,0.002424248388,-0.0005064542206,0.004798618816,0,0.03562964818,0.005140037321,0.01072683154,0,0,0.01823459707,0.03240323816,0,0,0.008844245121,-0.2045997585,0.03491455147,2.921106527e-05,0.006098824311,0,0.04562943312,0.006080757571,0.0005936033672,0,0,0.0327382002,0.01889665849,0,0,0.004507819102,0.1872178379,-0.08885580936,-0.01639220531,-0.03110859978,0,-0.08337926402,-0.07232324537,0.0387503933,0,0,0.00621051646,0.001840286816,0,0,0.02044362801,-0.06838645787,0.02518787795,0.0009744490272,-0.02658321026,0,0,0,0.02104971207,0.008844245121,0.004507819102,0.02044362801,0.009267022893,0.01823459707,0.0327382002,0.00621051646
1,1,1,1,2,1500,500,v1,0.001058155458,0,0,0.04990926433,0,0,0,0,0,0,0,0,0,0,0,0,0,0,0,0,0,0,0,0,0,0,0,0,0,0,0,0,0,0,0,0,0,0,0,0,0.0004944781922,0,0,0.02332270046,0,0,0,0,0,0,0,0,0.01920877556,0,0,0.906006626,0,0,0,0,-0.9014428777,0.05091210479,0,0,0,0,0,0,0,0,0,0,0,0,0,0,0,0,0,0,0,0,0,0.02648850177,0,0,0,1.249307657,0,0,0,0,0,0,0,0,0,0,1.249307657,0,0,0,0.02648850177,0,0,-0.874292748,0,0,0,0.02376197499,0,0,0,0,0,0,0,0,0,0,0.07467407975,0,0,0,-0.9252048529,0,0,0,0,0,0,0,0,0,0
1,1,1,1,2,1500,500,v1,0.005004761993,0,0.001362296745,0.002542261055,2.282918968e-05,0.00110081091,0,0.001682543755,0.0007553503192,0.005155192348,0.006929879211,4.852599067e-05,0.004294536223,0.008772281635,0.0009197626501,0.001359117758,4.249658552e-05,0.002049161868,0.01222350638,0.003132058807,0.001406086238,0.01606344822,0.012899985,9.033123564e-05,0.0001299757356,0.1096113609,0.01149261275,0.01894896524,0,0.03168679129,0.1527350836,0,0.01756932034,0.2007159019,0.1199088998,0.001128706314,3.850753196e-05,0.01589800665,0.003404882849,0.005613954644,0.03448842595,0.009387753203,0.005031337968,0.01751903133,0.007585822384,0.05946551463,0.0355250599,0.04775464375,1.489799339e-06,0.0006150703149,0.001256380141,0.0002171955847,0.001334306085,0,0.000194655009,0.0006777853571,6.086428634e-06,0.001750670044,0,0.0004485784487,-0.2152300416,0.007424157645,0,0.006480757625,0.0004198488542,0.007937670124,0.0007645247664,0.0001403389305,0.01651303611,0.1490442414,0.01074156549,0.01962667662,0.005222810428,0.207529402,0.1874746,-0.4912203146,0.005195240651,0.02086450573,0.01688560763,-0.002368415444,0.01469526212,0.001448414017,0.01962667662,0.04224307573,0,0.03113658643,0.0001403389305,0.02146754235,0,0.1182335245,0.1615199392,-0.01881477759,-0.2615752008,-0.2115835706,0,-0.1499514103,-0.01845858558,0.005222810428,0.02146754235,6.316899257e-05,0.00665372997,0.01651303611,0.04224307573,0.002343178127,0.04179535012,-0.3188202452,0.00542371908,-0.02040325649,0.06255385255,-0.05187822093,0.04389057879,-0.05493231894,0.207529402,0,0.002343178127,0.02289215221,0.1490442414,0,6.316899257e-05,0.001476317982,-0.3157123998,0.000213048123,0.0007174514941,0.00299493303,0.001980317891,0,0.0003443351808,0.1874746,0.1182335245,0.04179535012,0.001476317982,0.01074156549,0.03113658643,0.00665372997,0.02289215221
1,1,1,1,3,1500,500,v1,0,0,0,0,0,0,0,0,0,0,0,0,0,0.02050196185,0,0,0,0,0.01504394001,0,0,0,0,0,0,0.1079152129,0,0,0,0,0.07918607986,0,0,0,0,0,0,0,0,0,0,0,0,0,0,0,0,0,0,0,0.4483571025,0,0,0,0,0,0,0.3289957029,0,0,0,0,0,0,0,0,0,0,0,0.4806047918,0,0,0,0.3537045358,0,-0.5916662398,0,0.03546002137,0,0,0,0,0,0,0,0,0,0,0,0,-0.7415717601,0,0.1853655417,0,0,0,0,0,0,0,0,0,0,0,0,0,0,0,0,0,0,0,0.3537045358,0,0,0,0.4806047918,0,0,0,0.2208255631,0,0,-0.7770317819,0,0,0,0,0,0,0,0,0,0,0
1,1,1,1,2,1500,500,v1,0,0,0.387400977,0,0,0,0,0,0,0.007312813839,0,0,0,0,0.04205420278,0,0,0,0,0,0,0.07597566422,0,0,0.026918237,0,0.008018238852,0.01164495313,0,0.04099575858,0,0,0,0.01448585355,0.0007738605953,0,0.08643431253,0,0.02574652132,0.03739188112,0,0.1316371577,0,0,0,0.04651399692,0.00248486216,0,0.03784066358,0,0,0.0163700451,0,0,0,0,0,0,0,0,0.1747926973,0,0,-0.3931887888,0,0,0,0.03207079226,0,0,0.01401359008,0.01383445278,0,0,0.02289858302,0.08482907753,0,0,-0.1094371929,0,0,0,0.01383445278,0,0,0.3215249781,0.03207079226,0,0,0.006069159653,-0.3748656693,0.03704535603,0,0.02246705631,0,0.04174555389,0,0,0,0,0,0,0,0,0,-0.3510628599,-0.1179540117,0,0.06236202117,0,0.1330471434,0,0,0,0,0,0,0,0,0,-0.08090865572,0.05030515899,0,0,0,0,0,0.02289858302,0.006069159653,0,0,0.01401359008,0.3215249781,0,0
1,1,1,1,2,1500,500,v1,0.06754247702,0,0,0.0347091019,0,0,0,0,0,0,0,0,0,0,0,0,0,0,0,0,0,0,0,0,0,0,0,0,0,0,0,0,0,0,0,0,0,0,0,0,0.4362110568,0,0,0.224162552,0,0,0,0,0,0,0,0,0.1567983886,0,0,0.08057642372,0,0,0,0,-0.422815503,0.1022441457,0,0,0,0,0,0,0,0,0,0,0,0,0,0,0,0,0,0,0,0,0,0.3176686622,0,0,0,0.1631883722,0,0,0,0,0,0,0,0,0,0,0.1631883722,0,0,0,0.3176686622,0,0,0.3394633542,0,0,0,-0.6600347117,0,0,0,0,0,0,0,0,0,0,-0.5577905658,0,0,0,0.2372192088,0,0,0,0,0,0,0,0,0,0
1,1,1,1,2,1500,500,v1,0.001374142658,0,0.06893828949,2.868758465e-05,0.0003758445322,0.001789265514,0,0.0003462574729,0.006775538504,0.001697782577,0.0001384343909,0.004790073972,0.002974110612,0.007190888577,0.008189922961,0.0004873938586,0.002742960587,0.01305828438,0.009427766898,0.002527030514,0.04944873075,0.0007004592927,0.001010311567,0.0349585613,0.003870317459,0.005844269699,0.00665621753,0.008107961648,0,0.4089022727,0.007662253674,0,0.0401885964,0.0005692861148,0.01007026951,0.02841196305,0.001529122261,0.0009549935281,0.002629802466,0.003203371501,0.003220226832,0.1615530443,0.0001565032513,6.722775785e-05,0.00419304414,0.0002249190358,0.00397865897,0.0003244132898,0.007447925695,0.00465150565,0.01124654164,0.0156027242,0.01568482179,0,0.0007622834462,0.0003274475546,0.004289987271,0.01474501682,0,0.003952272879,-0.31360245,0.001345350317,0,0.07014822787,0.0006575313889,0.001793719843,0.01141072738,0.005770706146,0.00460243205,0.004695711945,0.002669835708,0.01682996084,0.0008628178972,0.001941595272,0.0005215237937,0.005760371106,-0.001111129146,0.00267740643,-0.001215520102,0.0007024779084,-0.01130657193,-0.03969449152,0.01682996084,0.01671561168,0,0.2676775679,0.005770706146,0.0003500861281,0,0.006639806844,0.1884776216,-0.004656867077,0.001739940694,-0.003328858993,0,-0.415013406,0.00600485823,0.0008628178972,0.0003500861281,0.002053820646,0.0120245354,0.00460243205,0.01671561168,0.002522321617,0.0009682325855,-0.3968251801,0.004300396285,0.0004517586041,0.002416806094,0.003062873853,0.1619869282,0.0008510067675,0.001941595272,0,0.002522321617,0.01626859513,0.004695711945,0,0.002053820646,0.01714976373,0.009169739216,-0.01471064054,-0.002984129421,-0.008842218607,-0.01578535605,0,-0.004410770808,0.0005215237937,0.006639806844,0.0009682325855,0.01714976373,0.002669835708,0.2676775679,0.0120245354,0.01626859513
1,1,1,1,3,1500,500,v1,0.002042772076,4.401575143e-05,0.004916408211,0.001422464604,0.004166752976,0.0005097108408,0.001648415821,0.02769105749,0.0006263689303,0.003624936862,0.009277358434,0.001139199432,0.007609144871,0.03269287207,0,0.2682903066,0.03439107351,0.004206993574,0.01736655591,0.2285533122,0.005169852893,0,0.07657240967,0.00940259517,0.01087136424,0.0179526175,0,0.002575828036,0.0001994944424,0.02228284382,0.009536486576,0.007471184394,0.002838918261,0,0.01642945388,0.005163241524,0.003915432559,0.001504895199,0,0.0009277107025,0.003334558145,0.008025393157,0.05306099452,0.002321987355,0.0008320362586,0,0.005917235152,0.01514407382,0.00206224615,0.00079262362,0.003405526251,0.0004886223413,0.001756301402,3.784314797e-05,0.02794706076,0.001222983517,0.003582423209,0.001809026198,0.001417248186,0.02380776773,-0.3393129001,0.0001755308168,0.001336113654,0.008102212693,0.03173855701,0.009665045335,0.001650143632,0.008393623673,0.007987323388,0.0179993683,0,0.002009023515,0.2808349556,0.01047950574,0,0.2010327734,-0.2752403872,-0.04558778498,0,-0.2627488077,-0.08034759356,-0.01284480793,0.002009023515,0.001368286825,0.0001945618567,0.0138453797,0.008393623673,0.001101868136,0.0068325531,0.01032154243,-0.02361545705,-0.01161559828,0.02157961206,0,-0.007198363583,-0.0370618963,0.005756091983,0.2808349556,0.001101868136,0.03999764125,0.004320444719,0.007987323388,0.001368286825,0.2657032253,0.07812458914,-0.354198454,0.002608345071,0.05403533404,0,-0.00321751044,0.01284840221,0.01571919216,0.01047950574,0.0068325531,0.2657032253,0.002827567168,0.0179993683,0.0001945618567,0.03999764125,0.005330291305,-0.4941349568,0.002072155086,0.0286568673,0.005022256884,0.00139520965,0.001177506628,0.02720967319,0,0.01032154243,0.07812458914,0.005330291305,0,0.0138453797,0.004320444719,0.002827567168
1,1,1,1,3,1500,500,v1,0,0,0.002528146485,0,0,0,0,0,0,0.006838702766,0,0,0,0,0,0,0,0,0,0,0,0,0,0,0,0,0,0,0,0.0001439668959,0,0,0,0,0.0003894342417,0,0,0,0,0,0,0.2672315028,0,0,0,0,0.7228682468,0,0,0,0,0,0,0,0,0,0,0,0,0,-0.9895658732,0,0,0.009366823909,0,0,0,0,0,0,0,0,0,0,0,0,0,0,0,0,0,0,0,0,0,0.3968390646,0,0,0,1.073459499,-0.9807324505,0,0,0,0,0.0005334008907,0,0,0,0,0,0,0,0,0,0.009900224786,0,0,0,0,-0.9900992743,0,0,0,0,0,0,0,0,0,0,0,0,0,0,0,0,0,1.073459499,0,0,0,0.3968390646,0,0
1,1,1,1,0,1500,500,v1,0.03105243084,0.002835303582,0.02123224277,0.00278846023,0,0.0007008769569,0.006411012245,0,0.0004987364343,0.003280902997,0.001708883866,0.0007967283987,0.01062632858,0.0001382964518,0.0003748112462,0.04182986785,0,0.001573026534,8.774662187e-05,0,0.001119348606,0.0004244749636,0.003835366021,0.001788152541,0.03224314365,0.0003180196175,0.000861897233,0.1280469561,0.01463311233,0.1095804327,0.0002017777518,0.03308748414,0.002573998181,0.0009761014385,0.01693286828,0.004111946327,0.02460110403,0.01864418197,0.0006576165066,0.0976981811,0.1222784605,0.08360846117,0.0733916387,0.0109804165,0.002759917757,0.0007447528469,0.01291956077,0.006729253803,0.004372108959,0.003313444589,4.312285533e-05,0.01736292373,0.02173133173,0.001984222202,0.01304316427,0.001951439956,0,2.73606794e-05,0.004486599923,0,-0.2199480645,0.02973327493,0.006662197449,0.02340107482,0,0.001395158101,0.0007099027841,0.009667417327,0.01143938502,0.000381752092,0.000386991711,0.0472786167,0.04187512225,0.0002477159614,0.0001154236816,-0.07319053298,0.02616929951,-1.536881376e-05,-0.0001267225026,0,0.0006223202438,-0.0001817746813,0.0472786167,0.1068029496,0.01614417182,0.04851008278,0.009667417327,0.00976975999,0.03562894955,0.004575993885,0.1333393698,-0.1127350694,-0.0004524448716,-0.0008451128116,-0.04684463828,-0.08055872012,-0.00538887453,0.04187512225,0.00976975999,0,0.002297503051,0.01143938502,0.1068029496,0,0.006049154939,-0.0525871913,0.05331317112,-0.07760962103,0.0006368917193,-0.1304505282,0.02176692758,-0.007581917004,0.0002477159614,0.03562894955,0,0.002836631798,0.000381752092,0.01614417182,0,0.004454487842,-0.2522297273,0.02145787562,0.0158973167,4.816831672e-05,0.02300211364,0.005667026594,0,0.0001154236816,0.004575993885,0.006049154939,0.004454487842,0.000386991711,0.04851008278,0.002297503051,0.002836631798
1,1,1,1,3,1500,500,v1,0.1326515659,0,0,0.2801651499,0,0,0,0,0,0,0,0,0.01234660933,0,0,0.009374345684,0,0,0,0,0,0,0,0,0.0505077007,0,0,0.1339428552,0,0,0,0,0,0,0,0,0.00922256725,0.03636115185,0,0.02445759702,0.01761406735,0,0.02760774217,0.03720157983,0,0,0,0,0.01382477798,0.05450595672,0,0.03666233484,0.0264037728,0,0.04138445354,0.05576577189,0,0,0,0,0.1362256961,-0.4109931846,0,0,0,0,0,0.04059703783,0.009171987579,0,0,0.1084525515,0.007220502221,0,0,-0.03217830981,0.02124998333,0,0,0,0,0,0.1084525515,0.1324609285,0,0,0.04059703783,0.2796903051,0,0,0.08359179838,-0.1829581913,0,0,0,0,0,0.007220502221,0.2796903051,0,0,0.009171987579,0.1324609285,0,0,-0.5236226704,0.03359211146,0.05041032573,0,0.05455802418,0,0,0,0,0,0,0,0,0,0,-0.4341409341,0.049999687,-0.08258863551,0,0.08166767189,0,0,0,0,0,0,0,0,0,0
1,1,1,1,1,1500,500,v1,0.0283768521,0.02621445781,3.904619689e-05,0.01234138449,0.0001451534008,0.0004923181218,0.2339227533,8.895053797e-05,0.006312427941,0.0005899250913,0.0001124605578,0.003751071951,0,0.0008946430643,0.03151227097,0,0.0001237116801,0.0004195940407,0.0003285114913,7.581097262e-05,0.005379970855,0.08056527397,9.584814732e-05,0.003196972379,0.0002171249824,0.0004400088185,0.01549855766,0.04807995466,0.0109884377,1.636717818e-05,0.000161570529,0.09805450185,0.00264601014,0.03962410533,0.0002472816779,0.00157235449,0.0002769110525,0,0.01976613592,0.06131892656,0.01517014673,2.087393393e-05,0,0.006597652651,0.0002631912136,0.05053473161,0.0003153714922,6.012094493e-05,0.0002394967517,0,0.0004853457285,0.0530339385,0.01312046172,0.0121206464,0,0.005706223585,6.711384448e-05,0.0001782181692,0.1081576815,4.112761078e-05,0.2126048416,-0.03638161299,-0.2371002502,-0.0005263183154,-0.0001737286224,-0.0004144975093,-0.008064822514,0.0001448158508,0,0.0009108397396,0.009405721665,0.03801358775,0,0.0003254650513,0.02110165971,0.06650753198,0,-0.00092070692,-0.09323167794,-8.7512628e-05,-0.0003134850444,-0.001652858126,0.03801358775,0.02817783403,0.005712760253,4.579462904e-05,0.0001448158508,0.009808582595,0.04786593871,0.0006692963985,-0.2330733638,0.006478899516,0.000242998809,0.03839666911,0.09537083487,6.903271884e-05,0.002184576565,0,0.009808582595,0.0002048348244,0.0009521096767,0,0.02817783403,0.0001255993444,0.0002221769656,-0.07308537855,-0.02886625001,0,0.03449675453,-0.004831862129,-1.944175552e-05,-5.48752082e-05,0.0003254650513,0.04786593871,0.0001255993444,0.006802831505,0.0009108397396,0.005712760253,0.0002048348244,0.004496824605,-0.2062691902,-0.003051585266,0,-0.0001464950834,0.01588919738,0.1060102828,4.095180455e-05,0.02110165971,0.0006692963985,0.0002221769656,0.004496824605,0.009405721665,4.579462904e-05,0.0009521096767,0.006802831505
1,1,1,1,1,1500,500,v1,0,0,0.04334393984,0,0,0,0,0,0,0.09209109366,0,0,0,0,0,0,0,0,0,0,0,0,0,0,0,0,0,0,0,0.06343643715,0,0,0,0,0.1347807997,0,0,0,0,0,0,0.213254541,0,0,0,0,0.4530931886,0,0,0,0,0,0,0,0,0,0,0,0,0,-0.4671049748,0,0,0.1336205446,0,0,0,0,0,0,0,0,0,0,0,0,0,0,0,0,0,0,0,0,0,0.1600236387,0,0,0,0.3402030063,-0.5307656362,0,0,0,0,0.1972812061,0,0,0,0,0,0,0,0,0,0.3309017506,0,0,0,0,-0.6643861811,0,0,0,0,0,0,0,0,0,0,0,0,0,0,0,0,0,0.3402030063,0,0,0,0.1600236387,0,0
1,1,1,1,4,1500,500,v1,0.007815731551,0,0,0.006584877167,0,0,0,0,0,0,0,0,0.005665581006,0,0,0.005935520196,0,0,0,0,0,0,0,0,0.0211409214,0,0,0.0189212039,0,0,0,0,0,0,0,0,0.005391719476,0.09649529795,0,0.004825609143,0.08586346239,0,0.1010928604,0.07234132202,0,0,0,0,0.008366150733,0.1497285256,0,0.007487736269,0.1332314621,0,0.1568624095,0.1122496092,0,0,0,0,-0.08855442145,0.01435024101,0,0,0,0,0,0.01104175304,0.07236899551,0,0,0.009878280257,0.07577256019,0,0,-0.1103057687,0.01154473174,0,0,0,0,0,0.009878280257,0.06059829935,0,0,0.01104175304,0.05070797133,0,0,0.02456562799,-0.03851231684,0,0,0,0,0,0.07577256019,0.05070797133,0,0,0.07236899551,0.06059829935,0,0,-0.5392929613,0.01017312966,0.1914034733,0,0.1508044529,0,0,0,0,0,0,0,0,0,0,0.339763712,0.01439249834,-0.301709242,0,-0.2393588746,0,0,0,0,0,0,0,0,0,0
1,1,1,1,3,1500,500,v1,0.003101177136,0,0,0.07827402976,0,0,0,0,0,0,0,0,0.01816719027,0,0,0.00111360275,0,0,0,0,0,0,0,0,0.005487171239,0,0,0.08660699718,0,0,0,0,0,0,0,0,0.01231235143,0.1826467184,0,0.1943325147,0.01364974519,0,0.01119578124,0.344520972,0,0,0,0,0.0007886012166,0.01169844974,0,0.01244692035,0.0008742607556,0,0.0007170853394,0.02206643136,0,0,0,0,-0.3351765354,0.08093219203,0,0,0,0,0,0.009054523732,0.2282019805,0,0,0.1424378593,0.01400730286,0,0,-0.1805441527,0.01907129897,0,0,0,0,0,0.1424378593,0.0145408894,0,0,0.009054523732,0.3668256261,0,0,-0.1923587252,0.09136380339,0,0,0,0,0,0.01400730286,0.3668256261,0,0,0.2282019805,0.0145408894,0,0,0.2397637591,-0.2055683757,-0.192940509,0,-0.3579669952,0,0,0,0,0,0,0,0,0,0,-0.5651085859,0.0132096504,0.01239635614,0,0.02279046001,0,0,0,0,0,0,0,0,0,0
1,1,1,1,2,1500,500,v1,0.2044738525,0,0,0.05166250348,0,0,0,0,0,0,0,0,0,0,0,0,0,0,0,0,0,0,0,0,0,0,0,0,0,0,0,0,0,0,0,0,0,0,0,0,0.111879542,0,0,0.02826756163,0,0,0,0,0,0,0,0,0.4819473845,0,0,0.121769156,0,0,0,0,-0.4617612753,0.2557167935,0,0,0,0,0,0,0,0,0,0,0,0,0,0,0,0,0,0,0,0,0,0.2464271131,0,0,0,0.06263960985,0,0,0,0,0,0,0,0,0,0,0.06263960985,0,0,0,0.2464271131,0,0,-0.3460115889,0,0,0,0.139967107,0,0,0,0,0,0,0,0,0,0,0.3956839006,0,0,0,-0.6017283826,0,0,0,0,0,0,0,0,0,0
1,1,1,1,2,1500,500,v1,0,0,0,0,0.5432192665,0,0,0.03071297721,0,0,0,0,0.0314808621,0.008745011105,0,0.01263372714,0.1081368252,0,0.005435396299,0.006113928668,0,0,0,0,0,0.05388015734,0,0,0,0,0.03348880914,0,0,0,0,0,0,0.0071646828,0,0,0,0,0.002875291256,0,0,0,0,0,0,0.02848272916,0.007912165239,0,0,0,0.01143053285,0,0.09783823244,0.004917747175,0,0.00553165837,0.2170735021,0,0,0,-0.5733098249,0,0,0,-0.00428880657,0.05574062738,0,0,0.001140229038,0.03470579442,0,-0.5174807533,-0.02494190552,0.01398079764,0,0.1140069812,0,0,0,0,0,0,0,0,0,0,0.02659810159,0,-0.08689571607,0,0,0,0,0.001140229038,0,0.5057716553,0,-0.00428880657,0,0.02858282862,0,-0.007642855367,0,0.009741907059,0,0,0,0,0.03470579442,0,0.02858282862,0,0.05574062738,0,0.5057716553,0,-0.547417758,0,0.01729905015,0.01261730396,0,0,0.1030665211,0,0,0,0,0,0,0,0
1,1,1,1,4,1500,500,v1,0,0.04529085866,0,0,0,0,0.02723638391,0,0,0,0,0,0,0.001406290348,0,0,0,0,0.097085022,0,0,0,0,0,0.0689098036,0.0009556183068,0,0.2751305871,0.1334537612,0,0.06597231109,0.08025455868,0,0,0,0,0.005501510523,0,0,0.02196543512,0,0,0,0,0,0,0,0,0.01950747216,0,0.0002705231555,0.07788590284,0,0.0377790299,0,0,0,0.0186759061,0.02271902526,0,-0.1528593023,0,0.07159445881,0,0,0,0,0.06546175955,0,0.0002692347232,0,0.2621248863,0,0.01721425143,0,0.07706991735,0,-0.08872557485,0,0,0,0,0.2621248863,0,0.0760217497,0,0.06546175955,0,0.04587551574,0,0.185854555,-0.3426525821,0.05819566563,0,-0.2127092385,0,0,0,0,0,0,0,0,0,0,-0.245732269,0.02734117107,0,0,0,0,0,0.01721425143,0.04587551574,0,0,0.0002692347232,0.0760217497,0,0,-0.4869560991,0.09692031322,0,0.01887425169,0,0.05984993608,0,0,0,0,0,0,0,0,0
1,1,1,1,2,1500,500,v1,0,0.05270342668,0.04758230762,0,0,0,0.1078323387,0,0.00306664864,0.005631789942,0,0.04273550161,0,0,0,0,0,0,0,0,0.0006226418287,0,0,0.008676869767,0,0,0,0,0.01470298256,0.01327431408,0,0.03008261693,0.0008555208703,0,0.001571133311,0.01192217232,0,0,0,0,0,0.1192509549,0,0,0,0,0.01411441272,0,0,0,0,0,0,0.1724788827,0,0,0,0,0.3528954848,0,-0.5738007953,0,0.1587689604,0.05228332717,0,0,-0.04111472824,0,0,0,0,0,0,0,0,-0.02938857701,0,0,0,0,0,0.008170660479,0,0,0.1567137793,0.08708160807,0,0,0.3202004222,0.009972171629,-0.4751530739,0,0,0,0.04473642298,0.01482726407,0.01172615124,0,0,0,0,0,0,0,0,0.06711059131,0,0,0,0,-0.1318131109,0,0,0.3202004222,0,0.002358109545,0,0.1567137793,0,0.02946876514,0.2035053837,0,0,0,0,-0.5214481846,0,0,0.009972171629,0,0.02946876514,0,0.08708160807,0,0.002358109545
1,1,1,1,1,1500,500,v1,0,0,0,0,0,0,0,0,0,0,0,0,0,0,0.002718769474,0,0,0,0,0,0,0.798323196,0,0,0,0,0.0003378367572,0,0,0,0,0,0,0.09920036336,0,0,0,0,0.0003374350191,0,0,0,0,0,0,0.09908239937,0,0,0,0,0,0,0,0,0,0,0,0,0,0,0,0,0,0,0,0,0,0,0,0,0.003064805495,0,0,0,0.8999599602,0.1989268521,0,0,-0.8009433662,0,0,0,0,0,0,0,0,0,0,0,-0.7015443362,0,0,0.09952782151,0,0,0,0,0,0,0,0,0,0,0,-0.7014155437,0,0,0.09939903061,0,0,0,0,0,0,0,0,0,0,0,0,0,0,0,0,0,0,0.8999599602,0,0,0,0.003064805495,0,0,0
1,1,1,1,0,1500,500,v1,0,0,0.2774647588,0,0,0,0,0,0,0.3048132309,0,0,0,0,0,0,0,0,0,0,0,0,0,0,0,0,0,0,0,0.09149197779,0,0,0,0,0.1005099367,0,0,0,0,0,0,0.1075592295,0,0,0,0,0.1181608663,0,0,0,0,0,0,0,0,0,0,0,0,0,0.4174609535,0,0,-0.5817791736,0,0,0,0,0,0,0,0,0,0,0,0,0,0,0,0,0,0,0,0,0,0.1175777188,0,0,0,0.1288996114,-0.3562524856,0,0,0,0,0.1919342655,0,0,0,0,0,0,0,0,0,-0.389844908,0,0,0,0,0.2255266877,0,0,0,0,0,0,0,0,0,0,0,0,0,0,0,0,0,0.1288996114,0,0,0,0.1175777188,0,0
1,1,1,1,1,1500,500,v1,0,0.02535502158,0,0,0.0003684879429,0,0.06975341565,0.01911163291,0.003141077913,0,0,0.009226351599,0.0009147689097,4.17494122e-05,0.0001584578243,0.000252409545,2.029665657e-06,0,0.0002143077319,0.000105268641,1.730134754e-05,0.0007959439849,0,5.08195976e-05,0.01020483866,0.008893065272,0.03375318838,0.01166047406,0.02974858547,0,0.04564980792,0.0818404134,0.003685369563,0.1695444663,0,0.01082511045,0.009825361873,0.1876095415,0.03249804344,0.01122686806,0,0,0.05176655928,0,0,0.1632397915,0,0,0.0001892159064,0.003612967125,0.0001648932886,0.0002162059824,0,0.0005515918234,0.0009969155908,0,8.016358247e-06,0.0008464288432,0.001517467205,0.0004157685457,-0.07854707117,0,0.03971219153,0,-0.01925709081,0,0.001058655273,0.006410998271,0.2743391533,0.01294084894,0.01021300241,0.006517564974,0.07569336876,0.0663317615,0.07216073374,-0.372637178,0.001156499839,0.0002513763384,0.0009507756309,0.0001031420436,0,5.882260623e-05,0.006517564974,0,0.01256945251,0,0.006410998271,0,0.02948454653,0,0.1083301709,-0.009841995791,-0.05408872088,-0.1179052367,-0.06979601459,0,-0.01136814846,0.07569336876,0,0.0005364040364,0,0.2743391533,0,0.02758356395,0,-0.1206840607,0.0008498844077,-0.2390943415,0.06203863712,0,0,0,0.0663317615,0.02948454653,0.02758356395,0.003855544705,0.01294084894,0.01256945251,0.0005364040364,0.01152046116,-0.3500050698,0.0003730692246,0.004582826976,0.0009889378667,0,0.002047823692,0.0004073033009,0.07216073374,0,0,0.01152046116,0.01021300241,0,0,0.003855544705
1,1,1,1,0,1500,500,v1,0,0,0.05601897986,0,0,0,0,0,0,0.01058907456,0,0,0,0,0.0001674575772,0,0,0,0,0,0,0.001520829223,0,0,0.1023873821,0,0.007731229476,0.129060509,0,0.4315446772,0,0,0,0.07021407997,0.08157340197,0,0.01214980731,0,0.0009174269964,0.01531497616,0,0.05120928543,0,0,0,0.008331959708,0.009679914609,0,0.005126718895,0,0,0.006462289951,0,0,0,0,0,0,0,0,-0.4515717747,0,0,0.06656034442,0,0,0,0.1277674786,0,0,0.00997589,0.1610393341,0,0,0.0905944069,-0.06872060412,0,0,0.001673739582,0,0,0,0.1610393341,0,0,0.4856415303,0.1277674786,0,0,0.09187561593,0.1771357255,-0.2314069537,0,-0.07788795443,0,-0.5124369897,0,0,0,0,0,0,0,0,0,-0.7419586604,0.02732992571,0,0.009167350327,0,0.06086521463,0,0,0,0,0,0,0,0,0,-0.2040770282,0.01153915181,0,0,0,0,0,0.0905944069,0.09187561593,0,0,0.00997589,0.4856415303,0,0
1,1,1,1,0,1500,500,v1,0.004605628841,0,0.001711439817,0.01148153511,0.0001897133247,0.0001154478877,0,0.01281057271,0.5927906489,0.03271256491,8.983860896e-05,0.192863794,0.002378486187,0,0.001405163995,0.001490619226,2.198364475e-05,1.337789718e-05,0,0.001484466523,0.06869153265,0.0001644935729,1.041033922e-05,0.02234871556,0,0,0.0002811146921,0,0,3.967528225e-05,0,0,0.01374230988,3.290830128e-05,0.0007583557614,0.004471045598,0,7.967289455e-06,4.706921715e-06,0,1.787725193e-06,6.643140782e-07,4.993173771e-06,4.456683394e-06,4.481235994e-08,5.510092579e-07,1.269773975e-05,3.487183837e-08,0,0.01092579145,0,0,0.002451563074,0,0.006847294251,0.006111588338,0.0001009838607,0,0,0.006819031254,0.1230547635,-0.01292370151,0,-0.03428665635,-0.01202792644,-0.0001811005147,-0.7854103044,0,0.01273410549,0,0.001688893228,0,0.007996390192,0,0.0002020098311,-0.7907839714,0.003796669951,0,-0.001481328705,0.001464391381,1.203007974e-05,0.09086021446,0,0.003469060974,0,0.002503570022,0,0.007380142961,0,0.0477330204,-0.7302998054,0,0,0.0002157319209,0,0.0007823248286,0.01819599953,0.007996390192,0.007380142961,0.0001033202025,0.0001435579584,0.01273410549,0.003469060974,0.006688621365,0.0001099557608,-0.05601117067,0,1.2873346e-05,4.994746508e-06,6.165623508e-06,1.327081348e-05,6.12890166e-08,0,0,0.006688621365,0.7654860028,0,0,0.0001033202025,0.2490451326,-0.01967152764,0,-0.01762987375,0,0.005684733297,0,0.006035574026,0.0002020098311,0.0477330204,0.0001099557608,0.2490451326,0.001688893228,0.002503570022,0.0001435579584,0.7654860028
1,1,1,1,1,1500,500,v1,0,0.001077177307,0,0,0,0,0.0001371527305,0,0,0,0,0,0,0,0,0,0,0,0,0,0,0,0,0,0,0,0,0,0.0002848179527,0,0,3.626474461e-05,0,0,0,0,0,0,0,0,0,0,0,0,0,0,0,0,0,0,0,0,0,0.8856928199,0,0,0,0,0.1127717674,0,-0.9981434772,0,0.001214328944,0,0,0,0,0,0,0,0,0,0,0,0,0,0,0,0,0,0,0,0,0,1.326496218,0,0,0,0.1688975034,0,-0.9972502346,0,0,0,0.0003210826674,0,0,0,0,0,0,0,0,0,0,0,0,0,0,0,0,0,0,0.1688975034,0,0,0,1.326496218,0,0,0.001535411611,0,0,0,0,-0.9984645614,0,0,0,0,0,0,0,0,0
1,1,1,1,1,1500,500,v1,0,0,0,0,0,0,0,0,0,0,0,0,0,0,0,0,0,0,0,0,0,0,0,0,0.1416538195,0,0,0.04018369721,0,0,0,0,0,0,0,0,0.3444798957,0,0,0.09772045593,0,0,0,0,0,0,0,0,0.2928794503,0,0,0.08308268136,0,0,0,0,0,0,0,0,0,0,0,0,0,0,0,-0.1384961239,0,0,0,-0.03418524467,0,0,0,0,0,0,0,0,0,0,-0.03418524467,0,0,0,-0.1384961239,0,0,0,-0.06488966392,0.1800105764,0,0,0,0,0,0,0,0,0,0,0,0,0,0.4346784383,-0.3195575256,0,0,0,0,0,0,0,0,0,0,0,0,0,-0.139546949,0.2546678614,0,0,0,0,0,0,0,0,0,0,0,0,0
1,1,1,1,4,1500,500,v1,0.02356008826,0.0001789734428,0.01385341785,0.04092241043,0.06282524339,0,8.982777873e-05,0.05460385332,0.01294632073,0.01502583054,0,0.003905649101,0,0.01816447495,0,0,0.07948164922,0,0.0002680535697,0.06908058102,0.01637868581,0,0,0.004941125814,0.02103119592,0.04289040688,0,0.03554255075,0.0005346364935,0.0413834736,0.0006329347091,0.0002683370666,0.03867375746,0,0.0448857508,0.01166710831,0.001948805953,0,0,0.003293466276,0.006521560824,0.003834701557,0,0.01132754622,0,0,0.004159231777,0,0.01028781397,0,0.02098066741,0.01738632227,0.03442754493,0.0002615277232,0,0.05979850788,0.09180436276,0.0003096121859,0.0001312622369,0.07979072882,-0.1957564047,0.03358949907,0.0001580041106,0.001166099239,0.1067928312,0,0.006876234626,0.02923400659,0,0.03858675957,0,0.05045154464,0,0.0005928311763,0,-0.03951997687,0,0.00522892884,0,0.0615765381,0,0.006557713129,0.05045154464,0.01940312832,0.0005676108538,0.05256717461,0.02923400659,0.03166788129,0.0002703274561,0.05622887801,0.02443167357,-0.04561896223,-0.03795917518,0,-0.0005910788723,-0.07916126474,-0.04540303772,0,0.03166788129,-0.06955776132,0,0,0.01940312832,-0.06834026927,0,-0.183521532,0.002903954214,0,0,0.01545137165,0.00546446377,0,0.0005928311763,0.0002703274561,-0.06834026927,0.03669143806,0.03858675957,0.0005676108538,-0.06955776132,0.01126219684,0.1415319107,-0.0104086928,0,0.006610519218,-0.08308821049,-0.0001255507778,-0.07643734896,0,0.05622887801,0,0.01126219684,0,0.05256717461,0,0.03669143806
1,1,1,1,4,1500,500,v1,0.002346866764,0,0,0.01977797222,0.008546156023,0.597083524,0,0.02234399127,0,0,0.03804082997,0,0.0003154813437,0.0009111688532,0.001482170479,4.318127872e-05,0.0002481013612,0.01733378546,0.000102280312,0.0006486629349,0,0.001742984509,0.001104354012,0,0.02593640852,0.01346730412,0.02190685133,0.03389205294,0,0,0.001511728659,0,0,0.02576174809,0,0,0.008749985682,0.001573087892,0.00739056201,0.01143392609,0.0003397238761,0,0.0002153152573,0.002862987149,0.08643163399,0.008691061709,0,0.005506651851,0.008134085772,0.001462360317,0.004223568841,0.01062910716,0.0003158111621,0,0.0002001595014,0.002661465273,0.001150031824,0.0004741030573,0,0.003006767133,0.1209000665,-0.02190599611,0,0,-0.03071816588,-0.6349632954,0,0.01331035103,0.0005662135461,0.012405805,0.0195650252,0.01768068106,0.0001007565718,0.001397572402,0.02302538098,-0.6123512812,0.0002483919318,0.0009976108794,0.003173538235,0.0008686948126,0.01820078285,0,0.01768068106,0.002498160393,0,0,0.01331035103,0.02130027051,0,0,0.0630886484,-0.05925147112,-0.01477624464,-0.04731747619,0,0,0,0.0001007565718,0.02130027051,0.01069796362,0.7404496971,0.0005662135461,0.002498160393,0.02789689075,0.04718810286,-0.7203296567,0.02000065714,-0.000652109348,0.01575033393,0.003103712659,0,0.09167064492,0.001397572402,0,0.02789689075,0,0.012405805,0,0.01069796362,0,-0.1020849198,0.01859012595,-4.092932951e-05,0.004576382146,0.002936662825,0,0.004119568137,0.02302538098,0,0.04718810286,0,0.0195650252,0,0.7404496971,0
1,1,1,1,2,1500,500,v1,0,0,0,0,0,0.0488073258,0,0,0,0,0.1470292093,0,0.07031394636,0,0.01557872143,0.2442464266,0,0.05380644294,0,0,0,0.02989656648,0.1620887567,0,0,0,0.009947111176,0,0,0,0,0,0,0.01908914489,0,0,0,0.01748276072,0.003873471383,0,0,0,0.06072908795,0,0.01337835829,0.007433440237,0,0.04030152048,0,0.01251721534,0,0,0,0,0.04348049393,0,0,0,0,0,-0.04490680609,0,0,0,0,0.05303210772,0,0,0.06054679976,0,0.002944927448,0,0.2104057753,0,0.008123232436,0.2692218287,-0.3140489876,0,-0.03673919059,0,-0.09832217185,0,0,0,0,0,0,0,0,0,-0.02564122173,0,0,0.01826244851,0,0,0,0.2104057753,0,0,-0.004394776897,0.06054679976,0,0,-0.007793175669,-0.3220328949,0,0.07763104032,0.01109796885,0,0,0.05341536577,0,0,0,0,0,0,0,0,-0.2364179471,0,0.0557828971,0,0,0,0,0.008123232436,0,-0.007793175669,0,0.002944927448,0,-0.004394776897,0
1,1,1,1,0,1500,500,v1,3.569663422e-06,0,0,4.886699118e-05,0.3841460451,0.4496611451,0,0.03912996892,0,0,0.003222699833,0,0.004417104658,3.172631328e-07,0.0005018985754,0.0001436696298,0.02295266441,0.0268671811,4.302352548e-08,0.00233800935,0,0.0009338544233,0.0001925557967,0,0.003806253141,1.536695728e-06,0.002430995968,0.008733752446,0,0,2.083887504e-07,0,0,0.004523217337,0,0,0.000207389394,0.001165721588,0.0001324564504,0.0004758715618,5.628869232e-08,0,3.791596575e-05,7.705653744e-07,0.007090539038,0.0002464542603,0,5.081755278e-05,0.0008849573358,0.004974284609,3.572831619e-07,0.00203060543,2.401911218e-07,0,0.0001617923241,3.288101999e-06,0.0258479466,4.845057502e-08,0,0.002632929221,0.08789010284,-4.707198505e-05,0,0,-0.4232128292,-0.4527555202,0,0.004038292263,-0.0002242716835,2.001991837e-06,0.002681634621,0.009272331859,5.999090037e-05,2.725577409e-07,0.004980512922,-0.8476625582,0.000878487225,-6.333605341e-08,0.00140165531,0.02528676233,0.02701412096,0,0.009272331859,4.447311721e-06,0,0,0.004038292263,6.128232401e-05,0,0,0.005322484958,-0.01242391821,-1.231774146e-06,-0.006880699099,0,0,0,5.999090037e-05,6.128232401e-05,0.5029867706,0.6234370129,-0.0002242716835,4.447311721e-06,0.05123169721,0.004466768436,-0.4418321772,0.0006768719392,0.001126050003,0.0003709454302,7.619752259e-07,0,0.007138878771,2.725577409e-07,0,0.05123169721,0,2.001991837e-06,0,0.5029867706,0,-0.4077161796,0.002873296878,-0.001895016708,-2.212561882e-07,2.490252661e-06,0,0.02844708938,0.004980512922,0,0.004466768436,0,0.002681634621,0,0.6234370129,0
1,1,1,1,2,1500,500,v1,0,0,0,0,0,0,0,0,0.314310834,0,0,0.4003701049,0,0,0,0,0,0,0,0,0.1218438337,0,0,0.1552050493,0,0,0,0,0,0,0,0,0.003637156707,0,0,0.004633021374,0,0,0,0,0,0,0,0,0,0,0,0,0,0,0,0,0,0,0,0,0,0,0,0,0.2852267362,0,0,0,0,0,-0.7146264394,0,0,0,0,0,0,0,0,-0.7063564557,0,0,0,0,0,0.2769567361,0,0,0,0,0,0,0,0,-0.4376697017,0,0,0,0,0,0.008269997017,0,0,0,0,0,0,0,0,0,0,0,0,0,0,0,0,0,0,0.2832579621,0,0,0,0.360841602,0,0,0,0,0,0,0,0,0,0,0.360841602,0,0,0,0.2832579621
1,1,1,1,4,1500,500,v1,0,0,0,0,0,0,0,0,0,0,0,0,0,0,0,0,0,0,0,0,0,0,0,0,0.1380986052,0,0,0.005391628375,0,0,0,0,0,0,0,0,0.2307370574,0,0,0.009008407172,0,0,0,0,0,0,0,0,0.5935894569,0,0,0.02317484491,0,0,0,0,0,0,0,0,0,0,0,0,0,0,0,0.3376158756,0,0,0,0.01316526272,0,0,0,0,0,0,0,0,0,0,0.01316526272,0,0,0,0.3376158756,0,0,0,-0.377156365,0.1433022726,0,0,0,0,0,0,0,0,0,0,0,0,0,-0.4726602197,0.2388061272,0,0,0,0,0,0,0,0,0,0,0,0,0,0.3821083998,-0.6159624921,0,0,0,0,0,0,0,0,0,0,0,0,0
1,1,1,1,3,1500,500,v1,0,0,0.02261932177,0,0,0,0,0,0,0.03011055447,0,0,0,0,0,0,0,0,0,0,0,0,0,0,0,0,0,0,0,0.3259323636,0,0,0,0,0.4338770318,0,0,0,0,0,0,0.08041427054,0,0,0,0,0.1070464578,0,0,0,0,0,0,0,0,0,0,0,0,0,-0.5723636965,0,0,0.0524775073,0,0,0,0,0,0,0,0,0,0,0,0,0,0,0,0,0,0,0,0,0,0.334599421,0,0,0,0.4452298621,0.2397331318,0,0,0,0,-0.7596193211,0,0,0,0,0,0,0,0,0,-0.7071418137,0,0,0,0,0.1872556245,0,0,0,0,0,0,0,0,0,0,0,0,0,0,0,0,0,0.4452298621,0,0,0,0.334599421,0,0
1,1,1,1,1,1500,500,v1,0,0,0.003005158429,0,0,0,0,0,0,0.00114189711,0,0,0,0,0.06048645429,0,0,0,0,0,0,0.379378396,0,0,0.0008091789225,0,0.001769514828,0.0003096889224,0,0.0001276593588,0,0,0,0.01109861216,4.850787617e-05,0,0.03077005385,0,0.06728804353,0.01177631369,0,0.004854408879,0,0,0,0.4220387908,0.001844573456,0,0.002352427102,0,0,0.0009003207991,0,0,0,0,0,0,0,0,-0.005987068166,0,0,0.002141077607,0,0,0,0.04138035568,0,0,0.01565975533,0.01583790937,0,0,0.09632142941,-0.1805249705,0,0,0.1058708471,0,0,0,0.01583790937,0,0,0.003905145832,0.04138035568,0,0,0.00186384,-0.1307873425,0.001115980832,0,0.01285298247,0,0.0001727547885,0,0,0,0,0,0,0,0,0,0.1253953303,-0.04250318405,0,-0.1933779529,0,-0.006159822956,0,0,0,0,0,0,0,0,0,-0.04138720324,0.003241693388,0,0,0,0,0,0.09632142941,0.00186384,0,0,0.01565975533,0.003905145832,0,0
1,1,1,1,0,1500,500,v1,3.102488273e-05,0,0.01789930622,5.6027244e-06,0.01513501634,0.001396193102,0,0.003110195647,8.235999759e-06,0.0075285291,0.004401550296,0.0001276782037,0.006326959383,0,0.01138445359,0.01281915922,0.002926944888,0.0002700083152,0,0.0006014774644,1.59275133e-06,0.007531768295,0.0008512111816,2.46915535e-05,0,0,0.1948192482,0,0,0.05923624507,0,0,2.725634693e-05,0.1288892282,0.02491503242,0.000422540252,0,0.0429364775,0.07725801695,0,4.071675561e-05,0.02349087613,0.08699432196,7.352961239e-06,0.001832350304,0.05111264042,0.009880368676,0.005776551979,0,0.05578348844,0,0,5.289960421e-05,0,0.1130238677,9.553038632e-06,0.02580626592,0,0,0.005303102035,-0.07494099893,6.322581483e-07,0,0.02165517267,-0.001308687238,-0.00151645525,-2.739043007e-05,0,0.0132196291,0,0.1595664611,0,0.02434546937,0,0.1055448456,-0.2709355586,0.01886786793,0,0.01873136029,0.003094983375,0.0007403810783,-6.761830255e-06,0,2.162350729e-05,0,0.02926027857,0,2.841128312e-06,0,0.0133366597,0.1886484066,0,0,-0.3220674981,0,-0.07175389111,-0.0003852951662,0.02434546937,2.841128312e-06,0.02884603342,0.001264623307,0.0132196291,2.162350729e-05,0.005841181487,0.005004178386,-0.4702954773,0,0.09101678783,0.1265952662,8.053085894e-06,0.02170075962,-0.003403126959,0,0,0.005841181487,3.960452535e-05,0,0,0.02884603342,0.0005895666153,0.111679637,0,-0.1349280548,0,-2.49951011e-05,0,-0.02491110606,0.1055448456,0.0133366597,0.005004178386,0.0005895666153,0.1595664611,0.02926027857,0.001264623307,3.960452535e-05
1,1,1,1,3,1500,500,v1,0,0,0,0,0,0,0,0,0,0,0,0,0,0,0.2036042031,0,0,0,0,0,0,0.7335567941,0,0,0,0,0.001303911798,0,0,0,0,0,0,0.004697807528,0,0,0,0,0.01234826229,0,0,0,0,0,0,0.04448902113,0,0,0,0,0,0,0,0,0,0,0,0,0,0,0,0,0,0,0,0,0,0,0,0,0.2849313594,0,0,0,1.02656255,0.06283099898,0,0,-0.9371602799,0,0,0,0,0,0,0,0,0,0,0,-0.8803295547,0,0,0.006000274558,0,0,0,0,0,0,0,0,0,0,0,-0.93116,0,0,0.05683072444,0,0,0,0,0,0,0,0,0,0,0,0,0,0,0,0,0,0,1.02656255,0,0,0,0.2849313594,0,0,0
1,1,1,1,0,1500,500,v1,0,0,0.01335250515,0,0,0.0001483458181,0,0,6.109586944e-05,0.03738716206,0.0007208057662,0.001904109406,0.002424140358,0.001629481692,0.02795696881,0.01190157292,0,0.0003921616868,0.04843707236,0,0.0001615108503,0.01433037143,0.001905496285,0.005033635369,0.1078457086,0.003579060302,0.06140583089,0.03852334115,0,0.07753042038,0.1063891688,0,0.0003547490442,0.03147581451,0.2170860342,0.01105608281,0.002101083787,0.0001037332048,0.001196327582,0.0007505237677,0,0.001510471872,0.0005092891167,0,1.678128433e-05,0.0006132216518,0.004229337941,8.153951803e-05,0.06216431768,0.003069132197,0.002063038433,0.02220558657,0,0,0.01506822842,0,0,0.06132474046,0,0,-0.2966666919,0,0,0.0501793945,0,-8.502071026e-05,0.001648949899,0.06581640164,0.002406346376,6.954883837e-06,0.05079332445,0.02409748857,0.01523815948,-0.001825328887,0.02493467359,-0.1508247223,-0.0007165568953,0.04514217101,0.03675599846,0,-0.001582259647,0.00298205475,0.02409748857,0,0,0.09373089094,0.06581640164,0,0,0.262843321,0.2779760416,-0.1378702022,-0.09981490537,-0.0889994855,0,-0.2935922617,-0.01020446578,0.01523815948,0,0,0.0004411337553,0.002406346376,0,0,0.002009515547,-0.3723977773,0.002840568873,0.0005279761912,0.001758155007,0,0.005696725874,3.351415631e-05,-0.001825328887,0,0,0.0002741163736,6.954883837e-06,0,0,0.008086075316,-0.1898909486,0.07508703995,-0.01157442319,0.05588498367,0,0,0,0.02493467359,0.262843321,0.002009515547,0.008086075316,0.05079332445,0.09373089094,0.0004411337553,0.0002741163736
1,1,1,1,0,1500,500,v1,0.003336251678,0.0006821297646,0.0003440743941,0.004083966841,0,0,0.00152999646,0,0,0.007624390633,0,0,0.003184031633,0.06575677648,0.001237521937,0.001458057492,0,0,0.4737802171,0,0,0.09050227894,0,0,0.0002287474268,0.0007037291499,1.324396218e-05,0.001835032417,2.572053012e-05,1.297374235e-05,0.005070396806,5.769037223e-05,0,0.0009685555655,0.0002874868963,0,0.01775372255,0.0026446951,0.001027900656,0.1424219579,0.009763486534,0.001006928145,0.00121108015,0.01195166286,0,0.07517228511,0.02231265578,0,0.001441951924,0.0002148013284,0.004436087505,0.01156746793,0.0007929873949,0.0001621341425,9.836355992e-05,0.0009707104075,0,0.03196218875,0.0003636619848,0,-0.04116338224,0.005477328978,-0.0017169796,0.007325900755,0,0,0,0.02452319093,0.001202630663,0.09096992578,0.0008063495354,0.196141644,0.0006217728232,0.6555796118,0.02827201368,0.0845883335,-0.002636963948,-0.5393046703,-0.06094823555,0,0,0,0.196141644,0.008585485178,0.0008002857662,0.00101750829,0.02452319093,0.01129815961,0.002019732878,0.02139452645,-0.6899119143,0.001911200594,0.005738697243,0.0009782733336,-2.794353008e-05,0.0002951643187,0,0.0006217728232,0.01129815961,0,0,0.001202630663,0.008585485178,0,0,-0.03509502078,-0.1597478332,0.001118410777,0.04058438677,-0.02020637673,-0.02256242157,0,0.6555796118,0.002019732878,0,0,0.09096992578,0.0008002857662,0,0,-0.7093951281,0.01072674271,0.0003022841791,0.03586628157,0.001473284557,-0.0001350892991,0,0.02827201368,0.02139452645,0,0,0.0008063495354,0.00101750829,0,0
1,1,1,1,2,1500,500,v1,0,0.4360121879,0.01522550471,0,0,0,0.08076541794,0,0.001334262801,0.002785147342,0,0.01615777895,0,0,0,0,0,0,0,0,0.0001037702264,0,0,0.001256646275,0,0,0,0,0.3265508999,0.0114031268,0,0.06048918043,0.000999294814,0,0.002085933366,0.01210135267,0,0,0,0,0,0.00037572729,0,0,0,0,6.87304548e-05,0,0,0,0,0,0,0.02723931909,0,0,0,0,0.005045719022,0,0.3685543957,0,-0.4602888982,-0.01427178877,0,0,-0.01264989309,0,0,0,0,0,0,0,0,-0.004953992522,0,0,0,0,0,0.001242800869,0,0,0.1377744953,0.006077616647,0,0,0.02731571248,0.001249667324,-0.4533159133,0,0,0,0.3179629407,0.009000882431,0.007695900569,0,0,0,0,0,0,0,0,-0.005270906348,0,0,0,0,0.0003860503602,0,0,0.02731571248,0,0.0006094840394,0,0.1377744953,0,0.004957303419,-0.1423259573,0,0,0,0,0.03226581849,0,0,0.001249667324,0,0.004957303419,0,0.006077616647,0,0.0006094840394
1,1,1,1,4,1500,500,v1,0,0.047107953,0,0,1.275356048e-06,0,0.1343489013,1.406512483e-05,0.003686269122,0,0,0.001141633555,0.00213108717,0.0004953628645,8.93389082e-09,0.0005132977784,2.313383584e-08,0,0.001494077074,2.551289811e-07,6.686567637e-05,9.664756109e-11,0,2.070822756e-05,0.002049599752,0.03785230025,6.826678825e-07,0.0005495231044,0.06529490088,0,0.1141673267,0.1862169259,0.005109425514,7.38515695e-09,0,0.001582383548,0.0003578714545,0.02843335082,1.191975886e-07,9.594977385e-05,0,0,0.006848511883,0,0,1.289489256e-09,0,0,0.001214556999,0.09649812745,0.02243061171,0.0003256377895,0,0.03869261732,0.02324272566,0,1.04752723e-06,0.06765356291,0.1103488964,1.155253961e-05,-0.06868396141,0,0.1326941412,0,-8.912827586e-06,0,-0.002408587239,0.002064912185,0.1051855377,0.0266799834,1.005065976e-06,0.000451234096,0.02646890017,0.07922714223,1.072083962e-08,-0.1696854561,0.002368259107,0.001838382212,-1.220084888e-09,-7.360577253e-08,0,5.259282822e-06,0.000451234096,0,-0.02254692178,0,0.002064912185,0,-0.08048996505,0,0.3425259794,-0.00166786748,-0.1382919934,-6.134123057e-07,-0.2085604338,0,-0.004681253071,0.02646890017,0,1.983102723e-06,0,0.1051855377,0,1.90129993e-05,0,-0.1145895801,-8.267385591e-05,0.02522458336,-6.255881862e-08,0,0,0,0.07922714223,-0.08048996505,1.90129993e-05,0.007781325782,0.0266799834,-0.02254692178,1.983102723e-06,0.002845545757,-0.1864865892,7.311048063e-05,-0.1153624677,0.06584886075,0,0.1445575503,-5.010967976e-06,1.072083962e-08,0,0,0.002845545757,1.005065976e-06,0,0,0.007781325782
1,1,1,1,4,1500,500,v1,0,0.1041710972,0,0,0,0,0.4200721115,0,0,0,0,0,0,0,0,0,0,0,0,0,0,0,0,0,0,0,0,0,0.09154688518,0,0,0.3691647147,0,0,0,0,0,0,0,0,0,0,0,0,0,0,0,0,0,0,0,0,0,0.002989593528,0,0,0,0,0.01205559795,0,0.2283847136,0,-0.2748525328,0,0,0,0,0,0,0,0,0,0,0,0,0,0,0,0,0,0,0,0,0,0.02514992204,0,0,0,0.04455180646,0,-0.2598080561,0,0,0,0.213340237,0,0,0,0,0,0,0,0,0,0,0,0,0,0,0,0,0,0,0.04455180646,0,0,0,0.02514992204,0,0,-0.06151229553,0,0,0,0,0.01504447677,0,0,0,0,0,0,0,0,0
1,1,1,1,4,1500,500,v1,0,0,0.0004618975723,0,0,0.007414896099,0,0,0.0006254727698,0.0002946124608,0.01105212402,0.001577623919,0.1535331764,0.004724398194,0.008592603069,0.04687587603,0,0.04440575085,0.001939872542,0,0.003745782491,0.01116919574,0.06618809747,0.009447950954,0.1050085731,0.03402048073,0.06187549718,0.1383565286,0,0.01991928654,0.01396905885,0,0.02697345054,0.08042958973,0.01270513286,0.06803487347,0.001845832403,0.01943406697,0.001087642602,0.002432020131,0,0.0003501396453,0.005933498774,0,0.005620832942,0.001413784975,0.0002233298219,0.008378019323,0.001207128432,0.01270939591,0.0003910832073,0.00159048061,0,0,0.003880360459,0,0,0.0001605816327,0,0,-0.210068937,0,0,0.0007555846891,0,0.01837515487,0.002196431783,0.1527250141,0.1812887703,0.04307178759,0.07827494392,0.2010419349,0.05512663011,0.01764501949,0.1017386988,-0.2052974297,-0.1992983289,0.006602426968,0.01966620771,0,-0.1103990215,0.01316518686,0.2010419349,0,0,0.02864429903,0.1527250141,0,0,0.01827276223,0.05306222411,-0.2428988382,-0.04763136941,-0.1421733201,0,-0.03260671753,-0.094778191,0.05512663011,0,0,0.04698347301,0.1812887703,0,0,0.0700872567,-0.6692866918,0.004264316873,0.02518536669,0.002498017232,0,0.0005730920576,0.01397671355,0.01764501949,0,0,0.03378914492,0.04307178759,0,0,0.08533571443,-0.4537764272,0.002789890111,0.01650269483,0.0005510708972,0,0,0,0.1017386988,0.01827276223,0.0700872567,0.08533571443,0.07827494392,0.02864429903,0.04698347301,0.03378914492
1,1,1,1,4,1500,500,v1,0,0,0,0,0,0.04285704306,0,0,0,0,0.09369995248,0,0.008230239303,0,0.07108708458,0.05942791268,0,0.009825790124,0,0,0,0.04882332345,0.0214824916,0,0,0,0.004951406745,0,0,0,0,0,0,0.003400675868,0,0,0,0.02003338521,0.1730344522,0,0,0,0.1446546356,0,0.02391714643,0.1188417991,0,0.05229094972,0,0.01258311109,0,0,0,0,0.09085860079,0,0,0,0,0,0.09393108813,0,0,0,0,-0.1255628748,0,0,-0.001196736399,0,0.1459657096,0,-0.009242582458,0,0.1004357687,-0.4047524724,0.06686081951,0,0.1179666903,0,0.03098507113,0,0,0,0,0,0,0,0,0,-0.1725854774,0,0,0.008317825091,0,0,0,-0.009242582458,0,0,0.01432426503,-0.001196736399,0,0,0.03312341541,0.1971837953,0,-0.1585175371,-0.2905521679,0,0,0.06294601697,0,0,0,0,0,0,0,0,-0.09165671756,0,0.09861626377,0,0,0,0,0.1004357687,0,0.03312341541,0,0.1459657096,0,0.01432426503,0
1,1,1,1,0,1500,500,v1,0,0,0,0,0.01034363824,0.00226365733,0,0.001620337485,0.00200549203,0,8.471738128e-05,0.003935332075,0,0,0,0,0.4249090934,0.09298938741,0,0.06656227872,0.08238414572,0,0.003480128057,0.1616605632,0,0,0,0,0,0,0,0,0.03846193425,0,0,0.07547299177,0,0,0,0,0,0,0,0,0.01141833693,0,0,0.0004273312881,0,0,0,0,0,0,0,0,0.01900369405,0,0,0.002976940715,-0.6829731955,0,0,0,0.01195105389,0.002345796818,0.005932224939,0,0,0,0,0,0,0,0,0.1663789909,0,0,0,-0.4905795401,-0.09617763721,-0.2423659276,0,0,0,0,0,0,0,0,-0.2364337025,0,0,0,0,0,0.1125608636,0,0,0.5923644459,0.1186449415,0,0,0.0928609121,0.004436608629,-0.0938318404,0,0,0,0,0,0.01177747361,0,0,0.0928609121,0.06287126619,0,0,0.5923644459,0.1229379912,-0.4786284862,0,0,0,0,0,0.02181157613,0,0,0.004436608629,0.1229379912,0,0,0.1186449415,0.06287126619
1,1,1,1,2,1500,500,v1,0.003595975923,0.208746443,0.02630978545,0.001228549506,0.006641928389,0.1229855313,0.1862996235,0.004058782005,0.02961029559,0.001843746327,0.01827154863,0.1200456678,3.178243547e-05,0,6.102461287e-05,6.171196934e-05,0.0005571956169,0.01031733481,0,0.000340493816,0.002484026619,0.0001529235938,0.00153281189,0.01007070778,0.003896226818,0,0.0001177421922,0.0004890756142,0.03378778104,0.00425851218,0,0.03015453004,0.004792734043,0.00029505405,0.0002984295028,0.01943063881,0.00723645533,0.0001138927063,0.0002186823699,0.0009083592922,0.001081033162,0.007909327305,0.0002211455194,0.0003693302696,0.03697228251,0.0005480033767,0.0005542725993,0.00549284823,0.004696354377,7.391471176e-05,0,0.0005895119839,0.0007015748167,0.04072642604,0.0001435202293,0.0002396899793,0.00129584007,0,0.03634705209,0.0007918682722,0.248789235,-0.00463164244,-0.3945210812,-0.02787574929,-0.01054067979,-0.141126064,-0.1495042091,-0.002912916701,0.0001047086603,0,0.0001598746202,-0.0003027546247,0.0001444097539,0,0.0003806943772,-0.233275364,1.414598461e-05,0,-4.05515364e-05,0.0008434274946,0.01179396451,0.01251087223,-0.0003027546247,0.002865636472,0.2013505637,0.02131776434,-0.002912916701,0.0009936877697,0.1796507184,0.001496338137,-0.4764194333,0.003503157112,0,0.0002110507661,0.06378238879,0.004502642612,0.02416458721,0.0001444097539,0.0009936877697,0.007215378293,0.1136574199,0.0001047086603,0.002865636472,0.004425290985,0.01689936105,-0.1495887435,-0.004505112526,-0.0001938829139,-0.0005308785614,0.00115785101,0.008163705024,0.04229424554,0,0.1796507184,0.004425290985,0.03349038168,0,0.2013505637,0.007215378293,0.1357527428,-0.3450914341,0.003145736297,1.365798619e-05,0,0.0009009086078,0.07673783751,0.001936806105,0.0003806943772,0.001496338137,0.01689936105,0.1357527428,0.0001598746202,0.02131776434,0.1136574199,0.03349038168
1,1,1,1,0,1500,500,v1,0,0,0,0,0.1598825076,0.07059125842,0,0.04057401761,0.0210518554,0,0.1085547204,0.007627700201,0,0,0,0,0.08112734889,0.03581931343,0,0.02058800886,0.01068210177,0,0.05508267794,0.003870436515,0,0,0,0,0,0,0,0,0.02835620538,0,0,0.01027427889,0,0,0,0,0,0,0,0,0.01436535463,0,0,0.02209093718,0,0,0,0,0,0,0,0,0.2468238183,0,0,0.06263745861,-0.07747661645,0,0,0,0.18066578,-0.1725551896,-0.0002516116052,0,0,0,0,0,0,0,0,-0.2668299129,0,0,0,0.1012128013,0.08330416887,0.01269530519,0,0,0,0,0,0,0,0,0.01244369359,0,0,0,0,0,-0.01808364815,0,0,0.01296033879,0.03105955905,0,0,0.002737435497,0.04920919119,-0.08925102075,0,0,0,0,0,0.0357385206,0,0,0.002737435497,0.007024194504,0,0,0.01296033879,0.001435737345,0.2818785812,0,0,0,0,0,-0.2923437642,0,0,0.04920919119,0.001435737345,0,0,0.03105955905,0.007024194504
1,1,1,1,4,1500,500,v1,0.0007182352176,0,0,0.01100871133,6.268803866e-05,0.003262978554,0,0.0001156147407,0,0,0.02301115118,0,0.01661053792,0.01697370454,0.001583863938,0.01290165052,0.0005173299859,0.0269275716,0.01025015292,0.0009541050167,0,0.005395663049,0.1898984044,0,0.04809933164,0.03611044154,0.003369566496,0.03081022505,0,0,0.02180652709,0,0,0.01147891874,0,0,0.02166513491,0.01591703655,0.00151773653,0.01387769143,0.005679736434,0,0.01236299775,0.08705585207,0.02580332699,0.00517039041,0,0.1819700156,0.01849368497,0.01358702177,0.01388408336,0.0118462061,0.004848308435,0,0.0105532408,0.07431218451,0.0004231635251,0.008384379335,0,0.0007804350283,-0.1832530479,0.0109827905,0,0,2.158039148e-05,0.02594350484,0,0.02752441788,0.007267519864,0.02522439722,0.003076178612,0.01773776211,0.006033059659,0.02115997867,0.009943861053,-0.03148003177,-0.005351277245,0.003737998224,0.0002009187133,-0.001162811282,-0.104901317,0,0.01773776211,0.003422723647,0,0,0.02752441788,0.08030524993,0,0,0.06121052082,-0.07020073937,-0.04892119622,-0.01186631564,0,0,0,0.006033059659,0.08030524993,0.0008528146511,0.01480831876,0.007267519864,0.003422723647,0.001268857763,0.1187997943,-0.1268898102,0.01359694812,-0.001699246319,0.002985370482,-0.07049158948,0,-0.01011426316,0.02115997867,0,0.001268857763,0,0.02522439722,0,0.0008528146511,0,-0.1694875427,0.02642900457,-0.001816529448,0.01426028072,0.003690149905,0,-0.000273217385,0.009943861053,0,0.1187997943,0,0.003076178612,0,0.01480831876,0
1,1,1,1,0,1500,500,v1,0,0,0,0,0.0269870976,0,0,0.08829887913,0,0,0,0,0.108918416,0.01960064141,0,0.05914160554,0.01925023985,0,0.1980431172,0.06298471319,0,0,0,0,0,0.03156314697,0,0,0,0,0.318911197,0,0,0,0,0,0,0.03350849847,0,0,0,0,0.018194778,0,0,0,0,0,0,0.003397784686,0.0006114554517,0,0,0,0.001844962947,0,0.0006005244348,0.006178090867,0,0.001964851325,0.07540357603,0,0,0,-0.1069397148,0,0,0,0.1078850525,0.01695588071,0,0,0.0590754955,0.1752299154,0,-0.382780476,-0.1640002997,0.2029716747,0,0.07284206177,0,0,0,0,0,0,0,0,0,0,0.2097557265,0,-0.3378795911,0,0,0,0,0.0590754955,0,0.01097765352,0,0.1078850525,0,0.03632655471,0,-0.1587692391,0,0.04746220685,0,0,0,0,0.1752299154,0,0.03632655471,0,0.01695588071,0,0.01097765352,0,-0.2855436614,0,0.005231060521,0.006784052011,0,0,0.002561514256,0,0,0,0,0,0,0,0
1,1,1,1,4,1500,500,v1,0,0.5155577718,0,0,0,0,0.2655140961,0,0,0,0,0,0,0.002171186828,0,0,0,0,0.0003634514215,0,0,0,0,0,0.006682008923,0.02390060699,0,0.00369647953,0.1061462488,0,0.004000903778,0.05466569768,0,0,0,0,0.0067993476,0,0,0.003761391149,0,0,0,0,0,0,0,0,0.0002262379251,0,0.0008092212681,0.0001251545559,0,0.003593875338,0,0,0,0.0001354616822,0.001850858651,0,0.1660405274,0,-0.7807359428,0,0,0,0,0.003195026151,0,0.03129793009,0,0.001018225533,0,0.005234463995,0,-0.02685057404,0,0.002495644625,0,0,0,0,0.001018225533,0,0.6086300546,0,0.003195026151,0,0.3134130678,0,-0.773400111,-0.001286902558,-0.0277788891,0,0.1606067337,0,0,0,0,0,0,0,0,0,0,-0.0009371208855,-0.001871713569,0,0,0,0,0,0.005234463995,0.3134130678,0,0,0.03129793009,0.6086300546,0,0,-0.6485710594,0.0003497816744,0,0.0009283150706,0,0.005433793805,0,0,0,0,0,0,0,0,0
1,1,1,1,2,1500,500,v1,0,0,0,0,0,0,0,0,0,0,0,0,0,0,0.3673119262,0,0,0,0,0,0,0.1443815198,0,0,0,0,0.2636377505,0,0,0,0,0,0,0.1036296847,0,0,0,0,0.08688622503,0,0,0,0,0,0,0.03415289383,0,0,0,0,0,0,0,0,0,0,0,0,0,0,0,0,0,0,0,0,0,0,0,0,0.02097886635,0,0,0,0.01316077115,0.4614891367,0,0,-0.4842488949,0,0,0,0,0,0,0,0,0,0,0,-0.363434763,0,0,0.3406750047,0,0,0,0,0,0,0,0,0,0,0,-0.1435738901,0,0,0.1208141319,0,0,0,0,0,0,0,0,0,0,0,0,0,0,0,0,0,0,0.01316077115,0,0,0,0.02097886635,0,0,0
1,1,1,1,4,1500,500,v1,0,0.1186973931,0,0,0,0,0.05086298668,0,0,0,0,0,0,0,0,0,0,0,0,0,0,0,0,0,0,0,0,0,0.1204005386,0,0,0.05159280107,0,0,0,0,0,0,0,0,0,0,0,0,0,0,0,0,0,0,0,0,0,0.4609323068,0,0,0,0,0.1975139737,0,-0.4859336957,0,0.1693748875,0,0,0,0,0,0,0,0,0,0,0,0,0,0,0,0,0,0,0,0,0,0.3325471868,0,0,0,0.1422910261,0,-0.4884390722,0,0,0,0.1718802637,0,0,0,0,0,0,0,0,0,0,0,0,0,0,0,0,0,0,0.1422910261,0,0,0,0.3325471868,0,0,0.3412551513,0,0,0,0,-0.6578139597,0,0,0,0,0,0,0,0,0
1,1,1,1,0,1500,500,v1,0,0,0.01994891482,0,0,0,0,0,0,0.05007899589,0,0,0,0,0.08220395925,0,0,0,0,0,0,0.2395567158,0,0,0.001700803197,0,0.005524522349,0.002838442597,0,0.00433013328,0,0,0,0.01609942443,0.01087020164,0,0.01951778739,0,0.06339737183,0.03257291569,0,0.04969100535,0,0,0,0.1847510305,0.124742407,0,0.03453705073,0,0,0.05763831826,0,0,0,0,0,0,0,0,-0.1581741267,0,0,0.06915990174,0,0,0,0.02066460081,0,0,0.0285910284,0.03295033629,0,0,0.06064794123,0.2107911877,0,0,-0.2702838343,0,0,0,0.03295033629,0,0,0.03811204795,0.02066460081,0,0,0.09540928944,-0.2253179121,0.004443334034,0,0.02160192835,0,0.01502248782,0,0,0,0,0,0,0,0,0,-0.2490052965,0.04876248534,0,0.1891892596,0,-0.1731966145,0,0,0,0,0,0,0,0,0,0.05320581934,-0.08894911075,0,0,0,0,0,0.06064794123,0.09540928944,0,0,0.0285910284,0.03811204795,0,0
1,1,1,1,1,1500,500,v1,0,0,0,0,0,0,0,0,0.0563955857,0,0,0.003279892619,0,2.52037396e-05,0.00307556605,0,0,0,0.0004648289154,0,5.690542375e-05,0.004410763816,0,3.309544125e-06,0,0.001482218597,0.1808724129,0,0,0,0.0273363427,0,0.003346577878,0.2593946875,0,0.0001946325399,0,0,0.06788186953,0,0,0,0,0,0,0.09735147581,0,0,0,0,0.01514323521,0,0,0,0,0,0,0.2792844915,0,0,0.003415078134,0,0,0,0,0,-0.058436124,0,0,0.02033383401,0.1644875109,0,0,0.3752832397,0.2360219697,-0.5937758005,0,0.0004896884696,0.007453904184,0,0,6.012786248e-05,0,0,0,0,0,0,0,0,-0.1797879168,0,0.02854324918,-0.4378823656,0,0,0.003354950271,0,0,0,0,0,0,0,0,-0.4304284612,0,0,0.1634221411,0,0,0,0.3752832397,0,0,0.07796612305,0.02033383401,0,0,0.004565445539,0.02903293763,0,0,-0.2927776542,0,0,0,0.2360219697,0,0,0.004565445539,0.1644875109,0,0,0.07796612305
1,1,1,1,3,1500,500,v1,0,0,0,0,0,0.0001114551776,0,0,0,0,0.001243012255,0,0.01386540149,0,0.2820460621,0.002600108738,0,0.005873498853,0,0,0,0.09919891586,0.06550463789,0,0,0,0.3834027931,0,0,0,0,0,0,0.1348472697,0,0,0,0.0003250642389,0.006612364493,0,0,0,6.095765552e-05,0,0.0001376999026,0.002325646329,0,0.001535708524,0,0.0002605449322,0,0,0,0,4.885867568e-05,0,0,0,0,0,-0.06884422858,0,0,0,0,0.001318001552,0,0,0.01966069602,0,0.1454451705,0,0.003661618127,0,0.05235413823,-0.4768278543,-0.016231223,0,0.3486265847,0,-0.07050815571,0,0,0,0,0,0,0,0,0,0.3575629098,0,0,-0.4894291156,0,0,0,0.003661618127,0,0,0.008304489774,0.01966069602,0,0,0.09298485063,-0.2259247732,0,0.000383877261,0.008936325147,0,0,0.001663927224,0,0,0,0,0,0,0,0,-0.01584734573,0,0.0002991363139,0,0,0,0,0.05235413823,0,0.09298485063,0,0.1454451705,0,0.008304489774,0
1,1,1,1,1,1500,500,v1,0.009192075495,0.01322189795,0,0.04311140196,0.04084189586,0.003095863475,0.03075567985,0.0963967914,0.006343361441,0,0.01388298773,0.0004773555412,0.0127000836,1.540111251e-05,0.001096001145,0.0007549046182,0.008468534608,0.0006419248282,0.0007899759539,0.01998779799,0.001315290947,0.0006404798194,0.002878626459,9.897929163e-05,0.001440792059,0.0001702708917,0.01211711764,0.0004669342302,0.0303098991,0,0.008733778807,0.07050436757,0.01454153148,0.00708098651,0,0.001094290573,7.261234441e-05,0.007076264358,0.0006106726602,2.353232649e-05,0.001061972877,0,0.0004206196441,0.004980718403,0.000357669282,0.0003568641484,0,0.001603920293,0.001099466312,0.1071458901,0.0001299334682,0.0003563168276,0.01607995737,0.02312943964,0.006368849986,0.07541599348,0.07144588233,0.006664733824,0.0538017797,0.1686296307,-0.3339597212,0.04173122692,0.04193641154,0,0.1267044952,-0.01609256179,0.001690903271,0.001895014265,0.1307668087,0.0001641396867,0.01555582758,0.0006349108597,0.007775943043,0.008758976237,0.009095988428,-0.2599205854,0.01320994558,0.0007930170982,0.001666783045,0.02806577884,0.002794610026,0.001255606411,0.0006349108597,0.00992681189,0.0006998183379,0,0.001895014265,0.04542381398,0.004848839924,0,0.07098836711,-0.001270153977,-0.005206607936,-0.01902553873,-0.0703085673,0,-0.01184198845,0.007775943043,0.04542381398,0.03464848125,0.003360137551,0.1307668087,0.00992681189,0.08036558559,0.01436716227,-0.1747587099,4.567341112e-05,0.007353961984,0.0009242116809,0.005753499062,0,0.001479751885,0.008758976237,0.004848839924,0.08036558559,0.01230569671,0.0001641396867,0.0006998183379,0.03464848125,0.001037521446,0.1888086817,-0.0004621361879,-0.1129257422,-0.001535153114,-0.08438514326,0.02467305024,-0.2314463185,0.009095988428,0,0.01436716227,0.001037521446,0.01555582758,0,0.003360137551,0.01230569671
1,1,1,1,2,1500,500,v1,0,0.004364626032,0.02388236579,0,5.933353687e-06,0.01776929373,0.02996715598,3.001835405e-06,0.02477800203,0.004401003566,0.01014988042,0.009969339822,0.2223988899,0.0003424789959,3.344852481e-07,0.06890900873,1.351981295e-05,0.04048933204,1.843693013e-05,6.840019208e-06,0.0564594613,1.588723219e-06,0.02312764281,0.02271626078,0.0122680585,0.0002337521934,2.282962206e-07,0.003141508911,0.006787959424,0.03714236426,1.258375816e-05,0.04660555964,0.03853527683,1.084351279e-06,0.00684453454,0.01550452976,0.009654506715,0.1194561791,1.796606525e-07,0.002472250918,0,0.02922966216,0.03701280563,0,0.02174786439,8.533442114e-07,0.005386394652,0.01242245338,0.001637865366,0.0202654723,3.120743366e-05,0.0004194118118,0,0.000906236602,0.006279139289,0,1.231954867e-06,1.680013318e-06,0.006222144442,6.232774806e-07,-0.1480377104,0,-0.00348703481,0.01633979015,-4.467314845e-06,0.0184234272,0.02767783134,0.01373105674,0.1255981089,0.000445188936,3.189871024e-07,0.003405296567,0.03925245214,2.316377361e-05,1.88519199e-06,0.2397096703,-0.2816504426,-0.0003095940515,-1.326009256e-06,-1.716873708e-05,-0.05162416119,-0.05367379208,0.003405296567,0,0.008398134527,0.01028015994,0.01373105674,0,0.05709080467,0.001834043856,-0.02290048216,-0.008010929464,-2.609100172e-05,-4.922686412e-07,-0.0448318002,-0.01369953436,-0.001638012679,0.03925245214,0,2.305694193e-05,0.007074757669,0.1255981089,0,1.070744048e-05,0.007469619764,-0.2921878766,-0.004991610842,0.1452925825,3.488251668e-07,0,-0.01071639166,0.02350448237,2.316377361e-05,0.05709080467,1.070744048e-05,0.0277577692,0.000445188936,0.008398134527,2.305694193e-05,0.01369319097,-0.1980365547,0.001578304766,0.02645748601,2.344991352e-05,0,0.004659542229,-8.735363503e-07,1.88519199e-06,0.001834043856,0.007469619764,0.01369319097,3.189871024e-07,0.01028015994,0.007074757669,0.0277577692
1,1,1,1,1,1500,500,v1,0,0,0,0,0,0,0,0,0,0,0,0,0,0,0,0,0,0,0,0,0,0,0,0,0.03402676191,0,0,0.07760760138,0,0,0,0,0,0,0,0,0.006760303848,0,0,0.01541877443,0,0,0,0,0,0,0,0,0.2640183804,0,0,0.6021681781,0,0,0,0,0,0,0,0,0,0,0,0,0,0,0,0.3353686739,0,0,0,0.7652087438,0,0,0,0,0,0,0,0,0,0,0.7652087438,0,0,0,0.3353686739,0,0,0,-0.8439289855,0.1102107065,0,0,0,0,0,0,0,0,0,0,0,0,0,-0.7558867312,0.02216845238,0,0,0,0,0,0,0,0,0,0,0,0,0,0.1323791589,-0.8660974377,0,0,0,0,0,0,0,0,0,0,0,0,0
1,1,1,1,0,1500,500,v1,0,0,0,0,0,0,0,0,0,0,0,0,0.09103150335,0,0,0.00073174433,0,0,0,0,0,0,0,0,0,0,0,0,0,0,0,0,0,0,0,0,0,0.012557332,0,0,0,0,0.0001009404014,0,0,0,0,0,0,0.888436901,0,0,0,0,0.007141578914,0,0,0,0,0,0,0,0,0,0,0,0,0,1.177451596,0,0,0,0.009466448095,0,0,-0.8828551701,0.09157647729,0,0,0,0,0,0,0,0,0,0,0,0,0,0,0,0,0,0,0,0,0.009466448095,0,0,0,1.177451596,0,0,0,-0.8039259087,0,0.01264721609,0,0,0,0,0,0,0,0,0,0,0,0,0.1042236933,0,-0.8955023861,0,0,0,0,0,0,0,0,0,0,0,0
1,1,1,1,1,1500,500,v1,0.01089082457,0.04153623525,0.001592668108,0.000220699005,7.764006051e-05,0,0.004958706692,2.445740148e-05,0.04552053463,0.0004554042014,0,0.02883832226,0,0.03764782974,0,0,0.0002799515651,0,0.01239849042,8.818756425e-05,0.1641362054,0,0,0.1039841211,0.003202043148,0.00682866666,0,0.04383985383,0.02716565198,0.001041641528,0.002248872212,0.003243108083,0.0297714753,0,0.0002978448088,0.0188609252,0.002665486068,0,0,0.03649373672,0.00592929423,0.0008670966794,0,0.0001201552121,0,0,0.0002479358184,0,0.01243555178,0,0.02652001672,0.1702577845,0.02766251389,0.105501349,0,0.0005605718144,0.0001972044667,0.008733788255,0.0125950328,6.212139436e-05,-0.322240186,0.007352273603,0.04292032398,-0.001004583719,6.759737341e-05,0,0.07187948599,0.01104578149,0,0.02027757828,0,0.1352507588,0,0.00446840018,0,0.12930519,0,-0.02580949576,0,-0.000248691355,0,-0.265418719,0.1352507588,0.01911603476,0.0549809254,0.001542460022,0.01104578149,0.0004777691882,0.006635551138,0.0002732972046,-0.4347616774,0.04599475641,0.008968943706,0,0.02994458451,-2.342201646e-06,0.04808615344,0,0.0004777691882,0.0002598798727,0,0,0.01911603476,7.209605573e-05,0,-0.154023608,0.03737811571,0,0,0.00504500355,-0.000203578896,0,0.00446840018,0.006635551138,7.209605573e-05,0.1335795831,0.02027757828,0.0549809254,0.0002598798727,0.08460003631,0.1516134113,-0.1809038995,0,0.0003432330948,-0.02545981311,-0.1139425596,-4.022330401e-05,0,0.0002732972046,0,0.08460003631,0,0.001542460022,0,0.1335795831
1,1,1,1,3,1500,500,v1,0.001414956503,0.01088024387,0.0006194561684,0.005004365483,0.01628558563,0,0.05228376333,0.0009966089883,0.01480947031,0.0003190764979,0,0.03350275381,0,0.01136739119,0,0,0.0622213789,0,0.02966782273,0.003807685328,0.05658167192,0,0,0.1280020004,0.04289718922,0.003454698304,0,0.0239599816,0.01263351504,0.0007192769674,0.009016437907,0.0607089067,0.01719590737,0,0.0003704933254,0.03890147582,0.1345777115,0,0,0.07516761703,0.005154338817,0.002256526592,0,0.01822967364,0,0,0.001162317269,0,0.02995556631,0,0.002412452797,0.01673151157,0.001147300965,0.008822118753,0,0.004057731342,0.01320497703,0.006296275084,0.04239367925,0.000808088766,-0.1998801191,0.0006032032848,-0.01495247818,0.0002348318997,0.01410924053,0,0.04386294551,0.09390610448,0,0.009039565482,0,0.05146132732,0,0.02561109848,0,0.1381432928,0,-0.03890106081,0,-0.06209154418,0,-0.1786459163,0.05146132732,0.004771389273,0.004065197994,0.002055830546,0.09390610448,0.01761211812,0.02698119966,0.0009556495747,-0.3220188407,0.06238736388,0.008085510791,0,-0.02666683172,0.0007125114639,0.05330052996,0,0.01761211812,0.05208097859,0,0,0.004771389273,0.003287538826,0,0.1137059227,-0.2043316801,0,0,-0.02026085857,-0.002954996776,0,0.02561109848,0.02698119966,0.003287538826,0.03759744646,0.009039565482,0.004065197994,0.05208097859,0.0846262149,-0.2820191351,0.0450326951,0,0.007715107389,0.004735317022,0.02092171147,0.01106995872,0,0.0009556495747,0,0.0846262149,0,0.002055830546,0,0.03759744646
1,1,1,1,2,1500,500,v1,0.007697990509,0,0.0001461110897,0.006011415747,0.002239291267,0.004661626726,0,0.003511419616,0.007075560596,0.0002789130762,0.004804346353,0.002494948288,0.0001720592248,3.459107637e-05,0.001064040045,0.0007661629638,0.001585339183,0.003300267194,0.0015232354,0.002485961156,0.005009247177,0.007375006496,0.003401307653,0.001766335331,0.0018606612,0.0001849746462,0.005689919235,0.03284621923,0,0.0005531499997,0.008145451334,0,0.02678678496,0.03943760532,0.001055914156,0.009445420244,0.007966079881,0.003939158415,0.02436034628,0.1406250671,0.124771232,0.002368210334,0.01754068862,0.09743474584,0.07555697932,0.1688448785,0.004520702916,0.07787021987,0.0009292143541,0.0004594885561,9.237635331e-05,0.01640340455,0.01455411212,0,0.002046057771,0.01136541006,0.004233688797,0.004067839056,0,0.006638822786,-0.3811400728,0.01356235049,0,0.0003869271277,0.00222290694,0.009381385258,0.008626440442,0.007857390309,0.0050657274,0.0001210130315,0.02637427953,0.1370190422,0.02227638965,0.004713588728,0.1827432189,-0.3462515102,0.0008822852771,0.001481091641,0.008381075278,0.002660094824,0.006629827128,0.006139052007,0.1370190422,0.1540465587,0,0.002528258952,0.007857390309,0.1202553269,0,0.004787040203,-0.302536946,0.03415788775,-0.006579701701,0.04434603466,0,0.001282329419,-0.03420540597,0.02227638965,0.1202553269,0.001738962673,0.1014139361,0.0050657274,0.1540465587,0.001966135713,0.1045440022,0.1638122211,-0.1477844843,-0.02134528534,-0.1921387756,-0.2219551642,-0.006546122653,-0.1533165049,0.004713588728,0,0.001966135713,0.02164233135,0.0001210130315,0,0.001738962673,0.007517538968,-0.3426980187,0.01704230812,0.00223492201,0.001875542229,0.02552488944,0,-0.007353067349,0.1827432189,0.004787040203,0.1045440022,0.007517538968,0.02637427953,0.002528258952,0.1014139361,0.02164233135
1,1,1,1,4,1500,500,v1,0,0,0,0,0,0,0,0,0,0,0,0,0.01423117152,0,0,0.002454688716,0,0,0,0,0,0,0,0,0,0,0,0,0,0,0,0,0,0,0,0,0,0.2167883577,0,0,0,0,0.03739312217,0,0,0,0,0,0,0.621868564,0,0,0,0,0.1072640959,0,0,0,0,0,0,0,0,0,0,0,0,0,0.5861741933,0,0,0,0.1011135501,0,0,-0.4748775307,0.01668570604,0,0,0,0,0,0,0,0,0,0,0,0,0,0,0,0,0,0,0,0,0.1011135501,0,0,0,0.5861741933,0,0,0,-0.7123335282,0,0.2541417037,0,0,0,0,0,0,0,0,0,0,0,0,0.2708274095,0,-0.7290192346,0,0,0,0,0,0,0,0,0,0,0,0
1,1,1,1,4,1500,500,v1,0,0,0,0,0,0,0,0,0,0,0,0,0,0.07230626434,0,0,0,0,0.006386223939,0,0,0,0,0,0,0.2886512357,0,0,0,0,0.02549421476,0,0,0,0,0,0,0,0,0,0,0,0,0,0,0,0,0,0,0,0.5578883253,0,0,0,0,0,0,0.04927373597,0,0,0,0,0,0,0,0,0,0,0,0.2953442724,0,0,0,0.02608931483,0,-0.2929741997,0,0.07868514183,0,0,0,0,0,0,0,0,0,0,0,0,-0.5277267647,0,0.3134377065,0,0,0,0,0,0,0,0,0,0,0,0,0,0,0,0,0,0,0,0.02608931483,0,0,0,0.2953442724,0,0,0,0.3921228482,0,0,-0.6064119064,0,0,0,0,0,0,0,0,0,0,0
1,1,1,1,0,1500,500,v1,0,0.3912784681,0,0,0,0,0.03283979503,0,0,0,0,0,0,0,0,0,0,0,0,0,0,0,0,0,0,0,0,0,0.02489301241,0,0,0.002089257376,0,0,0,0,0,0,0,0,0,0,0,0,0,0,0,0,0,0,0,0,0,0.5063977699,0,0,0,0,0.04250169719,0,-0.4847482769,0,0.3811650015,0,0,0,0,0,0,0,0,0,0,0,0,0,0,0,0,0,0,0,0,0,0.1434312325,0,0,0,0.01194368163,0,-0.1305642025,0,0,0,0.02698092687,0,0,0,0,0,0,0,0,0,0,0,0,0,0,0,0,0,0,0.01194368163,0,0,0,0.1434312325,0,0,0.4081459281,0,0,0,0,-0.5117292039,0,0,0,0,0,0,0,0,0
1,1,1,1,1,1500,500,v1,0.3694824802,0.03213887261,0,0.01128258073,0.002645503658,0,0.009192716665,0.02599222982,0,0,0,0,0,0,0,0,0.002441922429,0,0,0.02399203221,0,0,0,0,0,0,0,0,0.05271068189,0,0,0.01507689363,0,0,0,0,0,0,0,0,0.1361931447,0,0,0.004158817351,0,0,0,0,0,0,0,0,0.25796396,0.02243860343,0,0.007877231966,0.001847028307,0,0.006418138128,0.01814716229,0.3777298381,-0.3559309169,0.01074862702,0,-0.01284361148,0,0,0,0,0,0,0,0,0,0,0.00488462638,0,0,0,0.0006898747863,0,0,0,-0.03345033288,0.007569765284,0,0,-0.0005532078805,0.005239621483,0,0.03633618266,0,0,0,-0.04487577385,0,0,0,-0.0005532078805,-0.001158951743,0,0,-0.03345033288,-0.007202799973,0,-0.1163347569,0,0,0,0.1390037845,0,0,0,0.005239621483,-0.007202799973,0,0,0.007569765284,-0.001158951743,0,-0.2632080159,0,0,0,0.2395961598,0.02558755564,0.01772823786,0,0,0,0,0,0,0,0
1,1,1,1,0,1500,500,v1,0.0001220329038,0,0.0001689030562,9.532870387e-05,0.0002787819587,0.000678002008,0,0.0007436382292,0.0001595828283,0.0001493783637,0.0008941344067,0.0003002136966,0.2172415871,0,0.01575019642,0.1739933878,0.02919382162,0.07099982285,0,0.07787319494,0.01671138493,0.0001449619754,0.09363303313,0.03143813591,0,0,0.003158613348,0,0,0.003547106966,0,0,0.003351374302,2.907130924e-05,0.003137071917,0.006304741421,0,0.08626808551,0.006254508217,0,0.005074700592,0.007023781393,0.06909393666,0.003964214689,0.02819450397,5.756536887e-05,0.006211853089,0.03718230297,0,0.0002405813807,0,0,1.415214524e-05,0,0.0001926867228,1.105526149e-05,3.233031948e-05,0,0,8.623966071e-05,-0.2595989829,0.0002137748695,0,0.0003145017509,0.001017519195,0.001569936283,0.0004590981614,0,0.19608922,0,0.009636437151,0,0.1570068838,0,9.509985646e-05,0.2414318513,-0.390474474,0,-0.01562746645,-0.1069213877,-0.1636106782,-0.04778083358,0,0.007349515449,0,0.004813236274,0,0.005736993742,0,0.004489649259,-0.06878511028,0,0,0.003154546702,0,0.005619213433,0.009497790995,0.1570068838,0.005736993742,0.04326226791,0.06298175749,0.19608922,0.007349515449,0.1154164464,0.08325044967,-0.5583826609,0,0.1546439961,0.005985228391,-0.008963021386,-0.01213563888,0.06455260377,0,0,0.1154164464,0.01968395947,0,0,0.04326226791,0.03705195709,-0.3504835897,0,0.0004330754052,0,2.490705985e-05,0,0.0001180582388,9.509985646e-05,0.004489649259,0.08325044967,0.03705195709,0.009636437151,0.004813236274,0.06298175749,0.01968395947
1,1,1,1,1,1500,500,v1,0,0,0.000776892517,0,0,6.279730565e-05,0,0,0.002004688658,0.0003461043109,0.01467679446,0.007909156896,0.006244079121,0.02302603301,0.0250016246,0.0004030062421,0,0.001392720183,0.07917517395,0,0.04446003418,0.0001324488074,0.325502307,0.1754094754,0.01148245439,0.006974173167,0.00757254449,0.0644027281,0,0.005218640746,0.02398074273,0,0.01346614839,4.011637256e-05,0.002324895683,0.05312838976,0.00358882245,0.0005910976669,0.002366786468,0.02012896796,0,0.00163107768,3.815070963e-05,0,0.0001318422837,1.253830702e-05,0.0007266423657,0.03081377582,0.004731671488,0.0007793308295,0.002873906154,0.02653897346,0,0,5.029968117e-05,0,0,0.009881946209,0,0,-0.4538438418,0,0,0.0007502522939,0,0.01452446007,0.009843057251,0.00478272599,0.007334211333,0.0196676915,0.02266842284,0.02683173458,0.0004578763146,0.06445550495,0.0001216971435,0.1722104584,-0.006239351215,-0.09747034862,-0.02488271585,0,-0.326378742,-0.2182364317,0.02683173458,0,0,0.004371668958,0.00478272599,0,0,0.001927148785,-0.2629163223,-0.07185150052,0.02912349653,0.007421885535,0,-0.006721996316,0.06522775533,0.0004578763146,0,0,0.001799375915,0.007334211333,0,0,0.4202424863,-0.3844158318,0.0225254926,0.0003324514711,0.002267416999,0,0.00177253219,0.03049303972,0.06445550495,0,0,0.04349544785,0.0196676915,0,0,0.1712529804,-0.1235797598,0.02824970086,0.0007121746396,0.01226472104,0,0,0,0.0001216971435,0.001927148785,0.4202424863,0.1712529804,0.02266842284,0.004371668958,0.001799375915,0.04349544785
1,1,1,1,3,1500,500,v1,0,0,0,0,0.03771834505,0,0,0.0068963838,0,0,0,0,0.2531496642,0.009727132202,0,0.04596673701,0.01864275054,0,0.009421182085,0.003408621524,0,0,0,0,0,0.003428639535,0,0,0,0,0.003320797609,0,0,0,0,0,0,0.3016974429,0,0,0,0,0.05478200833,0,0,0,0,0,0,0.1873355052,0.007198260486,0,0,0,0.03401624855,0,0.01379598547,0.006971851654,0,0.002522443935,0.0214665796,0,0,0,-0.03874637326,0,0,0,-0.226019651,0.009148460822,0,0,-0.04123193191,0.008075792482,0,0.004896350364,0.1455015263,-0.0119964313,0,0.0110036471,0,0,0,0,0,0,0,0,0,0,-0.01360261463,0,0.002119779102,0,0,0,0,-0.04123193191,0,0.0207304732,0,-0.226019651,0,0.005189217292,0,0.3595855456,0,-0.1814178241,0,0,0,0,0.008075792482,0,0.005189217292,0,0.009148460822,0,0.0207304732,0,-0.07353567673,0,0.2140840196,-0.001606183334,0,0,0.01046293248,0,0,0,0,0,0,0,0
1,1,1,1,2,1500,500,v1,0.0001483497103,0.002895255061,0,0.0005462433784,0.001872324808,0.002790091526,0.001718195957,9.654533304e-05,0.0002853080949,0,0.002702268454,1.772623727e-06,0.004877510885,0.01645591706,0,0.06613967566,0.0337127,0.05023782101,0.03685339648,0.001738375647,0.005137199576,0,0.04865649662,3.191750259e-05,0,0.05373174155,0,0,0.1702189867,0,0.120333444,0.1010168599,0.01677394696,0,0,0.000104216799,0,0.001036903646,0,0,0.0005678572846,0,0.01406054697,0.002090926102,0.01067999253,0,0,0.01034382085,0,0.004243170113,0.01431575595,0,0.002323759847,0.04535147013,0.05753793312,0.008556393042,0.0293282218,0.03206045752,0.02691393711,0.001512292594,-0.3262210542,0.0003463477973,0.00452781472,0,0.001761979285,0.004613408757,0.0002696071764,0,0.004430469476,0.03546995299,0,0,0.03929565858,0.07973733873,0,-0.1091609231,-0.04269296231,0.04934307902,0,-0.02105843789,-0.09594978438,0.002395985319,0,0.002836660634,0.1836369083,0,0,0.009908903607,0.1089192277,0,0.1705519391,0,-0.1703861901,0,-0.2693424417,0,-0.01530447193,0.03929565858,0.009908903607,0.03596685359,0.05635947394,0.004430469476,0.002836660634,0.001630034089,0.05383646559,-0.1437244697,0,0.01394769001,0,0.000792609205,0,0.01787241605,0.07973733873,0.1089192277,0.001630034089,0.01884015235,0.03546995299,0.1836369083,0.03596685359,0.0001181668069,-0.4327605113,0,-0.0004054797696,0.04423824994,-0.009635999833,0.06977720295,-0.005768133177,0,0,0.05383646559,0.0001181668069,0,0,0.05635947394,0.01884015235
1,1,1,1,2,1500,500,v1,0,0.0426334919,0.02891735757,0,0.0002159533812,0.1308644309,0.424713261,0.006428077072,0.0003752514286,0.008628113099,0.02866386818,0.0002048728712,0,0.0007174111331,0.002143063901,0,3.275038525e-05,0.01984623027,0.0004272969717,0.0009748492912,5.690871238e-05,0.0008231245677,0.004347015641,3.106997178e-05,0,0.001035605416,0.003093579789,0,0.009333263154,0.006330546617,0.0006168165472,0.09297762047,8.214950678e-05,0.001188206066,0.001888854196,4.485047633e-05,0,0,0.002713323369,0,0,0.005552408938,0,0,0.02512722105,0.001042154237,0.00165668015,0.005503736552,0,0,0.001382885046,0,0,0.012463077,0,0,6.312979534e-05,0.0008236596353,0.1241567097,0.00187912404,0.3109008535,0,-0.4663840206,-0.03736687854,-0.006467645191,-0.1593454275,-0.0005521138288,0,0,0.0008029904083,0.0001729376847,0,0,0.0003138117831,0.000289432165,-0.136354696,0,0.0003606317259,0.0009848183882,0.0009584168637,0.02406889498,4.68789625e-05,0,0,0.03124076265,0.02570438394,0,0,0.3108929937,0.007661291911,-0.3611823473,0,-0.0002217214728,-0.0006419634209,0.1020798127,0.00807525893,0.0001202437956,0,0,0.0002163659304,0.1289282101,0,0,0.005387316876,0.02821403541,-0.1642252982,0,0,-0.0006511015342,0,0.007047835696,0.03051503579,0.0003138117831,0.3108929937,0.005387316876,0.0003775124485,0.0008029904083,0.03124076265,0.0002163659304,0.0001999741576,-0.369674522,0,0,-0.0008834450481,0,0.136215037,0.001773439779,0.000289432165,0.007661291911,0.02821403541,0.0001999741576,0.0001729376847,0.02570438394,0.1289282101,0.0003775124485
1,1,1,1,1,1500,500,v1,0,0.0587259904,0,0,0,0,0.03415879137,0,0,0,0,0,0,0,0,0,0,0,0,0,0,0,0,0,0,0,0,0,0.3962394023,0,0,0.2304781747,0,0,0,0,0,0,0,0,0,0,0,0,0,0,0,0,0,0,0,0,0,0.1772801623,0,0,0,0,0.1031174789,0,-0.3465872102,0,0.09267979751,0,0,0,0,0,0,0,0,0,0,0,0,0,0,0,0,0,0,0,0,0,0.2407706151,0,0,0,0.1400905051,0,0.3716361898,0,0,0,-0.6255436023,0,0,0,0,0,0,0,0,0,0,0,0,0,0,0,0,0,0,0.1400905051,0,0,0,0.2407706151,0,0,-0.5328638062,0,0,0,0,0.2789563921,0,0,0,0,0,0,0,0,0
1,1,1,1,3,1500,500,v1,0,0,0,0,0,0,0,0,0.006847129382,0,0,0.003106917779,0,0.3855617139,0.03800531484,0,0,0,0.2907358786,0,0.01445659093,0.01435960795,0,0.006559747431,0,0.06729342278,0.006633199374,0,0,0,0.05074314095,0,0.002523158939,0.002506232165,0,0.001144895464,0,0,0.00273303137,0,0,0,0,0,0,0.001032625546,0,0,0,0,0.06029298644,0,0,0,0,0,0,0.04546440623,0,0,-0.01384611784,0,0,0,0,0,0.005045087544,0,0,0.3869351003,0.04293351795,0,0,0.2917121809,0.01622368788,0.2452628596,0,-0.6761595667,-0.05231107983,0,0,-0.01746290329,0,0,0,0,0,0,0,0,-0.6314282395,0,0.1180163113,0.009124457671,0,0,0.003616785447,0,0,0,0,0,0,0,0,-0.04318662213,0,0,0.003748484882,0,0,0,0.2917121809,0,0,0.008629097477,0.3869351003,0,0,0.004572447916,-0.5581432554,0,0,0.1057117338,0,0,0,0.01622368788,0,0,0.004572447916,0.04293351795,0,0,0.008629097477
1,1,1,1,0,1500,500,v1,0.01309638492,0.002790786314,0,0.002629232754,0.08336613257,0.02951785571,0.006641159636,0.02610391723,0.0007079973219,0,0.01525975042,0.0001323264924,0.00105674814,3.117630412e-05,0,0.04438400812,0.05553075991,0.0196620487,0.0001885014448,0.01738800057,0.0004716019334,0,0.01016462574,8.814359566e-05,0,5.85587443e-05,0,0,0.003491706028,0,0.0003540640311,0.008309119554,0.0008858143328,0,0,0.0001655609421,0,0.0003426545911,0,0,0.002828658092,0,0.01439168292,0.0005678819423,0.006375493842,0,0,0.003295918437,0,0.004917045146,0.0001450632266,0,0.04059084542,0.008649743924,0.2065186239,0.008149025928,0.2583844184,0.0008770965186,0.02058356454,0.08090630169,-0.3039994261,0.01396803925,0.008437792346,0,0.1079730829,-0.03446912275,-9.152833231e-05,0,0.005380788763,0.0001551048419,0,0,0.2220761854,0.0009624593558,0,-0.4529378452,0.04413514578,0.0001401539374,0,0.07222480174,0.01482519201,0.0001292202588,0,0.03767208144,0.003938733296,0,0,0.007822759351,0.009187708176,0,-0.01801159489,0,-2.470411282e-05,0,0.008577987243,0,-0.0004506961904,0.2220761854,0.007822759351,0.1799522694,0.01011739445,0.005380788763,0.03767208144,0.05626642887,0.006694862958,-0.2194158904,0,0.01463119203,0,0.003172891194,0,0.008435759115,0.0009624593558,0.009187708176,0.05626642887,0.0004866232567,0.0001551048419,0.003938733296,0.1799522694,0.0001328831388,0.273236382,0,-0.2104043206,-0.0008604926225,-0.04747082434,-0.02576674056,-0.3376770166,0,0,0.006694862958,0.0001328831388,0,0,0.01011739445,0.0004866232567
1,1,1,1,2,1500,500,v1,0,0.00165558951,0,0,0,0,0.006761887829,0,0,0,0,0,0,0.2051423052,0,0,0,0,0.1497711842,0,0,0,0,0,0.004105838426,0.2501590847,0,0.03658323652,0.001604554885,0,0.1826372299,0.006553448233,0,0,0,0,0.00657993587,0,0,0.05862757499,0,0,0,0,0,0,0,0,0.0007656675738,0,0.04665032561,0.006822138391,0,0.000299221625,0,0,0,0.03405867212,0.001222104303,0,-0.005767789084,0,-0.0001565471159,0,0,0,0,0.003117149147,0,0.006611167158,0,0.02379038186,0,0.007281985605,0,-0.236383749,0,0.2271216474,0,0,0,0,0.02379038186,0,0.001724609435,0,0.003117149147,0,0.007161894869,0,0.2623238577,0.02798099287,-0.3169973412,0,-0.006432302558,0,0,0,0,0,0,0,0,0,0,0.0354804463,-0.05341880026,0,0,0,0,0,0.007281985605,0.007161894869,0,0,0.006611167158,0.001724609435,0,0,-0.1219023507,0.007499453428,0,0.08061359239,0,0.0006645134706,0,0,0,0,0,0,0,0,0
1,1,1,1,3,1500,500,v1,0,0.004460538631,0.0002100791903,0,0.009231625175,0.0007402292538,7.620084969e-05,0.006416377489,0.01551908778,0.0001540684046,0.008618169608,0.04003755962,0,0.009446711054,0.07162689342,0,0.01553713037,0.001245830306,0.005712100727,0.01079897544,0.0261191378,0.1105709043,0.01450466437,0.0673845365,0,0.0003645262557,0.002763912553,0,0.0002896864188,1.364343936e-05,0.0002204164686,4.948808448e-06,0.001007875805,0.004266669902,1.000585985e-05,0.002600210025,0,0,0.1578545351,0,0,0.0007792137903,0,0,0.002745616268,0.2436810792,0.000571461768,0.03196602479,0,0,0.02546713983,0,0,0.02023855462,0,0,0.04188614106,0.01539910209,0.0003457418904,0.02911267383,-0.1558710574,0,0.003634180648,9.185930152e-05,0.01553582389,0.009292408192,0.03304449877,0,0,0.02570972473,0.1254775191,0,0,0.01469861091,0.1936613649,-0.472628161,0,0.01021992105,0.1794191875,0.02566399295,0.01545327717,-0.07501969947,0,0,0.02362475439,0.0009304417162,0,0,0.0004242711875,0.0006389571409,-0.3066589623,0,0.0005764582418,0.007015224913,0.0002922260972,2.275805213e-05,0.00348260986,0,0,0.02581122397,0.00113750759,0,0,0.01785266798,0.01324972092,0.2112947148,0,0,-0.3991936682,0,-0.001160883259,-0.03433717101,0.01469861091,0.0004242711875,0.01785266798,0.01654629484,0.02570972473,0.02362475439,0.02581122397,0.04119259142,0.05592260287,0,0,-0.03773526973,0,-0.01995909047,-0.07030907819,0.1936613649,0.0006389571409,0.01324972092,0.04119259142,0.1254775191,0.0009304417162,0.00113750759,0.01654629484
1,1,1,1,2,1500,500,v1,0.2414720781,0,0.07072985222,0.01920159828,0,0.1920650005,0,0,0,0.1004672296,0.06981344284,0,0,0,0,0,0,0.1704106975,0,0,0,0,0.06194235002,0,0,0,0,0,0,0.003420611475,0,0,0,0,0.004858759742,0,0,0,0,0,0.004961531484,0.001453287648,0,0.0003945356131,0.003946363299,0,0.00206430212,0.001434458167,0,0,0,0,0.0475803624,0,0,0.003783538916,0,0,0,0,0.1294771056,-0.260036433,0,-0.1710414368,0,-0.1289410232,0,0,0,0,0,0,0,0,0,-0.1236408114,0,0,0,0,0.05683532818,0,0,0.2839685973,0,0.09874223981,0,0.0226700455,0,0.1402235737,-0.1675631101,0,0,0,0,0.008252567646,0,0,0.0226700455,0,0.07289900357,0,0.2839685973,0,0.02730922083,-0.4446427528,0,0,0,0.005322427748,0.003478326621,0.005300212052,0,0,0,0,0,0,0,0,-0.254714006,0,0,0,0.05028824337,0,0,0,0.1402235737,0.02730922083,0,0,0.09874223981,0.07289900357,0
1,1,1,1,1,1500,500,v1,0.01403078683,0.08210125849,0,0.009867208823,0.007154622166,0.03559022132,0.004821244109,0.0006517322651,0.002744201932,0,0.02605061799,0.01180364541,0.001358752123,0.0001043618923,1.480549971e-07,0.0004770707388,0.0003501963814,0.001742030037,0.0006792432754,3.19002563e-05,0.000134320103,3.205793565e-06,0.001275096286,0.0005777515308,0.01099646185,0.00135158378,1.917450213e-06,0.01717731172,0.05204461387,0,0.008796833532,0.003056223408,0.001739570532,4.151801475e-05,0,0.00748242084,0.05965460643,0.09546238371,1.040195832e-05,0.09318504298,0.04825018868,0,0.03351774703,0.03393214459,0.1223904913,0.0002252307027,0,0.0895849426,0.009575010414,0.01532242643,0.001176872066,0.01495689621,0.007744516086,0.04531709623,0.005379849036,0.005446362942,0.003949107567,0.00765971581,0.002661162414,0.0003597339957,-0.2288625023,0.02247956123,-0.05835866933,0,-0.005893577228,0.06000943737,-0.01154986797,0.05886211326,0.1182964442,0.001624894211,1.551897722e-05,0.09198312594,0.04150648488,0.00937377792,0.0003221074699,-0.282916925,0.001803294559,0.0003917264724,1.236819279e-06,0.0002919455935,0.002960262702,0.000369466506,0.09198312594,0.04085728717,0.01751413802,0,0.05886211326,0.02880857388,0.001574167205,0,-0.1726172136,0.0265584967,-0.004931524875,-1.796855161e-05,0.01898124701,0,0.0008061681289,0.04150648488,0.02880857388,0.006712217974,0.1278043729,0.1182964442,0.04085728717,0.000716435199,0.09371488601,0.1690175141,-0.1502492888,-0.1286993584,-0.0002083525658,-0.0806585848,0,-0.210649206,0.00937377792,0.001574167205,0.000716435199,0.00311336388,0.001624894211,0.01751413802,0.006712217974,0.0124479861,-0.3582847315,0.02312729928,0.02036077761,-0.00279264968,0.01173511621,0.02665188551,0.0006491961883,0.0003221074699,0,0.09371488601,0.0124479861,1.551897722e-05,0,0.1278043729,0.00311336388
1,1,1,1,1,1500,500,v1,0,0.008589733868,0.1443262604,0,0,0,0.001295769652,0,0.01349182963,0.04442090394,0,0.00267245543,0,0,0,0,0,0,0,0,0.01475139189,0,0,0.002921948945,0,0,0,0,0.006024523977,0.1012251404,0,0.000908805262,0.00946267397,0,0.03115519118,0.001874362124,0,0,0,0,0,0.4663112472,0,0,0,0,0.1435218169,0,0,0,0,0,0,0.006122378522,0,0,0,0,0.0009235667147,0,-0.4710477626,0,-0.001102752837,0.1883072358,0,0,0.003168210488,0,0,0,0,0,0,0,0,0.01231978719,0,0,0,0,0,-0.006111832556,0,0,-0.002242839344,0.3308973879,0,0,-5.765896431e-05,0.1017276468,-0.426758415,0,0,0,0.004688607241,0.1322431624,0.009151576711,0,0,0,0,0,0,0,0,0.3205503986,0,0,0,0,-0.6089670885,0,0,-5.765896431e-05,0,-0.008088941011,0,-0.002242839344,0,-0.00122299094,0.003585854405,0,0,0,0,-0.002052188869,0,0,0.1017276468,0,-0.00122299094,0,0.3308973879,0,-0.008088941011
1,1,1,1,2,1500,500,v1,0.01472012424,0.0009327072892,1.042411399e-05,0.00494241161,0.0004112703619,0.0001143266138,0.005597497828,0.0001799391096,0.001134665416,3.030665778e-05,0.0005084647142,0.003089600809,0,0.01035648785,0.0005727625695,0,0.0007982362091,0.0002218969594,0.01222766939,0.000349244502,0.002202276421,0.001533702517,0.0009868810969,0.005996617957,0.02817951275,0.01327516857,0.0007341793641,0.01349514476,0.002320475174,2.593407172e-05,0.01567368927,0.01392597109,0.002822925219,0.00196593283,7.539969699e-05,0.007686593701,0.2190396468,0,0.005706783862,0.1048979011,0.2846638261,0.0002015858102,0,0.09557839156,0.002210895151,0.01528121641,0.0005860826319,0.009832900085,0.01948360061,0,0.009178586047,0.009330679809,0.02532087856,0.001604400045,0,0.008501708415,0.000707448301,0.01083694756,0.009628557502,0.0003095229542,-0.367244827,0.01958969442,0.003631978483,3.189637624e-05,-9.068200064e-05,0.0005673922688,0.001742672139,0.2569833527,0,-0.004192831031,0.006655436138,0.1230670081,0,-0.004106288134,0.0177105668,-0.03288495048,0,0.005278945475,0.001833060808,-0.0004831324942,0.001021580898,0.0006002832665,0.1230670081,0.3671339399,0.0002232627959,0.000253378966,0.2569833527,0.1232329312,0.0002138359004,0.0007160192151,-0.2825767149,0.04138845438,-0.01267910789,0.002440652608,-0.01132218102,7.602534499e-05,-0.005188011997,0,0.1232329312,0.0008302950751,0.002841495883,0,0.3671339399,0.0003987153489,0.01254634382,0.1291297642,-0.3234561032,0,-0.02051771538,-0.3799812163,-0.0007541871753,-0.01184753297,-0.004106288134,0.0002138359004,0.0003987153489,0.001078853843,-0.004192831031,0.0002232627959,0.0008302950751,0.003188731049,-0.6581233501,0.0287007415,0,0.01293290853,0.0334802663,0.007398803413,-0.000245525788,0.0177105668,0.0007160192151,0.01254634382,0.003188731049,0.006655436138,0.000253378966,0.002841495883,0.001078853843
1,1,1,1,2,1500,500,v1,0,0.01990912795,0,0,0,0,0.03195377251,0,0,0,0,0,0,0,0,0,0,0,0,0,0,0,0,0,0,0,0,0,0.0395641416,0,0,0.0634996964,0,0,0,0,0,0,0,0,0,0,0,0,0,0,0,0,0,0,0,0,0,0.3244066865,0,0,0,0,0.520666575,0,-0.7420033506,0,0.05185978039,0,0,0,0,0,0,0,0,0,0,0,0,0,0,0,0,0,0,0,0,0,0.3974009185,0,0,0,0.6378144406,0,-0.7932053525,0,0,0,0.1030617821,0,0,0,0,0,0,0,0,0,0,0,0,0,0,0,0,0,0,0.6378144406,0,0,0,0.3974009185,0,0,0.1549215623,0,0,0,0,-0.8450651331,0,0,0,0,0,0,0,0,0
1,1,1,1,4,1500,500,v1,0,0.0008684516909,0,0,0,0,0.0003739758869,0,0,0,0,0,0,0.371103842,0,0,0,0,0.1552288322,0,0,0,0,0,5.459364628e-05,0.0756920272,0,1.295178329e-06,0.001328452464,0,0.0316611785,0.0005720631251,0,0,0,0,0.0003368234801,0,0,7.990792003e-06,0,0,0,0,0,0,0,0,0.0001811822667,0,0.251202365,4.298363663e-06,0,0.004408791956,0,0,0,0.105075306,0.001898530337,0,-0.004358663249,0,0.001190809679,0,0,0,0,0.0002551879285,0,0.068326866,0,6.37939688e-06,0,0.03055016863,0,0.445528388,0,-0.511446411,0,0,0,0,6.37939688e-06,0,0.003324578348,0,0.0002551879285,0,0.001427202009,0,-0.1784129689,3.381622796e-05,0.1072725808,0,0.001846319091,0,0,0,0,0,0,0,0,0,0,6.099747017e-05,-0.0002353756872,0,0,0,0,0,0.03055016863,0.001427202009,0,0,0.068326866,0.003324578348,0,0,-0.4013382621,2.718124223e-05,0,0.338255807,0,-0.006204982338,0,0,0,0,0,0,0,0,0
1,1,1,1,3,1500,500,v1,0.03610138342,0.01127370136,0.01079104106,0.04210441476,0.02293098557,0.00548239474,0.02008916871,0.03626760193,0.02003494178,0.03469917723,0.008437016173,0.003593787325,0.0005774036644,0.002643599287,0,0.0007369345914,0.002526277218,0.0006039883845,0.0001173851823,0.003995555106,0.002207223794,0,0.0009294952316,0.0003959229322,0.01584079695,0.04929457713,0,0.06105232306,0.02315945473,0.02216793039,0.00218885402,0.04126898333,0.04115758547,0,0.07128218132,0.007382682246,0.01118556882,0.007602634325,0,0.04311051794,0.05236808531,0.01565331035,0.009703167067,0.06107598588,0.007952673506,0,0.05033406761,0.01223859977,0.004040903146,0.002746530772,0.01257478475,0.01557412327,0.01891851583,0.005907853866,0.003505370086,0.02206433553,0.01201671992,0.0005583650319,0.0105274984,0.01900562073,-0.1737725337,0.02619099787,0.01804707079,0.03459405235,-0.05302065943,-0.004398742711,0.00605076363,0.01321685471,0.008533224452,0.05498779909,0,0.04543077399,0.009756762747,0.002417681506,0,-0.1421618134,0.0002175818018,0.002358977157,0,0.00285377172,0.0006369093639,0.001734025259,0.04543077399,0.009678654181,0.01563794951,0.01045656498,0.01321685471,0.01439915795,0.02538177357,0.01806412233,0.130410826,-0.06373421584,-0.0501077508,0,-0.06001593425,-0.07249714939,-0.04342192339,0.009756762747,0.01439915795,0.01848574918,0.007981360817,0.008533224452,0.009678654181,0.0330232562,0.01289928644,-0.01801752665,0.005807040043,-0.01502267,0,-0.08177539251,0.01888930543,-0.01015859816,0.002417681506,0.02538177357,0.0330232562,0.04586394786,0.05498779909,0.01563794951,0.01848574918,0.007591753876,-0.2682011833,0.01882875665,0.002611763403,0.009478453247,0.03953251992,0.0146223814,0.0158275508,0,0.01806412233,0.01289928644,0.007591753876,0,0.01045656498,0.007981360817,0.04586394786
1,1,1,1,3,1500,500,v1,0,0.0007453463291,0.002162698155,0,0.0006240266045,0.0002770976842,0.002962962769,0.0002428786404,0.01442190001,0.0007877956026,0.001516673431,0.002625594096,0,0.001288966562,0.006370636207,0,0.0002455546083,0.0001090380007,0.001006774552,9.557279929e-05,0.005675020879,0.01318162558,0.0005968113339,0.001033171864,0,0.01894152573,0.0936173002,0,0.004309991435,0.01250587836,0.01479467864,0.01713343671,0.08339514547,0.1937056456,0.004555455856,0.01518259046,0,0,0.1138414953,0,0,0.01520752991,0,0,0.001948478714,0.2355519792,0.005539573406,0.01066485237,0,0,0.03245453427,0,0,0.007384767561,0,0,0.006182751891,0.02534929931,0.02935654271,0.002406401206,-0.1422413673,0,0.002939669498,0.002152935906,-4.03687778e-06,0.000690092131,0.01560660271,0,0,0.02213339335,0.04321896525,0,0,0.01703632683,0.0792169603,-0.2305423801,0,0.002138632178,0.01950948743,3.372232564e-05,0.0004345675083,0.00630928044,0,0,0.005687117094,0.01006734858,0,0,0.02019628743,0.003764012435,-0.2407068413,0,0.01189866172,0.1087747038,0.005617702798,0.002118048971,-0.09709478545,0,0,0.009114663053,0.002537639716,0,0,0.003429614991,0.01371911947,0.1336798358,0,0,-0.2099081416,0,-0.01349189223,-0.0119624991,0.01703632683,0.02019628743,0.003429614991,0.09523714604,0.02213339335,0.005687117094,0.009114663053,0.01753120745,0.02262435161,0,0,-0.04015044065,0,-0.02581297533,-0.008392537485,0.0792169603,0.003764012435,0.01371911947,0.01753120745,0.04321896525,0.01006734858,0.002537639716,0.09523714604
1,1,1,1,2,1500,500,v1,0,0.08692604818,0,0,0,0,0.02822560121,0,0,0,0,0,0,0,0,0,0,0,0,0,0,0,0,0,0,0,0,0,0.1176560616,0,0,0.03820388876,0,0,0,0,0,0,0,0,0,0,0,0,0,0,0,0,0,0,0,0,0,0.5503011128,0,0,0,0,0.1786872874,0,-0.5730351755,0,0.1151000318,0,0,0,0,0,0,0,0,0,0,0,0,0,0,0,0,0,0,0,0,0,0.5185569762,0,0,0,0.168345743,0,-0.6137838454,0,0,0,0.1558487009,0,0,0,0,0,0,0,0,0,0,0,0,0,0,0,0,0,0,0.168345743,0,0,0,0.5185569762,0,0,0.2709487326,0,0,0,0,-0.7288838769,0,0,0,0,0,0,0,0,0
1,1,1,1,0,1500,500,v1,0.003169234772,0.1351200285,0.02035066388,0.005662927672,0.002790386773,0.007117261254,0.05660714038,0.002756175989,0.00726291899,0.03480250811,0.06649588784,0.0005267515375,0,0.01038634329,0.07153745511,0,0.002620507728,0.006683961629,0.015868573,0.002588379701,0.006820751707,0.1653355153,0.06244761109,0.0004946828477,0.01392040638,0.00466442554,0.0321269116,0.01033128108,0.05698706111,0.008582920969,0.007126452027,0.02387414067,0.003063146247,0.07425088683,0.0146780065,0.0002221581981,0.00402720526,0,0.009294388675,0.00298886314,0.0003866898709,0.002483058578,0,0.0006909544188,0.0008684029531,0.02148095062,0.004246380699,0.008113405326,0.0009221822402,0,0.00030900322,0.00068441421,8.854739413e-05,0.003775209879,0,0.0001582203669,7.79625036e-05,0.000472104572,0.001581585187,7.700666537e-05,0.09246166078,-0.008661587673,-0.1890445911,-0.052375632,-0.003948118371,-0.03354985185,-0.005526484843,0.01355140999,0,0.01086609236,0.04586065028,0.01014392681,0,0.01773116038,0.1050576877,0.103021159,0,-0.02316836055,-0.230742167,-0.0002222929717,-0.02397218235,-0.001321394136,0.01014392681,0.004063722194,0.1141276326,0.01541404898,0.01355140999,0.007240005406,0.04862463525,0.02640459624,-0.4519117301,-0.023700987,0.003439824825,0.09964378473,0.07535180256,0.01847486474,0.003015816843,0,0.007240005406,0.002955833209,0.006657505745,0,0.004063722194,0.003092042353,0.06663879241,-0.2531431323,0.006389912668,0,0.03048615712,0.0008993268249,0.006021670459,0.008657835446,0.01773116038,0.04862463525,0.003092042353,0.005319500352,0.01086609236,0.1141276326,0.002955833209,0.0004285928553,-0.1626650704,0.001514183121,0,0.0006637005664,0.0002264424587,0.005191276548,0.0001384943038,0.1050576877,0.02640459624,0.06663879241,0.0004285928553,0.04586065028,0.01541404898,0.006657505745,0.005319500352
1,1,1,1,0,1500,500,v1,0.00456141974,0.1205520774,0.03869607889,0.001511189047,0.05469324978,0.005684163023,0.1541629002,0.02264696564,0,0.03586181391,0.06316376348,0,0.00231700613,0,0,0.001274961364,0.01481739168,0.001539942684,0,0.006135473054,0,0,0.01711220721,0,0.001349422009,0,0,0.004150362181,0.03432879746,0.01101921993,0,0.04389992349,0,0,0.01021212552,0,0.003682080379,0.006645360076,0,0.0113248243,0.003544291268,0.03006743126,0.003656691812,0.001174216461,0.004416679568,0,0.02786516504,0.04907918764,0.002533160301,0.004571807401,0,0.007791137717,0.002438365546,0.06444266234,0.002515693732,0.0008078255273,0.0292369796,0,0.08240975963,0.01210622654,0.2946582229,-0.004717323391,-0.2602626837,-0.05997865637,-0.06817168501,-0.04748562412,0,0.00365852998,0.008518734779,0,0,0.01185295326,0.00448791629,0,0,-0.1036059499,0.0001003540596,0,0,0.01622874915,0.01399702724,0,0.01185295326,0.003888733194,0.0331827517,0.02102096361,0.00365852998,0.001502076702,0.04563251556,0.01679650646,-0.1864199751,0.002003017394,0,0,0.07628226404,0.02003854737,0,0.00448791629,0.001502076702,0.03620655033,0.004161432984,0.008518734779,0.003888733194,0.01202090732,0.04452418715,-0.07660592919,-0.01111391595,-0.006683747184,0,-0.001631076242,0.01472846226,0.001031516756,0,0.04563251556,0.01202090732,0,0,0.0331827517,0.03620655033,0,-0.2579660466,-0.001230090276,-0.002087707589,0,0.002754526362,0.1314369081,0.01979129743,0,0.01679650646,0.04452418715,0,0,0.02102096361,0.004161432984,0
1,1,1,1,3,1500,500,v1,0.004850381824,0.006932203948,0.003443551913,0.02370672907,2.413964398e-05,0.0002683856894,0.02849017559,2.280535369e-06,0.002449629449,0.01278566322,0.0001915800705,0.003044780324,0.006355196765,0,0.01901027762,0.001323595793,1.322283911e-05,0.0001470121429,0,1.249196231e-06,0.001341819959,0.01647907752,0.0001049407544,0.001667822458,0.0037001825,0,0.03720195371,0.004081367868,0.007430918074,0.003691286687,0,0.03053980556,0.002625859811,0.03224854952,0.01370548481,0.003263826816,0.005899045164,0.01982735884,0.05930950842,0.006506752947,0.008289066924,0.005884862944,0.00412944079,0.0405136484,0.000458658106,0.05141250468,0.02185007737,0.0003274010343,0.0204183453,0.06862837086,0,0.02252180222,0.02869091963,0.04100528856,0.0142932196,0.1402297557,0.0001427905288,0,0.1685247405,1.34897951e-05,-0.3013638196,0.02682167728,0.0336103973,-0.0002126872196,2.307173354e-05,-0.0001515688678,-0.002307748203,0.01901026512,0.06417671469,0,0.0121042177,0.01864532246,0.0134074602,0,0.01089386167,-0.1119647472,0.007399354273,0,0.0318337919,3.333841475e-06,0.000112419405,-3.066426646e-05,0.01864532246,0.02426329687,0.04018454328,0.002493093817,0.01901026512,0.1158226737,0.1654394117,0.008780483216,-0.2824222809,0.007114274789,0,0.04219563413,0.03664933588,0.009090491366,-0.002553903176,0.0134074602,0.1158226737,0.0001730375943,0.0005050956231,0.06417671469,0.02426329687,1.608712307e-05,0.0003548210184,-0.1626353258,0.009137861112,0.02197534377,-0.08936147893,0.0441730463,-0.01639352217,-0.0005341282983,0,0.1654394117,1.608712307e-05,0.003131738631,0,0.04018454328,0.0001730375943,0.004206734835,0.1869076959,-0.04135586094,-0.08109748123,0,-0.1643853706,-0.20734237,-0.0001524887202,0.01089386167,0.008780483216,0.0003548210184,0.004206734835,0.0121042177,0.002493093817,0.0005050956231,0.003131738631
1,1,1,1,1,1500,500,v1,0,0.003822576509,0.0001094815003,0,9.085826186e-07,0.03598689639,0.001423051938,3.410281353e-05,0.1303216343,0.0001042823214,0.01782197279,0.05221004174,1.148348378e-05,7.742948992e-06,0.007498273835,2.478068101e-05,1.060761065e-07,0.004201433943,2.071805706e-05,3.981469165e-06,0.01521491967,0.008270576894,0.002080697391,0.006095469838,0.02802686169,6.461212007e-05,0.06257039402,0.0007612679902,0.003724062199,0.0001066599755,0.0001728847228,0.001386377465,0.1269630237,0.06901498484,0.0001015947883,0.0508645,0.04703174125,0.0001608043682,0.104999076,0.001277480138,0,0.0001789855897,0.0003470063466,0,0.05883309834,0.1158137127,0.0001704857236,0.02913621299,0.01059279311,3.621740037e-05,2.442024468e-05,0.0002877223433,0,0.00140751472,7.815501486e-05,0,3.345501149e-07,6.534203224e-05,0.0005239833777,1.255703109e-05,-0.07283275406,0,-0.003190225471,-9.599149346e-05,-2.813514599e-05,0.004398136086,0.001435475407,0.02688423931,0.0002460506408,6.369948016e-05,0.05369045613,0.000586007785,0.0005004839279,0.0001986141073,0.05818211596,-0.1796069012,1.63606617e-05,2.429886706e-05,0.01562879952,1.480847195e-06,0.004659908045,0.02104919341,0.000586007785,0,0.007345455283,0.0004031331903,0.02688423931,0,0.00287435224,0.0003884301075,-0.1958854276,0.01465131109,-0.0001759287784,0.1067666692,-0.003165235116,-0.0001177196485,-0.02770206264,0.0005004839279,0,1.609277836e-06,0.0553562864,0.0002460506408,0,5.48926844e-05,0.03121999224,0.1554449917,-0.04255203809,-0.0004643398417,-0.1969771834,0,-0.0003139977232,-0.06677556324,0.0001986141073,0.00287435224,5.48926844e-05,-0.0002866634514,6.369948016e-05,0.007345455283,1.609277836e-06,0.008112754295,-0.03488245082,0.009587228986,-4.971053312e-05,-2.32458137e-05,0,-0.0004577444256,-1.101367595e-05,0.05818211596,0.0003884301075,0.03121999224,0.008112754295,0.05369045613,0.0004031331903,0.0553562864,-0.0002866634514
1,1,1,1,4,1500,500,v1,0.0001287219994,0.0003014937066,7.092759051e-05,0.0003393053863,0,0.001185081283,0.002886162276,0,0.000184865428,0.0003485100929,0.001308004353,3.27239913e-05,0,0,0.01958647171,0,0,0.03404483011,0,0,0.005310785162,0.006589763456,0.0375761449,0.0009400897143,0.003128666078,0,0.004109327818,0.0001427500073,0.001817171271,0.0004274967503,0,0.01739555771,0.00111422606,0.001382561325,0.002100549745,0.0001972349524,0.03446795,0,0.04527172356,0.001572651089,0.008547254369,0.00470965461,0,0.02253017712,0.07869044311,0.01523142881,0.02314137776,0.08685264349,0.06631141973,0,0,0.003025556392,0.01644369833,0.03851456304,0,0.04334484735,0,0,0.3686951884,0,-0.5425904788,0.0004636731927,0.003160866793,0.0004187619462,0,0.002446325621,0.0001764981394,0.0443537972,0,0,0.03300776109,0.001956229259,0,0,0.01138419371,-0.2119529895,0,0,0.02349613136,0,0.06752626805,-0.005997502912,0.001956229259,0.01372905028,0.05451185465,0.006310955307,0.0443537972,0.03059921993,0.521720411,0.03101485099,-0.505550872,0.003249495091,0,0.005378963397,0.01907777641,0.002516928348,0.00107127577,0,0.03059921993,0,0.0656865658,0,0.01372905028,0,0.0731890253,-0.01297766288,0.03171754181,0,-0.05846973124,0.02261796862,-0.02781956121,-0.1625563212,0,0.521720411,0,0.006056854656,0,0.05451185465,0,0.00106773884,0.08028732196,-0.06584038779,0,0,-0.05263382193,-0.4063934891,0,0.01138419371,0.03101485099,0.0731890253,0.00106773884,0.03300776109,0.006310955307,0.0656865658,0.006056854656
1,1,1,1,1,1500,500,v1,6.55742788e-05,3.399781447e-05,9.784764959e-05,2.973604244e-05,0,0,1.042490106e-05,0,0,5.837478106e-05,0,0,0.3519074242,0.002946660356,0.2619267851,0.1545155151,0,0,0.00427621906,0,0,0.04391577835,0,0,0.004647592239,0.000368269795,0.03273527037,0.01076235921,0.002681935616,0.007718763704,0.0005344363199,0.0008223738458,0,0.005488537103,0.004604925546,0,0.003639192995,0.03443828527,0.02563262018,0.0084272243,0.004050493513,0.006044005016,0.01512116262,0.001836781879,0,0.004297676033,0.003605783797,0,0.000141435128,0.00133842401,1.120715478e-05,0.0003275191914,0.0001574200843,8.161643437e-05,0.0005876752269,7.138546385e-05,0,1.62639202e-05,2.502641026e-05,0,-0.01227625421,9.377191634e-05,4.212312898e-05,0.0001534123629,0,0,0,0.002111954211,0.4739744739,0.003821252287,0.305329076,0.003713929741,0.2080107046,0.005544535425,0.05117526835,0.1203724811,-0.5060761888,-0.007144773853,-0.3057217275,0,0,0,0.003713929741,0.005723021801,0.003831124247,0.002719509461,0.002111954211,0.002592921037,0.001177497139,0.001936346462,-0.2689954597,-0.0117057702,0.0008742743266,0.03818520438,-0.003485262982,-0.00911331459,0,0.2080107046,0.002592921037,0,0,0.4739744739,0.005723021801,0,0,-0.7915999391,0.007387847815,0.04949434965,0.02986696075,-0.005863358841,0.005855998267,0,0.005544535425,0.001177497139,0,0,0.003821252287,0.003831124247,0,0,-0.4763829862,0.0004339997464,0.001925051141,2.664105524e-05,0.000225625038,0.0001040589335,0,0.05117526835,0.001936346462,0,0,0.305329076,0.002719509461,0,0
1,1,1,1,2,1500,500,v1,0,0,0,0,0.04641173011,0,0,0.02163435747,0,0,0,0,0,0,0,0,0.1692920136,0,0,0.07891375586,0,0,0,0,0,0,0,0,0,0,0,0,0,0,0,0,0,0,0,0,0,0,0,0,0,0,0,0,0,0,0,0,0,0,0,0,0.466359425,0,0,0.217388718,-0.4357970235,0,0,0,0.06801843884,0,0,0,0,0,0,0,0,0,0,-0.6147068488,0,0,0,0.246928264,0,0,0,0,0,0,0,0,0,0,0,0,0,0,0,0,0,0,0,0.3762872448,0,0,0,0.1753806342,0,0,0,0,0,0,0,0,0,0,0.1753806342,0,0,0,0.3762872448,0,0.3149467029,0,0,0,0,0,-0.6827252878,0,0,0,0,0,0,0,0
1,1,1,1,1,1500,500,v1,0,0,0,0,0,0,0,0,0,0,0,0,0,0,0.05307530808,0,0,0,0,0,0,0.5104703403,0,0,0,0,0.03351184588,0,0,0,0,0,0,0.3223118996,0,0,0,0,0.007593873317,0,0,0,0,0,0,0.07303673284,0,0,0,0,0,0,0,0,0,0,0,0,0,0,0,0,0,0,0,0,0,0,0,0,0.01794973506,0,0,0,0.1730033018,0.4350610049,0,0,-0.5623630294,0,0,0,0,0,0,0,0,0,0,0,-0.4817500556,0,0,0.3544480311,0,0,0,0,0,0,0,0,0,0,0,-0.2079149982,0,0,0.08061297367,0,0,0,0,0,0,0,0,0,0,0,0,0,0,0,0,0,0,0.1730033018,0,0,0,0.01794973506,0,0,0
1,1,1,1,2,1500,500,v1,0.04298608884,0.02596079011,0.06878985944,0.03430151812,0.1469749668,0,0.03110448497,0.05285619734,0.02383142653,0.09613718431,0,0.01180502367,0,1.459314723e-05,0,0,0.0002968483734,0,6.103208864e-06,0.0001067547525,4.813282392e-05,0,0,2.384284991e-05,0.000238539362,3.53566644e-05,0,0.0005413157457,0.0001270373807,0.0003366185515,1.478701641e-05,0.0001522077056,0.0001166174832,0,0.0004704408469,5.776708953e-05,0.001164899538,0,0,0.00264349857,0.001027235398,0.001643866203,0,0.0008197008516,0,0,0.002297383211,0,0.0438382788,0,0.006497775876,0.09948190682,0.03865760978,0.02334667146,0,0.03084753087,0.1321753402,0.002717527802,0.02797242258,0.04753384889,0.08058262482,-0.03230508751,-0.02767335619,-0.1643853853,-0.08792000517,0,-0.0349657093,0.06350902809,0,0.009546414468,0,0.1442129844,0,0.003986518903,0,-0.08859441694,0,1.994780783e-05,0,0.0004011537852,0,6.911302658e-05,0.1442129844,0.01323454574,0.008552170335,0.09993273913,0.06350902809,0.007051359476,0.01298322737,0.1396229648,-0.3583651937,0.000776400056,4.914230191e-05,0,0.000278564476,0.0008004607323,0.0001719675698,0,0.007051359476,0.04574103787,0,0,0.01323454574,0.0207953901,0,-0.3212084425,0.003786203816,0,0,0.001832036912,0.003881122108,0,0.003986518903,0.01298322737,0.0207953901,0.03489608417,0.009546414468,0.008552170335,0.04574103787,0.01719085917,-0.1407550007,-0.1430439455,0,-0.009091045675,0.01694911372,0.01303785991,0.04316123284,0,0.1396229648,0,0.01719085917,0,0.09993273913,0,0.03489608417
1,1,1,1,2,1500,500,v1,0.01275532795,0.0008550603251,0,0.01031838882,0.01043264212,0.003832729308,0.003729790139,0.006451935791,0.012210171,0,0.06118421071,0.01312039248,0.03486455505,0.01229421553,0.0002163990329,0.008642268898,0.01322165677,0.004857353566,0.004210496099,0.008176766686,0.01547438206,0.01869999454,0.07754091673,0.01662793797,0.1514914888,0.04430716363,0.0007798811833,0.2285907661,0.003905363395,0,0.01517422068,0.01703527278,0.0557681762,0.06739297156,0,0.05992548012,0.0002660192705,0.0002206389175,1.369472471e-06,0.0004014057116,0.0001023013087,0,5.469224695e-05,8.275637315e-05,3.073956433e-05,0.0001183421543,0,0.0004907145353,0.0007846630911,0.0006508070438,0.0002294927343,0.001184005376,0.0003017528051,2.02281629e-05,0.0001613228525,0.0002441021338,0.0002468050244,7.859617067e-05,8.823564877e-05,0.000152633451,-0.1775784201,-0.02290693112,0.004371823326,0,0.005580814968,0.03880480829,0.02525823068,0.2255010237,0.0506642103,0.04755731321,0.0008500565416,0.3403204327,0.01255662445,0.01629815223,0.07286044755,-0.1701864292,-0.04321882841,0.01630095229,0.01851801989,-0.01377740111,-0.06150789883,0.0318956928,0.3403204327,0.01838812687,0.00451486414,0,0.2255010237,0.01488803955,0.01973644544,0,0.09950924322,-0.3798451552,-0.05917832508,-0.06777731744,-0.02064701399,0,-0.1152677656,0.01255662445,0.01488803955,0.008096841655,0.002395910679,0.0506642103,0.01838812687,0.003627095796,0.03088642355,-0.5146302253,0.000665919306,0.0002727288387,0.0001189613866,0.0001835490623,0,0.0005148677423,0.01629815223,0.01973644544,0.003627095796,0.04197563889,0.04755731321,0.00451486414,0.008096841655,0.04519512413,-0.5121978653,0.001964930384,0.0007988760372,0.0003070624329,0.0005392710861,0.0001076509458,0.0003806278555,0.07286044755,0,0.03088642355,0.04519512413,0.0008500565416,0,0.002395910679,0.04197563889
1,1,1,1,0,1500,500,v1,0.000137157578,1.104747997e-06,0.0008467743291,0.002702879593,0,0.001385296923,0.0004501200674,0,0.007739928032,0.0002892321377,0.0007765789576,0.008835486561,0.00534635649,0.02232880054,0.01074112033,0.006085143995,0,0.01481302947,0.009564384352,0,0.08276332686,0.002195807236,0.008303986528,0.09447817334,0.04253691351,0.04711993668,0.02266673076,0.09364487079,2.49289246e-05,0.01910768199,0.02018349281,0.01015707587,0.1746534801,0.004633759782,0.006526598078,0.199375042,0.006090205507,0.001615337187,0.003245300073,0.01340756676,0.0004431248468,0.002735734694,0.001838552929,0.008732387394,0.004475578349,0.0006634366956,0.0009344430584,0.002508949462,0.004635056558,0.00122938039,0.005134448025,0.01020406129,0.0003372478523,2.716393032e-06,0.001399262603,0.006645934922,0,0.002199304627,0.001106770972,0,-0.250658109,0.001605994584,0.0004452191297,0.001121756599,0,0.002119293057,0.01646354815,0.04776391016,0.003868616455,0.02973592147,0.01329662111,0.1052018293,0.004914120837,0.01292876372,0.002727520617,-0.4236337594,-0.0101757692,0.03038986437,0.01139528296,0,-0.02202515201,0.1749952628,0.1052018293,0.000281652886,3.22948092e-05,0.02323223296,0.04776391016,0.007603116949,0.01314845118,0.007945862997,0.283906961,-0.1358721142,-0.0658930445,-0.02579169576,-0.01008402027,-0.02548288255,-0.3716403439,0.004914120837,0.007603116949,0,0.01330894857,0.003868616455,0.000281652886,0,0.00752858944,-0.1884973199,0.01925525847,0.002428806217,0.003713651645,-0.004938973865,0.003575728655,0.006014166956,0.01292876372,0.01314845118,0,0.1262081147,0.02973592147,3.22948092e-05,0,0.1440641847,-0.1728387791,0.01463969635,0.0018918048,0.007060056711,-0.001923533946,0.0008516371372,0,0.002727520617,0.007945862997,0.00752858944,0.1440641847,0.01329662111,0.02323223296,0.01330894857,0.1262081147
1,1,1,1,2,1500,500,v1,0.006073565198,0,0.001989514072,0.1198202925,0.0005558978879,0.488040076,0,0.003576207279,0.008783485285,0.0007905533995,0.002579662733,0.003992838365,0.01299340656,0,0.002969475469,0.005460112878,0.0003578376455,0.3141568182,0,0.002302044351,0.005654027047,0.0003019197469,0.001660557556,0.002570234409,0,0,2.023533378e-05,0,0,8.727073815e-06,0,0,3.852906874e-05,2.057416172e-06,3.467790437e-06,1.751472665e-05,0,0.0004482893426,0.0001024507468,0,0.0001348869976,4.418485208e-05,0.0001883809608,0.00266107286,0.01083881681,1.041662202e-05,1.755729477e-05,5.72913848e-05,0,9.890681499e-05,0,0,2.976034014e-05,0,4.156280122e-05,0.0005871168819,2.723887814e-06,0,0,1.752333951e-05,0.3355785423,-0.1258799008,0,-0.002771172414,-0.003937060852,-0.4859228593,-0.01237403363,0,0.01865622416,0,0.004252087029,0,0.007837897831,0,0.000431802625,-0.4903572056,-0.01843775688,0,-0.003254348423,0.002415144261,0.3108075062,0.007902499397,0,0.008862273103,0,0.002896206707,0,0.1748425589,0,0.001150454667,-0.01032611095,0,0,2.209099426e-05,0,1.211849803e-05,5.569467569e-05,0.007837897831,0.1748425589,0.0002997572764,0.2448798326,0.01865622416,0.008862273103,0.00195347699,0.001451406341,-0.3246676012,0,0.0006347599431,0.0001096643257,0.002793542086,6.127967586e-05,0.01089452758,0,0,0.00195347699,0.00451151278,0,0,0.0002997572764,0.00211224654,-0.1424112747,0,0.000140248954,0,0.0006164698022,0,1.976041669e-05,0.000431802625,0.001150454667,0.001451406341,0.00211224654,0.004252087029,0.002896206707,0.2448798326,0.00451151278
1,1,1,1,0,1500,500,v1,0.01118785885,0,0,0.006391381305,0.03779101115,0.07946683754,0,0.01139129585,0,0,0.0359971183,0,0.001538114899,0.1116957242,0.006613915336,0.005410560272,0.04893433252,0.102898984,0.005747218369,0.01475021287,0,0.06176903663,0.04661147991,0,0.01305089864,0.0742743996,0.004398060841,0.006469695337,0,0,0.00382173263,0,0,0.04107460822,0,0,0.01653357406,0.001295739532,0.005571697906,0.008196154911,0.01220396813,0,0.004557966923,0.006971862519,0.08668421422,0.05203550311,0,0.0392664665,0.002892398135,0.0002266778249,0.0164610224,0.001433842622,0.002134973027,0,0.0007973747829,0.001219663823,0.007211638132,0.0008469893632,0,0.0021737948,-0.06829294894,-0.011829832,0,0,0.008142137159,0.06944290234,0,0.0272423067,0.001553047158,0.08138381164,0.003147988121,0.01401127844,0.004933561033,0.004628384414,0.01542171,0.2090935242,-0.005587533406,-0.1106460956,-0.04334398839,-0.05388535719,-0.04741870898,0,0.01401127844,0.02349191406,0,0,0.0272423067,0.01370096127,0,0,-0.14255066,-0.01258783351,0.03677964288,0.02113519786,0,0,0,0.004933561033,0.01370096127,0.045437236,-0.07096193026,0.001553047158,0.02349191406,0.01210143698,-0.01996300601,-0.02583305653,-0.01705659806,0.0006225348062,0.009828991767,-0.01453952312,0,0.03859243077,0.004628384414,0,0.01210143698,0,0.08138381164,0,0.045437236,0,-0.1805884581,0.002142041489,0.0006405931395,0.0165249888,0.001574104895,0,0.007384104671,0.01542171,0,-0.01996300601,0,0.003147988121,0,-0.07096193026,0
1,1,1,1,1,1500,500,v1,0,0.1670306211,0,0,0.1739290928,0,0.0279319046,0.04710339955,0.007611900811,0,0,0.09332637701,0.007770377256,0.03779784656,0.0006196453162,0.03275177634,0.05237186512,0,0.001388876419,0.01418332521,0.002292022778,0.03833119967,0,0.02810154614,0.0005427246548,0.004220065898,6.918235576e-05,0.002302540708,0.005615314434,0,0.0001550657126,0.0009390279821,0.0002559004823,0.004279613875,0,0.00313749029,0.00828516687,0.01324390291,0.001056129212,0.03515029918,0,0,0.05582243072,0,0,0.06533205149,0,0,0.001414332064,0.002260820674,0.01099742652,0.006000385506,0,0.01463342265,0.009529253292,0,0.01523779238,0.0004040988509,0.002447092412,0.004126692155,0.140676396,0,-0.1948395432,0,-0.2198004592,0,-0.09944744942,0.009501548965,0.004950410171,0.03370433174,0.0005734969083,0.04022829321,0.02021986563,0.001249411221,0.03408583633,-0.3897437509,0.03702842708,-0.03868059879,0.03159388271,0.0659386231,0,0.02855083363,0.04022829321,0,0.2201317384,0,0.009501548965,0,0.03679931238,0,-0.3396708026,0.00279954393,0.004288367451,0.004297323168,0.006539643055,0,0.003327634765,0.02021986563,0,0.1589319724,0,0.004950410171,0,0.04290008843,0,0.0945601316,-0.04311312935,-0.06548920858,-0.05899742801,0,0,0,0.001249411221,0.03679931238,0.04290008843,0.007597232496,0.03370433174,0.2201317384,0.1589319724,0.09375623907,-0.4453283312,0.007160357221,0.01168059759,0.01108973597,0,0.01701253314,0.01930712914,0.03408583633,0,0,0.09375623907,0.0005734969083,0,0,0.007597232496
1,1,1,1,1,1500,500,v1,0,0,5.864119146e-05,0,0,0.03693265009,0,0,0.0003811332697,2.893253034e-05,0.01893136388,0.0008113142651,0.03614339363,0.07154600134,0.01360269197,0.08206937386,0,0.08786118363,0.002078273648,0,0.0009066996309,0.000724526215,0.04503689918,0.001930081688,6.538778742e-05,0.04787503733,0.009102247138,0.0005147031383,0,9.334974225e-05,0.001390677699,0,0.000606718445,0.000484817026,4.605711757e-05,0.001291514985,0.000145385467,0.0537745817,0.02023825096,0.001144408751,0,0.0002075570441,0.122103815,0,0.1307209402,0.001077958936,0.0001024049874,0.06700644768,7.249544453e-05,0.02681431841,0.05307905727,0.0005706514058,0,0,0.06088621186,0,0,0.001541844463,0,0,-0.08405739222,0,0,4.587286253e-05,0,0.05415668857,0.0001584102352,0.0001484387882,-0.0107832562,0.02381554189,0.01433771635,0.001319735607,-0.03414677049,0.001123479458,0.0008333094709,-0.1914745701,0.1029839252,-0.0456493519,0.007333854879,0,0.1027539948,-0.002159845976,0.001319735607,0,0,0.0002789959193,0.0001484387882,0,0,0.0001276660375,-0.03539599281,-0.0002353398532,0.005932524024,-0.0002304048391,0,-6.214467203e-05,-4.688069115e-05,-0.03414677049,0,0,0.02294476032,-0.0107832562,0,0,0.0181207346,0.3346085057,-0.0008909678691,-0.1407451072,-0.01721746725,0,-0.0002548361617,-0.1842876799,0.001123479458,0,0,0.00116905241,0.02381554189,0,0,0.00190342224,-0.0786043174,0.0001475247927,0.06771453303,0.02309081363,0,0,0,0.0008333094709,0.0001276660375,0.0181207346,0.00190342224,0.01433771635,0.0002789959193,0.02294476032,0.00116905241
1,1,1,1,1,1500,500,v1,0,0,0.2847221853,0,0,0,0,0,0,0.09431756041,0,0,0,0,0,0,0,0,0,0,0,0,0,0,0,0,0,0,0,0.4303795677,0,0,0,0,0.1425682752,0,0,0,0,0,0,0.03606534371,0,0,0,0,0.01194706774,0,0,0,0,0,0,0,0,0,0,0,0,0,-0.4958352662,0,0,0.3421629226,0,0,0,0,0,0,0,0,0,0,0,0,0,0,0,0,0,0,0,0,0,0.1735967869,0,0,0,0.05691172739,0.3900704681,0,0,0,0,-0.5437428114,0,0,0,0,0,0,0,0,0,-0.2015798888,0,0,0,0,0.04790754562,0,0,0,0,0,0,0,0,0,0,0,0,0,0,0,0,0,0.05691172739,0,0,0,0.1735967869,0,0
1,1,1,1,1,1500,500,v1,0,0,0,0,0,0,0,0,0,0,0,0,0,0,0,0,0,0,0,0,0,0,0,0,0.6306022748,0,0,0.01746094721,0,0,0,0,0,0,0,0,0.04096610045,0,0,0.001134323402,0,0,0,0,0,0,0,0,0.3014883473,0,0,0.008348006862,0,0,0,0,0,0,0,0,0,0,0,0,0,0,0,0.4344076183,0,0,0,0.01206398576,0,0,0,0,0,0,0,0,0,0,0.01206398576,0,0,0,0.4344076183,0,0,0,0.3467358244,-0.6443835602,0,0,0,0,0,0,0,0,0,0,0,0,0,-0.3395382881,0.04189055184,0,0,0,0,0,0,0,0,0,0,0,0,0,-0.6024930089,0.3048452723,0,0,0,0,0,0,0,0,0,0,0,0,0
1,1,1,1,4,1500,500,v1,0,0,0,0,0.3101534823,0,0,0.04600246478,0,0,0,0,0,0,0,0,0.1931008439,0,0,0.02864102865,0,0,0,0,0,0,0,0,0,0,0,0,0,0,0,0,0,0,0,0,0,0,0,0,0,0,0,0,0,0,0,0,0,0,0,0,0.3675818478,0,0,0.05452033258,-0.007417252166,0,0,0,0.1658151122,0,0,0,0,0,0,0,0,0,0,-0.06148649447,0,0,0,0.2198843547,0,0,0,0,0,0,0,0,0,0,0,0,0,0,0,0,0,0,0,-0.2130412031,0,0,0,-0.02455558874,0,0,0,0,0,0,0,0,0,0,-0.02455558874,0,0,0,-0.2130412031,0,0.3856994678,0,0,0,0,0,-0.2273016068,0,0,0,0,0,0,0,0
1,1,1,1,1,1500,500,v1,0.000647250222,0.0005878259364,0.00067391916,0.0008204330143,0.002010383006,9.218132241e-05,4.011867713e-05,0.0001562237459,0,0.0009702710127,0.0001657995405,0,0.02789175983,0,0,0.01105405626,0.4431380016,0.02031903715,0,0.03443556693,0,0,0.03654630824,0,0.07649221937,0,0,0.01159009871,0.04858479494,0.05570054359,0,0.003315875638,0,0,0.08019451894,0,0.006155956247,0.0008416773087,0,0.0009327503002,0.004305286926,0.004482679573,0.0003335733701,0.005457239581,0.0006131586035,0,0.006453910658,0.001102841791,0.01914863079,0.00261810958,0,0.002901399945,0.01339196487,0.01216244355,0.001037608626,0.01697521257,0.04159593566,0,0.0008300776057,0.003232355657,-0.6711710716,0.001372577172,0.000608460071,0.001638202246,0.002166402828,0.0002566462402,0,0.0766413848,0.03646437138,0,0,0.01165094988,0.01446406875,0,0,0.05366051319,-0.03874935054,0,0,-0.4771047366,-0.05631118214,0,0.01165094988,0.0125619511,0.05383263097,0.07576728041,0.0766413848,0.01593339413,0.00370782513,0.1090614015,0.05401721777,-0.08755779186,0,0,-0.0511462795,-0.1357541282,0,0.01446406875,0.01593339413,0.5987241753,0.02916048154,0.03646437138,0.0125619511,0.04653271821,0.05241131463,-0.3194839211,0.00702840869,0.001166418686,0,0.00930788579,0.0108968046,0.001673338708,0,0.00370782513,0.04653271821,0,0,0.05383263097,0.5987241753,0,-0.632908007,0.02166782689,0.003630638513,0,-0.02967735975,0.01217751524,0.04476706817,0,0.1090614015,0.05241131463,0,0,0.07576728041,0.02916048154,0
1,1,1,1,3,1500,500,v1,0.006175332037,0.000249795685,0.004599974365,0.004203411834,0,0.0007249753815,0.001258575751,0,0.006005505276,0.008213938413,0.008158846768,0.006844016278,0,0,0.001024112309,0,0,0.002426792028,0,0,0.02010290652,0.01809313225,0.02731102986,0.02290974916,0.02044968332,0,0.003143515727,0.01585092141,0.002566624193,0.04726424916,0,0.01293173248,0.06170593032,0.05553692233,0.08439734678,0.07032154201,0.001135515898,0,0.0001745509711,0.0008801590211,0.003523256788,0.002624456597,0,0.002398202913,0.0004136254405,0.003083815882,0.004686357607,0.004654925773,0.05988233214,0,0,0.04641588458,0.1858017432,0.007515785943,0,0.1264711341,0,0,0.03786769151,0,-0.5701607045,0.01024600502,0.001494235586,0.01257871536,0,0.007684801247,0.0127693068,0.05708907711,0,0,0.002852870214,0.04423298444,0,0,0.05084651721,-0.1609959536,0,0,0.0188199718,0,-0.02797135932,0.0425813741,0.04423298444,0.262859804,0.007062004169,0.05952492915,0.05708907711,0.1789489209,0.03547439847,0.1065618425,-0.04878985617,0.034983595,0,-0.05786999902,0.01519393802,-0.1305967462,-0.1316546263,0,0.1789489209,0,0.00185957624,0,0.262859804,0,0.02133406906,-0.5473447021,0.002007293878,0,0.003250435575,0.005895600591,0.007293516592,0.004824127853,0,0.03547439847,0,0.05350853648,0,0.007062004169,0,0.06094738194,0.06982066842,-0.1045389299,0,0,-0.3106807558,-0.04504577536,0,0.05084651721,0.1065618425,0.02133406906,0.06094738194,0.002852870214,0.05952492915,0.00185957624,0.05350853648
1,1,1,1,1,1500,500,v1,0,0,0,0,0.02510748595,0,0,0.04302839971,0,0,0,0,0,0,0,0,0.3009165531,0,0,0.5157010843,0,0,0,0,0,0,0,0,0,0,0,0,0,0,0,0,0,0,0,0,0,0,0,0,0,0,0,0,0,0,0,0,0,0,0,0,0.04246733232,0,0,0.07277914459,-0.7013494845,0,0,0,0.06813527645,0,0,0,0,0,0,0,0,0,0,0.1833765638,0,0,0,-0.8165907716,0,0,0,0,0,0,0,0,0,0,0,0,0,0,0,0,0,0,0,0.3499858653,0,0,0,0.5998354447,0,0,0,0,0,0,0,0,0,0,0.5998354447,0,0,0,0.3499858653,0,-0.7484554953,0,0,0,0,0,0.1152412874,0,0,0,0,0,0,0,0
1,1,1,1,4,1500,500,v1,0.06362497248,0.007141858122,0.003477682706,0.003340250782,0.002429050058,0.00550857354,0.002741931926,0.0009984315975,0.0001422498116,0.004394544926,0.007351311829,0.00206908105,0.00254107675,0.528595818,0,0.003607975369,0.01841932682,0.04177115084,0.04748297667,0.007571041133,0.001078670965,0,0.05574451408,0.01568970551,0.00240097741,0.03408919326,0,0.0007324423203,0.003492540959,0.001700670762,0.003062181563,0.001340870876,6.956359044e-05,0,0.002149038512,0.001011830562,0.0002969325445,2.026658195e-05,0,9.058226078e-05,0.003847934077,0.0002103245514,2.877572608e-05,0.0002020128938,0.0003331495012,0,0.000265774876,0.0004445952933,0.003558828315,0.0002429012482,0.05052841636,0.001085656391,0.04611867916,0.005176789089,0.0003448859705,0.002421186967,0.001760701434,0.004538892541,0.001987494436,0.0007237149929,-0.07927490055,-0.06084794493,-0.005936403326,-0.006433226474,0.003351814838,0.01281938566,0.002169225819,0.002742508304,0.003399987216,0.6657569966,0,0.0007796027731,0.004829513506,0.05980846766,0,0.1154329282,-0.006116163801,-0.5758584207,0,-0.02578280769,-0.09744667383,-0.01671341442,0.0007796027731,0.02009274242,-0.002681916343,0.003065513297,0.002742508304,0.001175887518,-0.0009501101444,0.004594098293,-0.546657697,0.001061850533,0.03712756978,0,0.004317022728,0.0008636288573,0.001067633913,0.004829513506,0.001175887518,0.02121701328,0.05387492692,0.003399987216,0.02009274242,0.008724332372,0.07190075459,-0.1166409087,0.0003635254792,4.871911395e-05,0,0.004018282628,0.0004631898966,0.000776833769,0.05980846766,-0.0009501101444,0.008724332372,0.001301541702,0.6657569966,-0.002681916343,0.02121701328,0.01891329034,-0.6242529499,-0.003773450067,0.0005811108781,0.05502053968,0.04265057568,0.004040731587,0.002470095818,0,0.004594098293,0.07190075459,0.01891329034,0,0.003065513297,0.05387492692,0.001301541702
1,1,1,1,1,1500,500,v1,0.0005256835361,0.0003315684714,0.0008340967595,0.0003136249198,0.007942622474,0.003391576115,0.0003259720307,5.373331321e-05,0.0003581095911,3.894692314e-06,0.002309890706,0.0009708092186,0.003011332016,0.3868157438,0,0.002366047775,0.02164191299,0.009241304797,0.08014852335,0.0001464115527,0.0009757704885,0,0.006293948105,0.002645243269,0.004192443785,0.04657420605,0,0.001807412744,0.000108779303,0.0002736462358,0.009650211762,0.0001069432511,0.0001174867789,0,1.277750907e-06,0.0003184981662,0.005647150556,0.0004883847315,0,0.002434554261,0.0002323055247,0.0003685968308,0.0003837310537,0.0001385944139,0.001498776003,0,1.721108765e-06,0.001020766936,0.02503200176,0.002164852404,0.2780825856,0.01079159586,0.00102973566,0.0006494931936,0.001700956317,0.0006143444518,0.01555841306,0.05761892828,0.0006385306007,0.0001052555481,-0.02332344771,-1.889694731e-05,6.949476646e-05,-0.0007421635506,0.004253778789,0.004277108818,0.000475037262,0.02311816073,0.000838515709,0.1087545943,0,0.00993018977,0.0008335619224,0.02635523453,0,0.3657037964,-0.003649632011,-0.4336352861,0,-0.01350073203,-0.01455187138,-0.003283041079,0.00993018977,0.001298504486,0.0006084137939,0.001649720493,0.02311816073,0.0007105342151,0.0006458431443,7.374328509e-06,-0.1786132473,0.005677973326,0.05613415474,0,0.0001145237809,-0.0001677582573,0.0002992109776,0.0008335619224,0.0007105342151,0.001570910206,0.007301452828,0.000838515709,0.001298504486,1.643934153e-05,0.004941250979,-0.04377510485,0.007256596271,0.0007686432406,0,7.886988624e-05,-0.0001948080729,0.002112960014,0.02635523453,0.0006458431443,1.643934153e-05,0.001028255501,0.1087545943,0.0006084137939,0.001570910206,0.002734933758,-0.3764505051,-0.03496680326,0.001766270349,0.2874279121,-0.001399332074,-0.001020189842,0.008188720219,0,7.374328509e-06,0.004941250979,0.002734933758,0,0.001649720493,0.007301452828,0.001028255501
1,1,1,1,0,1500,500,v1,0,0,0,0,0,0,0,0,0.000100986136,0,0,0.0002060288352,0,0.09927353877,0.2560532059,0,0,0,0.1036991017,0,6.66655286e-05,0.0852750851,0,0.0001360089786,0,0.03478095297,0.08970944951,0,0,0,0.03633146984,0,2.335658267e-05,0.02987652865,0,4.765138775e-05,0,0,0.1960827627,0,0,0,0,0,0,0.06530273354,0,0,0,0,0.001484155447,0,0,0,0,0,0,0.001550318328,0,0,0.0001698136898,0,0,0,0,0,-0.0002112076026,0,0,0.09647145553,0.003516207869,0,0,0.1021853813,-0.007175356363,0.3356797386,0,-0.2015738121,-0.2642459514,0,0,0.0001001728867,0,0,0,0,0,0,0,0,-0.3153645865,0,0.06616179261,0.1190933011,0,0,6.964080307e-05,0,0,0,0,0,0,0,0,-0.1451526499,0,0,0.1475920824,0,0,0,0.1021853813,0,0,1.123239401e-05,0.09647145553,0,0,5.085847581e-05,-0.1354120198,0,0,0.002974128151,0,0,0,-0.007175356363,0,0,5.085847581e-05,0.003516207869,0,0,1.123239401e-05
1,1,1,1,4,1500,500,v1,0.01690229455,0.008977133785,0,0.03225935435,0.0386001873,0.02133399352,0.02618559697,0.4596680754,0.006856287481,0,0.01626980433,0.003480531337,0.009263400838,0.01478715083,0,0.002212930358,0.01795016898,0.009920904936,0.02842300002,0.2137585387,0.003188365847,0,0.007565915024,0.001618544624,0,0.00167071738,0,0,0.0004716668074,0,0.003211355635,0.001375815179,0.0003602356057,0,0,0.000182870295,0,0.002026430461,0,0,0.001719436111,0,0.0004840932142,0.003281678627,0.00217026385,0,0,0.001655094165,0,0.00119966381,0.001915021277,0,0.001017920583,0.0005406372032,0.0002865872384,0.00194278124,0.002324650362,0.003680942354,0.001576996427,0.02768296303,0.2981655853,-0.04907993153,-0.03470521685,0,-0.4951342316,-0.03728398327,-0.01019300618,0,0.009005997707,0.01668482404,0,0,0.002134284656,0.03207935376,0,-0.4941693816,-0.01115302277,-0.0429269137,0,0.2304309472,0.01707458854,0.004638768173,0,0.02123874071,0.01178229657,0,0,0.04055090886,0.0345211745,0,-0.07552139026,0,0.004842193166,0,0.001746526373,0,0.000532129589,0.002134284656,0.04055090886,0.0271641537,0.01397961417,0.009005997707,0.02123874071,0.3249018286,0.01067429562,-0.07602008445,0,0.002253179573,0,0.004937554885,0,0.003773454855,0.03207935376,0.0345211745,0.3249018286,0.00498798172,0.01668482404,0.01178229657,0.0271641537,0.002545180913,-0.3887889081,0,0.001472988304,0.005575268764,0.002949276427,0.002089710004,0.02999262928,0,0,0.01067429562,0.002545180913,0,0,0.01397961417,0.00498798172
1,1,1,1,1,1500,500,v1,0.05424678935,0,0,0.01694478557,0,0,0,0,0,0,0,0,0.001407972777,0,0,0.002539303156,0,0,0,0,0,0,0,0,0.4887442979,0,0,0.1947247962,0,0,0,0,0,0,0,0,0.07096707499,0.005824015492,0,0.02827459936,0.06878264185,0,0.01050371226,0.0214852737,0,0,0,0,0.01225830062,0.001005995143,0,0.004883934402,0.01188097863,0,0.001814329569,0.003711199089,0,0,0,0,-0.04389594733,0.03390687448,0,0,0,0,0,0.6085684731,0.003851798043,0,0,0.2424096398,0.008565180633,0,0,-0.01140143072,0.003123444942,0,0,0,0,0,0.2424096398,0.01068117077,0,0,0.6085684731,0.004302438926,0,0,0.1157815056,-0.6831002474,0,0,0,0,0,0.008565180633,0.004302438926,0,0,0.003851798043,0.01068117077,0,0,-0.6122256124,0.09870292263,-0.01270484021,0,-0.05935826679,0,0,0,0,0,0,0,0,0,0,-0.6194301068,0.017078583,0.001303409487,0,0.01546231939,0,0,0,0,0,0,0,0,0,0
1,1,1,1,2,1500,500,v1,0,0,0,0,0.07083647677,0.1606464884,0,0.03492497425,0.01667485001,0,0.1954113691,0.1196501316,0,0,0,0,0.006800402866,0.01542229216,0,0.003352847373,0.001600809399,0,0.01875977032,0.0114865834,0,0,0,0,0,0,0,0,0.006032426825,0,0,0.04328558657,0,0,0,0,0,0,0,0,0.08181317497,0,0,0.09951804545,0,0,0,0,0,0,0,0,0.07620963343,0,0,0.03757413704,0.2440378129,0,0,0,0.01353254869,-0.3494417035,-0.1359801103,0,0,0,0,0,0,0,0,-0.2849337904,0,0,0,0.01009479281,0.03397500748,0.01301253698,0,0,0,0,0,0,0,0,-0.1229675734,0,0,0,0,0,0.04911568683,0,0,0.01270034832,0.09548810926,0,0,0.007338908744,0.1154719819,-0.3154666959,0,0,0,0,0,0.1748266347,0,0,0.007338908744,0.01353714529,0,0,0.01270034832,0.09724068454,0.0236273415,0,0,0,0,0,-0.03698684625,0,0,0.1154719819,0.09724068454,0,0,0.09548810926,0.01353714529
1,1,1,1,4,1500,500,v1,0,0,0,0,0.06943001406,0.04007774744,0,0.04686579949,0.1202263821,0,0.09829308464,0.008132618303,0,0,0,0,0.05009674978,0.0289178234,0,0.03381569574,0.08674852028,0,0.07092270012,0.00586803488,0,0,0,0,0,0,0,0,0.2963375061,0,0,0.02004551567,0,0,0,0,0,0,0,0,0.004214571881,0,0,0.01033649087,0,0,0,0,0,0,0,0,0.005773552407,0,0,0.003897192779,-0.1063971475,0,0,0,-0.08526726468,-0.1052971334,0.1242859171,0,0,0,0,0,0,0,0,-0.3570227237,0,0,0,0.05635008934,0.03701675612,0.09098025165,0,0,0,0,0,0,0,0,0.2152661687,0,0,0,0,0,-0.3140673375,0,0,0.02004324178,0.01595660017,0,0,0.008893933054,0.06591791428,-0.06828037729,0,0,0,0,0,0.01369736777,0,0,0.008893933054,0.1388430468,0,0,0.02004324178,0.009358706702,-0.02891717535,0,0,0,0,0,0.00962572542,0,0,0.06591791428,0.009358706702,0,0,0.01595660017,0.1388430468
1,1,1,1,0,1500,500,v1,0,0.0001435394611,0.0004535680045,0,0.0002031876365,0.0006286609989,0.0001472437983,6.61583414e-06,0.001512937534,0.0002952905089,0.000112552044,0.0004992224106,7.992718467e-05,0.0002197459194,0.003080370655,9.174316572e-05,0.0001324849464,0.0004099074144,0.0003270505509,4.313738997e-06,0.000986484471,0.00338024106,7.338759275e-05,0.0003255092457,2.72991602e-05,0.002143746141,0.03005076373,4.182421783e-05,0.0009130469363,0.002885122138,0.003190563712,0.0009366100295,0.009623715805,0.0329761697,0.001878327342,0.003175527405,0.000323426657,0.009237906813,0.3560262654,0.0004955122011,0,0.03418146937,0.01060358649,0,0.04737670309,0.3906849972,0.02225347332,0.008482067095,5.154751015e-05,0.001472331006,0.004047918514,7.897438156e-05,0,0.00172405656,0.00168999206,0,0.002440492496,0.006024566842,0.001768549459,7.94629725e-05,-0.1216737091,0,0.0002654301747,0.0007476111407,0.0002070462683,0.0007396168528,0.001953142571,0.0003649719927,0.01158970673,0.002642005626,0.4843147365,0.0005910832127,0.01328669917,0.003761082204,0.5314532807,-0.7729973525,9.79832572e-05,0.0005390004459,0.006457625584,0.0001012984892,0.0004740559827,0.001269669718,0.0005910832127,0,0.0006090432351,0.04621622591,0.0003649719927,0,0.0007038140333,0.03007315436,-0.8047180572,3.202411456e-05,0.004828625142,0.06299983768,0.001511996262,0.00474878641,-0.0125618601,0.01328669917,0,0.003094218806,0.06941100607,0.01158970673,0,9.955951002e-05,0.01242569951,0.07945109255,-0.0007839489105,-0.01972125214,-0.7466361337,0,-0.0563559848,-0.05577147665,0.003761082204,0.0007038140333,9.955951002e-05,0.01052219562,0.002642005626,0.0006090432351,0.003094218806,0.003486376086,-0.01292179693,0.0001145546589,0.003038998305,-0.009636350818,0,-0.002652664617,-0.002437530295,0.5314532807,0.03007315436,0.01242569951,0.003486376086,0.4843147365,0.04621622591,0.06941100607,0.01052219562
1,1,1,1,4,1500,500,v1,0,0,0,0,0,0,0,0,0,0,0,0,0,0,0,0,0,0,0,0,0,0,0,0,0.7216555737,0,0,0.1704663638,0,0,0,0,0,0,0,0,0.009864879596,0,0,0.002330239266,0,0,0,0,0,0,0,0,0.07739987852,0,0,0.01828306512,0,0,0,0,0,0,0,0,0,0,0,0,0,0,0,0.9516037819,0,0,0,0.2247837633,0,0,0,0,0,0,0,0,0,0,0.2247837633,0,0,0,0.9516037819,0,0,0,0.1078584179,-0.8921167954,0,0,0,0,0,0,0,0,0,0,0,0,0,-0.7964448282,0.01218645062,0,0,0,0,0,0,0,0,0,0,0,0,0,-0.8799303438,0.09567196733,0,0,0,0,0,0,0,0,0,0,0,0,0
1,1,1,1,4,1500,500,v1,0,0,0,0,0,0.1340185549,0,0,0,0,0.2606597018,0,0,0,0,0,0,0.1442049422,0,0,0,0,0.2804717396,0,0,0,0,0,0,0,0,0,0,0,0,0,0,0,0,0,0,0,0,0,0.06134057216,0,0,0.1193044893,0,0,0,0,0,0,0,0,0,0,0,0,0.04755719437,0,0,0,0,0.06047254711,0,0,0,0,0,0,0,0,0,0.2394787848,0,0,0,0,-0.1314490433,0,0,0,0,0,0,0,0,0,0,0,0,0,0,0,0,0,0,0,-0.06251930533,0,0,0,-0.09952530727,-0.07097649618,0,0,0,0,0,0.1790062375,0,0,0,0,0,0,0,0,0,0,0,0,0,0,0,0,0,-0.09952530727,0,0,0,-0.06251930533,0
1,1,1,1,2,1500,500,v1,0.0001699011114,0,0,0.004535114821,0,0,0,0,0,0,0,0,0.0004786368408,0,0,0.0001722609521,0,0,0,0,0,0,0,0,0.7145193755,0,0,0.09119368349,0,0,0,0,0,0,0,0,0.04047390277,0.0008480666665,0,0.00516566017,0.001687409846,0,0.0003052184015,0.04504147935,0,0,0,0,0.04129078911,0.0008651832287,0,0.005269918888,0.001721466904,0,0.0003113786363,0.04595055327,0,0,0,0,-0.02040599904,0.004610173329,0,0,0,0,0,0.9487072442,0.001796884629,0,0,0.1210895189,0.0006166884408,0,0,-0.001260099826,-0.0003489488876,0,0,0,0,0,0.1210895189,0.001151317801,0,0,0.9487072442,0.02254242074,0,0,0.09215353792,-0.8053513809,0,0,0,0,0,0.0006166884408,0.02254242074,0,0,0.001796884629,0.001151317801,0,0,-0.7719050616,0.04561105637,-0.0004073561706,0,-0.003901358905,0,0,0,0,0,0,0,0,0,0,-0.7597878168,0.0465424815,-0.000852743656,0,-0.01650464015,0,0,0,0,0,0,0,0,0,0
1,1,1,1,0,1500,500,v1,0,0.0003932836201,0.001871070781,0,0.0001578756759,9.406577961e-07,3.007580606e-05,0.000169539576,0.002800554643,0.000263160771,1.235745345e-05,0.02056599547,0,0.0140716225,0.005022860677,0,0.004740402116,2.824435228e-05,0.00695893803,0.005090624381,0.08408993392,0.008540416256,0.0003710470162,0.6175181064,0,0.002471477767,0.0008821931152,0,0.002074045843,0.009867399446,0.00122223721,0.000158609709,0.01476918544,0.001500001076,0.0013878216,0.108458159,0,0,0.005080049466,0,0,0.05682075322,0,0,2.856593402e-05,0.008637654881,0.007991676944,0.0003752716466,0,0,0.00180131172,0,0,0.001511647458,0,0,0.0006068199944,0.0008908153007,0.0001156010916,0.0006516520293,-0.6418754316,0,0.000364836114,0.002129768731,0.0003237713403,1.233474479e-05,0.02335104396,0,0,0.01469859991,0.002121287822,0,0,0.00727501234,0.002025857581,0.1530928328,0,-0.02094862139,-0.001789829214,-0.009658886968,-0.0001657764415,-0.701235113,0,0,0.001544996967,0.06746438854,0,0,0.0001286429808,0.009465138176,-0.7637460796,0,0.00365896567,0.002345393695,-0.001143868244,0.01118556622,0.1230340288,0,0,0.005929724255,2.985661391e-05,0,0,0.006322513436,0.0003801779688,0.0137174577,0,0,-0.003320328084,0,-0.06460168622,-0.0001199146918,0.00727501234,0.0001286429808,0.006322513436,0.09975826075,0.01469859991,0.001544996967,0.005929724255,0.7325168036,-0.02740380342,0,0,0.002640580915,0,-0.0003367278341,0.001166957169,0.002025857581,0.009465138176,0.0003801779688,0.7325168036,0.002121287822,0.06746438854,2.985661391e-05,0.09975826075
1,1,1,1,0,1500,500,v1,0,0,0,0,0,0.4821379879,0,0,0,0,0.3157902219,0,0,0,0,0,0,0.01874690327,0,0,0,0,0.01227882658,0,0,0,0,0,0,0,0,0,0,0,0,0,0,0,0,0,0,0,0,0,0.1033524098,0,0,0.06769365047,0,0,0,0,0,0,0,0,0,0,0,0,0.2020198204,0,0,0,0,-0.7977658263,0,0,0,0,0,0,0,0,0,-0.6267668805,0,0,0,0,0.03102087437,0,0,0,0,0,0,0,0,0,0,0,0,0,0,0,0,0,0,0,0.5400317925,0,0,0,0.3535872181,-0.7667449518,0,0,0,0,0,0.1709989457,0,0,0,0,0,0,0,0,0,0,0,0,0,0,0,0,0,0.3535872181,0,0,0,0.5400317925,0
1,1,1,1,1,1500,500,v1,0,0.001872469326,0,0,0.0007120765557,0,0.009732395122,0.0002219140463,7.976010904e-05,0,0,6.386554514e-05,0.0001128259989,0.0005246917049,0.0004335836566,0.0004461864946,0.0008559440705,0,0.0002533756952,0.0002667494254,9.587479302e-05,0.002738187081,0,7.676890109e-05,0.07810759537,0.0119099509,0.009841893846,0.1297824744,0.05109038614,0,0.005751362297,0.2655487158,0.002176257156,0.06215397229,0,0.001742573466,0.09449772307,0.003098439613,0.01190712062,0.1570160785,0,0,0.0122532211,0,0,0.07519638562,0,0,0.001270362139,4.165328271e-05,0.0001937065228,0.002110815742,0,0.0008309472583,0.0001647238437,0,0.0003159988009,9.35416444e-05,0.004318953017,9.847897952e-05,-0.3155493381,0,0.01146803029,0,-0.0004781892356,0,0.0001283732081,0.03815357749,0.004390750536,0.01672097606,0.002508671941,0.04662411323,0.01738733479,0.00807182817,0.01969443932,-0.05456588329,0.0005387379682,0.0007586359197,0.003146982793,-0.0004242081932,0,0.0001631886465,0.04662411323,0,0.07256758746,0,0.03815357749,0,0.3772792801,0,-0.1929326944,0.1032932291,-0.01756777511,0.03622442063,-0.3164726026,0,-0.003847663963,0.01738733479,0,0.001062100928,0,0.004390750536,0,0.0004035644744,0,0.1467528174,-0.1631695988,-0.0152489998,-0.05417347756,0,0,0,0.00807182817,0.3772792801,0.0004035644744,0.002955354997,0.01672097606,0.07256758746,0.001062100928,0.002378798173,-0.3973027393,0.003357909287,0.0001915383387,0.0002806030406,0,0.005106659991,-7.471283894e-05,0.01969443932,0,0,0.002378798173,0.002508671941,0,0,0.002955354997
1,1,1,1,2,1500,500,v1,0,0.1744826628,0,0,0,0,0.1560912925,0,0,0,0,0,0,0.02116882837,0,0,0,0,0.007341667464,0,0,0,0,0,0.04425687864,0.001867738629,0,0.05877566108,0.03015360603,0,0.0006477597949,0.02697526083,0,0,0,0,0.04696973345,0,0,0.06237848711,0,0,0,0,0,0,0,0,0.1003580606,0,0.00423533318,0.1332812331,0,0.06837710917,0,0,0,0.001468877128,0.06116981009,0,0.1827115461,0,-0.3259907736,0,0,0,0,0.01491043873,0,0.02210409932,0,0.0171702629,0,0.007676734189,0,0.006876706213,0,-0.0267305952,0,0,0,0,0.0171702629,0,0.1135904667,0,0.01491043873,0,0.1013283748,0,-0.3445896952,0.1006771371,0.002499130109,0,0.05689317552,0,0,0,0,0,0,0,0,0,0,-0.1248890766,0.1035019422,0,0,0,0,0,0.007676734189,0.1013283748,0,0,0.02210409932,0.1135904667,0,0,-0.08914998497,-0.2255662138,0,0.0043775761,0,0.1258183707,0,0,0,0,0,0,0,0,0
1,1,1,1,3,1500,500,v1,0.04292139779,0.01047272384,0,0.0550995163,0.0157732922,0.005619091167,0.01191971283,0.002193955204,0.003084972124,0,0.005182612366,0.008031341259,0.00354170962,0.007971321464,0.001579573227,0.001850120562,0.01758743922,0.00626536446,0.01253948811,0.002446290432,0.003439786636,0.002600442483,0.005778684552,0.008955056715,0.01604114531,0.01951993254,0.003868011467,0.05303312449,0.02859485517,0,0.0307063218,0.03254573187,0.008423246181,0.006367885433,0,0.02192887387,0.007581914775,0.004099250567,0.001828231883,0.02506632927,0.05539181963,0,0.002141369162,0.07110817974,0.007251667011,0.003009807823,0,0.006688373263,0.01131404764,0.006117071688,0.01376768569,0.03740501601,0.0826579703,0.02016835753,0.003195439864,0.1061105746,0.03037618496,0.02165760493,0.02295496698,0.004225115989,-0.1762779524,0.07792067073,0.01580297682,0,0.006712231885,-0.00297955489,0.0004169304388,0.01104343681,0.005364511205,0.01789865771,0.004861506168,0.03497833199,0.003427673365,0.02978061657,0.007219748646,-0.1081387016,-0.0008241627765,0.01408058857,-0.0003762815408,-0.001399794435,-0.006743805177,0.003064206363,0.03497833199,-0.002383694145,0.02148446509,0,0.01104343681,-6.933954221e-05,0.01662140224,0,0.05379356856,-0.05649981077,-0.03518944461,-0.008335035046,-0.04621358469,0,-0.02492783521,0.003427673365,-6.933954221e-05,0.02288312115,0.01279326293,0.005364511205,-0.002383694145,0.003134937639,0.01097284319,-0.15908272,0.0224099705,0.001561735838,0.000657146718,0.08176905729,0,-0.006120710681,0.02978061657,0.01662140224,0.003134937639,0.009149055632,0.01789865771,0.02148446509,0.02288312115,0.02302099198,0.08013043449,0.003408661077,-0.00659902944,-0.01067732675,-0.1580543722,0.005006696307,-0.02265780997,0.007219748646,0,0.01097284319,0.02302099198,0.004861506168,0,0.01279326293,0.009149055632
1,1,1,1,2,1500,500,v1,0.00303102947,0.001476446961,0.004897825713,0.001542496848,0.005266351791,0.003675339231,0.001422099713,0.006914784525,0.0001358840283,0.004630289764,0.000729423669,0.0002894219864,0.0001186964211,0.01104438112,0,2.317352231e-06,0.002035876825,0.001420820003,0.0007629831552,0.002673131254,5.253031988e-05,0,0.0002819820632,0.0001118853313,0.03995795902,0.4920433368,0,0.06138932463,0.02542854159,0.08435424243,0.03399201582,0.02449253015,0.002340302603,0,0.07974652594,0.004984655199,0.002776810276,0.0003674874444,0,0.004266146511,0.003627744331,0.005862054343,7.174587413e-06,0.001846166212,0.004398898524,0,0.005541848937,0.0008730243657,0.002846393271,0.0003766961676,0.03505056007,0.004373050196,0.003718650548,0.001811394562,7.354372573e-06,0.001892428565,0.006461079368,0.00242141109,0.001744718067,0.008483476495,-0.2092198752,0.002214029207,0.002871121722,0.009499979994,0.001817871223,-0.001267420885,0.0003733796928,0.05146496344,0.0005281089624,0.6684463673,0,0.07910462654,1.056737915e-05,0.04618046062,0,-0.5023790266,5.573289407e-05,0.01179706309,0,0.004155627035,0.0009938489426,0.0001575904561,0.07910462654,-0.001445874031,0.03306847095,0.1103267009,0.05146496344,-0.0002704874302,0.03192936696,0.1042949475,0.09114046126,-0.101195526,-0.5256164349,0,-0.04972725522,-0.1639475421,-0.00721975068,1.056737915e-05,-0.0002704874302,0.0005639110026,0.001812996108,0.0005281089624,-0.001445874031,-0.000177484934,0.0004306537412,-0.2473629679,0.006967582997,-0.0001629615034,0,-0.0004240580064,0.01136646324,-0.001222194624,0.04618046062,0.03192936696,-0.000177484934,0.003168912279,0.6684463673,0.03306847095,0.0005639110026,0.006864258528,-0.6472472082,0.007181549561,-0.0002518889521,0.03740148929,-0.0006457302263,0.003524241662,-0.006231115619,0,0.1042949475,0.0004306537412,0.006864258528,0,0.1103267009,0.001812996108,0.003168912279
1,1,1,1,2,1500,500,v1,0.0001054379315,0.002243660597,0.06650620954,0.0002169806646,0.01647036149,0.003149687605,0.08420043476,0.05768866442,0.002974668253,0.09264060287,0.00278395501,0.008674009167,0.0006175259771,0.007414919295,0.01092589476,0.001769529387,0.02089131993,0.003995123693,0.07223754227,0.07317339972,0.003773125817,0.001200878658,0.003531221511,0.01100227829,0,0.003234929257,0.004766673137,0,0.00124159018,0.036803007,0.03151529095,0.04659458435,0.001646113007,0.0005239109624,0.0512651793,0.004799997209,0,0.0001669527113,0.002953896389,0,3.615745639e-05,0.02280673887,0.0004784053464,7.440841077e-05,0.001080111214,0.0003246664195,0.0317689138,0.0009546918306,0,0.0004505331958,0.005409759931,0,9.757334427e-05,0.002076306551,0.00129100922,0.0002007961346,0.01524184161,0.05270290155,0.07791994674,0.0533856823,0.1472362699,-0.0002210433839,-0.05085802896,-0.1510588495,-0.006347636533,-0.003279108843,-0.004818655323,0,0.0008502001758,0.004037427214,0.01455851537,0,0.002264564613,0.0500640153,0.001882689145,0.06571165709,-0.001842367735,-0.06462101874,-0.00981811628,-0.05361795389,-0.005457529742,-0.006440582338,0,0.0001703688585,-0.0001510130733,0.02279873992,0,0.0003475759463,0.008086969332,0.03229648306,-0.2250582645,0,0.01866933643,-0.0001425524331,0.03805080022,0.06817222654,0.004542476999,0.002264564613,0.0003475759463,0.01009413743,0.006720448656,0.0008502001758,0.0001703688585,0.007970698711,0.005611029892,-0.1038535905,0,-0.0001446994065,-0.001000134302,-7.445946048e-06,0.04615647447,0.0005156528847,0.0500640153,0.008086969332,0.007970698711,0.001969839202,0.004037427214,-0.0001510130733,0.01009413743,0.008105301807,-0.1209400575,0,-8.944271793e-05,0.009884053993,-0.0001168072064,0.007516591225,0.04792236634,0.001882689145,0.03229648306,0.005611029892,0.008105301807,0.01455851537,0.02279873992,0.006720448656,0.001969839202
1,1,1,1,0,1500,500,v1,0,0.003727288517,0,0,7.227111067e-05,0,0.003018684417,0.001261811711,3.962170763e-05,0,0,8.927413516e-05,0.0008778841818,0.01625590972,0.05541830133,0.2523863527,0.0005594599061,0,0.06647711802,0.00976784575,0.0003067167036,0.02148283268,0,0.0006910824922,0.001701873445,0.002694131448,0.009184609844,0.002576563322,0.004781946942,0,0.01101741443,0.003872839103,5.083290516e-05,0.003560402101,0,0.000114534782,0.0001116753245,9.547170701e-06,0.000602685404,0.0001690716463,0,0,0.002744753399,0,0,0.0002336302157,0,0,0.01268329555,0.001084300298,0.02007814712,0.01920196488,0,0.03563769477,0.3117297284,0,0.0006910052097,0.08210782287,0.02886252389,0.01206455052,-0.0599033906,0,0.006661748092,0,0.001298777809,0,0.0001265722923,0.01636189872,0.0005934510566,0.00402779401,0.06917643788,0.02475317569,0.1495019667,0.01320917554,0.02677319857,-0.2521058005,0.09959659066,0.04599073694,-0.07653392439,0.005654560372,0,-0.00095548582,0.02475317569,0,0.04061328847,0,0.01636189872,0,0.0328631883,0,-0.190368342,0.004038607129,0.01330680318,0.01176534071,0.008576573867,0,0.0001405346036,0.1495019667,0,0.000276222018,0,0.0005934510566,0,0.00293917143,0,-0.1952456713,0.0002742608958,0.002729165177,0.0008021594672,0,0,0,0.01320917554,0.0328631883,0.00293917143,0.0003194197152,0.00402779401,0.04061328847,0.000276222018,0.0007131486702,0.1881278225,-0.03172291764,-0.2023893678,-0.07078885316,0,-0.06422263983,-0.009096933828,0.02677319857,0,0,0.0007131486702,0.06917643788,0,0,0.0003194197152
1,1,1,1,4,1500,500,v1,0,0.04798551279,0,0,0,0,0.006475300628,0,0,0,0,0,0,0,0,0,0,0,0,0,0,0,0,0,0,0,0,0,0.5406335015,0,0,0.07295461167,0,0,0,0,0,0,0,0,0,0,0,0,0,0,0,0,0,0,0,0,0,0.2924826399,0,0,0,0,0.03946843353,0,-0.2817954701,0,0.05444737431,0,0,0,0,0,0,0,0,0,0,0,0,0,0,0,0,0,0,0,0,0,0.3004662439,0,0,0,0.04055590195,0,0.3846782762,0,0,0,-0.6120263718,0,0,0,0,0,0,0,0,0,0,0,0,0,0,0,0,0,0,0.04055590195,0,0,0,0.3004662439,0,0,-0.5575789975,0,0,0,0,0.3302309018,0,0,0,0,0,0,0,0,0
1,1,1,1,4,1500,500,v1,0,0.04361211158,0,0,0,0,0.03548464279,0,0,0,0,0,0,0,0,0,0,0,0,0,0,0,0,0,0,0,0,0,0.3629258903,0,0,0.2952917231,0,0,0,0,0,0,0,0,0,0,0,0,0,0,0,0,0,0,0,0,0,0.1448387509,0,0,0,0,0.1178468813,0,-0.3954927882,0,0.0790342436,0,0,0,0,0,0,0,0,0,0,0,0,0,0,0,0,0,0,0,0,0,0.2617023596,0,0,0,0.2129854573,0,0.3415125966,0,0,0,-0.6579711411,0,0,0,0,0,0,0,0,0,0,0,0,0,0,0,0,0,0,0.2129854573,0,0,0,0.2617023596,0,0,-0.5789368968,0,0,0,0,0.262478353,0,0,0,0,0,0,0,0,0
1,1,1,1,3,1500,500,v1,0.3579008071,0,0,0.1499875087,0,0,0,0,0,0,0,0,0,0,0,0,0,0,0,0,0,0,0,0,0,0,0,0,0,0,0,0,0,0,0,0,0,0,0,0,0.1868599395,0,0,0.07830844816,0,0,0,0,0,0,0,0,0.1599233266,0,0,0.06701996998,0,0,0,0,0.489812935,-0.5056234282,0,0,0,0,0,0,0,0,0,0,0,0,0,0,0,0,0,0,0,0,0,0.01673322685,0,0,0,0.006982512658,0,0,0,0,0,0,0,0,0,0,0.006982512658,0,0,0,0.01673322685,0,0,-0.2790422413,0,0,0,0.2632317484,0,0,0,0,0,0,0,0,0,0,-0.2423916796,0,0,0,0.2265811867,0,0,0,0,0,0,0,0,0,0
1,1,1,1,3,1500,500,v1,0.001403425109,0.002633706811,0,0.007769887412,0.0002439113087,0.002255532387,0.01458666328,0.006936854693,0.04343398359,0,0.006122511659,0.01003550383,0.002776986975,0.001507116172,0.1894428229,0.004653426786,0.0002581602754,0.002387297519,0.02027106669,0.007342096301,0.04597133779,0.07941083696,0.006480180455,0.01062176431,0.0003002352949,0.0001246479913,0.01566811357,0.002337124543,0.0002305491155,0,0.001676544777,0.001276885607,0.003802118922,0.006567775931,0,0.0008784867484,0.005499470715,0.004206990637,0.2869960102,0.04280958369,0.002250320747,0,0.007049699223,0.01245861908,0.003616631407,0.1203032822,0,0.009817135892,0.0002097968958,0.0001604906403,8.710089087e-05,0.001633124029,8.584649904e-05,0.000161101941,0.0002689358832,0.0004752783942,1.491987837e-05,0.001171527451,0.0008922556447,0.0004243223851,-0.03167917969,0.004426733471,-0.01654772077,0,-0.0008513775903,0.004903508981,-0.002356441671,0.007434966706,0.002920428762,0.001936737791,0.1269679163,0.05789730468,0.004324302451,0.02604033862,0.05552381204,-0.3778704338,0.004294527843,-0.02166480431,0.2484033035,-0.003000855976,0.006903952852,-0.02152581609,0.05789730468,0.001582455165,0.003366546534,0,0.007434966706,0.01002719848,0.0192038592,0,-0.2503615716,0.002603707282,0.001778681694,0.02213986449,0.001042739352,0,0.004447100931,0.004324302451,0.01002719848,0.0002006013663,-0.001637262355,0.002920428762,0.001582455165,0.004950169213,-0.003689586942,0.2964467905,-0.04796814971,-0.009545072728,-0.3922043204,-0.01270737783,0,-0.008256228974,0.02604033862,0.0192038592,0.004950169213,0.02295251107,0.001936737791,0.003366546534,0.0002006013663,0.006200224185,-0.09813896936,0.001809594757,0.0004207240679,0.00123473837,0.0005408752598,0.0004580442696,0.0004183865153,0.05552381204,0,-0.003689586942,0.006200224185,0.1269679163,0,-0.001637262355,0.02295251107
1,1,1,1,2,1500,500,v1,0.02838869875,0.003302280929,0,0.01553029856,0.009759382034,0.000424063782,0.0005963213992,0.002202453274,0.0004627299989,0,0.009221552903,0.001040919291,0.006139252951,0.0005362335403,0,0.0001990500015,0.002398216177,0.0001042070716,0.0006087157987,0.0005412185991,0.0001137086923,0,0.002266053043,0.0002557897083,0,0.01691444027,0,0,0.02559668252,0,0.01920075163,0.004622214119,0.003586718735,0,0,0.008068387033,0,0.1901394666,0,0,0.2160569491,0,0.006164799105,0.1181959397,0.003227408475,0,0,0.07018217367,0,0.06477646461,0.005657905485,0,0.07360599863,0.008562128461,0.00210021569,0.04026683804,0.02530405028,0.006422680041,0.001546137513,0.00571050382,-0.3493664473,0.04386909226,0.003887094542,0,0.01090974712,0.009562684642,0.001480040198,0,0.1788819718,0.01600879592,0,0,0.005797517243,0.01819142286,0,-0.2463335961,0.006322876692,0.001143084654,0,0.002824645228,0.002356229993,0.0003673270649,0,0.1708716581,0.02041322819,0,0,0.09339706202,0.003705293604,0,0.02869186085,0,-0.03575482807,0,-0.02996882587,0,-0.0115808847,0.005797517243,0.09339706202,0.0197141978,0.004050431271,0.1788819718,0.1708716581,0.004658163696,0.08807637937,0.2416622542,0,-0.1955607351,0,-0.3334814114,0,-0.0733367874,0.01819142286,0.003705293604,0.004658163696,0.00449373953,0.01600879592,0.02041322819,0.0197141978,0.0101065366,-0.5258092592,0,0.06611819963,0.01181159758,0.1134331724,0.01000271681,-0.02998263335,0,0,0.08807637937,0.0101065366,0,0,0.004050431271,0.00449373953
1,1,1,1,3,1500,500,v1,0.004372406861,0.0005429471395,0,0.0009025876494,0.0001022201072,0.003613963731,0.001112070361,0.0002418881863,0.01128430761,0,0.006092594287,0.008162718666,0.0417761523,0.0466139254,0.003793838803,0.1431882842,0.0006346715006,0.02243863608,0.006286952473,0.001501852644,0.07006281485,0.0228995503,0.03782813446,0.05068127053,0.004613738329,0.002236004278,0.0001819850982,0.004461699558,0.0001617063848,0,0.0003015762458,0.0003312088133,0.003360814443,0.001098459141,0,0.002431109089,0.05941750374,0.02580755334,0.002343674367,0.05745948975,0.01677071692,0,0.08845571165,0.003461947262,0.01386164751,0.01414638097,0,0.02336863364,0.03902389175,0.01694973879,0.01891255695,0.03773791841,0.01101457652,0.0013677439,0.05809544156,0.002273718125,0.0002575037566,0.002550790256,0.002801428247,0.0006093430968,-0.1657096132,0.0009861028531,-0.0003462093327,0,0.0002594020393,0.008008794199,0.01767530382,0.04934681309,0.00133025797,0.03928936863,0.003933845813,0.05061538945,0.002596567425,0.005396920332,0.02310848963,0.2299715166,-0.1628682091,-0.04966796187,-0.02384384911,-0.002036835454,-0.04972421676,-0.1191066656,0.05061538945,0.01007096856,0.001862789522,0,0.04934681309,0.002807054438,0.003689635109,0,-0.2311960234,0.00795585231,0.002369802458,0.001175489288,0.0001013497807,0,0.005382115028,0.002596567425,0.002807054438,0.0005353135205,0.01560135995,0.00133025797,0.01007096856,0.001240842065,0.02880749651,-0.1181241726,-0.09861316775,0.08731148597,0.004640136182,-0.01280262833,0,0.01210951819,0.005396920332,0.003689635109,0.001240842065,0.08352742654,0.03928936863,0.001862789522,0.0005353135205,0.06054644388,-0.2273510161,0.02401584716,0.07293883967,0.0175073001,0.003231176806,-0.003456756871,0.0005933296927,0.02310848963,0,0.02880749651,0.06054644388,0.003933845813,0,0.01560135995,0.08352742654
1,1,1,1,1,1500,500,v1,0,0,0.001482574448,0,0,0.002672639249,0,0,5.568968738e-05,0.2242055808,0.0004151544584,0.0006514800215,0.0001749753716,0.07864070527,0.03865462414,1.899259907e-05,0,0.004052105039,0.1659951878,0,8.443356615e-05,0.00718720514,0.0006294337978,0.0009877373008,0.0001071462094,0.05113907294,0.0251366215,4.034051383e-05,0,0.00146171369,0.1079446069,0,5.490609835e-05,0.004673750148,0.2210508668,0.0006423132867,8.914727567e-06,9.467027534e-06,0.002091405137,3.3563921e-06,0,0.000121616802,1.02759295e-06,0,0.0002192387969,0.0003888631201,0.01839176829,3.405546186e-05,2.727812117e-05,2.896810051e-05,0.01301938572,1.027020396e-05,0,0,3.144325476e-06,0,0,0.02748138346,0,0,0.02098863197,0,0,-0.02347271629,0,-0.001472268537,-0.0002480364976,0.000138628807,0.0002406283006,0.02421707815,0.01523201154,5.394542856e-05,2.718330286e-05,0.04769187625,0.003602046603,0.200112481,-0.0001584090953,-0.2263742755,-0.0357056057,0,-0.003089142027,-0.0005954730784,5.394542856e-05,0,0,0.0004330677044,0.000138628807,0,0,-0.001831295998,-0.2256859239,-0.0001096923665,0.1384542425,0.02072795547,0,0.006078335939,0.0002242278485,2.718330286e-05,0,0,0.005762175238,0.0002406283006,0,0,0.001013713731,-0.03722945094,-7.426243101e-06,-3.486879325e-06,0.00242161148,0,0.01832653235,4.415125248e-05,0.04769187625,0,0,6.416250772e-05,0.02421707815,0,0,0.000864760083,-0.08819904582,-1.126421408e-05,-1.664509452e-05,0.03998073005,0,0,0,0.003602046603,-0.001831295998,0.001013713731,0.000864760083,0.01523201154,0.0004330677044,0.005762175238,6.416250772e-05
1,1,1,1,3,1500,500,v1,0.002174319635,0.0009125284468,0.001746460497,0.003459183684,0,0.2525310053,0.01693688083,0,0.001571934985,0.01046457847,0.4890508989,0.001950303146,6.54076015e-05,8.735800478e-05,0.0002344400751,0.000133535146,0,0.01186814783,0.003389452635,0,7.387590592e-05,0.002871368314,0.02298382474,9.165799675e-05,0.0007032861353,0.0004986352913,0.001338172677,0.0003965982838,0.0002447907248,0.000468497538,0.01934683268,0.004543410507,0.0004216801192,0.01638963229,0.002807180158,0.0005231794388,0.0004010918303,0.0002129218793,0.0007631746191,0.0002261843701,0.0003326470638,0.0002671893069,0.0004346980104,0.0005292171754,0.03863447493,0.009347187841,0.001600965768,0.07481942533,5.332234999e-05,2.830647276e-05,3.780595719e-05,3.006962804e-05,4.422309761e-05,1.855975263e-05,5.779005628e-05,7.035571736e-05,0,0.001466854715,0.0003444761855,0,0.1600119052,-0.00552440249,-0.01774680839,-0.01206827156,0,-0.7411474825,-0.003476420506,0.0003508645594,0.0001769654607,0.0005603895587,0.0004989226938,0.0002090779401,0.0003851739904,0.02176593668,0.006189129585,-0.6567368889,0.0001009508182,0.003428687102,0.00300575424,0,0.03478011627,0.0001557886109,0.0002090779401,0.002646791896,0.0009866510986,0.00154702059,0.0003508645594,0.004215117776,0.01809192586,0.009117836251,-0.01353584611,-0.000780069233,-0.01980239055,-0.01651281953,0.004667850855,0.003097472922,0.0008516011041,0.0003851739904,0.004215117776,0,0.3030640648,0.0001769654607,0.002646791896,0,0.5865542661,-0.7348074319,0.0003399419702,-0.0005383577346,0.009048363757,0.000837954245,0.001860894058,0.1132884787,0.02176593668,0.01809192586,0,0.001658698755,0.0005603895587,0.0009866510986,0,0.002044847434,-0.03501664314,6.683226267e-05,6.264728228e-05,0.001489485924,0.0001118417989,0.0003599062557,0,0.006189129585,0.009117836251,0.5865542661,0.002044847434,0.0004989226938,0.00154702059,0.3030640648,0.001658698755
1,1,1,1,4,1500,500,v1,0.001216707899,0.00785765897,0.00298502149,0.0002008504592,0.08420803712,7.410176185e-05,0.006806950816,0.06359752643,0,8.801023658e-05,1.133792828e-05,0,0.0002072297391,0.02088838079,0.001120970799,0.002736013662,0.3699323398,0.0003255347005,0.02180408916,0.2793887919,0,0.0005415760642,4.980838503e-05,0,8.096400436e-06,0.002269991592,0.0001218186472,3.212795941e-05,0.003751296604,0.001425068334,0.002369503867,0.003249681817,0,5.885439969e-05,4.201664934e-05,0,0.0001116276481,0.0003104926672,0.001679552437,0.0004429583957,0.008008558467,0.01964787041,0.004099373878,0.001322028604,0.00048774919,0.000811444329,0.0005792969092,7.462798717e-05,8.272878574e-06,2.301103872e-05,0.00231947085,3.282825611e-05,0.0005935252858,0.003833064032,0.0003038102378,9.797735864e-05,0.0410777306,0.002421152206,0.003320515492,0.03102366647,-0.5932725157,0.001331995938,-0.01195618168,0.003000581167,0.147506429,6.261201484e-05,0,0.0001311836882,0.000309657453,0.02442844381,0.00129387979,0.0005161619182,0.003707103459,0.02549874822,0.0008079994432,0.2252005622,-0.00067420325,-0.04261118353,-4.983372834e-05,-0.6487490283,-8.468374923e-05,0,0.0005161619182,0.009286197826,0.0005284343629,0.02283750112,0.0001311836882,0.001530564067,0.0007287992177,0.0006724095731,-0.06303053401,2.3321665e-05,0.004604685381,0.0001471295389,0.005167219013,0.001459137348,0,0.003707103459,0.001530564067,0.3668070762,0.0004900164676,0.000309657453,0.009286197826,0.2770279837,8.16429367e-05,0.006260469772,-0.0004950221218,-0.002321213721,-0.001498548632,-0.009229870302,-0.02013299235,-0.0003590345352,0.02549874822,0.0007287992177,0.2770279837,0,0.02442844381,0.0005284343629,0.3668070762,0,-0.5574030441,4.013671954e-05,0.0003175763641,0.004721703441,0.0006866998164,0.005950806958,0.07201922665,0.0008079994432,0.0006724095731,8.16429367e-05,0,0.00129387979,0.02283750112,0.0004900164676,0
1,1,1,1,3,1500,500,v1,0,0,0,0,0.03960487068,0.008228635753,0,0.00212890671,0.02134229927,0,0.003680993354,0.01789839056,0,0,0,0,0.09655341075,0.02006073582,0,0.005190099109,0.05203076673,0,0.008973958434,0.04363480111,0,0,0,0,0,0,0,0,0.0007718493071,0,0,0.0006472995329,0,0,0,0,0,0,0,0,0.2839886408,0,0,0.1270393211,0,0,0,0,0,0,0,0,0.2545424339,0,0,0.01368258717,-0.641746187,0,0,0,0.04162090052,0.01190909544,0.03895888804,0,0,0,0,0,0,0,0,-0.5835753722,0,0,0,0.1006079262,0.02902014093,-0.09530999852,0,0,0,0,0,0,0,0,-0.05635111051,0,0,0,0,0,0.001414369303,0,0,0.1769509528,0.3834798382,0,0,0.00952831598,0.171521716,0.04092923639,0,0,0,0,0,-0.4109302849,0,0,0.00952831598,0.04487767276,0,0,0.1769509528,0.03752743923,0.1422288268,0,0,0,0,0,-0.2665483393,0,0,0.171521716,0.03752743923,0,0,0.3834798382,0.04487767276
1,1,1,1,0,1500,500,v1,0,0.003442545349,0.003081945505,0,0.001533825873,0.0001771011907,0.01887358377,0.0001701934164,0.0007951951586,0.006801041104,0.0005645057495,0.001016200664,0.01298337358,0.003093600546,0.01338670946,0.005428025619,0.001859658955,0.0002147230797,0.006164274399,0.000206347876,0.0009641197374,0.004198615981,0.0006844246084,0.001232073795,0.009699017285,0.01065805532,0.04611981665,2.575730002e-05,0.01437972732,0.01287347921,0.02123712372,0.07883614033,0.003321579933,0.01446504832,0.02840837423,0.004244733756,0.009493768376,0.04378367248,0.04514383715,2.521222854e-05,0,0.0126010529,0.01830486463,0,0.0007241080245,0.0141589415,0.02780720118,0.002308076765,0.02335251975,0.1076979167,0.02566161498,6.201637132e-05,0,0.03462235982,0.04502582072,0,0.01542599033,0.05113305158,0.1898153668,0.001711668868,-0.1845207074,0,0.02191226649,0.006264827726,0.001419900972,-0.0001901902133,-0.0001678610729,0.01042875802,0.07965243056,0.01879732818,0.02128593304,3.013344599e-05,0.03414066992,0.03619980669,0.007776841716,-0.1946495441,0.01781214132,0.008759411538,0.01265643981,0.00165529412,8.071549533e-05,-0.0002072508689,3.013344599e-05,0,0.02561923251,0.008268102497,0.01042875802,0,0.1425826422,0.02346648915,-0.285266663,0.007540847363,0.02926320179,-0.02411299972,0.08779270989,-0.01189571987,-0.005689044395,0.03414066992,0,0.01862895895,0.0007797452243,0.07965243056,0,0.002061218012,0.002420022375,-0.1593385197,0.005988365021,0.05331856695,-0.007918623269,0,-0.01552550228,-0.002023703682,0.03619980669,0.1425826422,0.002061218012,0.003965157482,0.01879732818,0.02561923251,0.01862895895,0.005131077016,0.2354627046,-0.02050180674,-0.1469927753,-0.07468736987,0,-0.2218395595,-0.0168686464,0.007776841716,0.02346648915,0.002420022375,0.005131077016,0.02128593304,0.008268102497,0.0007797452243,0.003965157482
1,1,1,1,3,1500,500,v1,0.0001899436365,0.02179269661,0.001099974576,0.0001737221804,0.004467048139,0.0003363445236,0.004341703494,0.009988926522,0.001699304142,0.0002282436799,3.994303546e-05,0.002613371368,0.001900473628,0,0.006008627637,0.01457279557,0.02609695058,0.001964958992,0,0.05835632697,0.009927508018,0.008217118944,0.0002333512848,0.01526758193,0.07014169652,0,0.005582229868,0.004081652248,0.1182803302,0.005970135702,0,0.02356468923,0.009223009832,0.00763399724,0.001238797489,0.01418412939,0.2290797988,0.005766400459,0.01823132542,0.01333050271,0.00336695127,0.01949820938,0.04421664885,0.003079408854,0.005962061388,0.02493231043,0.004045859931,0.0007080324272,0.04012365195,0.001009993226,0,0.002334856473,0.0005897262946,0.06766073589,0.007744608816,0.0005393628324,0.01386903924,0,0.01347987625,0.03101305595,-0.1664868402,0.0003000323636,0.02456057411,0.001064031554,0.01223313933,0.0002186465352,0.003401333336,0.1778762122,0.005454462682,0,0.01684131111,0.01040964828,0.04016840706,0,0.02514722058,-0.0414154127,0.007926582639,0,0.0043820903,-0.07545288608,-0.0003418936697,-0.01372836527,0.01040964828,0.003950688208,0.0538639069,0.01984966605,0.1778762122,0.003540426325,0.01151244538,0.004013066365,-0.1723986971,0.068669828,0,0.007483822576,-0.131679545,0.004588574989,-0.004878177203,0.04016840706,0.003540426325,0.02108313794,0.007301789827,0.005454462682,0.003950688208,0.0382419546,0.0008987297061,0.1457867884,-0.236211553,-0.04684117151,-0.03985826731,-0.00627202256,-0.02156109482,-0.005343765887,0,0.01151244538,0.0382419546,0.009842466717,0,0.0538639069,0.02108313794,0.01296534699,-0.3827670225,0.04201781794,0.008499342365,0,0.0009779138416,0.0635347361,0.02366968505,0.02514722058,0.004013066365,0.0008987297061,0.01296534699,0.01684131111,0.01984966605,0.007301789827,0.009842466717
1,1,1,1,4,1500,500,v1,0.0002285862241,0.003467599984,0.006700171952,0.0003273289109,0.0002025660062,0.003922772694,0.001582482275,0.001630485589,0,0.008124942271,0.001879744389,0,0.002102465694,0,0,0.0135919928,0.0005324098989,0.01031033317,0,0.004285450869,0,0,0.004940584744,0,0.0560337835,0,0,0.08069143049,0.06096998091,0.1178075204,0,0.02782440724,0,0,0.1428589161,0,0.001897475157,0.0004762802575,0,0.002732458442,0.0001361016127,0.00398932268,0.003079050396,0.0001948936023,0.002335642456,0,0.004837639497,0.001119211115,0.0645581277,0.01620456614,0,0.0929669094,0.00463060887,0.07024526218,0.1047590678,0.006630898971,0.004103501639,0,0.03205729693,0.03302972898,-0.3282994806,0.0004505693199,0.004978801565,0.01477269122,0.00172371541,0.002352337927,0,0.01846958219,0.02069767293,0,0,0.02453851014,0.1320428483,0,0,-0.1475959493,0.01510828694,0,0,0.004240587705,-0.01265337504,0,0.02453851014,0.006435206667,0.01525261746,0.1606639896,0.01846958219,0.009171367307,0.01106691543,0.1948317958,-0.1243974402,0.06720519367,0,0,0.03455559461,-0.2605789568,0,0.1320428483,0.009171367307,0.005085908083,0.008537819233,0.02069767293,0.006435206667,0.04105036205,0.003936064085,-0.4054221716,0.004614121143,0.003504498321,0,0.0002927914066,0.00880907364,0.001985114917,0,0.01106691543,0.04105036205,0,0,0.01525261746,0.005085908083,0,0.1366741602,-0.1004913764,-0.1204397994,0,-0.01114774337,-0.05708075147,-0.03672181657,0,0.1948317958,0.003936064085,0,0,0.1606639896,0.008537819233,0
1,1,1,1,3,1500,500,v1,0,0,0,0,0,0,0,0,0,0,0,0,0.4807887304,0,0,0.09460942223,0,0,0,0,0,0,0,0,0,0,0,0,0,0,0,0,0,0,0,0,0,0.1949656489,0,0,0,0,0.03836526572,0,0,0,0,0,0,0.1598213489,0,0,0,0,0.03144958383,0,0,0,0,0,0,0,0,0,0,0,0,0,0.1879813726,0,0,0,0.03703720119,0,0,0.4244482731,-0.5744606554,0,0,0,0,0,0,0,0,0,0,0,0,0,0,0,0,0,0,0,0,0.03703720119,0,0,0,0.1879813726,0,0,0,-0.3832422209,0,0.2332298386,0,0,0,0,0,0,0,0,0,0,0,0,-0.3412308167,0,0.1912184342,0,0,0,0,0,0,0,0,0,0,0,0
1,1,1,1,0,1500,500,v1,0.0004044936501,6.190022743e-05,0.0007837374588,0.0006966590227,0,0.001109626182,1.866706155e-05,0,8.677287671e-07,0.001389242418,0.0008222975088,2.072525025e-07,0,0,0.0008454502969,0,0,0.003848073765,0,0,3.009197473e-06,0.001106437955,0.002851646367,7.187311641e-07,0.0002564295641,0,0.02815175466,2.410353428e-05,0.007147864739,0.09050127244,0,0.002155559625,0.0001002000819,0.03684210646,0.1604213314,2.393226837e-05,0.0002133291838,0,0.02342004076,2.005224051e-05,0.03885777837,0.07528992474,0,0.06692471413,0.1065965022,0.03064972843,0.1334579022,0.07899420508,0.0001988003396,0,0,1.868657702e-05,0.03621135841,0.005541474682,0,0.06236678759,0,0,0.001671125507,0,-0.2726061336,0.001097736115,7.73785926e-05,0.002161084696,0,0.001926151578,1.051864915e-06,-0.0001213035926,0,0,0.009034371045,-4.721761021e-06,0,0,0.01029815298,-0.1979908317,0,0,0.001933050651,0,0.006595099359,1.972348154e-06,-4.721761021e-06,0.01296010116,0.01063044167,0.02821375447,-0.0001213035926,0.02566073427,0.002515701511,0.05617482369,0.1335747204,-3.457558294e-05,0,-0.05131759334,-0.007171708457,-0.1528752982,-0.0001091662043,0,0.02566073427,0,0.1521253283,0,0.01296010116,0,0.1125740004,-0.1721301028,0.0001316302207,0,0.03649619339,-0.04524223868,0.09445516137,-0.184987469,0,0.002515701511,0,0.000128762335,0,0.01063044167,0,3.045065158e-05,-0.05114177789,-1.303773524e-05,0,0,0.01839727893,-0.001669765593,0,0.01029815298,0.05617482369,0.1125740004,3.045065158e-05,0.009034371045,0.02821375447,0.1521253283,0.000128762335
1,1,1,1,1,1500,500,v1,0.002984679689,0.006106603501,0.003313395371,0.02249821591,0,0.0004492196199,0.01187001236,0,0.0006346747529,0.0003760807304,0.0003082822206,0.0008436532491,0.007167077778,0.5570252158,0.02308256668,0.01938649822,0,0.006048383808,0.08112833826,0,0.008545389223,0.03294086935,0.004150774162,0.01135911796,0.0002241937005,0.05934772618,0.002459310294,0.0001670443226,0.008760110353,0.004753167466,0.008643742272,0.01702789744,0.000910460434,0.003509653852,0.0005394993632,0.001210246508,9.678689744e-05,0.0003296586755,0.001061711425,7.211487961e-05,0.001848420379,0.002051994909,0.0008917061492,0.01393320728,0.000278202952,0.001515156343,0.0002329078356,0.0001909200311,0.0001170441602,0.0003986554362,0.03098349666,8.720834891e-05,0.002235290279,0.004573365608,0.001078338082,0.01684939375,0,0.00451261366,0.008889705429,0,-0.01551048352,-0.01315265911,0.004371710094,-0.0007215233494,0,0.0006635546332,0.001413157665,0.000203834899,0.009643512792,0.6997966767,0.02934153997,0.000153047585,0.02607648322,0.1016127637,0.04178324877,0.1189171271,-0.02649537881,-0.6375312486,-0.05579170497,0,-0.01005538546,-0.01975226934,0.000153047585,-0.0009820350937,1.002063749e-05,0.004268951121,0.000203834899,-0.006739885573,-0.0003139295198,0.0003521748301,-0.6592200864,-0.0002885662272,0.06785963911,0.005830838515,-0.01380928272,-0.003517201279,0.002078085649,0.02607648322,-0.006739885573,0,0.007950141349,0.009643512792,-0.0009820350937,0,0.005467388627,-0.09351270238,1.888071637e-05,0.001214974126,0.002544340573,0.009784120558,0.001157973989,0.0004468108355,0.1016127637,-0.0003139295198,0,0.01046887276,0.6997966767,1.002063749e-05,0,0.01392266629,-0.6080278113,3.176385452e-05,0.001467074057,0.03539865247,0.008516485661,0.009640178555,0,0.04178324877,0.0003521748301,0.005467388627,0.01392266629,0.02934153997,0.004268951121,0.007950141349,0.01046887276
1,1,1,1,0,1500,500,v1,0,0,0.000844644928,0,0,0,0,0,0,0.002915958403,0,0,0,0,0,0,0,0,0,0,0,0,0,0,0,0,0,0,0,0.2110061719,0,0,0,0,0.7284542886,0,0,0,0,0,0,0.01275275168,0,0,0,0,0.04402618447,0,0,0,0,0,0,0,0,0,0,0,0,0,-0.8826834158,0,0,0.003759589921,0,0,0,0,0,0,0,0,0,0,0,0,0,0,0,0,0,0,0,0,0,0.2961145661,0,0,0,1.022271178,0.0605286713,0,0,0,0,-0.9394524968,0,0,0,0,0,0,0,0,0,-0.9356929068,0,0,0,0,0.05676908138,0,0,0,0,0,0,0,0,0,0,0,0,0,0,0,0,0,1.022271178,0,0,0,0.2961145661,0,0
1,1,1,1,2,1500,500,v1,0,0,0,0,0,0,0,0,5.03143818e-05,0,0,0.0002549809332,0,0.01674694996,0.001161672763,0,0,0,0.005573727269,0,0.0006160851097,0.0005769156618,0,0.003122168068,0,0.0287663808,0.001995415353,0,0,0,0.009574039541,0,0.001058254722,0.0009909730223,0,0.005362975095,0,0,0.01190857744,0,0,0,0,0,0,0.00591409651,0,0,0,0,0.6800064327,0,0,0,0,0,0,0.2263200407,0,0,-0.003015159644,0,0,0,0,0,0.0002946068983,0,0,0.9516276974,0.01300932339,0,0,0.3167393042,0.006438518471,-0.8878144574,0,0.02230975178,0.00172529105,0,0,0.002515635323,0,0,0,0,0,0,0,0,-0.8969763745,0,0.03829720097,0.0029461895,0,0,-0.005530794967,0,0,0,0,0,0,0,0,0.00467148055,0,0,-0.01763670845,0,0,0,0.3167393042,0,0,0.0006900565922,0.9516276974,0,0,0.00339077252,0.06060695278,0,0,-0.9061849513,0,0,0,0.006438518471,0,0,0.00339077252,0.01300932339,0,0,0.0006900565922
1,1,1,1,2,1500,500,v1,0.008823018085,0,0.007207594867,0.01776802883,0,0.002514932405,0,0,0,0.005876850772,0.008204665427,0,0,0,0,0,0,0.02763364411,0,0,0,0,0.09015145059,0,0,0,0,0,0,0.2587019526,0,0,0,0,0.2109376009,0,0,0,0,0,0.01651249101,0.01348918752,0,0.03325329422,0.004706756614,0,0.01099866787,0.01535522911,0,0,0,0,0.0888785811,0,0,0.1789860539,0,0,0,0,-0.760051409,0.02653604311,0,0.01307797792,0,0.01068450172,0,0,0,0,0,0,0,0,0,0.03064054519,0,0,0,0,-0.1173489386,0,0,0.09511354132,0,0.3568532978,0,0.1916168146,0,0.2909830857,0.03756146143,0,0,0,0,-0.4694523857,0,0,0.1916168146,0,0.03051165704,0,0.09511354132,0,0.09955093311,-0.8037282285,0,0,0,0.04953581554,0.02448348352,0.01995604345,0,0,0,0,0,0,0,0,0.07607185874,0,0,0,-0.2672254296,0,0,0,0.2909830857,0.09955093311,0,0,0.3568532978,0.03051165704,0
1,1,1,1,2,1500,500,v1,0.02160710328,0,0,0.02711482023,0,0,0,0,0,0,0,0,0.04470101809,0,0,0.09453048631,0,0,0,0,0,0,0,0,0.05151146392,0,0,0.03726816718,0,0,0,0,0,0,0,0,0.1532422626,0.0407309054,0,0.1108696555,0.04858632761,0,0.08613477859,0.06097113166,0,0,0,0,0.06819090172,0.01812474653,0,0.04933561836,0.02162031175,0,0.03832890562,0.02713139558,0,0,0,0,-0.05811760136,0.0461153518,0,0,0,0,0,0.05043611227,-0.01182174211,0,0,0.03588721251,-0.01708058454,0,0,0.06928190486,-0.05001368705,0,0,0,0,0,0.03588721251,0.008061382703,0,0,0.05043611227,0.00994199158,0,0,-0.1447853728,0.08723648958,0,0,0,0,0,-0.01708058454,0.00994199158,0,0,-0.01182174211,0.008061382703,0,0,0.3002956877,-0.2582024384,0.01332461235,0,-0.1057007773,0,0,0,0,0,0,0,0,0,0,-0.2672404485,0.1134170658,0.05595729251,0,0.04758317599,0,0,0,0,0,0,0,0,0,0
1,1,1,1,4,1500,500,v1,0,0,0,0,0.002617862284,0.001940733541,0,0.01100002469,0.004728336678,0,0.0004988781314,0.007966643565,0,0,0,0,0.03813715741,0.02827270975,0,0.1602489465,0.06888266097,0,0.007267683232,0.1160584884,0,0,0,0,0,0,0,0,0.02952423011,0,0,0.04974455793,0,0,0,0,0,0,0,0,0.3574550594,0,0,0.0918861391,0,0,0,0,0,0,0,0,0.00456945296,0,0,0.01920043529,-0.6929389689,0,0,0,0.0135980174,0.00243832191,0.01264314658,0,0,0,0,0,0,0,0,-0.316880899,0,0,0,-0.1983147088,0.0353520542,-0.1844159299,0,0,0,0,0,0,0,0,-0.1717727834,0,0,0,0,0,0.07889542089,0,0,0.04641631085,0.4897494654,0,0,0.195020654,0.1258867505,0.0377903761,0,0,0,0,0,-0.4482145196,0,0,0.195020654,0.05192506196,0,0,0.04641631085,0.08739098163,-0.1847166915,0,0,0,0,0,0.02375871527,0,0,0.1258867505,0.08739098163,0,0,0.4897494654,0.05192506196
1,1,1,1,1,1500,500,v1,0.0006834567684,0.00762387106,9.22141937e-05,0.0009188866923,0,0.007057129641,0.007275030503,0,0.0006807744449,4.423534616e-05,3.744702122e-05,0.0002153820707,0,0,0.002692544918,0,0,0.07204116928,0,0,0.006949537492,0.0005443263001,0.0003822697516,0.00219868091,0.003790174124,0,0.001470106069,0.00299686228,0.04249265953,0.0005139680756,0,0.04054835028,0.00379438693,0.000297197418,0.0002465515863,0.001200460623,0.05114417115,0,0.01983744122,0.04043931291,0.05140275571,0.006935425752,0,0.06910943069,0.5307664328,0.004010347576,0.003326938582,0.002816388941,0.0005151746221,0,0,0.0004073447136,0.0005177793413,0.005775760981,0,0.0006961384658,0,0,0.005511483207,0,-0.6654977853,0.001593738407,0.01460116326,0.0001342561052,0,0.007085285202,0.0008096000374,0.07015757561,0,0,0.02342174885,0.05546998613,0,0,0.004745701458,-0.5443272708,0,0,0.003204796905,0,0.0722262344,-0.007272548058,0.05546998613,0.07527606721,0.04363596995,0.009479281031,0.07015757561,0.1012232521,0.0416676832,0.004542632956,-0.1017959964,0.006756943126,0,0.001737414277,-0.08265361906,0.0007452570998,0.002914611591,0,0.1012232521,0,0.6771623709,0,0.07527606721,0,0.003600854253,0.09560787535,-0.09142909439,0,-0.02372051143,-0.1204634567,-0.0102274559,-0.5331536706,0,0.0416676832,0,0.004132808863,0,0.04363596995,0,0.001189695786,-0.2715943235,0.0009204431746,0,0,0.001203506671,0.01118335372,0,0.004745701458,0.004542632956,0.003600854253,0.001189695786,0.02342174885,0.009479281031,0.6771623709,0.004132808863
1,1,1,1,2,1500,500,v1,0,0,0,0,0.5532082502,0,0,0.164700661,0,0,0,0,9.924004052e-06,5.291369391e-07,0,1.292010257e-05,6.029243175e-06,0,1.89087244e-08,1.795020837e-06,0,0,0,0,0,0.0009801637527,0,0,0,0,3.502618112e-05,0,0,0,0,0,0,0.09954144769,0,0,0,0,0.129593429,0,0,0,0,0,0,0.01650263492,0.0008799022735,0,0,0,0.02148484974,0,0.01002603369,3.144333415e-05,0,0.002984941702,0.0130153984,0,0,0,-0.7178876745,0,0,0,0.1245184572,0.0003916771483,0,0,0.1621219235,1.435904998e-05,0,-0.8962677355,2.282421497e-05,5.387402357e-07,0,7.824001565e-06,0,0,0,0,0,0,0,0,0,0,-9.949966799e-06,0,-0.0002607408309,0,0,0,0,0.1621219235,0,0.8147469333,0,0.1245184572,0,0.2425614847,0,0.03798092004,0,-0.2290745075,0,0,0,0,1.435904998e-05,0,0.2425614847,0,0.0003916771483,0,0.8147469333,0,-0.9471917323,0,0.0379580958,-1.048870683e-05,0,0,0.0130075744,0,0,0,0,0,0,0,0
1,1,1,1,4,1500,500,v1,0.07261675214,0.003218898832,0.01076849706,0.02951178229,0.009003583265,0.3227098801,0.01887229015,0.01091544057,0,0.007888000128,0.05931301357,0,0.009799728729,0,0,0.01045924873,0.005702416176,0.2043881848,0,0.006913290302,0,0,0.03756587551,0,0.001227551799,0,0,0.0002989537556,0.001616381522,0.005407439183,0,0.009476787768,0,0,0.00396098738,0,0.0005710612939,0.003614514547,0,0.0001390743093,0.01696353146,0.002515559197,0.003857770734,0.006894057259,0.07538617523,0,0.001842664872,0.01385573083,0.0004465050976,0.00282614001,0,0.0001087403204,0.01326355568,0.0005879365661,0.00301633873,0.005390370074,0.001644517614,0,0.003447051319,0.001993721139,0.3769694578,-0.1006450359,-0.01347541844,-0.01573566699,-0.01806499167,-0.3716947002,0,0.001477237822,0.007055381799,0,0,0.0003492842261,0.007995195103,0,0,-0.2918397414,-0.01636621285,0,0,0.009241287435,0.228908292,0,0.0003492842261,0.06392315012,0.00288068463,0.007667613039,0.001477237822,0.02632552545,0.01774197343,0.005396600461,-0.02265818771,-0.001047598066,0,0,-0.002984141024,0.003014331029,0,0.007995195103,0.02632552545,0.003700106656,0.06666502139,0.007055381799,0.06392315012,0.00508291622,0.01458594102,-0.255766748,-1.812189696e-05,0.005554141693,0,0.02330580174,0.004011860294,0.08861909966,0,0.01774197343,0.00508291622,0,0,0.00288068463,0.003700106656,0,-0.114500289,-0.000151961402,0.0007783532168,0,0.01717345054,0.002711120755,0.002968355657,0,0.005396600461,0.01458594102,0,0,0.007667613039,0.06666502139,0
1,1,1,1,0,1500,500,v1,0.02375115352,0.0004011262432,0.005927748127,0.0156598739,0.0035569739,0.005038691946,0.0001178387048,0.0008836807022,0,0.04975930643,0.003596446703,0,0.01121810168,0.001436715361,0.1083720859,0.02201489332,0.009957405289,0.01410533202,0.0002582915006,0.002473778876,0,0.1670545405,0.01006790559,0,0.007360469179,0.001120247642,0.08450078353,0.002493104519,0.0008755680088,0.01293893559,0.0002013971955,0.0002572152829,0,0.1302571547,0.1086133296,0,0.0002742328962,0.0003258942721,0.00314829042,9.288691473e-05,0.001931557174,0.0004820727722,0.0006395491713,0.001273535694,0.0004097704799,0.004853059761,0.004046664311,0.0002924802126,0.009779587411,0.0116219154,0.001488432255,0.003312497204,0.06888244437,0.001163335335,0.02280735502,0.04541633702,0.0103158382,0.0002675891211,0.0003417525814,0.002562826549,-0.2425299081,0.01908748936,0.0003024735667,0.03832912035,0.001716334284,0.002239030876,0,0.009614548151,0.01209414284,-0.0004030468832,0.03894908674,0.003315706868,0.02190119509,-0.0001013707143,0.08229270523,0.1253138688,-0.01551781398,-0.000162790913,-0.2169106618,-0.00497250012,-0.02130003123,0,0.003315706868,0.07758157116,0.0008462012263,0.01040670551,0.009614548151,0.04819940437,0.0003070744951,0.08835005035,-0.174353043,-0.001939783109,0.001062669826,0.1280981457,4.617487984e-05,-0.1086326046,0,0.02190119509,0.04819940437,0.01468719365,0.01622451358,0.01209414284,0.07758157116,0.003314529502,0.01136594512,-0.2977368695,0.0003605675379,0.0009576334145,0.007984654872,0.003103956054,0.004465646989,0.0006673612194,-0.0001013707143,0.0003070744951,0.003314529502,0,-0.0004030468832,0.0008462012263,0.01468719365,0,0.004044410781,-0.007040954431,-0.008103378053,-0.0005636005152,-0.1060454291,-0.001117498927,-0.008744982933,0.08229270523,0.08835005035,0.01136594512,0,0.03894908674,0.01040670551,0.01622451358,0
1,1,1,1,0,1500,500,v1,0,0,0,0,0,0.1098866074,0,0,0,0,0.2255287567,0,0.01753829009,0,0.01067871627,0.000204321912,0,0.006471204448,0,0,0,0.00510490782,0.01328135183,0,0,0,0.02339070747,0,0,0,0,0,0,0.01118181272,0,0,0,0.08408611853,0.05119836641,0,0,0,0.0009796072718,0,0.03102574204,0.02447512738,0,0.06367652252,0,0.3175918788,0,0,0,0,0.003699960461,0,0,0,0,0,0.1143248401,0,0,0,0,-0.3350256229,0,0,0.3229378169,0,0.02581659374,0,0.003760443391,0,0.01214294858,-0.5168008853,0.01772198877,0,0.01553313841,0,0.01973977536,0,0,0,0,0,0,0,0,0,-0.05800065415,0,0,0.03269429258,0,0,0,0.003760443391,0,0,0.1085154217,0.3229378169,0,0,0.2225357513,-0.5694805138,0,0.0846232549,-0.07353379257,0,0,0.09458506483,0,0,0,0,0,0,0,0,0.1023452436,0,-0.3201440837,0,0,0,0,0.01214294858,0,0.2225357513,0,0.02581659374,0,0.1085154217,0
1,1,1,1,0,1500,500,v1,0.005448559891,0,0.04917839235,0.01165999831,0,0.004975178384,0,0,0,0.03994018415,0.002306464467,0,0,0,0,0,0,0.01750417716,0,0,0,0,0.008114837204,0,0,0,0,0,0,0.01408553256,0,0,0,0,0.01143955175,0,0,0,0,0,0.03319278457,0.2995961897,0,0.07103304722,0.03030893073,0,0.2433167579,0.0140510483,0,0,0,0,0.04581136671,0,0,0.09803699859,0,0,0,0,-0.5814151574,0.01702881708,0,0.08849543223,0,0.007216773264,0,0,0,0,0,0,0,0,0,-0.03177470388,0,0,0,0,0.01798707323,0,0,0.01358832831,0,0.3545220015,0,0.02656251436,0,0.2876569128,-0.4535751213,0,0,0,0,0.02545584527,0,0,0.02656251436,0,0.01375225898,0,0.01358832831,0,0.006929186984,0.02944553524,0,0,0,0.08294236018,-0.5420705534,-0.03899147715,0,0,0,0,0,0,0,0,0.09997117726,0,0,0,-0.1267384057,0,0,0,0.2876569128,0.006929186984,0,0,0.3545220015,0.01375225898,0
1,1,1,1,2,1500,500,v1,3.931587643e-06,2.185976711e-05,0.0007191113336,3.556539572e-06,0.006773626039,0,1.297818906e-05,0.001200048542,0.002434881573,0.001193428673,0,0.00801520121,0,0.02220201197,0,0,0.01829763013,0,0.004625831259,0.003241697171,0.006577357854,0,0,0.02165150339,0.009051347149,0.1357443299,0,0.03709988746,0.0003610343503,0.01187679136,0.02828258833,0.0002143468424,0.04021432993,0,0.01971058261,0.13237849,0.02016457245,0,0,0.08265105251,0.0001446594306,0.02645909122,0,0.0001308598552,0,0,0.04391119516,0,0.008313128161,0,0.1246731556,0.03407405706,5.96378817e-05,0.0003315887431,0,5.394881294e-05,0.1027484938,0.02597588819,0.0001968649244,0.01820342302,-0.2971483601,-1.950252758e-06,2.964075926e-05,0.0008516346569,0.00752410096,0,0.009719158189,0.006161601669,0,0.02956405635,0,0.02078470128,0,0.009042347394,0,-0.3256269723,0,0.02656200496,0,0.0178903854,0,0.024954816,0.02078470128,0.0002490160786,0.0002317909119,0.02735312907,0.006161601669,0.000198201064,0.0001333023086,0.04464998031,-0.03778504216,0.03938178882,-0.06711991983,0,-0.0002191685369,0.008469042962,-0.1711585644,0,0.000198201064,0.1194218789,0,0,0.0002490160786,0.02157448046,0,0.08342006039,-0.09216400717,0,0,-0.0001977231664,-0.05732275049,0,0.009042347394,0.0001333023086,0.02157448046,0.04785627761,0.02956405635,0.0002317909119,0.1194218789,0.1568706078,-0.0683148474,0.03481801641,0,0.01482031239,-9.847134264e-05,-5.386770264e-05,-0.119412059,0,0.04464998031,0,0.1568706078,0,0.02735312907,0,0.04785627761
1,1,1,1,1,1500,500,v1,0.0009491963065,0,0.006016080842,0.03998617723,0,0.1128239845,0,0,0,0.01945961149,0.2716246989,0,0,0,0,0,0,0.09344508058,0,0,0,0,0.2249698235,0,0,0,0,0,0,0.002709060461,0,0,0,0,0.008762725346,0,0,0,0,0,0.0004496823655,0.002850122198,0,0.01894347738,0.05345043578,0,0.009219003559,0.1286823772,0,0,0,0,0.0001312066095,0,0,0.005527255747,0,0,0,0,0.3928545716,-0.04023978318,0,-0.01897724961,0,-0.2499773729,0,0,0,0,0,0,0,0,0,-0.06925154568,0,0,0,0,0.1736815345,0,0,0.0005848071716,0,0.002550215476,0,0.02359011207,0,0.004429603262,-0.009261700763,0,0,0,0,0.004608488244,0,0,0.02359011207,0,-0.04589307577,0,0.0005848071716,0,-0.1107519077,-0.1254358973,0,0,0,0.01865468563,0.009715548855,0.1807258273,0,0,0,0,0,0,0,0,-0.02158509757,0,0,0,0.00546848473,0,0,0,0.004429603262,-0.1107519077,0,0,0.002550215476,-0.04589307577,0
1,1,1,1,3,1500,500,v1,1.484243289e-05,0,0.009612844326,0.0003226061805,8.81917426e-05,0.008362366377,0,0.001685822992,0.01811452276,0.03273493441,0.03819275617,0.0004115649429,0.0003479346663,0,0.002967136457,0.0005448218847,1.995280463e-05,0.001891930669,0,0.0003814064197,0.004098292231,0.004937714477,0.008640861146,9.311387502e-05,0,0,0.11350098,0,0,0.08319362089,0,0,0.1567707421,0.1888809092,0.2833019687,0.003561857102,0,0.0004412795148,0.00376316781,0,4.258897476e-06,0.002758315886,0.0006909881659,9.256883005e-05,0.002399502919,0.006262417804,0.009392983652,0.01095905463,0,0.0001426221792,0,0,1.376481841e-06,0,0.0002233283774,2.991838013e-05,8.178870211e-06,0,0,0.0001563426126,-0.485919919,-0.0002240385196,0,0.04214557497,-0.00172880239,-0.04576159667,0.01847305159,0,0.0001397431363,0,0.1599734694,0,-1.605264314e-05,0,0.2660468242,-0.4679079764,5.744753722e-05,0,0.00787576315,0.0003702486959,0.01025497601,0.00418607181,0,9.680378931e-06,0,0.1061280842,0,0.0002529790915,0,0.3615316323,0.0948254606,0,0,-0.3018889469,0,-0.3660640643,-0.1601766321,-1.605264314e-05,0.0002529790915,9.468269246e-05,0.006117225192,0.0001397431363,9.680378931e-06,0.001715622827,0.02739742567,-0.6533677091,0,-0.000366172975,0.00999965413,3.802251242e-05,0.01214534506,0.01316352009,0,0,0.001715622827,0.2016934347,0,0,9.468269246e-05,0.00458282888,-0.001853295139,0,0.0002262651089,0,1.090969368e-05,0,0.0001516833451,0.2660468242,0.3615316323,0.02739742567,0.00458282888,0.1599734694,0.1061280842,0.006117225192,0.2016934347
1,1,1,1,0,1500,500,v1,0.11378701,0,0.07347722294,0.2348385738,0,0.01558363625,0,0,0,0.01847169509,0.007319518181,0,0,0,0,0,0,0.001735365304,0,0,0,0,0.000815088192,0,0,0,0,0,0,0.00159316533,0,0,0,0,0.0004005113833,0,0,0,0,0,0.1288724796,0.08321856705,0,0.2659726214,0.0176496583,0,0.02092060552,0.008289913393,0,0,0,0,0.002302457156,0,0,0.004751911093,0,0,0,0,-0.2489814081,0.0815084096,0,0.03615282011,0,0.007578521093,0,0,0,0,0,0,0,0,0,-0.005375835455,0,0,0,0,0.002431059404,0,0,0.03623773776,0,0.02413772485,0,0.1158667779,0,0.004953078363,-0.02134579419,0,0,0,0,0.001951925378,0,0,0.1158667779,0,0.00278452189,0,0.03623773776,0,0.001632642183,0.1366665513,0,0,0,-0.1899552346,-0.0574986143,-0.01295435655,0,0,0,0,0,0,0,0,-0.1084468249,0,0,0,0.007043814483,0,0,0,0.004953078363,0.001632642183,0,0,0.02413772485,0.00278452189,0
1,1,1,1,2,1500,500,v1,0.006656837522,0.08476011026,0,0.04146763279,0.07376210477,0,0.04081292596,0.1424106336,0,0,0,0,0,0,0,0,0.04013585633,0,0,0.07748928459,0,0,0,0,0,0,0,0,0.006781986238,0,0,0.003265601016,0,0,0,0,0,0,0,0,0.0003051191565,0,0,0.001900687691,0,0,0,0,0,0,0,0,0.008200047025,0.1044094719,0,0.05108079292,0.09086187335,0,0.05027430984,0.1754247251,-0.2188326258,0.02947539391,0.09223164278,0,0.1167365833,0,0,0,0,0,0,0,0,0,0,-0.05138644675,0,0,0,0.1127439826,0,0,0,0.002745482452,0.02628880932,0,0,0.01777718155,0.01580833901,0,-0.03805031101,0,0,0,0.009985545181,0,0,0,0.01777718155,-0.03016753986,0,0,0.002745482452,-0.06186876364,0,-0.01582253879,0,0,0,0.002140762793,0,0,0,0.01580833901,-0.06186876364,0,0,0.02628880932,-0.03016753986,0,0.3633139099,0,0,0,-0.04529793269,-0.1302819537,-0.1681230301,0,0,0,0,0,0,0,0
1,1,1,1,3,1500,500,v1,0,0,0,0,0,0,0,0,0,0,0,0,0,0,0,0,0,0,0,0,0,0,0,0,0.4268094825,0,0,0.4076722837,0,0,0,0,0,0,0,0,0.07281832733,0,0,0.06955331365,0,0,0,0,0,0,0,0,0.01183870721,0,0,0.01130788561,0,0,0,0,0,0,0,0,0,0,0,0,0,0,0,0.5132861024,0,0,0,0.4902482607,0,0,0,0,0,0,0,0,0,0,0.4902482607,0,0,0,0.5132861024,0,0,0,0.1653057655,-0.8343286745,0,0,0,0,0,0,0,0,0,0,0,0,0,-0.8112043855,0.1421814774,0,0,0,0,0,0,0,0,0,0,0,0,0,-0.6921471966,0.02312428815,0,0,0,0,0,0,0,0,0,0,0,0,0
1,1,1,1,4,1500,500,v1,9.009371506e-06,0.0002280907743,0.1776355798,0.0009040449595,0,0,0.001367479456,0,0,0.6223210749,0,0,0.0002655090698,0.009382919897,4.429343717e-05,5.580453485e-05,0,0,0.009662439427,0,0,2.970057579e-06,0,0,0.004393092005,0.01113008462,5.254118221e-05,0.02810666477,9.200847802e-06,0.007165559145,0.01146165263,5.516211863e-05,0,3.523102888e-06,0.02510352079,0,0.005832893213,0.0004181706478,6.97611397e-05,0.03731840216,4.825344776e-07,0.009514014561,8.789085247e-05,4.841989943e-05,0,4.677772034e-06,0.03333100145,0,0.0003173107387,2.274857987e-05,0.0008039201931,0.002030129701,2.624998709e-08,6.645724261e-07,4.781282685e-06,2.634053718e-06,0,0.0008278691767,3.984330988e-06,0,0.07489544605,-0.0008619238457,-0.001536788075,-0.7998661277,0,0,0,0.00209178677,0.000453726317,0.003290643332,0.0001522163451,0.0113456661,0.0001156225827,0.002309096948,1.198591108e-05,-0.01160968414,-8.567977337e-05,0.007501573452,-2.840384719e-05,0,0,0,0.0113456661,1.288581316e-05,0.000320036412,0.2415215792,0.00209178677,0.001330084027,0.001890454761,0.8459790492,-0.7811515587,0.02253730645,-0.01286370136,-4.067951616e-05,5.850965834e-05,0.03218511958,0,0.0001156225827,0.001330084027,0,0,0.000453726317,1.288581316e-05,0,0,-0.743794595,-0.03383193384,-0.000321077136,-4.038480758e-05,-3.565999013e-05,0.04268058865,0,0.002309096948,0.001890454761,0,0,0.003290643332,0.000320036412,0,0,-0.01943937432,0.002336325415,2.719097673e-05,0.001628967717,2.270603191e-06,4.617635586e-06,0,1.198591108e-05,0.8459790492,0,0,0.0001522163451,0.2415215792,0,0
1,1,1,1,4,1500,500,v1,0.1677378516,0,0,0.09384196192,0.3641081573,0.01467547864,0,0.08112588618,0,0,0.00228159758,0,0.003703599106,0.003312342629,0.00348228139,0.0008202327178,0.01256653942,0.0005064978006,0.0002291490795,0.002799914329,0,0.00775094879,7.87452447e-05,0,0.007729092271,0.002036181106,0.002140646776,0.0009056903772,0,0,0.0001408637566,0,0,0.004764704997,0,0,0.06444033821,0.01898167088,0.01784737423,0.00755108002,0.02967063452,0,0.004203853346,0.01659941705,0.002595900441,0.03972513081,0,0.0004035848037,0.005743072026,0.001691690423,0.001512976471,0.000672969721,0.002644315592,0,0.000374657136,0.001479378451,0.005740009594,0.0001046682679,0,0.001278914948,0.07593161447,-0.2609488491,0,0,-0.4448091907,-0.01686177443,0,0.07587400767,0.01914480442,0.0001744771253,0.01831970615,0.00887492076,0.004279743807,4.824048974e-05,0.04082245967,-0.5205511314,0.003970238488,-0.001445035288,0.0111158087,0.01531324886,0.0005761738135,0,0.00887492076,0.2028225371,0,0,0.07587400767,0.1134681438,0,0,-0.111800187,0.008353544358,0.0004854273254,0.006885340885,0,0,0,0.004279743807,0.1134681438,0.5182408953,0.01731400594,0.01914480442,0.2028225371,0.115494524,0.002692196708,-0.2343798667,-0.07125286482,-0.02160479986,-0.05742926013,0.04597697362,0,0.002948132182,4.824048974e-05,0,0.115494524,0,0.0001744771253,0,0.5182408953,0,-0.7259613078,0.006400034856,0.002018195884,0.000811129549,0.004111421834,0,0.007005664414,0.04082245967,0,0.002692196708,0,0.01831970615,0,0.01731400594,0
1,1,1,1,0,1500,500,v1,0,0,0,0,0,0,0,0,0,0,0,0,0,0,0,0,0,0,0,0,0,0,0,0,0.05157919741,0,0,0.1249110677,0,0,0,0,0,0,0,0,0.2380868687,0,0,0.5765829342,0,0,0,0,0,0,0,0,0.002583465986,0,0,0.006256465997,0,0,0,0,0,0,0,0,0,0,0,0,0,0,0,0.2760758384,0,0,0,0.6683028375,0,0,0,0,0,0,0,0,0,0,0.6683028375,0,0,0,0.2760758384,0,0,0,-0.8054805634,0.1758947801,0,0,0,0,0,0,0,0,0,0,0,0,0,0.1847252447,-0.8143110281,0,0,0,0,0,0,0,0,0,0,0,0,0,-0.6384162483,0.00883046449,0,0,0,0,0,0,0,0,0,0,0,0,0
1,1,1,1,3,1500,500,v1,0.009802279052,0.004347428978,0.0002632122997,0.06469382543,0.003617650668,0.000470650269,0.001892918246,0.01534901768,0,0.0003742759633,0.0001323724162,0,0.004634094536,0.001784840967,0.006338606148,0.004481209933,0.003212684614,0.0004179648663,0.0001505069769,0.01363082218,0,0.006204066754,0.0001175544197,0,0.002384886858,0.001214619753,0.004313547467,0.005010881582,0.002627330911,0.0001590700653,0.0001024229891,0.001143968687,0,0.004221990735,0.0002261904249,0,0.0126040906,0.01666669313,0.02279703245,0.0264824326,0.03130783797,0.0008406828644,0.01611683797,0.2066278458,0.001503226167,0.02231315652,0.00119541294,0.000422788837,0.01515885755,0.02004492311,0.007720386295,0.03185024894,0.03765373252,0.01669988448,0.0193836159,0.2485099623,0.01389656934,0.000651022709,0.007271312816,0.05896055428,-0.1539876565,0.07336572854,0.004182205033,0.0003891831061,0.01843771727,0.0003154579344,0,0.01173012838,0.007906705193,0.008200444224,0.02392399696,0.01440148503,0.005655274532,0.0007965842618,0.02400925673,-0.1132884278,0.006467539142,0.001033935838,0.004099506841,0.0161314169,0.0001979480279,0,0.01440148503,0.002689723774,0.01635278805,0.0008304201358,0.01173012838,0.000594975773,0.00679932202,0.001133957464,-0.08504855801,0.005209988225,0.0009814787699,0.004181328728,0.002418670085,0.0001381701222,0,0.005655274532,0.000594975773,0.01072867319,0.001346430109,0.007906705193,0.002689723774,0.04509721107,0.0003725454033,-0.1505676407,0.007422113106,0.009586651589,-0.04023633804,0.1142282747,-0.001836938294,-0.001659389637,0.0007965842618,0.00679932202,0.04509721107,0,0.008200444224,0.01635278805,0.01072867319,0,0.2594657189,-0.03005317693,-0.02509551056,-0.008013433589,-0.189783803,-0.02203561517,-0.07178639041,0.02400925673,0.001133957464,0.0003725454033,0,0.02392399696,0.0008304201358,0.001346430109,0
1,1,1,1,0,1500,500,v1,0,1.310412546e-05,0.1079371785,0,0,0,0.0004327704735,0,0.0005857397764,0.03904889353,0,0.0001943906071,0,0,0,0,0,0,0,0,0.001493640485,0,0,0.000495697394,0,0,0,0,4.602618677e-05,0.3791124217,0,0.001520038457,0.002057319157,0,0.1371531181,0.0006827665393,0,0,0,0,0,0.2410528903,0,0,0,0,0.08720673245,0,0,0,0,0,0,2.842785021e-05,0,0,0,0,0.0009388443537,0,-0.1881530057,0,0.0003913275026,0.1468590727,0,0,0.0006822160704,0,0,0,0,0,0,0,0,-0.001193533434,0,0,0,0,0,0.0008563137776,0,0,2.872647969e-05,0.04247772289,0,0,0.000854221241,0.01646408979,0.4714704544,0,0,0,-0.001356173086,-0.5084589257,-0.001875749504,0,0,0,0,0,0,0,0,-0.3615998537,0,0,0,0,0.3223053115,0,0,0.000854221241,0,0.0003806072914,0,2.872647969e-05,0,0.0001252221931,-0.0009648455837,0,0,0,0,0.0003762137709,0,0,0.01646408979,0,0.0001252221931,0,0.04247772289,0,0.0003806072914
1,1,1,1,4,1500,500,v1,0,0,0,0,0,0,0,0,0,0,0,0,0,0,0,0,0,0,0,0,0,0,0,0,0.01676546894,0,0,0.006076577251,0,0,0,0,0,0,0,0,0.06795908293,0,0,0.02463149816,0,0,0,0,0,0,0,0,0.6492494888,0,0,0.2353178839,0,0,0,0,0,0,0,0,0,0,0,0,0,0,0,0.8468315593,0,0,0,0.3069324112,0,0,0,0,0,0,0,0,0,0,0.3069324112,0,0,0,0.8468315593,0,0,0,-0.7919848049,0.02280882449,0,0,0,0,0,0,0,0,0,0,0,0,0,-0.8617344954,0.09255851455,0,0,0,0,0,0,0,0,0,0,0,0,0,0.115367339,-0.8845433193,0,0,0,0,0,0,0,0,0,0,0,0,0
1,1,1,1,1,1500,500,v1,0,0,0,0,0,0,0,0,0.0008163601198,0,0,0.006598502833,0,0,0,0,0,0,0,0,0.07315310809,0,0,0.5912843845,0,0,0,0,0,0,0,0,0.03612833467,0,0,0.2920193098,0,0,0,0,0,0,0,0,0,0,0,0,0,0,0,0,0,0,0,0,0,0,0,0,-0.3358893087,0,0,0,0,0,0.007410941864,0,0,0,0,0,0,0,0,0.3350649051,0,0,0,0,0,-0.663543263,0,0,0,0,0,0,0,0,-0.6561323142,0,0,0,0,0,0.3276539644,0,0,0,0,0,0,0,0,0,0,0,0,0,0,0,0,0,0,0.05430704843,0,0,0,0.4384104783,0,0,0,0,0,0,0,0,0,0,0.4384104783,0,0,0,0.05430704843
1,1,1,1,4,1500,500,v1,0,0,0.1401461589,0,0,0,0,0,0,0.26618277,0,0,0,0,0,0,0,0,0,0,0,0,0,0,0,0,0,0,0,0.0992354478,0,0,0,0,0.188480131,0,0,0,0,0,0,0.1055265426,0,0,0,0,0.2004289497,0,0,0,0,0,0,0,0,0,0,0,0,0,0.4697692939,0,0,-0.2731203951,0,0,0,0,0,0,0,0,0,0,0,0,0,0,0,0,0,0,0,0,0,-0.08675756165,0,0,0,-0.2082157867,-0.06440414951,0,0,0,0,0.2610530483,0,0,0,0,0,0,0,0,0,-0.01206734711,0,0,0,0,0.2087162455,0,0,0,0,0,0,0,0,0,0,0,0,0,0,0,0,0,-0.2082157867,0,0,0,-0.08675756165,0,0
1,1,1,1,4,1500,500,v1,0.01027964622,0.046465774,1.654286742e-05,0.05581880469,0.002153710995,0.001224779278,0.01265480004,0.009800056367,0.004769577511,0.0001040435423,0.02196277884,3.600069504e-05,0.004068137018,0,0.003414464522,0.002508270291,0.0004529186282,0.0002575672185,0,0.002060920939,0.001003027104,0.002134148251,0.004618703106,7.5708326e-06,9.564218404e-07,0,6.532892722e-05,6.023715389e-07,0.0001869600673,6.65620163e-08,0,5.091795669e-05,1.919091099e-05,4.083264445e-05,4.186304458e-07,1.448526903e-07,1.006230245e-05,0.0008188915242,0.0006873111805,6.337417606e-06,0.000435152748,7.002842378e-07,0.00050489973,0.00236289321,5.18467326e-05,0.0004295912125,4.404318242e-06,0.0009297171676,0.001137010044,0.09253228998,0,0.0007161092114,0.04917095741,0.2222612088,0.05705215752,0.2669998568,0.01030191403,0,0.06053210594,0.04687692009,-0.6412899776,0.06589868286,0.05874396197,-0.0001191617366,0.01187307642,-0.02289193913,-0.004738935773,0.001674447437,0.1313688434,0,0.004031296262,0.00103936024,0.08098658709,0,0.002613139694,-0.2190090519,0.006504037116,0,-0.005294383471,0.002490290685,0.004673833522,0.0009742259102,0.00103936024,0.05760669418,0.2613089318,2.340448035e-05,0.001674447437,0.3127553353,0.07145318863,0.0001471784465,-0.2323014203,1.484397985e-06,0,0.0001037435994,0.0002370453398,4.729123428e-07,1.885745816e-05,0.08098658709,0.3127553353,0.01151256794,0.001382132486,0.1313688434,0.05760669418,0.05232929129,0.02464893643,-0.4179302099,1.565037738e-05,0.001316591833,0.0007610159029,0.002783023544,4.966872911e-06,0.0008640596725,0,0.07145318863,0.05232929129,0.005573551123,0,0.2613089318,0.01151256794,4.522749737e-05,0.1498638438,-0.001826339893,-0.149390916,0,-0.3155897255,-0.2808224212,-0.05692460637,0.002613139694,0.0001471784465,0.02464893643,4.522749737e-05,0.004031296262,2.340448035e-05,0.001382132486,0.005573551123
1,1,1,1,1,1500,500,v1,0,0,0,0,0,0,0,0,0,0,0,0,0,0.3414029422,0,0,0,0,0.5409258658,0,0,0,0,0,0,0.02273948911,0,0,0,0,0.03602891574,0,0,0,0,0,0,0,0,0,0,0,0,0,0,0,0,0,0,0,0.02279148619,0,0,0,0,0,0,0.03611130098,0,0,0,0,0,0,0,0,0,0,0,0.4437987417,0,0,0,0.7032167277,0,0.1176133088,0,-0.8822902882,0,0,0,0,0,0,0,0,0,0,0,0,-0.8234384406,0,0.05876146098,0,0,0,0,0,0,0,0,0,0,0,0,0,0,0,0,0,0,0,0.7032167277,0,0,0,0.4437987417,0,0,0,-0.8235288273,0,0,0.05885184784,0,0,0,0,0,0,0,0,0,0,0
1,1,1,1,2,1500,500,v1,0,0.009392212168,0.001172173208,0,0.05023593554,0.0001168691304,0.01056975984,0.1194794072,0.1492733234,0.01948096675,0.04971510361,0.03070001458,0,0.001234910505,0.03097425097,0,0.01979793262,4.605800898e-05,0.001706927054,0.04708671648,0.05882846943,0.009576891543,0.01959267327,0.01209884545,0,0.00163653977,0.04104798958,0,0.00490528585,0.0006121927985,0.002262070001,0.005520285577,0.07796122019,0.01269157871,0.01017435603,0.0160337463,0,0,0.02364542848,0,0,0.0003526496957,0,0,3.516021609e-05,0.0073109017,0.005860871883,0.01495684771,0,0,0.002128506885,0,0,0.006379884497,0,0,0.03412395937,0.002942080394,0.007179761883,0.08115924174,0.3236176336,0,-0.01469932182,-0.01922597115,-0.136143121,-0.04575292856,-0.1671818341,0,0,0.002001002086,0.04233746553,0,0,0.002768204742,0.01349275213,-0.2295021038,0,0.00101588684,0.0006452178589,0.06511948971,0.01716254789,0.06791007546,0,0,0.006647298668,0.00105414154,0,0,0.008252192152,0.01725077703,-0.1385962014,0,-0.001899331478,-0.03340296667,0.006244977946,0.005845873656,0.07962998514,0,0,0.0007078297143,8.695850371e-05,0,0,-0.007366499022,0.03298295444,-0.07472822757,0,0,-0.004462396318,0,0.001176818432,0.006543772121,0.002768204742,0.008252192152,-0.007366499022,0.02415875477,0.002001002086,0.006647298668,0.0007078297143,0.005303905404,-0.08036141986,0,0,-0.002296026579,0,-0.001478650005,0.07546274416,0.01349275213,0.01725077703,0.03298295444,0.005303905404,0.04233746553,0.00105414154,8.695850371e-05,0.02415875477
1,1,1,1,3,1500,500,v1,0.004943801291,0.0006623056189,0.02035896583,0.0005842015492,0,0.002833447302,0.004391797519,0,0.0001105247962,0.01849781129,0.0001319352654,0.005356350701,0.0007775335623,0.001150563237,0.02257779552,0.01089410968,0,0.008504322265,0.001756116383,0,0.0003317296511,0.003766792426,0.0003959911356,0.01607657657,0.01286348378,0.001097791368,0.02154223968,0.005190915037,0.001896672411,0.05830282533,0.001675570142,0.01257697497,0.0003165144997,0.00359402428,0.05297295891,0.01533920641,0.04241095128,0.00244595168,0.07102484001,0.01711446514,0.04667822194,0.1922246202,0.03427050247,0.005515895151,0.02675275041,0.01184951069,0.1746520319,0.001245702089,0.01287881557,0.0007427553406,0.001099099808,0.005197102007,0.01417464577,0.001898933025,0.01040682813,0.001674996532,0,0.001677567228,0.01259196527,0,-0.336783636,0.005133104556,0.001221390705,0.03858759935,0,0.002761430263,0.001788809638,0.02696602704,0.001801299705,0.001120174764,0.04152401762,0.0120434909,0.02317130934,0.001798078852,0.007729096272,-0.1079729882,0.008434875737,-0.0005993400636,0.02243147266,0,0.006736389353,-0.007871666505,0.0120434909,0.04230430964,0.002526009855,0.1707433524,0.02696602704,0.005272133873,0.01429173223,0.1546815053,-0.4353838481,0.01565608415,-0.0007320621152,0.02377143959,-0.008586883057,0.1102434234,-0.004524025401,0.02317130934,0.005272133873,0,0.0240664531,0.001801299705,0.04230430964,0,0.001141132441,0.2693707155,-0.05545140078,-0.03415999126,-0.0790383215,-0.04959994859,-0.365780928,-0.02630287665,0.001798078852,0.01429173223,0,0.0003671155554,0.001120174764,0.002526009855,0,0.01554320785,-0.1186841707,0.01378897133,0.009076709514,-0.0006141002286,0.01274921504,-0.003846335708,0,0.007729096272,0.1546815053,0.001141132441,0.01554320785,0.04152401762,0.1707433524,0.0240664531,0.0003671155554
1,1,1,1,0,1500,500,v1,0,0,0,0,0.001567664706,0.08489924187,0,0.0001318107083,0.03156968157,0,0.2202402067,0.03195857621,0,0,0,0,6.283046678e-05,0.003402678503,0,5.282844154e-06,0.001265281933,0,0.008827011884,0.001280868449,0,0,0,0,0,0,0,0,0.001482929532,0,0,0.001501197165,0,0,0,0,0,0,0,0,0.1700041197,0,0,0.4410138613,0,0,0,0,0,0,0,0,0.0007257358883,0,0,6.102054929e-05,-0.5906524339,0,0,0,-0.001430796782,0.3037794226,-0.06305089026,0,0,0,0,0,0,0,0,-0.3661490836,0,0,0,6.612451286e-05,0.012224565,0.002503691943,0,0,0,0,0,0,0,0,-0.06054719834,0,0,0,0,0,0.002953872613,0,0,0.001496891469,0.1220829046,0,0,0.0001391303157,0.316923133,0.3160039868,0,0,0,0,0,-0.6086746793,0,0,0.0001391303157,0.04292977234,0,0,0.001496891469,0.04346021631,-0.001364672269,0,0,0,0,0,0.0002739910793,0,0,0.316923133,0.04346021631,0,0,0.1220829046,0.04292977234
1,1,1,1,3,1500,500,v1,0.0003049550731,0.01411521197,0.0006972207346,0.002902797163,0.001629585402,0.0005114839502,0.002262243323,0.0001094824957,0.009340715762,0.003469353357,0.004509665539,0.01382041992,4.038978794e-05,0.001155562721,0,0.1804756662,0.01111155075,0.003487623211,0.01361906299,0.0007465213583,0.06369094686,0,0.03074977074,0.09423642185,0.03640890811,0.0005266211825,0,0.1648136714,0.04386213369,0.002166569595,0.006206575315,0.007029778888,0.02902568693,0,0.01078079742,0.04294608595,0.02277095715,1.151197945e-05,0,0.1030782093,0.0005926684978,0.001355021778,0.05143954117,0.005641475042,0.0009940494558,0,0.006742555293,0.008764362152,0.0001895758501,9.584108719e-08,2.74203934e-06,0.0008581606391,4.93416388e-06,0.0002283837037,0.0004282514204,4.696717049e-05,2.636664263e-05,3.231672831e-05,3.66030287e-05,1.771423477e-06,-0.1798311899,-0.0007673871688,0.01367793114,0.003150807378,0.001661123097,0.004844058742,0.02306592209,0.02178840744,4.724845022e-05,0.0009667191045,0,0.09187715155,0.1913709209,0.01125465381,0,0.1639792144,-0.17807627,-0.01208735865,0,-0.01179423651,-0.033809404,-0.1563929865,0.09187715155,0.000809592197,0.04536733607,0.0006946298121,0.02178840744,0.007240163412,0.007223191477,0.001331173236,-0.005777385933,-0.1942892032,0.00390528254,0,-0.04899662571,-0.008504638981,0.07045423282,0.1913709209,0.007240163412,0.01420474518,0.002987725825,4.724845022e-05,0.000809592197,0.0009534644295,0.02617683715,-0.4059315394,0.1174672281,0.0500388345,0,-0.004649356028,0.00400329624,0.009522303299,0.01125465381,0.007223191477,0.0009534644295,0.03810752064,0.0009667191045,0.04536733607,0.01420474518,0.05620172659,-0.2639100366,0.001044935665,0.0004253238169,3.449416951e-05,5.023946178e-05,0.0002583428393,2.764032195e-05,0,0.001331173236,0.02617683715,0.05620172659,0,0.0006946298121,0.002987725825,0.03810752064
1,1,1,1,3,1500,500,v1,0.0114233398,0.005028655605,0.002464822144,0.0346979845,0.003609975967,0.002480049101,0.0003132980514,0.003310305481,0,0.0006029256974,0.0006960333088,0,0.01014178709,0.07188473465,0.1347355572,0.02401898918,0.03696740873,0.02539656486,0.1604698317,0.03389867879,0,0.3026729182,0.007127623023,0,0.0007661530438,0.001967064471,0.003686923638,0.002390573778,0.00140912173,0.0006906884694,0.004391120118,8.779187259e-05,0,0.008282386329,0.0001689508625,0,0.002173313995,0.0007872331154,0.01045854064,0.006781239716,0.009080226039,0.001959246823,0.001864419309,0.02758086057,0.001971350482,0.02349429565,0.0004792557792,0.0005532654972,0.0004868000331,0.0001763321395,0.001249837819,0.00151892811,0.002033877454,0.0008953309137,0.0004176107932,0.006177829743,0.0006427409898,0.002790039713,5.578139619e-05,0.0005893859242,-0.06505053669,-0.03533563018,-0.004773298287,-0.0008951120148,0.006861521814,0.003119398437,0,0.001642451222,0.01350339657,0.1030254543,0.1807180014,0.004839791488,0.03192722092,0.2298944468,0.4058861831,0.07286405521,-0.03351219087,-0.2321207376,-0.4368289979,-0.07066115997,-0.03238014731,0,0.004839791488,0.001789306903,0.004556406257,0.0007934031394,0.001642451222,0.00249290643,0.0003113879774,0.0001630056601,-0.6414306439,0.001117474201,0.006159941123,0.01191195725,0.0007782164037,0.0002427041274,0,0.03192722092,0.00249290643,0.04898861385,0.03133751929,0.01350339657,0.001789306903,0.04490536175,0.008772574631,-0.5127540985,-0.006625900487,0.002639247343,0.033847587,0.02444717605,1.480202052e-05,0.002520686296,0.2298944468,0.0003113879774,0.04490536175,0,0.1030254543,0.004556406257,0.04898861385,0,-0.341025339,0.001186931148,0.0005858652601,0.004014196334,0.00803364528,0.0007498857208,0.00120365423,0.4058861831,0.0001630056601,0.008772574631,0,0.1807180014,0.0007934031394,0.03133751929,0
1,1,1,1,2,1500,500,v1,0,0,0,0,0,0,0,0,0,0,0,0,0.06555030613,0,0,0.129290215,0,0,0,0,0,0,0,0,0,0,0,0,0,0,0,0,0,0,0,0,0,0.1816083617,0,0,0,0,0.3582009834,0,0,0,0,0,0,0.08927189481,0,0,0,0,0.176078239,0,0,0,0,0,0,0,0,0,0,0,0,0,0.03989966575,0,0,0,0.07877485205,0,0,-0.2739092029,0.1947928581,0,0,0,0,0,0,0,0,0,0,0,0,0,0,0,0,0,0,0,0,0.07877485205,0,0,0,0.03989966575,0,0,0,0.4598729984,0,-0.5389893433,0,0,0,0,0,0,0,0,0,0,0,0,-0.344196485,0,0.2650801405,0,0,0,0,0,0,0,0,0,0,0,0
1,1,1,1,1,1500,500,v1,0.001462893284,0.003045267118,0.02155947143,0.00101903391,0.005948468336,0,0.00327954352,0.02920121976,6.683990542e-05,0.003356501875,0,0.0003805585142,0.2543784595,0.00342071319,0.0172317246,0.03061019371,0.007397831302,0,0.0236121122,0.03631618854,8.3125658e-05,0.1092120575,0,0.0004732827897,0.0002120343988,0.005828095142,0.02935882807,0.008253259631,0.006452598355,0.04568223557,0.04022951611,0.006949005227,0.0001416266774,0.1860718003,0.007112071829,0.0008063631687,2.260468697e-05,0.04620430878,0.003129903083,0.0008798683209,0.0003304563185,0.004870118439,0.005559915902,0.0002301919067,0,0.01983685111,0.0007582079055,0,9.718998774e-06,0.01986577479,0.0002671417933,0.0003783038068,0.000142081355,0.0002957670824,0.002390513786,9.897216724e-05,0.0005777362237,0.001843996163,0.0003185208328,0.002836125449,-0.07622405197,-0.002258683913,0.0007612502347,0.009561502408,-0.0006733634675,0,0.0001867168703,0.0002709071943,0.2827522513,0.003931201364,0.01557705414,0.01052281564,0.03402426399,0.02012559236,0.09331884454,-0.1384068456,-0.2838881638,0.02100105657,0.1034121275,-0.03283645461,0,0.0001182300539,0.01052281564,0.001570338498,0.007158279545,0.03380707194,0.0002709071943,0.001079846656,0.008164009853,0.005019531867,0.1665260676,-0.008405152919,-0.03911332392,-0.1985475872,-0.01148465778,-0.04060060595,-0.0006967313368,0.03402426399,0.001079846656,0.009413406197,0,0.2827522513,0.001570338498,0.03616978347,0,-0.3980737797,0.0008344512185,0.05059709986,0.02253819387,0.0003207151656,0.005154701015,0,0.02012559236,0.008164009853,0.03616978347,0.0001006028343,0.003931201364,0.007158279545,0.009413406197,0.0004870737842,-0.3051452264,0.0003748864757,0.02210672016,0.002074404916,0.0001711786442,0.000508547939,0.003121024971,0.09331884454,0.005019531867,0,0.0004870737842,0.01557705414,0.03380707194,0,0.0001006028343
1,1,1,1,4,1500,500,v1,0,0.0003066654758,0.01708620236,0,0.0009282034704,0.05593681241,0.001737117817,0.0003679493045,0.01041200566,0.05052374287,0.04538369197,0.01326097382,0.01309956367,0.004688032187,0.00322376352,0.006739446178,0.002881039054,0.1736215671,0.006588505654,0.001142073209,0.03231769316,0.02596456938,0.1408658696,0.04116056951,0.01694332228,0.002681447487,0.001843919206,0.0003034430485,0.0005444394106,0.03033403717,0.003768474964,0.003083996977,0.01848498339,0.01485114149,0.08969746828,0.02354290697,0.006421592641,0.002839747475,0.0006988533777,0.0001150062317,0,0.01149673167,0.001460989522,0,0.03763800225,0.005628647046,0.03399572957,0.03053716197,0.006141511442,0.002715890369,0.0009719546231,0.0001099901733,0,0.0001973450551,0.001397267683,0,0.0005973165533,0.00136597367,0.001117868291,0.0002367823623,-0.3585091332,0,-1.437389166e-05,0.05340191381,0.001046364916,0.09925291697,0.02276486942,0.01162072564,0.01309548624,0.005552255013,0.002311708067,0.0002111727711,0.006937145697,0.009571583371,0.01827997173,0.2286876052,-0.01845675322,-0.009079323465,-0.02346522914,-0.003770010418,-0.3122699637,-0.06435760966,0.0002111727711,0,0.0005382996534,0.007878157151,0.01162072564,0,0.003261746955,0.013089185,0.03259469904,-0.01479398094,-0.002437254652,0.003676790611,-0.002145101317,-0.1066977631,0.02408143683,0.006937145697,0,0.002671561435,0.1202320615,0.01309548624,0,0.0009888169347,0.09815938075,-0.3158159854,0.004826903905,0.003644727533,0.006060652015,0,0.03931762125,0.06742275166,0.009571583371,0.003261746955,0.0009888169347,0.01116030861,0.005552255013,0.0005382996534,0.002671561435,0.01510664648,-0.04117880153,0.002079144776,0.001456937715,0.001434019188,0,-0.0003738891952,0.0002833932563,0.01827997173,0.013089185,0.09815938075,0.01510664648,0.002311708067,0.007878157151,0.1202320615,0.01116030861
1,1,1,1,1,1500,500,v1,0,0,0.3854057947,0,0,0,0,0,0,0.08711316319,0,0,0,0,0,0,0,0,0,0,0,0,0,0,0,0,0,0,0,0.378915352,0,0,0,0,0.08564613027,0,0,0,0,0,0,0.05131976731,0,0,0,0,0.01159979255,0,0,0,0,0,0,0,0,0,0,0,0,0,0.1223279462,0,0,-0.1389547845,0,0,0,0,0,0,0,0,0,0,0,0,0,0,0,0,0,0,0,0,0,0.02802311175,0,0,0,-0.003082854178,-0.0760530646,0,0,0,0,0.05942622628,0,0,0,0,0,0,0,0,0,-0.07952855822,0,0,0,0,0.06290171989,0,0,0,0,0,0,0,0,0,0,0,0,0,0,0,0,0,-0.003082854178,0,0,0,0.02802311175,0,0
1,1,1,1,0,1500,500,v1,0.0451120382,0.005662653979,0.001456454757,0.01492464457,0.0004980082391,0,0.0005151411934,0.0003385684115,0.001503986164,0.03082171814,0,0.1494176641,0.009680183986,0.03205607887,0.003255071065,0.001424809701,0.0003331988558,0,0.03168786255,0.0002265235763,0.001006261402,0.004600258941,0,0.09996982139,9.5017421e-06,0.000473303663,4.806068342e-05,3.166391576e-05,5.593922764e-05,1.438776844e-05,0.000467866999,5.088885988e-06,1.485731332e-05,6.792220023e-05,0.0003044761544,0.001476040873,0.003328409344,0.05006642407,0.01683539988,0.01109170003,0.1561070025,0.005039958191,0.007369191204,0.05164567198,0,0.02379278279,0.1066563654,0,0.0006861356056,0.01032095294,0.03417799515,0.002286500706,0.03218070905,0.00403945881,0.001519123385,0.01064650731,0.0003552545814,0.03378540517,0.0003674763882,0.000241518051,-0.1838973941,0.05959649037,-0.003744825822,0.03141915515,-0.0002859162268,0,-0.138878769,0.003943550275,0.04528769706,0.01936094861,0.02026795503,0.01312852057,0.006671718179,0.0138431714,0.02867823044,-0.2510287097,0.01088280958,0.00565233412,0.00767648043,1.918042481e-05,0,0.08818584505,0.01312852057,0.1180477969,0.004822972055,0.005305956234,0.003943550275,0.03882062825,0.0006322885931,0.1122488863,-0.200307917,4.055440038e-05,0.0009289068921,0.0001147736233,5.896341613e-05,0.0003168090284,0.001483257906,0.006671718179,0.03882062825,3.56622425e-07,0,0.04528769706,0.1180477969,-6.493804127e-06,0,0.1667077929,-0.01431064871,-0.05704431616,-0.04042204434,-0.2064255505,-0.1101058593,0,0.0138431714,0.0006322885931,-6.493804127e-06,0.001010252593,0.01936094861,0.004822972055,3.56622425e-07,0.07280424636,-0.2046320159,0.002888713781,0.01152189646,-0.02871732096,0.04225011007,4.902197364e-05,0.0002708272565,0.02867823044,0.1122488863,0,0.07280424636,0.02026795503,0.005305956234,0,0.001010252593
1,1,1,1,1,1500,500,v1,0.01616926117,0.01415099323,0.001277040996,0.0003439367441,0,0.005015165544,0.002422128217,0,0.01264102445,0.005146869006,0.0009510770879,0.01321406705,0,0,0.04088487056,0,0,0.07697640354,0,0,0.1940236251,0.144032702,0.01459782196,0.2028190991,0.005965876511,0,0.0009797319678,0.001825441863,0.005204798468,0.0004697013781,0,0.0008908695687,0.004649425212,0.003451483168,0.001893041392,0.004860192839,0.05769558784,0,0.009474921532,0.01765372467,0.05751425705,0.004542450228,0,0.001223387148,0.01783900434,0.03337906005,0.01830747514,0.003382992675,0.001234531163,0,0,0.0003777424594,0.001230651169,0.00107703971,0,2.617721068e-05,0,0,0.000184349482,0,-0.5273159907,0.0163126795,-0.0159692467,0.006112633089,0,0.005947257974,0.02583498767,0.07528491519,0,0,0.04547002738,0.02306886666,0,0,0.1603096511,0.1093213706,0,0,-0.1842703822,0,-0.09081835922,-0.3964465473,0.02306886666,0.05995898804,0.01174879418,0.004208887253,0.07528491519,0.001276720787,0.002027341031,0.01685459275,-0.61646677,0.007661539691,0,0.004425831628,0.005582392886,0.002203402031,0.009497460814,0,0.001276720787,0,0.08055151663,0,0.05995898804,0,0.01531853596,-0.229606023,-0.07482077503,0,0.04265809933,-0.05836581207,-0.02235835511,0.02095773286,0,0.002027341031,0,0.2648739901,0,0.01174879418,0,0.2767971602,-0.1195992215,0.001590047435,0,0,0.001229326652,0.001202763703,0,0.1603096511,0.01685459275,0.01531853596,0.2767971602,0.04547002738,0.004208887253,0.08055151663,0.2648739901
1,1,1,1,3,1500,500,v1,0,0.004649726108,0,0,0,0,0.002091632343,0,0,0,0,0,0,0.1162752938,0,0,0,0,0.03072515418,0,0,0,0,0,0.001324019191,0.04086798064,0,5.982264778e-05,0.0003570151403,0,0.01079915573,0.0001605996562,0,0,0,0,0.009426192346,0,0,0.0004259000086,0,0,0,0,0,0,0,0,0.01934887265,0,0.5972340569,0.0008742326406,0,0.005217326555,0,0,0,0.1578160577,0.002346961673,0,-0.005056720436,0,0.0006955607309,0,0,0,0,0.01283685316,0,0.660479043,0,0.0005728197545,0,0.1745242332,0,-0.7031395892,0,0.1464707386,0,0,0,0,0.0005728197545,0,0.004182372415,0,0.01283685316,0,0.002359367141,0,-0.623307256,0.001370464542,0.0515230157,0,0.0004439840098,0,0,0,0,0,0,0,0,0,0,-0.01799216371,0.009052381758,0,0,0,0,0,0.1745242332,0.002359367141,0,0,0.660479043,0.004182372415,0,0,0.2095561433,-0.01936262825,0,-0.7546626047,0,-0.005500704449,0,0,0,0,0,0,0,0,0
1,1,1,1,3,1500,500,v1,8.709772906e-06,3.082113212e-06,0.0002167855085,7.589960851e-06,0,8.56592739e-06,1.077201845e-06,0,2.192604239e-05,0.0001366297067,3.486027521e-05,0.0002225136983,0.05448157996,0.001700429987,0.04028181297,0.04720331578,0,0.0159352673,0.003455755397,0,0.04078920243,0.005058324552,0.06485086532,0.4139441181,0.0008022624984,0.0002723015086,0.006450602803,0.0007148641667,0.0009181736886,0.06458125848,0.0005533937975,0.0003209026805,0.006531854555,0.0008100241804,0.0407025288,0.06628770881,0.0003036748145,0.003302427325,0.00244170158,0.0002705925351,0.0009821444597,0.02444549225,0.002861251821,0.0008558705352,0.0009659239361,0.0003066127898,0.01540684366,0.003930966573,0.002161925545,0.023510682,0.0007337942239,0.001926405766,0.006992095145,0.002474281368,0.02036985982,0.006093124239,0,0.001491277717,0.0008647639691,0,-0.5361447612,1.574300099e-05,3.669261684e-06,0.0003470863083,0,4.31641076e-05,0.0002441106485,0.001645909631,0.0413057414,0.001136796789,0.04697482412,0.001734667516,0.03592802451,0.002289022589,0.005897005774,0.138412637,-0.09955125707,-0.005019853248,-0.04510523067,0,-0.08030714262,-0.4545118296,0.001734667516,0.008810539133,0.002386993453,0.06023885835,0.001645909631,0.007692123615,0.0008214725606,0.03769390253,-0.4673405703,0.0003035964409,0.00071908302,0.007113088108,0.001071550116,-0.103347429,0.07260223115,0.03592802451,0.007692123615,0,0.02230660333,0.0413057414,0.008810539133,0,0.09078776548,-0.2944869326,0.000528691695,0.00614979248,0.00274425596,0.001807315002,0.03771183545,0.004867732805,0.002289022589,0.0008214725606,0,0.05135375693,0.001136796789,0.002386993453,0,0.5211444735,-0.0939716684,-0.003086006236,0.04191228744,0.002016890642,-0.01282483316,-0.003214196715,0,0.005897005774,0.03769390253,0.09078776548,0.5211444735,0.04697482412,0.06023885835,0.02230660333,0.05135375693
1,1,1,1,1,1500,500,v1,0,0,0,0,0,0,0,0,0,0,0,0,0.2086280834,0,0,0.03176385422,0,0,0,0,0,0,0,0,0,0,0,0,0,0,0,0,0,0,0,0,0,0.02558013189,0,0,0,0,0.0038946031,0,0,0,0,0,0,0.633658176,0,0,0,0,0.09647515138,0,0,0,0,0,0,0,0,0,0,0,0,0,0.5989106964,0,0,0,0.09122901058,0,0,-0.7003062392,0.2402131007,0,0,0,0,0,0,0,0,0,0,0,0,0,0,0,0,0,0,0,0,0.09122901058,0,0,0,0.5989106964,0,0,0,-0.48955737,0,0.02946423114,0,0,0,0,0,0,0,0,0,0,0,0,0.2696773318,0,-0.7297704703,0,0,0,0,0,0,0,0,0,0,0,0
1,1,1,1,3,1500,500,v1,0.2887318684,0.1072621179,0.01727868348,0.1069731169,0.0003699044492,0,0.1176102854,0.0007713623789,0.0003615532983,0.08282900599,0,0.01667658675,0.001763448805,0.0001700781308,0.002803963614,0.004526373555,6.695435373e-06,0,2.61454042e-05,1.39620028e-05,6.544275821e-06,0.002281859888,0,0.0003018536518,0.000430722243,0.0005653168068,0.009319997517,0.0004431358412,0.006453258445,0.001039545109,8.690380325e-05,0.00707583984,2.175229168e-05,0.007584595029,0.004983278278,0.001003320896,0.0005314640476,0.007232407203,0.01149985561,0.0005467810675,0.02143403831,0.001282684747,0.01856395072,0.007941159729,0,0.009358559117,0.006148819308,0,0.0009047239954,0.01231190025,0.001187437353,0.0009307985257,0.0364876775,0.01355494837,0.03160185856,0.01351842668,4.674563402e-05,0.0001825398093,0.01486266891,9.747875036e-05,0.1356998376,-0.3953300411,-0.2246340593,-0.09985836719,-0.001131842444,0,-0.01700973044,0.0002634771623,0.005016014096,0.0008982589514,0.002768322753,0.0001808571887,0.01283629332,0.0001455196218,0.001192012067,-0.04336521255,0.006117638774,0.0001813924354,0.004812707081,1.913303939e-05,0,0.000304191682,0.0001808571887,0.346120825,0.1308213885,0.02237954459,0.0002634771623,0.128258012,0.1434335086,0.1073442198,-0.3149718558,0.0004058715239,0.0003172027952,0.005116641594,0.01349559164,0.005979605821,0.0009932124034,0.01283629332,0.128258012,0.0004764023449,0,0.005016014096,0.346120825,0.000993911884,0,-0.4644689634,0.0005839729637,0.02218973258,-0.01256957188,0.02929552812,0.007396252381,0,0.0001455196218,0.1434335086,0.000993911884,0.0005006678772,0.0008982589514,0.1308213885,0.0004764023449,0.02306782161,-0.5484898696,-0.001286067388,-0.04020890962,-0.001194447612,0.04978195469,0.02830186955,0.0001324999174,0.001192012067,0.1073442198,0,0.02306782161,0.002768322753,0.02237954459,0,0.0005006678772
1,1,1,1,1,1500,500,v1,0.003520675056,0.03235948197,0.0345948209,0.04628773154,0,0.07659855411,0.01706084807,0,0.0131937093,0.01308332462,0.02255334045,0.1788617431,0,0,0.003009529532,0,0,0.06647887519,0,0,0.01145064635,0.07508098087,0.01957374682,0.1552317486,0.008266024539,0,0.001056250192,0.01035031973,0.009856729604,0.01053761601,0,0.005196750876,0.004018816654,0.02635106239,0.003985193372,0.05448146048,0.003976166041,0,0.0005080829516,0.004978764534,0.0005158519153,0.005068858766,0,0.006782112688,0.01122327685,0.01267552485,0.001916978407,0.003304532137,0.007786792225,0,0,0.009750247993,0.00101022735,0.009285274328,0,0.01328186545,0,0,0.004895463246,0,0.2094392515,-0.0470894186,-0.04382394548,-0.04518128932,0,-0.04909670502,-0.1184226729,0.0112311031,0,0,0.002404734407,0.01432185108,0,0,0.06155182094,-0.06646171456,0,0,-0.07321135711,0,0.01790848373,0.06953002036,0.01432185108,0.003396669317,0.02226401376,0.02982711476,0.0112311031,0.04610667608,0.01382618864,0.01144621149,-0.1972842394,-0.007343548667,0,0.02065407329,0.01254127768,0.01129109258,0.05770681658,0,0.04610667608,0,0.01501245593,0,0.003396669317,0,0.01260408596,-0.1766076981,0.002192985226,0,0.009919580197,0.006741478077,0.006374645903,0.01277719336,0,0.01382618864,0,0.0006594381818,0,0.02226401376,0,-0.01388068431,-0.07678117166,-0.01188473935,0,0,0.007345710221,0.007222532876,0,0.06155182094,0.01144621149,0.01260408596,-0.01388068431,0.002404734407,0.02982711476,0.01501245593,0.0006594381818
1,1,1,1,4,1500,500,v1,0.3080566457,0,0,0.1030604278,0,0,0,0,0,0,0,0,0.03594968434,0,0,0.02552579225,0,0,0,0,0,0,0,0,0.08247447842,0,0,0.02187609574,0,0,0,0,0,0,0,0,0.04757204725,0.04793289372,0,0.01261833576,0.03002345869,0,0.03403437638,0.01004435561,0,0,0,0,0.06287179995,0.06334869907,0,0.01667654699,0.03967937051,0,0.04498024842,0.01327474333,0,0,0,0,0.092116974,-0.4102530958,0,0,0,0,0,-0.0310680125,-0.02319890224,0,0,-0.008789151708,-0.01871960233,0,0,-0.008563714631,0.03650938437,0,0,0,0,0,-0.008789151708,0.3575288068,0,0,-0.0310680125,0.1196753752,0,0,0.09800569743,-0.07143425461,0,0,0,0,0,-0.01871960233,0.1196753752,0,0,-0.02319890224,0.3575288068,0,0,-0.3958322917,0.05560154203,0.03661488308,0,0.03999685822,0,0,0,0,0,0,0,0,0,0,-0.3129646827,0.04240415543,-0.04517859769,0,0.05212011577,0,0,0,0,0,0,0,0,0,0
1,1,1,1,0,1500,500,v1,0.0004084480396,0.0005939495583,0,0.004145639034,0.1120631985,0.0006057934203,0.04220211859,0.008041433379,0.0006062319742,0,0.000879845251,0.0003840201197,9.322311179e-06,0.04702436023,0.000292463758,0.0002231276021,0.08391015968,0.0004536031748,0.006667580968,0.006021227019,0.0004539315531,0.0001431747501,0.0006588064277,0.000287544796,0.05976500039,0.173244463,0.001077478278,0.08384328518,0.001638466494,0,0.0245643211,0.1164185684,0.00167234871,0.0005274762395,0,0.00105935612,0.07737925941,4.446698719e-05,0.001395038412,0.1085540245,0.001458822521,0,0.001064308199,0.01480666082,0.002163665874,0.0006829368444,0,0.003142475768,0.0007001645188,4.023585509e-07,0.002029609726,0.0009822486913,1.320012334e-05,1.919511582e-05,9.630369222e-06,0.0001339777432,0.003621630904,0.0002877782306,0.001363877695,0.0002598810672,-0.0934610265,-0.001749854868,0.03069567372,0,-0.09859131164,0.0003674540771,0.0001774176717,0.05557862528,5.84319552e-05,0.1866616896,0.002299190075,0.08420017673,0.00137810224,0.02653730179,0.0009400373874,-0.2967490383,-3.498568669e-05,0.05073722066,-0.0001262719148,0.03380969663,0.0004165366262,0.0002393961271,0.08420017673,0.002044296123,0.00172369143,0,0.05557862528,0.02078603844,0.1196020253,0,-0.01895714999,0.009863425898,-0.1951697301,-0.0009001004813,-0.1127814562,0,-0.002362891086,0.00137810224,0.02078603844,0.08366098773,0.002108432324,5.84319552e-05,0.002044296123,0.007749420726,0.00324846263,0.00948776519,-0.1046561829,-0.0009254303795,-0.001133112578,-0.01351231428,0,-0.004355254005,0.02653730179,0.1196020253,0.007749420726,0.001728937694,0.1866616896,0.00172369143,0.08366098773,0.001190178233,-0.4023152479,0.001606889004,2.726602547e-06,0.002299848739,4.194611664e-05,0.00120197123,0.003841342814,0.0009400373874,0,0.00324846263,0.001190178233,0.002299190075,0,0.002108432324,0.001728937694
1,1,1,1,3,1500,500,v1,2.974061258e-06,0,0.001111972851,0.0008927304843,0,0.00122182847,0,0,0,0.002229540567,0.0002220379418,0,0,0,0,0,0,0.4997119533,0,0,0,0,0.09081063042,0,0,0,0,0,0,0.02091696363,0,0,0,0,0.04193917045,0,0,0,0,0,0.0001113846677,0.04164565413,0,0.03343457976,0.04575997139,0,0.08350084736,0.008315774363,0,0,0,0,0.0004255770948,0,0,0.1277464091,0,0,0,0,-0.6909380184,0.0008932193648,0,0.003314832103,0,0.001443076722,0,0,0,0,0,0,0,0,0,0.05505980275,0,0,0,0,-0.58821237,0,0,0.0004640302151,0,0.02939245929,0,0.139724523,0,0.05862047264,-0.1189993903,0,0,0,0,0.06032410236,0,0,0.139724523,0,0.6767521841,0,0.0004640302151,0,0.1229766723,-0.6498462664,0,0,0,0.03325687277,-0.1223142225,0.05361672602,0,0,0,0,0,0,0,0,0.03415009214,0,0,0,-0.1276091275,0,0,0,0.05862047264,0.1229766723,0,0,0.02939245929,0.6767521841,0
1,1,1,1,0,1500,500,v1,0,0,0,0,0.005160127978,0.01662688089,0,0.03838162122,0.003872009221,0,0.01017130884,0.002758736553,0,0,0,0,0.004254118061,0.01370755039,0,0.03164261598,0.003192165859,0,0.008385440983,0.002274360451,0,0,0,0,0,0,0,0,0.005479266758,0,0,0.003903878485,0,0,0,0,0,0,0,0,0.09183661338,0,0,0.05618002338,0,0,0,0,0,0,0,0,0.0832144795,0,0,0.6189588021,-0.79306999,0,0,0,0.04344171521,0.026690112,0.004241931503,0,0,0,0,0,0,0,0,-0.7771218786,0,0,0,0.03581790018,0.02195372607,0.0006540208833,0,0,0,0,0,0,0,0,0.004895952386,0,0,0,0,0,-0.002846014284,0,0,0.1106086604,0.09185295807,0,0,0.8223931518,0.05626448433,0.04864383808,0,0,0,0,0,-0.1473888001,0,0,0.8223931518,-0.002105169189,0,0,0.1106086604,-0.0009697379635,0.07925961531,0,0,0,0,0,-0.7012608226,0,0,0.05626448433,-0.0009697379635,0,0,0.09185295807,-0.002105169189
1,1,1,1,0,1500,500,v1,0.001515874625,0.001686355401,0.02757698114,0.005191655216,0.002286106629,1.412163599e-06,0.0086224135,0.001363334497,0.00300678033,0.006745238487,1.664691992e-07,0.002245893046,0.01291193477,2.34771829e-05,9.61144475e-05,0.00445651643,0.02066275456,1.276370467e-05,1.919794362e-05,0.01232236754,0.0271764944,4.507901621e-05,1.504615822e-06,0.02029928797,0,8.070255173e-06,3.303923306e-05,0,0.005239406877,0.08568005566,6.599271494e-06,0.02678933073,0.009341889335,1.549586104e-05,0.02095705857,0.006977857373,0,0.02195797585,0.0001634517797,0,0.02330000409,0.4238765941,0.007578730988,0.07979920352,2.170589644e-05,7.666116404e-05,0.1036788146,2.558742627e-06,0,0.001658333215,3.015271753e-06,0,0.001759687275,0.001957588108,0.0005723688471,0.006026678898,0.002653803076,2.465671345e-06,0.01000923893,0.001582612655,-0.5932067677,0.006640406471,0.007925514199,0.03427396643,0.003381710708,1.532656364e-06,0.005064226338,0,0.01468138166,3.079399476e-05,0.0001766576841,0,0.006325292234,2.802543008e-05,7.389559034e-05,0.003476323366,0.007026002341,-3.703635739e-05,-1.849040009e-05,-0.03215033592,-5.629312815e-06,-0.04302487499,0,0.03006392365,0.002470136505,0.4657246255,0,0.1028043342,0.01324472485,0.1137863616,-0.5150996213,0,-1.951342171e-06,3.123866234e-05,-0.02604374563,0.1061299504,0.01264334359,0.006325292234,0.1028043342,0.02356911244,3.044595199e-05,0.01468138166,0.03006392365,0.01420630129,3.198083681e-06,0.1636168276,0,-0.02301739084,-0.0001797837786,-0.1027701568,-0.5267445747,-1.833270064e-05,2.802543008e-05,0.01324472485,0.01420630129,0.02120710677,3.079399476e-05,0.002470136505,0.02356911244,0.01676885082,-0.159046983,0,0.0019869392,-2.252503258e-07,0.007550911759,0.007641657203,0.003585016099,7.389559034e-05,0.1137863616,3.198083681e-06,0.01676885082,0.0001766576841,0.4657246255,3.044595199e-05,0.02120710677
1,1,1,1,3,1500,500,v1,1.961783648e-06,9.351982879e-06,1.433966043e-05,6.916478573e-06,0,0,2.574149427e-05,0,0,1.62522632e-05,0,0,0.001029143056,0.008506126933,0.007198910149,0.001872054602,0,0,0.07175291408,0,0,0.009649986497,0,0,0.009662459979,0.003517962052,0.00297732363,0.06966096774,0.01508887685,0.02313620257,0.02967555397,0.04153239394,0,0.003991039232,0.02622207516,0,0.01830875521,0.000806503301,0.005641533278,0.1319959522,0.005997571461,0.04383925732,0.001467063502,0.02114508118,0,0.007562355806,0.04968647283,0,0.02030211965,0.0008943112917,0.007391708393,0.1463670023,0.006650556635,0.03170374667,0.001626789939,0.02344725042,0,0.06235230457,0.08726510984,0,-0.1486775608,6.039345012e-06,2.998488173e-05,2.590521469e-05,0,0,0,-0.003565597531,0.0006833179918,0.002227731597,0.006996190236,-0.02847428117,0.001593248167,0.03997584902,0.009653413403,0.006943617964,-0.001488497997,-0.03474822973,-0.01146005715,0,0,0,-0.02847428117,0.01047552098,0.02581748783,0.03489145584,-0.003565597531,0.034964393,0.07319709422,0.04357749531,-0.3310343692,0.07566503033,0.0315732978,0.005101180421,0.04792680559,0.0345701627,0,0.001593248167,0.034964393,0,0,0.0006833179918,0.01047552098,0,0,0.02239452099,0.002898399194,0.0001206112102,-0.004740859047,-0.007627407939,-0.08690870201,0,0.03997584902,0.07319709422,0,0,0.002227731597,0.02581748783,0,0,0.1143560328,-0.05720351043,-0.0001498239855,-0.02496078846,-0.0226719074,-0.1139665117,0,0.009653413403,0.04357749531,0,0,0.006996190236,0.03489145584,0,0
1,1,1,1,1,1500,500,v1,0,0,0,0,0,0.1414348151,0,0,0,0,0.8092291549,0,0,0,0,0,0,0.006407387663,0,0,0,0,0.03666031522,0,0,0,0,0,0,0,0,0,0,0,0,0,0,0,0,0,0,0,0,0,0.000932568934,0,0,0.005335758173,0,0,0,0,0,0,0,0,0,0,0,0,0.04932110089,0,0,0,0,-0.9506599529,0,0,0,0,0,0,0,0,0,-0.9443931007,0,0,0,0,0.04305425129,0,0,0,0,0,0,0,0,0,0,0,0,0,0,0,0,0,0,0,0.2011531739,0,0,0,1.150855108,-0.907605702,0,0,0,0,0,0.006266849525,0,0,0,0,0,0,0,0,0,0,0,0,0,0,0,0,0,1.150855108,0,0,0,0.2011531739,0
1,1,1,1,4,1500,500,v1,4.210845981e-06,5.23497952e-05,0.007946535039,1.471283939e-05,1.171770706e-05,0.0004052802328,1.16511107e-05,4.269034834e-05,0.00013828837,0.0005813812219,0.002429861464,0.0001516461084,0.0006898933232,0.0001049412917,0.002337497017,0.0001626275883,0.0001182114204,0.004088577376,3.09575553e-05,0.0004306718618,0.001395090743,0.0005665395877,0.02451310428,0.001529847246,0,1.518722792e-05,0.0003382853346,0,7.643000562e-05,0.0116018356,4.480214039e-06,1.701046686e-05,0.0002018991832,8.199027958e-05,0.0008488088613,0.0002214013039,0,0.00545244918,0.01847399195,0,0.0003357343987,0.6335841242,0.001285298221,0.001173067433,0.03231334413,0.004477544871,0.04635402858,0.19373496,0,0.0004794774016,7.293443228e-05,0,2.952380697e-05,0.0003670438804,0.0001130265374,0.0001031571879,8.215720142e-05,2.151557013e-05,8.169026958e-05,0.0002993179065,-0.8691540499,1.827282728e-05,3.671372194e-05,0.008523214096,4.014070983e-05,0.002827288181,0.0002585695913,0,0.006273615874,3.839684669e-05,0.02372316615,0,0.00148718649,1.901447404e-05,0.005756370878,-0.2508581117,0.000823626456,-6.472956211e-05,0.002823969406,-0.0002397458262,0.02850812129,-0.002847103343,0,0.000448457018,0.0002104249435,0.9210039044,0,0.001569575584,7.968540466e-05,0.06737952322,-0.6943009693,0,1.442934744e-05,0.0004171048988,2.743203552e-05,0.01244647349,0.0003621361922,0.00148718649,0.001569575584,7.763795544e-05,0.04173558211,0.006273615874,0.000448457018,0.0001724440584,0.2501579512,0.05710488726,0,-0.006585969329,-0.02289409899,-0.001491969783,-0.6798919732,-0.2259310982,1.901447404e-05,7.968540466e-05,0.0001724440584,0.001612259079,3.839684669e-05,0.0002104249435,7.763795544e-05,0.00172733726,-0.007421799398,0,0.0005884746353,1.202600079e-05,0.0001283418892,-0.0002575526557,3.288377385e-05,0.005756370878,0.06737952322,0.2501579512,0.00172733726,0.02372316615,0.9210039044,0.04173558211,0.001612259079
1,1,1,1,2,1500,500,v1,0.04138562543,0.0002637951412,0.0001590961477,0.01751450468,0.0001897579112,0.02647140071,0.001004716072,0.009232986329,0.01375884201,0.001553553475,0.01216013866,0.07785542714,0,0.00221828363,0.000715727851,0,2.153053709e-05,0.003003529451,0.0007656704553,0.001047604041,0.001561122044,0.001282143258,0.00137972807,0.008833724777,0.01433931304,0.06701348897,0.02162186107,0.002075691579,0.0009042050325,0.0005453305044,0.02313060779,0.003443844055,0.04716089208,0.03873305106,0.005325082426,0.2668634028,0.00101996725,0,0.001537980942,0.0001476456665,0.01009038023,3.878981185e-05,0,0.004270275247,0.006454088725,0.002755114103,0.0003787775372,0.002964807745,0.01067073644,0,0.04986872642,0.001544645668,0.105563966,0.0006728727915,0,0.04467494589,0.0004840230751,0.01721286221,0.002562769372,0.02355094661,-0.442150003,0.04557116609,0.001181660314,0.000906837509,0.008595717598,-0.03672397327,0.08809199429,0.008080439371,0,0.05034935913,0.0290684212,0.001857487648,0,0.01673304097,0.05210297723,-0.3696762622,0,0.002969525286,0.001850069368,0.00102263897,0.003847179794,0.01027516393,0.001857487648,0.0837074542,0.0001367657949,0.0006289878047,0.008080439371,0.03502989725,0.0003548899083,0.005618179356,0.1322377648,-0.005915481758,-0.06903946733,-0.06022985594,-0.003234464667,-0.005405033516,-0.3106415775,0,0.03502989725,0.0004121402799,0.02569668564,0,0.0837074542,0.0200325248,0.01176074937,-0.1967566261,0.001085970383,0,0.004265521094,0.01413236066,0.0003334178961,0.00790517011,0.01673304097,0.0003548899083,0.0200325248,0.04864050271,0.05034935913,0.0001367657949,0.0004121402799,0.2697711269,-0.003630374477,-0.001795773309,0,0.02134834193,-0.1388617611,0.001725033888,-0.02324813337,0.05210297723,0.005618179356,0.01176074937,0.2697711269,0.0290684212,0.0006289878047,0.02569668564,0.04864050271
1,1,1,1,0,1500,500,v1,0,0,0,0,0,0,0,0,0,0,0,0,0,0,0,0,0,0,0,0,0,0,0,0,0.1844881659,0,0,0.1069451666,0,0,0,0,0,0,0,0,0.4203221415,0,0,0.2436547691,0,0,0,0,0,0,0,0,0.02822697869,0,0,0.0163627782,0,0,0,0,0,0,0,0,0,0,0,0,0,0,0,0.3117488889,0,0,0,0.1801081843,0,0,0,0,0,0,0,0,0,0,0.1801081843,0,0,0,0.3117488889,0,0,0,-0.6178401539,0.2899354385,0,0,0,0,0,0,0,0,0,0,0,0,0,0.3344880243,-0.662392739,0,0,0,0,0,0,0,0,0,0,0,0,0,-0.3724573009,0.04455258579,0,0,0,0,0,0,0,0,0,0,0,0,0
1,1,1,1,4,1500,500,v1,0,0,0,0,0,0,0,0,0.02458416419,0,0,0.02043561912,0,0.01130404628,0.007356426477,0,0,0,0.04544647986,0,0.01599514739,0.2930961728,0,0.0132959875,0,0.009931166852,0.006462986523,0,0,0,0.03992699279,0,0.01405253248,0.2574995646,0,0.01168118628,0,0,0.002859534053,0,0,0,0,0,0,0.1139301112,0,0,0,0,0.02233736154,0,0,0,0,0,0,0.08980452011,0,0,0.01943239231,0,0,0,0,0,-0.02219462648,0,0,0.005746510951,-0.001862582994,0,0,0.02080676198,-0.06694930015,0.1731080024,0,0.03441281079,-0.1904984229,0,0,0.008387782454,0,0,0,0,0,0,0,0,-0.1487315306,0,0.04258530554,0.1205117878,0,0,0.01104460985,0,0,0,0,0,0,0,0,-0.0699866351,0,0,0.1158612239,0,0,0,0.02080676198,0,0,0.003831605773,0.005746510951,0,0,0.0003117455009,0.0769981163,0,0,-0.09470029826,0,0,0,-0.06694930015,0,0,0.0003117455009,-0.001862582994,0,0,0.003831605773
1,1,1,1,4,1500,500,v1,0.09789601169,0.01043739047,0.1806657597,0.03861057834,0.01125397808,0.04802551488,0.005598443818,0.02540629383,0,0.006889270082,0.1201567713,0,0.002853733464,0.01006251298,0.001966973118,0.001097462682,0.002603579343,0.01111058131,0.003852578141,0.005877681771,0,0.01267495,0.02779796491,0,0.04100289716,0.03661599425,0.00715752382,0.01700713155,0.008786604143,0.1520915134,0.0140189612,0.004712989302,0,0.04612226559,0.005799657415,0,0.001452236319,0.0003677905237,0.0002535044293,0.0006023568049,0.002918884286,0.005386761299,0.0001414415115,0.001151219631,0.001431936994,0.001633553574,0.0002054116592,0.003582614916,0.003299787146,0.0008356976249,0.002946742682,0.001368681678,0.006632320596,0.0007071188969,0.0003213849396,0.002615813755,0.0007624415878,0.001128202911,0.0003792868943,0.00172124158,0.1633639625,-0.1362152565,-0.007018233039,-0.146883396,-0.03558465058,-0.1669635984,0,0.05425375608,0.003003822025,0.03529683657,0.007444516966,0.02251120308,0.001147010248,0.01354236078,0.04866224809,-0.2892779328,-0.003357992359,0.01354569531,0.01117674285,0.007292369578,0.03736910833,0,0.02251120308,0.1323399716,0.003177261126,0.07379478843,0.05425375608,0.0522104178,0.002127663781,0.004520435245,-0.1101100317,-0.05784767575,-0.05015288372,-0.05036102981,0.002458069054,0.08912617129,0,0.001147010248,0.0522104178,0.01189725581,0.05367870897,0.003003822025,0.1323399716,0.02690396292,0.1333012917,-0.4098236446,0.002021287006,0.0002539981535,0.00177977693,0.004034903701,0.005547075903,0.004941156177,0.01354236078,0.002127663781,0.02690396292,0,0.03529683657,0.003177261126,0.01189725581,0,-0.2605703691,0.004649749338,0.0003367726919,0.004047723466,0.009146759559,0.001023547381,0.002424801867,0.04866224809,0.004520435245,0.1333012917,0,0.007444516966,0.07379478843,0.05367870897,0
1,1,1,1,1,1500,500,v1,0.02035802897,0.03174221587,0.02986184398,0.00262331627,0.03667877483,0.01625490755,0.01635118806,0.007488950886,0,0.1087796334,0.004716076617,0,0.002436969165,0,0,0.002493176488,0.002794960042,0.00123864053,0,0.0005706656937,0,0,0.000359369847,0,0.001387898086,0,0,0.0003754748057,0.001940184016,0.001825249775,0,0.000999436014,0,0,0.00664895314,0,0.02929123344,0.04125485036,0,0.007924299556,0.02626161879,0.03852142876,0.04220637026,0.003384047244,0.02096864024,0,0.1403244522,0.006083683565,0.03761246881,0.05297478426,0,0.01017548375,0.03372218242,0.05257958889,0.05419661784,0.004345408385,0.06075678236,0,0.02708502612,0.0124051188,-0.2799406642,0.01619809677,0.01612380641,0.06305567456,0.02413625502,-0.001288912698,0,0.03509015479,0.03106986028,0,0,0.007587021968,0.02819236378,0,0,-0.09996826515,0.004491078264,0,0,0.002978271404,0.001241240911,0,0.007587021968,-0.003746848816,0.04136883425,0.01849042535,0.03509015479,0.0003636990698,0.02516307458,0.08331014443,-0.1534369633,0.001660760926,0,0,0.002794092614,0.008309006169,0,0.02819236378,0.0003636990698,0.04546087006,0.01707619235,0.03106986028,-0.003746848816,0.00903151038,0.006055714968,-0.03601730939,0.002859881234,0.026785744,0,0.0119845261,-0.1392317272,-0.01537359978,0,0.02516307458,0.00903151038,0,0,0.04136883425,0.04546087006,0,0.1100125127,-0.03297209331,-0.0707849717,0,-0.02592718975,-0.06327250492,-0.06344277998,0,0.08331014443,0.006055714968,0,0,0.01849042535,0.01707619235,0
1,1,1,1,4,1500,500,v1,0,0,0.001368511863,0,0,0,0,0,0,0.004644211339,0,0,0,0,0.0003887231049,0,0,0,0,0,0,0.004623207629,0,0,0.03371079283,0,0.0007580267533,0.05833247088,0,0.01881486424,0,0,0,0.009015453481,0.0638505286,0,0.033542884,0,0.0007542511261,0.05804192485,0,0.01872114999,0,0,0,0.008970548744,0.06353249788,0,0.227415241,0,0,0.3935147117,0,0,0,0,0,0,0,0,-0.02205608682,0,0,0.005982735824,0,0,0,0.2398097991,0,0,-0.0002567081393,0.4153194685,0,0,-0.005277867696,0.001418404109,0,0,0.002271313125,0,0,0,0.4153194685,0,0,0.005746844215,0.2398097991,0,0,0.01836318229,-0.5258062884,0.09182419519,0,0.0005749880074,0,-0.01572937408,0,0,0,0,0,0,0,0,0,-0.5350281751,0.09137499232,0,0.0008434161009,0,-0.006326712753,0,0,0,0,0,0,0,0,0,0.1831991876,-0.6199520329,0,0,0,0,0,-0.005277867696,0.01836318229,0,0,-0.0002567081393,0.005746844215,0,0
1,1,1,1,0,1500,500,v1,0,0.04116348157,0.1038867304,0,0.02116903791,0.002029026377,0.005293162405,0.00853657904,0.06179079276,0.2386632994,0.01340503111,0.02780923425,0,9.269724037e-05,0.005768664499,0,0.003197784409,0.0003065037222,0.0003484276644,0.001289531413,0.009334086629,0.007875414676,0.002024957377,0.004200849187,0,0.0002291595204,0.01426088182,0,0.01537203128,0.03879531098,0.0008613580744,0.001976670945,0.02307506466,0.01946903967,0.0891260788,0.01038504039,0,0,0.01541830039,0,0,0.04194395311,0,0,0.0008192132617,0.02104915431,0.09635958512,0.005412240757,0,0,0.0003667306303,0,0,0.02460030772,0,0,0.01265113705,0.001378456321,0.003163323873,0.005101669325,0.3375378576,0,-0.03791254302,-0.3370876861,-0.0253696427,-0.01393714118,-0.08679511579,0,0,0.0004853246113,0.009772687402,0,0,0.001501957618,0.009616178737,-0.1119194291,0,-4.021544467e-05,0.007071844199,0.002691484761,0.001814201122,0.01222302054,0,0,0.01400937298,0.03607245298,0,0,0.003009783357,0.08139230428,-0.3183629144,0,-0.0005048358988,-0.0007665271444,0.01616411043,0.1249913654,0.03158644437,0,0,0.02521542528,0.001699330375,0,0,0.007290598871,0.01217866231,-0.2179139433,0,0,-0.01923122783,0,0.1337864825,0.002870944939,0.001501957618,0.003009783357,0.007290598871,0.0441972059,0.0004853246113,0.01400937298,0.02521542528,0.0202812704,-0.04497164172,0,0,-0.0007798034755,0,0.01040232837,0.001007475181,0.009616178737,0.08139230428,0.01217866231,0.0202812704,0.009772687402,0.03607245298,0.001699330375,0.0441972059
